[[1.   1.   1.   0.   0.   0.   0.   0.   0.   0.01 0.01 0.   0.01 0.01
  0.   0.01 0.   0.   0.01 0.   0.01 0.   0.01 0.   0.   0.   0.01 0.
  0.   0.  ]
 [1.   0.   0.01 0.   0.01 0.   0.   0.01 0.01 0.01 0.   0.01 0.   0.
  0.   0.   0.   0.   0.   0.   0.01 0.01 0.   0.   0.   0.   0.01 0.01
  0.   0.  ]
 [1.   1.   1.   1.   0.97 0.39 0.   0.   0.   0.   0.   0.   0.   0.
  0.   0.   0.   0.   0.   0.   0.01 0.01 0.   0.   0.   0.   0.   0.
  0.   0.  ]
 [0.01 0.   0.   0.   0.   0.   0.01 0.   0.   0.   0.   0.   0.   0.01
  0.01 0.   0.   0.   0.   0.   0.01 0.01 0.   0.   0.   0.   0.   0.
  0.01 0.  ]
 [0.   0.01 0.   0.   0.01 0.   0.   0.   0.   0.01 0.01 0.   0.   0.
  0.   0.   0.   0.   0.   0.   0.   0.02 0.   0.   0.   0.   0.   0.
  0.01 0.01]
 [1.   1.   0.   0.   0.   0.01 0.   0.   0.   0.   0.   0.   0.   0.
  0.   0.   0.02 0.   0.01 0.   0.   0.01 0.   0.   0.   0.   0.   0.
  0.   0.  ]
 [1.   0.   0.   0.01 0.01 0.   0.   0.   0.   0.   0.   0.   0.   0.
  0.   0.   0.   0.01 0.02 0.   0.01 0.01 0.   0.   0.   0.   0.   0.01
  0.   0.  ]
 [0.95 0.97 1.   0.97 0.8  0.   0.   0.   0.   0.   0.01 0.   0.   0.
  0.   0.   0.   0.01 0.   0.   0.01 0.   0.01 0.   0.01 0.01 0.   0.
  0.   0.  ]
 [1.   1.   1.   0.   0.   0.01 0.01 0.   0.   0.   0.   0.   0.   0.
  0.   0.   0.02 0.   0.   0.   0.   0.   0.   0.01 0.   0.01 0.   0.
  0.01 0.  ]
 [1.   1.   1.   1.   1.   1.   1.   0.99 1.   0.61 0.21 0.   0.   0.
  0.   0.   0.   0.   0.   0.   0.   0.   0.   0.   0.   0.   0.   0.
  0.   0.  ]
 [1.   1.   1.   0.99 0.02 0.   0.01 0.02 0.   0.01 0.   0.02 0.   0.
  0.   0.   0.   0.   0.   0.   0.   0.02 0.   0.   0.01 0.   0.01 0.
  0.   0.  ]
 [0.03 0.02 0.04 0.   0.   0.01 0.   0.   0.01 0.   0.04 0.   0.01 0.
  0.01 0.   0.   0.   0.   0.01 0.01 0.01 0.   0.01 0.   0.   0.01 0.01
  0.   0.01]]