[[1.   1.   1.   1.   1.   1.   1.   1.   1.   1.   1.   1.   1.   1.
  1.   1.   1.   0.97 0.93 0.8  0.6  0.53 0.29 0.18 0.04 0.05 0.02 0.01
  0.   0.  ]
 [1.   1.   1.   1.   1.   1.   0.65 0.13 0.   0.   0.   0.   0.   0.
  0.   0.   0.   0.   0.   0.   0.   0.   0.   0.   0.   0.   0.   0.
  0.   0.  ]
 [1.   1.   1.   1.   1.   1.   1.   1.   1.   0.99 0.88 0.6  0.19 0.11
  0.01 0.   0.   0.   0.   0.   0.   0.   0.   0.   0.   0.   0.   0.
  0.   0.  ]
 [1.   1.   1.   1.   1.   1.   1.   1.   1.   1.   1.   1.   1.   1.
  1.   1.   1.   1.   1.   1.   1.   1.   1.   1.   1.   1.   1.   1.
  1.   1.  ]
 [0.   0.   0.   0.   0.   0.   0.   0.   0.   0.   0.   0.   0.   0.
  0.   0.   0.   0.   0.   0.   0.   0.   0.   0.   0.   0.   0.   0.
  0.   0.  ]
 [1.   1.   1.   1.   1.   1.   1.   1.   0.99 0.91 0.61 0.23 0.05 0.01
  0.   0.   0.   0.   0.   0.   0.   0.   0.   0.   0.   0.   0.   0.
  0.   0.  ]
 [0.   0.   0.   0.   0.   0.   0.   0.   0.   0.   0.   0.   0.   0.
  0.   0.   0.   0.   0.   0.   0.   0.   0.   0.   0.   0.   0.   0.
  0.   0.  ]
 [1.   1.   1.   1.   1.   1.   1.   1.   1.   1.   1.   1.   1.   1.
  1.   0.94 0.87 0.55 0.38 0.24 0.13 0.06 0.03 0.03 0.   0.   0.   0.
  0.   0.  ]
 [1.   1.   1.   1.   1.   1.   1.   1.   1.   1.   0.99 0.86 0.54 0.21
  0.08 0.04 0.01 0.   0.   0.   0.   0.   0.   0.   0.   0.   0.   0.
  0.   0.  ]
 [1.   1.   1.   1.   1.   1.   1.   1.   1.   1.   1.   1.   1.   1.
  1.   1.   1.   1.   1.   1.   1.   0.99 1.   0.94 0.89 0.74 0.66 0.37
  0.36 0.27]
 [1.   1.   1.   1.   1.   1.   1.   1.   1.   1.   0.83 0.44 0.11 0.02
  0.   0.   0.   0.   0.   0.   0.   0.   0.   0.   0.   0.   0.   0.
  0.   0.  ]
 [0.   0.   0.   0.   0.   0.   0.   0.   0.   0.   0.   0.   0.   0.
  0.   0.   0.   0.   0.   0.   0.   0.   0.   0.   0.   0.   0.   0.
  0.   0.  ]]