[[1.   1.   1.   1.   1.   1.   1.   1.   1.   1.   1.   1.   1.   1.
  1.   1.   1.   0.96 0.89 0.8  0.69 0.44 0.35 0.12 0.09 0.03 0.04 0.01
  0.02 0.02]
 [1.   1.   1.   1.   1.   1.   1.   0.66 0.15 0.01 0.   0.   0.   0.
  0.   0.   0.   0.   0.   0.   0.   0.   0.   0.   0.   0.   0.   0.
  0.   0.  ]
 [1.   1.   1.   1.   1.   1.   1.   1.   0.99 1.   0.95 0.88 0.66 0.41
  0.21 0.08 0.04 0.01 0.01 0.   0.   0.   0.   0.   0.   0.   0.   0.
  0.   0.  ]
 [1.   1.   1.   1.   1.   0.96 0.86 0.48 0.27 0.06 0.   0.02 0.   0.
  0.   0.   0.   0.   0.   0.   0.   0.   0.   0.   0.   0.   0.   0.
  0.   0.  ]
 [0.   0.   0.   0.   0.   0.   0.   0.   0.   0.   0.   0.   0.   0.
  0.   0.   0.   0.   0.   0.   0.   0.   0.   0.   0.   0.   0.   0.
  0.   0.  ]
 [1.   1.   1.   1.   1.   1.   1.   1.   1.   0.93 0.72 0.43 0.11 0.04
  0.03 0.01 0.   0.   0.   0.   0.   0.   0.   0.   0.   0.   0.   0.
  0.   0.  ]
 [0.87 0.81 0.68 0.61 0.38 0.2  0.07 0.02 0.   0.   0.   0.   0.   0.
  0.   0.   0.   0.   0.   0.   0.   0.   0.   0.   0.   0.   0.   0.
  0.   0.  ]
 [1.   1.   1.   1.   1.   1.   1.   1.   1.   1.   1.   1.   1.   1.
  0.99 0.94 0.76 0.68 0.44 0.23 0.12 0.09 0.02 0.03 0.   0.01 0.   0.
  0.   0.  ]
 [1.   1.   1.   1.   1.   1.   1.   1.   1.   1.   0.99 0.88 0.55 0.28
  0.13 0.05 0.   0.   0.   0.01 0.   0.   0.   0.   0.   0.   0.   0.
  0.   0.  ]
 [1.   1.   1.   1.   1.   1.   1.   1.   1.   1.   1.   1.   1.   1.
  1.   1.   1.   1.   1.   1.   1.   0.99 0.97 0.97 0.92 0.89 0.78 0.69
  0.57 0.39]
 [1.   1.   1.   1.   1.   1.   1.   1.   1.   1.   0.97 0.85 0.53 0.2
  0.03 0.01 0.   0.   0.   0.   0.   0.   0.   0.   0.   0.   0.   0.
  0.   0.  ]
 [0.   0.   0.   0.   0.   0.   0.   0.   0.   0.   0.   0.   0.   0.
  0.   0.   0.   0.   0.   0.   0.   0.   0.   0.   0.   0.   0.   0.
  0.   0.  ]]