2.916466123740671712e+00
6.175513354537957023e-01
9.475107297735979595e-01
7.363053334115482462e-01
6.363726644868787918e-01
2.227245863498322986e+00
7.172816753233255405e-01
2.532566787095523519e+00
2.967447646103006154e+00
3.325894102527108043e+00
2.069685725769394580e+00
3.205267293284291608e+00
2.358949366146350091e+00
2.835002695855711519e+00
2.606809621622915074e+00
1.484800916351664224e+00
1.536901462768954563e+00
1.468164651752336125e+00
9.461853826939660150e-01
2.210555447007048091e+00
1.111937842977301694e+00
2.222422801381365609e+00
1.644404759468268695e+00
2.077593676828663138e+00
3.008660717276634422e+00
2.290609570253028693e+00
7.053788191981826827e-01
2.416004633861730255e+00
9.180980235787571386e-01
5.056149220397561983e+00
6.026011189185130235e+00
1.281381941810238123e+00
1.590270275751645812e+00
2.430003787493783651e+00
9.994606323587843510e-01
1.278420424400543487e+00
2.712575269660809418e+00
1.372897435859769866e+00
4.884585571823443217e+00
3.000928278903785440e+00
7.562152872912195622e-01
2.806585976522049553e+00
9.630095721977571799e-01
1.746151873447681746e+00
3.931430947975363743e+00
2.903744381771401706e+00
1.497405525307099916e+00
3.032628796812917749e+00
1.826757802451059121e+00
1.456345930436024672e+00
1.078582657030370928e+00
2.720203408209046270e+00
6.162725299173357207e-01
1.798091902292800359e+00
2.203461033890262044e+00
1.515463474730028404e+00
2.625789869806817389e+00
1.874070562049831690e+00
3.657164212716148555e+00
1.718304913982945159e+00
2.809597720875993243e+00
1.032446406703520392e+00
1.553015540889674639e+00
1.364750386400895188e+00
3.259440302283279411e+00
3.620529165775755676e+00
1.918637450679987921e+00
6.203159252436136750e-01
7.200568164310046093e-01
1.404702869897669792e+00
3.914929308012953246e+00
1.254730623947507340e+00
1.561751326637372372e+00
2.012596336729774560e+00
2.331972219712008521e+00
3.173403293461112717e+00
2.244058940736440189e+00
1.548817529944012339e+00
3.092825309304036541e+00
1.383717369076303605e+00
7.174530589309757733e-01
1.456655156713611232e+00
1.332525050655692933e+00
9.379858238776954682e-01
3.936844141427689348e+00
1.463584128051778954e+00
2.229930614593224281e+00
1.911683298883045223e+00
1.759148260174834499e+00
1.203319164784493855e+00
1.677137302496776838e+00
7.453299293613775411e-01
3.283527774579312108e+00
3.062689049199621927e+00
8.060935028467272057e-01
2.416159116992154132e+00
3.302744551767832881e+00
3.412234722935956199e+00
3.912694476604728688e+00
5.013944551187571541e+00
2.539253821546131107e+00
2.204727784607822816e+00
1.949216752082446380e+00
4.475317672254583989e+00
1.049151916505005167e+00
8.296362278391510969e+00
1.339979898683167470e+00
1.665725618042722012e+00
3.040796771964207945e+00
1.942658912752128986e+00
1.902690362341566965e+00
2.625718250226581674e+00
9.050288257076335441e-01
2.834760198336511383e+00
1.172394200112236939e+00
1.785296580637037112e+00
2.455776093376988545e+00
2.894139135983524014e+00
1.642408986532685855e+00
1.626737559097830799e+00
1.576145395358701906e+00
2.055354850354745633e+00
3.541977998888233614e+00
1.442847974363892893e+00
1.013927898069392208e+00
4.546328814666956042e+00
2.071213055585308105e+00
5.032948311758410398e+00
1.047080130417286536e+00
1.082453957319847060e+00
8.647752869046055890e-01
1.601019305453487362e+00
1.905087535990997338e+00
2.151575612591114517e+00
3.091721324138079652e+00
1.691691926857673112e+00
4.102480365664256112e+00
4.045961035263845318e+00
1.409883408272046390e+00
4.375542318824260590e+00
1.685294689316841232e+00
1.959247301664236218e+00
1.736185606544258908e+00
5.146085031517494635e+00
3.446857053339501320e+00
3.586979614295878083e+00
5.942418391780021070e-01
3.389548674053038724e+00
1.360012994782706430e+00
9.418730295838572131e-01
1.300807244005188767e+00
1.231976381009181498e+00
1.923928231615578577e+00
3.079327727321473862e+00
3.793595317807371359e+00
7.025357934848863728e-01
1.295850717913862526e+00
3.973454014343958729e+00
5.165705231668549224e+00
9.243559571206898529e-01
1.254277930930872476e+00
2.402655772184018268e+00
9.938124063273096054e-01
4.473767952232861944e+00
1.000375772879284808e+00
1.998133358552557137e+00
1.284467807430865527e+00
1.371767356564242757e+00
9.033044924509786577e-01
2.512739386680046039e+00
3.841101241213113138e+00
1.054910760745614740e+00
3.151835591368421952e+00
1.560611312318088029e+00
1.906051780466632817e+00
2.765809645476620560e+00
1.607904730994324183e+00
4.276694510886336786e+00
6.184870511599804832e-01
7.987070837486248687e-01
2.470775729566945689e+00
2.694573228235029649e+00
5.821034377940351723e-01
2.886580284688429643e+00
3.155779781270266149e+00
1.978500086991863638e+00
3.677446171140728026e+00
3.544520648916212657e+00
2.694857960731211310e+00
3.177209067314266555e+00
1.425538607678320746e+00
4.263189578143292024e+00
2.048369156299327809e+00
1.726556260570111245e+00
2.548332556994564069e+00
2.964552105828360595e+00
1.572843223718144223e+00
6.972982968050138730e-01
1.444267846732639082e+00
7.174487248350160939e-01
9.617170777366730317e-01
5.492083321058791157e+00
4.653796363751522946e+00
3.576379406563262364e+00
1.046411643897590116e+00
3.372018010324751014e+00
3.004099342654301896e+00
2.168531149514759448e+00
9.895546861854095377e-01
4.088736342647405486e+00
7.683187939942752731e-01
5.220202327104270346e+00
1.373997852254924990e+00
2.134762780609662070e+00
4.096936254179938786e+00
3.739168139498857624e+00
9.659707028156393482e-01
1.254839539817178995e+00
1.439509367881992352e+00
4.210330833889230462e+00
2.186629674030333259e+00
2.943458256393399530e+00
5.125127518477567534e+00
7.070537885967810299e-01
3.594693338958018902e+00
2.266420953515569270e+00
8.943344100756451809e-01
2.922822246473951946e+00
1.158236755085175762e+00
1.833468826777600924e+00
1.598383298230696248e+00
2.895041136438633256e+00
3.900551917923225087e+00
3.962716819555782699e+00
2.247630536816708879e+00
4.594494993583931319e-01
1.734432567341577469e+00
1.392973354024265253e+00
2.014498833329638305e+00
2.516589768318089781e+00
1.204475080066070625e+00
2.300743412522271658e+00
1.140479804729487068e+00
1.790609580027573422e+00
9.924284844503574732e-01
1.191245785496958698e+00
4.669954402862997789e+00
2.411160195996789657e+00
1.852994426836141573e+00
2.106130211428184129e+00
2.207262534541543975e+00
1.275005941247746799e+00
1.410859717869100693e+00
2.242291979150184744e+00
1.062284278085314337e+00
1.919020262614071326e+00
2.226211755794687441e+00
2.642173845955686939e+00
2.447612545746768564e+00
1.056053103170545349e+00
1.598593803929970303e+00
2.278218812332454046e+00
1.407634122529107357e+00
1.536437407292657875e+00
1.874596226069493055e+00
1.515633304508085200e+00
2.565238086372271908e+00
1.989908756655272226e+00
1.612150600007818069e+00
6.885075103790977202e+00
6.208848607687940113e-01
5.914894195584995629e+00
5.328309609027656712e+00
4.189962753279820262e+00
1.372577620581615143e+00
2.692851019883967911e+00
2.375891372383050815e+00
3.257204821867651034e+00
4.022663706683474949e+00
3.409539364989198962e+00
1.050266547501653491e+00
1.695266349008189621e+00
2.106699752206721232e+00
5.061963766265003883e+00
1.673416169275884879e+00
1.119081996424518222e+00
1.302825559818388879e+00
1.088361469442706397e+00
1.927080686667330678e+00
2.809671890503087965e+00
9.435384088908088662e-01
3.055811069267198921e+00
2.759941658460467018e+00
6.506954322965244897e-01
1.650654474804363003e+00
4.738411170237411874e+00
1.898389420632657698e+00
1.304700401346873040e+00
2.043669967983111846e+00
2.118641823747678288e+00
