5.839836443392139032e+00
6.132364251672867361e+00
6.111754397449235654e+00
3.493365277728826879e+00
2.301830858893017417e+00
1.336971787532575950e+00
5.417388331229502363e+00
4.059734960287769923e+00
7.720324802828974597e+00
5.417079103954421271e+00
5.202993608932770186e+00
5.914855244120609257e+00
4.222766075838580768e+00
4.003758378198850387e+00
3.414901961413600695e+00
3.837448919442584927e+00
2.896227854541845836e+00
4.537310142633065091e+00
1.889039751388281951e+00
2.451663223051351093e+00
2.427801517909020657e+00
6.001893308397177940e+00
6.866198050709124701e+00
4.470440554261955413e+00
3.637561252614705865e+00
3.595965798900493393e+00
5.276683525325024604e+00
3.310898858652329579e+00
2.549059523908931091e+00
3.102880023864619918e+00
4.537551484085222242e+00
5.870617594680145324e+00
5.246694034639278748e+00
5.250485923309739178e+00
2.547595138041582885e+00
2.038099379426636215e+00
1.413314367499114876e+00
5.971202984299548433e+00
3.626955449962676159e+00
3.131200289249777224e+00
3.053680100265454556e+00
5.069198411754611833e+00
3.630926363061159456e+00
2.614154746747289426e+00
3.506968000741967462e+00
9.137833988212809899e+00
5.541866520970660126e+00
2.528825101916499563e+00
5.068225970266048819e+00
1.742622792475658322e+00
6.741360478981366811e+00
5.372061343332068972e+00
2.039552105851464070e+00
2.283639970430336508e+00
2.612851874929292606e+00
4.614950761758565889e+00
3.471246194653503814e+00
3.439262194775989379e+00
5.045621528241817977e+00
3.175958078817615160e+00
5.166106793057604563e+00
5.265747710407036486e+00
6.130408582765102032e+00
5.328141635577253510e+00
4.018591814178619437e+00
4.719686967270537714e+00
5.197281227025317030e+00
3.364548792867215976e+00
3.684107104701096258e+00
7.735870154797054532e+00
3.002406414613506325e+00
6.139019378762935908e+00
3.253092164027010735e+00
5.445458776646893817e+00
3.210867010896235385e+00
1.789387029107181171e+00
4.753222805549547125e+00
5.174123849867462432e+00
6.103519757572010818e+00
3.938510376268905766e+00
2.815310982632406755e+00
4.936998738678385124e+00
5.552215388438200172e+00
3.061963396782657387e+00
3.412083044455395786e+00
6.124828694941815144e+00
5.448324978464184731e+00
1.714405941760284602e+00
3.638597744770273756e+00
3.201670000918984904e+00
3.951441956808077638e+00
5.015551524116355075e+00
1.105055476373405909e+01
4.494869107245921924e+00
2.720718677515706840e+00
4.768622811421727725e+00
3.447245840958667262e+00
2.564591614180672163e+00
6.304298932825352253e+00
6.170908920160635525e+00
4.547839373283238729e+00
2.836565600719739511e+00
4.185761342528907747e+00
5.467108074534347217e+00
4.194298565618565178e+00
3.746407736217754358e+00
5.655013244770308312e+00
3.283754309641710112e+00
4.587502742176903681e+00
3.728445418192508853e+00
1.537770846609958442e+00
1.755328134530898199e+00
3.843213506502112242e+00
5.057130360602166697e+00
7.666306547342143674e+00
3.083338017302165390e+00
5.887734570478308171e+00
3.473281971393452849e+00
2.150453755706990044e+00
3.090001328732450148e+00
4.123700291566474441e+00
3.869031189032016371e+00
3.299780279746408418e+00
5.764390613627051074e+00
1.783630371568265538e+00
3.772117156511379132e+00
4.501514954499421073e+00
7.699285746933998809e+00
1.698072784214016195e+00
3.272673022691429345e+00
5.694855857768878593e+00
4.924399909835324607e+00
4.883104397823943010e+00
3.812927610871793771e+00
3.700238956558891346e+00
2.775581200367887913e+00
1.375757165237657897e+00
3.688453146369714108e+00
4.322998853886613091e+00
3.822738670833843777e+00
2.132857528128611513e+00
3.865904473985116496e+00
2.244350571229010161e+00
5.301078460442527174e+00
6.024602931477634371e+00
3.254499522821443946e+00
6.679860923012704177e+00
6.779451605255796487e+00
5.454530572716909553e+00
3.083665156385561268e+00
2.664251192967058035e+00
4.647819626961598338e+00
2.191273379629614215e+00
3.197869725422339826e+00
1.531804394512963130e+00
3.212636707142474624e+00
3.111035951765620311e+00
4.127406254085139281e+00
5.231573247345425060e+00
4.711776181456670543e+00
3.119943859824756416e+00
1.303460632674412256e+00
2.264711115352394888e+00
1.919502470085479695e+00
4.157027701241156947e+00
4.918008787861304576e+00
4.684579048410703273e+00
2.370763780348488226e+00
8.337788064167238389e+00
3.411051893750653541e+00
3.845138683247154798e+00
4.465344627625623453e+00
5.316886427637917301e+00
3.952367296464204927e+00
6.173138989603129900e+00
3.330347509401461625e+00
3.910896179840614550e+00
5.122079386112154076e+00
3.639857032852344521e+00
5.944389320162966506e+00
4.404338968531396503e+00
6.390121499923877124e+00
2.840819336257113914e+00
3.796438231265896412e+00
3.016119926269207330e+00
1.693723251895992821e+00
5.198120660548899430e+00
4.225332333914170846e+00
3.507999635225247825e+00
4.997946447173034379e+00
7.651287419606627616e+00
4.944491518930318463e+00
3.418150253364805824e+00
1.163878923754214645e+00
3.062923205224052481e+00
4.557477892607358250e+00
3.952151050111242458e+00
7.473682309471130658e+00
8.596913331655402501e-01
2.002422481034367152e+00
3.353938267622950331e+00
2.678715786189229231e+00
3.198711201427514528e+00
4.662283177786356703e+00
3.333460252998830420e+00
2.638461046232888130e+00
4.708727244463287498e+00
2.225168131508739044e+00
5.209967348163839773e+00
1.528225732413087901e+00
1.485834549374601909e+00
4.378435423442417651e+00
5.746941991637430469e+00
1.565231342473635712e+00
3.244044591613303385e+00
2.098850743726548451e+00
3.399069511944566191e+00
3.734412714355638929e+00
4.752111493387426222e+00
2.260155282928684617e+00
2.528932863837336953e+00
4.976352561887511072e+00
2.363236397178039017e+00
6.855335339261075411e+00
2.233947158507211039e+00
3.800939318667183375e+00
3.317908396710482322e+00
3.425127144206355112e+00
3.617056754160582255e+00
3.343095193482854555e+00
4.694309605578550482e+00
2.766985291995133878e+00
5.410857506190134281e+00
2.678586264004964246e+00
2.676789195969801138e+00
4.535056084176893876e+00
4.526942580025951735e+00
6.811665729973016781e+00
3.044898482750660218e+00
1.681410660176881011e+00
2.396319207725672307e+00
2.846870870496688521e+00
1.919989848260007514e+00
4.807425317572438850e+00
4.940899655990180328e+00
2.674696218906801981e+00
2.681073656286856011e+00
6.167424338902338654e+00
5.690946059552758562e+00
6.089046455532061586e+00
1.486917741580019658e+00
7.667495853809764839e+00
1.004309209256445001e+01
3.264479084394031894e+00
4.934487495304776594e+00
2.481569801308951106e+00
6.373011279195225143e+00
4.832368278310254617e+00
4.572421543689912937e+00
5.972780782802066923e+00
6.219451423467629247e+00
4.506057748304739263e+00
4.845037428494318732e+00
3.365155680796951376e+00
6.607252841179457548e+00
3.860980806861731285e+00
2.760072831340568023e+00
2.397356718323341074e+00
1.754492671069211474e+00
5.488685152989978278e+00
2.968415288946522512e+00
6.462599072411653545e+00
1.761956611426197972e+00
4.191376637748025935e+00
2.972459186212943472e+00
5.231291327589143059e+00
2.123071679642245080e+00
1.552643993847127479e+00
4.126813244808133163e+00
2.817607934850518525e+00
5.020306894401507236e+00
6.544135700483421303e+00
1.319930608745010225e+00
9.129257289690057675e+00
1.467193871017357321e+00
3.244261204619954597e+00
4.612070996548302659e+00
5.138976877745355942e+00
1.024280973120321736e+00
3.513307555677385619e+00
3.247924534051385592e+00
2.246632399303077232e+00
8.459325225554676919e-01
5.153318881580136512e+00
3.364173380026329152e+00
7.012479075751908653e+00
8.167876152632800313e-01
5.389879739486191923e+00
6.243024916689067005e+00
6.757071176659816381e+00
