5.681354121003321467e+01
7.094967734094480249e+01
5.520674634961966376e+01
6.795302695891727751e+01
6.297181984242498487e+01
8.180173839819445902e+01
6.307844765197000925e+01
6.719708867920891748e+01
6.289435543766531111e+01
6.061194217970906095e+01
6.989514536128068301e+01
6.318685856846354909e+01
8.043435084099148469e+01
7.493214441298525230e+01
7.950550297236381425e+01
7.394022948479181423e+01
5.866768917624663260e+01
6.367223417829565335e+01
7.264546884812678229e+01
6.132931621266197197e+01
6.879437135298398687e+01
5.212492599521209513e+01
5.982504925778223992e+01
7.895233260799200536e+01
7.631292730422063642e+01
7.122137726170595329e+01
6.627673252304666107e+01
5.110440416109642570e+01
5.721136724902535065e+01
6.323798594107810089e+01
5.433910177212151638e+01
7.304449154034878688e+01
6.373578282706230169e+01
7.636178122727937989e+01
6.843731190732374614e+01
7.407121790613882695e+01
5.756521202694418804e+01
7.015556923409538115e+01
7.189649898147585816e+01
7.935085082332172135e+01
8.339696505584959141e+01
5.798761536139619466e+01
6.527023729220069015e+01
6.007450473803825020e+01
8.194981913747743363e+01
5.429541639649623619e+01
7.143026285890424276e+01
6.940837698412086354e+01
6.688758624582631285e+01
6.596668054485648724e+01
6.179785496993955718e+01
8.010837259707017211e+01
6.189689698746425250e+01
7.814531433589141329e+01
5.330721217178551541e+01
6.350234641153777204e+01
7.904457950123835985e+01
6.636882787356714175e+01
6.424222685343443118e+01
6.269986841347204631e+01
7.235000015861243128e+01
6.425128229894419007e+01
7.028442350620534285e+01
5.950989515576677746e+01
7.228322070006481681e+01
7.788730853720510083e+01
6.702958015689304716e+01
5.758590110117378202e+01
7.546918885264386745e+01
7.597048099222315898e+01
6.638056697954300489e+01
5.842114127142870927e+01
6.424521380132760839e+01
6.558938813429645620e+01
6.065414141232096057e+01
6.998968324658784468e+01
7.107748138194641285e+01
6.205589646971166218e+01
5.985406932081703246e+01
6.010420059800605230e+01
6.312119616190528149e+01
5.492427363088271619e+01
6.731495909336804573e+01
6.504764865727679535e+01
6.187857397872998888e+01
6.935695363359234022e+01
6.455502126305553645e+01
6.182147145151880352e+01
6.678505859139190193e+01
5.616313048677869091e+01
6.233245477578545746e+01
6.440781419776257621e+01
6.988016834149891565e+01
7.991231590413229924e+01
8.401176777052526745e+01
6.206935779958804034e+01
6.960161001508927825e+01
5.627196354778369880e+01
6.369056119233881930e+01
7.259670990456930895e+01
6.352168902287669994e+01
6.810618869638877015e+01
6.083732625409486872e+01
6.288076191050566166e+01
6.689249919126552868e+01
7.607388627273257953e+01
7.677508503723375100e+01
6.203276763668760196e+01
6.422122529682852132e+01
6.174805585658545226e+01
6.053636083469655915e+01
6.903355330711639226e+01
6.329334073231726165e+01
7.554425090196393455e+01
7.511797919991334993e+01
6.445040421734296388e+01
7.437540028113350843e+01
6.361477395025618620e+01
5.589352189054015696e+01
6.681062076681030248e+01
6.259531592102594288e+01
6.244707740852170730e+01
6.316942009546330183e+01
5.137789284377348764e+01
6.432982310641438062e+01
6.888256381972122711e+01
6.492344225689851100e+01
6.102272765165310631e+01
6.056327509688073008e+01
6.198353107880502222e+01
7.189465867133306176e+01
6.772662584711844147e+01
6.640680682459995410e+01
5.375582904505937165e+01
6.998805950377453655e+01
7.337307518926088790e+01
6.130515377801486920e+01
8.800597484359406053e+01
5.510399258427391089e+01
6.919451979298342792e+01
7.653920165108516471e+01
5.600003030969407547e+01
7.310829540977331931e+01
5.612921345667994188e+01
6.352595430004346611e+01
6.221099528145131075e+01
6.411403288790526744e+01
6.982208983965030313e+01
7.014597105466951632e+01
6.476566840161503080e+01
6.344574402015530978e+01
6.341661409056352028e+01
8.248219928317675453e+01
5.745972233167201182e+01
7.338963004107456811e+01
7.133441808278330143e+01
6.537377929754273964e+01
5.372485408054308209e+01
7.184282210846897954e+01
6.789471938512829752e+01
6.821143184728130393e+01
7.217376864765304845e+01
7.219778973175334613e+01
6.312980038414320916e+01
7.633855764475306671e+01
6.056595201805316009e+01
7.589226013798034387e+01
6.574500837823435972e+01
6.646353414322365438e+01
7.701719714914013082e+01
6.105162601271516820e+01
6.165820498555896734e+01
6.754811523009327345e+01
5.680261424241975021e+01
6.827820942919088054e+01
6.118445938461838551e+01
6.878151499652605594e+01
6.718312072998570272e+01
6.465325999438401539e+01
6.613765573769919115e+01
7.110569258021574512e+01
7.937055054401092491e+01
6.661461206852395378e+01
6.206532135596653887e+01
7.567734335584695771e+01
6.578483349576997341e+01
7.550332450588464894e+01
6.600041734730866949e+01
6.798597212974416948e+01
7.314742695667081307e+01
7.163357615440850168e+01
7.449560502279021534e+01
5.245823824196750707e+01
6.070710768793121304e+01
6.320422739965534475e+01
6.495804495494992636e+01
6.683332675580543025e+01
7.168261696244175596e+01
6.159467610418788297e+01
6.591732629421746026e+01
6.487168424728116634e+01
7.925449787613160879e+01
6.228071590802216662e+01
6.861294199323266696e+01
7.612106578396806356e+01
7.089222398819843818e+01
6.653939272142648065e+01
5.785880668670811389e+01
8.167362424143766475e+01
6.942105513630960445e+01
5.602222913216432687e+01
5.689050269730690701e+01
6.634174522020153120e+01
6.061703114549064253e+01
5.254640240598034495e+01
6.973755840417437923e+01
5.885679216393405255e+01
6.839080726302661617e+01
7.028673823689909739e+01
5.965888574017547086e+01
5.586127547967871720e+01
5.419809206842595728e+01
5.896183042359482585e+01
7.667355065739745612e+01
6.497785630370746901e+01
7.091821266689933623e+01
7.721824395536052066e+01
7.440306706004918169e+01
6.748798841500585866e+01
6.293152239703851336e+01
7.096384802588246998e+01
6.708904567628344751e+01
5.861048688751956348e+01
6.563865134137680002e+01
5.704259201030387771e+01
6.352377013359401303e+01
5.169977433827170188e+01
6.310365298540143897e+01
5.856572133257862589e+01
9.837405049322683226e+01
7.061553291920129993e+01
7.089783157202231223e+01
7.262960248498123406e+01
6.185641490645887330e+01
7.045737479728047958e+01
6.839130897158199218e+01
6.890347615518133750e+01
5.409982370695429665e+01
6.479371747752001909e+01
5.053452797208718295e+01
6.190303794601805265e+01
5.121249294025601984e+01
7.149753824944666292e+01
6.892445655147874106e+01
7.166613184896385746e+01
7.199322241480423656e+01
5.770597731862560664e+01
7.866840445887339683e+01
5.283198364708453454e+01
6.767742555958227513e+01
6.648757949262832767e+01
7.010590217151465708e+01
7.058356146932507613e+01
5.896905586305557989e+01
7.053058744438986594e+01
7.177636060316649491e+01
6.900390408714208945e+01
7.139351499259387879e+01
7.370878910618266389e+01
6.193400723440051081e+01
5.918708445331994739e+01
6.459500923798346150e+01
6.203818614565454936e+01
6.028868390225030538e+01
5.983334360831447896e+01
6.296267180025213861e+01
6.655678365687876408e+01
6.730085852663215462e+01
6.535543071823104810e+01
7.239815439441466083e+01
7.936557986216192262e+01
5.599508193563796965e+01
6.438343710980534240e+01
7.278166143342095040e+01
6.161635908187642485e+01
6.218995499366714341e+01
6.238935869182967053e+01
7.448614055953933644e+01
6.473199930479508168e+01
7.521562850746359175e+01
6.617037315941571762e+01
6.166132840762854528e+01
7.253690789144366136e+01
6.035327157871498116e+01
7.236371588220890771e+01
5.969885273801199332e+01
6.372069594985395469e+01
6.142083388020188295e+01
6.805630981640479149e+01
7.548183602432557393e+01
