6.643639002013141948e-01
1.775482212431971796e+00
1.025607875086423482e+00
1.095741018879920814e+00
3.452215115597355943e+00
1.271090616020951414e+00
5.639184526966040112e-01
4.983710954435914831e-01
1.006085808484202371e+00
1.000582171222166306e+00
3.311245687074681587e+00
9.916538692890435325e-01
9.376821041161594872e-01
1.684435182719635993e+00
1.014085339836416022e+00
1.572881555967832412e+00
9.605622054326338199e-01
1.634182979204072517e+00
1.613842997624475473e+00
1.026949042162508929e+00
1.090829809382299453e+00
5.048264799658828128e-01
5.300130140828231973e-01
6.136530586323485359e-01
8.530981359787112028e-01
6.253814368188640449e-01
1.050418119527737559e+00
9.689913965177942012e-01
9.205251721011007415e-01
5.914738898627069918e-01
7.557450173947172223e-01
8.217612476949475164e-01
5.167935059426124189e-01
1.058935779396289467e+00
1.456266363920305063e+00
9.342425435207800666e-01
1.092062599594141981e+00
1.028627386146526490e+00
1.248856864493545382e+00
1.031382879960603516e+00
7.888254179229400309e-01
1.219366469086825999e+00
9.664009009565723840e-01
6.159527436644101073e-01
1.912262157160160569e+00
8.256391246921642724e-01
1.430558483724357677e+00
7.281541176048030861e-01
7.266771543045550397e-01
1.000805804050675096e+00
1.127903349739108663e+00
8.113875352111301620e-01
8.063181537372150487e-01
1.189488058462672360e+00
5.375796157408981868e-01
1.063842323681914115e+00
1.404985009341869651e+00
7.246750152289486158e-01
9.040586413545850242e-01
6.979137342191104043e-01
6.920595336058614766e-01
1.533591263522192660e+00
1.019190815471661127e+00
1.622048991958932929e+00
1.254520816518740034e+00
1.007506472725943514e+00
1.433084472958064293e+00
5.094380030585052843e-01
8.062885012366342030e-01
1.420611021651766892e+00
9.011029384991978697e-01
8.415921655526598100e-01
7.355018052650208471e-01
4.574019124438883366e-01
9.709696588869566325e-01
5.504777024642322214e-01
6.150823863395489255e-01
8.792306627845487554e-01
6.856805248848074630e-01
6.476674301345710649e-01
5.478125457633865603e-01
5.671707125949627670e-01
4.507576856752122940e-01
5.084771877044680366e-01
5.513469126567553946e-01
8.117271993342166647e-01
1.022621992823839143e+00
9.014617487495575343e-01
7.670580579453472048e-01
8.830854420236823321e-01
1.124113369488962011e+00
1.944291167244424967e+00
5.139792710262163222e-01
1.124692669768754261e+00
1.169342604394121743e+00
1.648422896073315602e+00
9.517021738902660122e-01
1.511356748194096822e+00
6.692010953147573549e-01
7.264124352006354757e-01
7.124181172206448531e-01
1.483515474006697143e+00
9.351774902599299111e-01
1.784205264527759516e+00
2.440524233115043184e+00
9.420060177952300773e-01
8.156540825869673661e-01
4.928467060020962909e-01
5.906940281372342616e-01
9.449311556457076211e-01
8.519758787141483714e-01
6.009469927900755737e-01
5.782969339286204713e-01
7.447999924232472369e-01
1.123648579757500654e+00
8.086254892209268075e-01
1.373948117585192197e+00
5.557069551057333134e-01
5.527857033962099154e-01
7.247356899979467970e-01
1.084660173490361590e+00
1.374871993556529670e+00
4.280042829557367812e-01
1.296716441186416047e+00
7.370124557958315226e-01
5.783273472170759044e-01
9.872919256805430255e-01
9.622551215180575879e-01
8.450205006511151140e-01
6.849311333765664145e-01
5.558466137560158504e-01
9.696636752901909295e-01
7.049746234219858021e-01
1.437294696370014835e+00
1.078441643414030260e+00
1.086884614980552000e+00
6.655765241607637384e-01
7.749083456130801961e-01
9.589442747483571949e-01
1.604100922131554752e+00
8.383903430227215292e-01
7.878887058296083490e-01
8.966950958262031035e-01
5.379393178090379202e-01
1.169324820630090134e+00
5.691777038779678444e-01
8.818597640046179631e-01
5.708796538252596253e-01
1.201337765190081841e+00
1.242253242133905200e+00
1.280608637883092316e+00
9.775941997125664473e-01
6.615838330509880016e-01
1.015581237019784755e+00
6.873757906170908649e-01
8.740855695486581256e-01
6.648587413327916584e-01
6.518082179693402978e-01
1.756754718337288024e+00
1.359799467458575828e+00
1.125486683716728553e+00
1.170468537003963805e+00
6.642420666519297523e-01
9.084785556541640217e-01
7.700674992626926896e-01
1.259294039714385471e+00
8.077785474666029364e-01
5.575942479481045266e-01
8.298807204437588236e-01
8.534328416978200771e-01
9.807908250501219394e-01
1.270249683037786514e+00
6.121475684954676977e-01
8.458732182960604362e-01
1.414003074161102713e+00
8.111253959836323135e-01
5.622805391626753968e-01
6.251329802276256453e-01
6.036497159100847609e-01
7.218632104743784028e-01
7.844126975501887200e-01
5.397869435223389134e-01
8.704239948539618243e-01
1.722447263351345903e+00
6.650163805968103414e-01
1.381576166205024991e+00
6.164840545792695803e-01
9.634847617933944841e-01
8.490585652719061516e-01
8.744688182086594042e-01
7.315077583111642134e-01
7.412360970739004795e-01
1.020173055985208466e+00
6.639591812476415278e-01
4.251582919320439080e-01
6.293739676281447926e-01
6.919980881981151466e-01
8.137418542251140252e-01
3.040753481804391090e+00
6.194825638651811905e-01
8.911165810227715811e-01
7.029887877899092530e-01
1.393618503965275757e+00
4.001706188629104433e-01
7.631913563043418725e-01
8.250914920364078586e-01
7.724005539905997031e-01
9.476841938046670633e-01
7.237693179118379616e-01
9.965455400440349498e-01
1.029057831396956724e+00
5.837073663585415906e-01
8.307234770546626512e-01
9.066879558511428128e-01
5.162212954160350087e-01
7.141395343208949420e-01
7.284035942079474246e-01
7.058458604501502975e-01
9.984039669732074351e-01
5.974430539821040664e-01
1.026062798941085985e+00
9.580707453624196512e-01
8.230141798764444294e-01
9.602644651545569898e-01
1.130060217449565307e+00
6.467959424106197730e-01
1.163538424011903993e+00
6.359268369487058870e-01
7.515290131171765697e-01
1.143916349929578802e+00
7.491179309002212738e-01
7.954022633363642125e-01
1.266988114142812094e+00
8.745233816446531527e-01
9.070439623330395218e-01
5.682843203580306701e-01
5.724036553454312504e-01
4.418052752952002504e-01
1.389998751842485669e+00
9.644981841930525546e-01
8.720168188064278958e-01
6.509069391633542923e-01
1.554039910462678753e+00
3.177105855233488541e+00
1.789504939659094962e+00
9.618328839502974237e-01
1.814757121129228157e+00
7.171065028788692342e-01
7.372786196812258774e-01
1.119969116897627126e+00
1.063333175206145231e+00
6.028626576769311463e-01
1.016208190892386121e+00
6.499801081176146411e-01
9.182740058410630013e-01
6.188435893711830005e-01
5.329377993639765609e-01
6.811312646578219221e-01
2.500164889483390773e+00
1.508447884378481429e+00
7.946486706423543378e-01
1.172588943839007802e+00
1.529477516802378423e+00
9.361324851442009987e-01
5.348962810699741111e-01
8.533482872416947584e-01
7.996973919133578690e-01
7.096050552450764437e-01
6.568621444232036755e-01
1.242202636468576094e+00
9.944458560836938465e-01
8.519063830311592866e-01
1.119056293933957891e+00
8.624008378082719251e-01
1.354082179445756040e+00
1.459375699936163340e+00
6.749126521264924294e-01
5.830688358773743474e-01
5.940953260063841501e-01
7.064895874156745803e-01
6.009870326207762403e-01
5.501425642233680469e-01
6.873097628355013811e-01
1.061686924637506912e+00
7.594058897988930079e-01
6.796029181583668199e-01
5.063410114688052799e-01
1.219770429382146304e+00
5.590955102326321535e-01
1.060974453372245385e+00
6.665121084975251797e-01
6.955077976481541802e-01
9.001951981139633130e-01
1.820732946768034877e+00
6.241447441619992764e-01
1.125021961066234866e+00
2.137803727021671651e+00
4.753451560057715963e-01
1.141925704529820118e+00
8.023019674594580319e-01
