7.297910788479375910e-01
9.264171560725777965e-01
8.216883605126565904e-01
7.738352626020612579e-01
5.591793926192930586e-01
6.875749606943994952e-01
5.244270445223155885e-01
1.329839070821448921e+00
9.642734083040426230e-01
6.913804910403901216e-01
9.324491931680254364e-01
1.070579594327912609e+00
1.179915683864885878e+00
1.124563129264907424e+00
4.020508890905081789e-01
1.479262867721464980e+00
7.202749265809096357e-01
8.696415923017926097e-01
8.872902149770640623e-01
1.276396758989901903e+00
5.991267491144842694e-01
6.151031736897221158e-01
8.205901952929894883e-01
8.491054672359555910e-01
1.263001140906364617e+00
8.308880128895274053e-01
9.898087482253553615e-01
1.560618157919787752e+00
8.547228087752908321e-01
1.263025765889878915e+00
1.171586776941141217e+00
1.545877317148056207e+00
1.220393042911211312e+00
9.687104975365067316e-01
1.126621833954956298e+00
1.178478045243978922e+00
1.344804278118911345e+00
7.313411049942516451e-01
1.127651230449266517e+00
1.183017112668850235e+00
6.922307102426727976e-01
6.834665912634122487e-01
9.220383532715324959e-01
8.260828531577444345e-01
1.119116648167760797e+00
1.083295720517059246e+00
8.619578384765732570e-01
9.589080919890998755e-01
6.269920581922067138e-01
1.202536209500969733e+00
1.130958398074603632e+00
1.108142296009035910e+00
7.972875086340119877e-01
5.848500735160199193e-01
1.148989647293239047e+00
1.128559245501042918e+00
7.049847720782735916e-01
8.172238397899559414e-01
8.151109275898712481e-01
4.979853029226380401e-01
5.386436243217246345e-01
8.472709942481055911e-01
7.838757323960998669e-01
9.470690230092304596e-01
1.194266807812949027e+00
1.520055212485781571e+00
1.129903113647799273e+00
1.530657293748157510e+00
8.202230051703928160e-01
1.185279150871494602e+00
9.220021213446117914e-01
7.982922985509827152e-01
8.191752706836021858e-01
5.969729510550007001e-01
1.074099323669662098e+00
6.133842857994630249e-01
5.113360299206990423e-01
1.147679825748490812e+00
9.240668749371916402e-01
1.800117112274260300e+00
6.992955200472431576e-01
7.967063017403943626e-01
9.577567776193590676e-01
1.015238853198054292e+00
1.781407545736278353e+00
9.308438868959308943e-01
9.287226967674149236e-01
5.770366238626269961e-01
9.209490479515267669e-01
6.372153667340197947e-01
7.957113450281535494e-01
5.932807959318131541e-01
1.404846580906262687e+00
8.458704965534562525e-01
1.113493087660462066e+00
1.403300073289399874e+00
1.042291481639627593e+00
1.066608430065882684e+00
7.267898235087023595e-01
7.801738156366948562e-01
1.158165781550706042e+00
8.074724719891421820e-01
1.507009245980824641e+00
1.821591211825547729e+00
1.453875431985982347e+00
6.443693874754753415e-01
9.235166187917989156e-01
1.227628248028108882e+00
5.828620114977764999e-01
1.603203760275028200e+00
9.168757401984621858e-01
9.902147810260816252e-01
8.840673471735996936e-01
1.643082920423452276e+00
9.343595705469537327e-01
7.416557252145828949e-01
1.056537383341901837e+00
1.292207122294879440e+00
9.373987980444584700e-01
8.450012287566246449e-01
6.714988500629591739e-01
9.767925809413631200e-01
9.350201246517696463e-01
9.990279801084920308e-01
6.321246206317441274e-01
8.741465695914448775e-01
8.957382108375543384e-01
1.162810097656841402e+00
1.110270345472402109e+00
7.462982222406917554e-01
8.763010448736399116e-01
6.234509051368772869e-01
8.269686751923458479e-01
7.561514560301750842e-01
7.827908523874483881e-01
4.520792814014932270e-01
1.174313576916828472e+00
7.499264800453649960e-01
1.424914866243338629e+00
8.468750259244003376e-01
5.332133538850990506e-01
1.205002881568270068e+00
1.090107770264316489e+00
8.463802619157756446e-01
1.411888550400282272e+00
4.706196004890970119e-01
1.404627297011254994e+00
1.109025010942819245e+00
6.593034617571913447e-01
9.499661575458065998e-01
1.294848941440318368e+00
1.142545889549943627e+00
7.225212836216515777e-01
5.160048187196291103e-01
7.997881460803653031e-01
4.209609567058386070e-01
7.018361484309586507e-01
7.144390031621388193e-01
1.135306897742094812e+00
8.746053961570304791e-01
1.005186723991725817e+00
7.632997298894416138e-01
1.598185698915105979e+00
4.029982276583680134e-01
4.944230681262549165e-01
1.544152317664678975e+00
2.531166586839242338e+00
1.341348619767970485e+00
6.472120242770327270e-01
7.837507139063911721e-01
6.453287430735206165e-01
1.228370223232873037e+00
6.682742167839660352e-01
1.041668654102404501e+00
8.510700256654452067e-01
9.468654858852664225e-01
1.025472475087129354e+00
1.127951910885121478e+00
2.168385150569092534e+00
4.739204095979029918e-01
7.684560707019312265e-01
6.551202715928251541e-01
1.180263189093632814e+00
9.205977610393333288e-01
8.550109170063480146e-01
7.736559877974557020e-01
6.391238317249378076e-01
6.575082055261497471e-01
9.286636396593981324e-01
1.372325750150600987e+00
7.166405075449250317e-01
1.445031556810787876e+00
1.895226504395689737e+00
2.126178804322531590e+00
9.179506778957314816e-01
8.556296455947756119e-01
1.601709606794012419e+00
9.468398773691582004e-01
4.742980685403971330e-01
7.615364653774466808e-01
1.010537281082441563e+00
9.002537958085576886e-01
8.671911336964398531e-01
1.290355230246467144e+00
6.033813281627620206e-01
6.620368580321415175e-01
1.241896069401988267e+00
1.111899432162999357e+00
1.261635916678904179e+00
7.032543653034554199e-01
1.063164933840337723e+00
2.938601619871541448e+00
1.604902908044711918e+00
8.265015706175721233e-01
7.173280282696052890e-01
2.089115236424611055e+00
8.202748813701468134e-01
1.035086184402493670e+00
5.084110549524759604e-01
8.848789075663353598e-01
5.798223947586926830e-01
8.305216553707932547e-01
1.145441492367222702e+00
1.176288004806732568e+00
6.616463109158196021e-01
1.336303768385192825e+00
8.386709836316535993e-01
1.006329299243443609e+00
7.841935130390571551e-01
7.811872179259610194e-01
1.452879993250080215e+00
1.134571974467880606e+00
5.195781142247211104e-01
5.744802127993198226e-01
1.351645039301367035e+00
7.560612696829333013e-01
1.228864645462713900e+00
1.087645228211888915e+00
6.531487356918499465e-01
1.192935822385247313e+00
5.846009114927969152e-01
6.475213231246472745e-01
4.644833536132240703e-01
6.882142856767740069e-01
5.714457206525811461e-01
7.272709567064912228e-01
6.708629875632039496e-01
1.067621886542865051e+00
1.008438926338246500e+00
9.584570166652269796e-01
7.202423721629163111e-01
8.402106149758263864e-01
1.076269496509346446e+00
1.037858678227505660e+00
6.146559661164907595e-01
1.895107783678846358e+00
8.499000494982975606e-01
1.356183898605569871e+00
6.884471694480465143e-01
1.102799649695840989e+00
5.273213921066339793e-01
1.209559185066713782e+00
1.513704442526459859e+00
9.180450170277139055e-01
8.235598827717349746e-01
1.221262819086280427e+00
7.251726436881122950e-01
6.541936283450265899e-01
5.858464854367940733e-01
7.687925385767900854e-01
8.097705063722493435e-01
2.619463534749330691e+00
9.195534461636563073e-01
6.606338732084621190e-01
6.853091373778488204e-01
1.697311472354134265e+00
1.035799901905098297e+00
7.007117661361641492e-01
1.158200808667315673e+00
1.657604777261934004e+00
7.843619888928812234e-01
7.713560575237095041e-01
1.143000866513333325e+00
8.932605016766923534e-01
6.622320689385041703e-01
9.754697454534098089e-01
1.078852412568499952e+00
7.396971032074608488e-01
7.903636998746603748e-01
1.984320988062214575e+00
2.162383678857062730e+00
1.081642586894979718e+00
1.210151972868170445e+00
5.757139388290845039e-01
9.490633519843220123e-01
1.025293374992561235e+00
1.197977642777974472e+00
1.151085522656983828e+00
1.983562936203555616e+00
1.017022442616108746e+00
