1.598708260835563166e+00
1.133277766349385374e+00
8.120531385549781822e-01
1.563493385319729923e+00
1.208219363852261363e+00
6.777244398364776767e-01
8.017289886650601494e-01
1.376269455451798240e+00
1.288279710735511729e+00
5.915720367702765881e-01
5.539141290198834611e-01
1.101628952209258827e+00
8.931121898266768389e-01
1.020985864740290516e+00
7.823791638035867413e-01
1.044156151562930956e+00
6.772230608507442406e-01
9.499974620091786726e-01
1.768924637000859335e+00
1.356359978026958402e+00
9.075331037161993297e-01
4.753233386063023813e-01
1.384622773089324799e+00
7.127135582873336261e-01
1.468351509956925316e+00
4.097992728135680940e-01
6.919931095058552417e-01
1.111240195105589246e+00
6.518537384858031913e-01
7.362935939040504696e-01
1.086972038395301876e+00
1.157184166131572267e+00
5.797669549128553479e-01
8.752096574781722538e-01
7.849611629591018991e-01
1.048915555539082334e+00
6.617757017197249958e-01
1.005651562417615663e+00
1.627264679452926410e+00
7.513743492959855663e-01
1.118327331041802042e+00
8.528461382751896247e-01
5.696733449352867629e-01
8.348288671826534779e-01
1.601473782630895792e+00
1.931359205073932328e+00
7.028372419669539628e-01
8.711293587648677450e-01
5.050893570751897599e-01
1.562335718588038214e+00
1.288297466115603029e+00
7.850409613195946656e-01
1.005400997397405183e+00
8.093520594735047480e-01
6.893987519786491935e-01
1.291680165798072766e+00
6.900149089094054222e-01
1.106414132228131120e+00
1.486095267681083021e+00
9.963132351443541035e-01
9.204463544771547268e-01
6.346733132756638973e-01
1.269884673835873778e+00
1.287892460861141508e+00
9.531991446719015881e-01
9.561004509114888750e-01
5.874992834153816013e-01
1.181558352886193264e+00
1.002484185937024597e+00
5.791000355313252745e-01
1.172409348805530049e+00
8.159971628599212989e-01
6.414301816870485728e-01
2.139700608463591447e+00
1.901618839429076280e+00
8.253386564234471701e-01
1.077635850021446462e+00
6.453407923810257074e-01
6.484722555551214462e-01
9.668489037846622614e-01
1.333151746078952593e+00
1.023916647595345397e+00
9.634089452231697770e-01
1.763547553370897303e+00
2.098427054780658718e+00
7.388752251361588863e-01
1.041800576461460626e+00
1.160012940625817279e+00
1.198202774840009921e+00
7.352386888599858894e-01
6.465520508132187594e-01
1.042972456267118986e+00
7.220634121508817671e-01
1.714767366800683979e+00
8.127190311906495879e-01
9.110327882864939220e-01
5.275319160719441625e-01
6.891010141065914141e-01
7.117370906220871207e-01
5.973512921296011413e-01
1.525877739286234824e+00
6.789502104013481754e-01
9.538819685992327990e-01
7.769304383913631096e-01
8.082488052470688800e-01
1.787715392468318454e+00
9.200399186328785950e-01
1.136088991244808666e+00
1.656200460472004199e+00
1.070117570076050795e+00
1.533554565902176092e+00
1.224933209529176059e+00
7.646435428195884620e-01
7.755540177911095512e-01
7.176909036138345854e-01
9.293128978863722800e-01
6.372794215030778142e-01
1.041009676124718064e+00
6.965454807565928386e-01
1.010370029010934978e+00
1.131108520461380440e+00
1.024119786188190773e+00
7.071908255469243620e-01
7.203043213739374062e-01
7.094682783840198237e-01
6.563262273368666300e-01
6.734061984170401916e-01
2.022541019453164335e+00
6.117316337158861250e-01
1.211164783805949163e+00
5.237741964496150926e-01
1.265619987544285951e+00
1.060299453559897298e+00
8.509365660133958453e-01
6.562456401145534413e-01
1.696435502533794493e+00
8.561844209287808871e-01
1.390775443346928597e+00
1.033150654752105879e+00
2.123456357301449771e+00
4.105717210748647261e-01
8.060740384555205029e-01
1.375775649709334525e+00
6.123659811133285169e-01
9.384846440395961942e-01
6.850002200567317789e-01
1.494160823771422786e+00
1.119788453692148966e+00
1.919472974807490351e+00
7.836756895548703250e-01
9.924385898856378230e-01
6.546174485160517476e-01
8.242972588023851355e-01
6.290961574997715466e-01
6.577799287910807147e-01
8.158001324513958208e-01
6.066163686462281435e-01
2.607253336814395528e+00
1.163260333722695883e+00
1.187067618143374359e+00
9.238593769202282369e-01
1.044222773636756196e+00
1.090315869115028979e+00
9.712395798070526665e-01
7.144814790973332830e-01
6.261933173916166551e-01
9.075385776596794907e-01
7.624228057370638911e-01
9.584396674986740416e-01
9.582396587249113473e-01
9.707363723793250854e-01
8.057941655537630421e-01
9.477880100985507372e-01
6.869938840740212882e-01
7.997326357030352106e-01
1.107966318628967439e+00
9.106537024979048933e-01
6.900254790292517093e-01
5.561557902818241583e-01
7.293835612058194862e-01
1.541075146896327963e+00
5.801740123458035692e-01
7.160538081161472723e-01
8.264322308526917960e-01
1.224564203080629410e+00
1.216945386859385803e+00
9.221121936149156983e-01
1.790876716376446742e+00
1.069173788028510819e+00
7.713484900648804876e-01
8.541868777589460837e-01
6.846926726260504914e-01
1.112719490379375120e+00
8.643911018457592910e-01
5.393539959733035793e-01
5.186815565678521978e-01
9.306664196610421325e-01
8.751860455511385473e-01
1.745787374648700263e+00
1.050414025334040824e+00
1.147067276159809079e+00
8.558472881752350325e-01
1.302977407165437196e+00
1.140864475679311374e+00
6.553670937138365016e-01
1.136698694836710155e+00
8.156133185456334589e-01
6.391511728229291034e-01
6.344960520092685075e-01
5.457413516141622623e-01
6.572550743202306700e-01
6.828377891960509816e-01
1.094620763330028668e+00
1.206654018186296140e+00
8.862554065716032881e-01
8.511998067417752001e-01
5.826337947365684000e-01
8.852727590796719559e-01
1.575149164394423096e+00
1.011212178093543690e+00
1.316050679838235204e+00
1.638952440555783374e+00
9.708772096051208056e-01
1.314149188322347284e+00
5.956970272656304521e-01
1.861280167648851736e+00
1.497448665567979953e+00
1.020010446021933470e+00
2.245573993774160559e+00
6.494684592976105453e-01
6.828389710170488236e-01
9.481824539742897962e-01
7.766057612928209952e-01
1.589248288531179387e+00
7.304005727612685739e-01
6.072674251837648640e-01
7.011385032797836647e-01
1.188414693465432048e+00
1.193677629750103053e+00
9.851124969528469721e-01
8.709167503815187228e-01
6.340650171900940046e-01
1.398875314513488677e+00
1.203603179002627810e+00
1.323505461392258331e+00
8.814636224511991358e-01
1.400059137149274768e+00
1.386525024186191724e+00
7.494036245815551833e-01
8.346153830250030436e-01
8.341049231822040833e-01
9.199894335543559176e-01
1.594888470578472273e+00
8.421626369838003390e-01
5.569322546356401116e-01
7.364110018382380440e-01
6.878082992412325458e-01
1.150753725620830004e+00
8.453279098247302725e-01
5.026073423228103465e-01
6.962935911162528857e-01
6.812310854478739186e-01
1.200924252846943485e+00
1.530190973846753622e+00
8.258540787474130118e-01
1.568743935799814748e+00
7.148298026616359824e-01
7.010116098769101356e-01
9.494974425780314808e-01
8.040005457620501561e-01
1.149177109899399252e+00
1.998669505798408741e+00
1.035803869918455522e+00
1.062293141492985482e+00
6.459275177029415449e-01
1.048837389607675696e+00
9.134308049781726391e-01
7.270157229189539994e-01
2.082229684851040652e+00
3.669872760667124423e-01
9.867522522641151150e-01
9.300858509189064982e-01
1.064520985727651858e+00
9.570643631248654248e-01
7.397082995489250301e-01
5.609656184914436627e-01
7.636773916101754489e-01
1.218220377945005595e+00
3.306106767006097957e+00
7.324681652481758176e-01
8.460988812228492639e-01
1.121040867112236272e+00
9.511723311365349876e-01
9.531362112096243289e-01
1.103848396106440699e+00
8.939795222582732626e-01
1.255418621124821277e+00
1.024963862309579810e+00
5.208447658653876378e-01
1.329094091155020640e+00
