6.959659369304438847e+00
1.183214249947933006e+01
5.617715342488691199e+00
6.250686296573300105e+00
1.404913539358503094e+01
3.692451844188715526e+00
5.389748306329841476e+00
4.472596341498405792e+00
9.979277988164957591e+00
7.463110158524699500e+00
6.039124857542644165e+00
9.805898207545832079e+00
8.689694023676446832e+00
8.639295298808386647e+00
7.129358927175850624e+00
7.207124715478709476e+00
8.151059028926811223e+00
9.856868194679231365e+00
5.901723646618182606e+00
8.367580048592175856e+00
7.964377005161000334e+00
6.235132101814096828e+00
6.378490395513972011e+00
5.333583461831657324e+00
8.633269127250672526e+00
2.389960346037860894e+00
8.188035010440277262e+00
1.061851351593822201e+01
9.771326176150473941e+00
7.090975836666898680e+00
7.952415392124656535e+00
6.736537401406007319e+00
7.909261708115830736e+00
5.984852462556646380e+00
1.273160780680053961e+01
7.547677975266203099e+00
4.193859850808460799e+00
6.292294886798610598e+00
8.262238780363571067e+00
5.688485623007402125e+00
5.056185151373020048e+00
1.251688488702973423e+01
1.182195879632654645e+01
5.050756928501304088e+00
5.212690520235827130e+00
5.261722415211562698e+00
7.887079782384939897e+00
8.057059942808233899e+00
7.790350874075972598e+00
5.796057374750104962e+00
7.505918329803902722e+00
9.603449877405703106e+00
5.984954582223211084e+00
5.002973964318671918e+00
5.553335115900837060e+00
9.718488514444667103e+00
1.101988018645353762e+01
8.898023031565912788e+00
7.629398929650370142e+00
8.207809962854351937e+00
6.816342539184177873e+00
8.243212536355178699e+00
5.645301735194480308e+00
1.356918499589491489e+01
1.054952461327351010e+01
6.534658769141874934e+00
7.132493606579020096e+00
6.596471923572286400e+00
4.331518103767553640e+00
5.990101922404972967e+00
6.282999386935350650e+00
8.916201223646613272e+00
6.525504100885433090e+00
7.256798565078381280e+00
5.848782454963633803e+00
5.454311714448021320e+00
2.080067769406567901e+00
1.233569569920752151e+01
6.466805283942788307e+00
7.134247202067356852e+00
6.516957000045787929e+00
4.886177957605096545e+00
9.433927066780917414e+00
4.520025481707448556e+00
7.916577476617016274e+00
8.790386491761742249e+00
7.132761454128443646e+00
6.603976321508133296e+00
7.221096387355971480e+00
7.744603921713388850e+00
6.943212739691393409e+00
6.960405807473383888e+00
1.063254754549122083e+01
5.489743908525078986e+00
3.469868519802788764e+00
6.301295945579917124e+00
7.357087489724668750e+00
8.016980031945722729e+00
7.624812938919040661e+00
4.218419463520199919e+00
4.817766140492899751e+00
5.789179291816845208e+00
9.039527757516465201e+00
8.130114461142067483e+00
7.855651696755710844e+00
1.159204367574338157e+01
1.016029289229047983e+01
4.472973530892959459e+00
9.189624415133382129e+00
6.056808108583999761e+00
1.187700173297841211e+01
9.534709368765758697e+00
7.713516929450237036e+00
8.145638700781024255e+00
8.733339583625845393e+00
7.085443583789531985e+00
5.570332246100176299e+00
1.325467410897519649e+01
1.196073577490614426e+01
6.794182753435476840e+00
7.474216025615400660e+00
7.439593650121962831e+00
7.136546152917484953e+00
3.551150395099876178e+00
1.058072900951060191e+01
5.229131093820398313e+00
1.199390760830444869e+01
4.649321544635497183e+00
8.299646186072521914e+00
6.836215465195784269e+00
8.604530214046775427e+00
6.895966447608809169e+00
5.015326136682281444e+00
7.144154419121306887e+00
2.997891497783481629e+00
4.753531153818958188e+00
4.009570848563470236e+00
7.059639333507912617e+00
5.800445236362497425e+00
6.433554972815584527e+00
9.792234182801767162e+00
1.133204420838520399e+01
3.700758260279276790e+00
5.963175754571504505e+00
7.989543329971348307e+00
3.846743443739251145e+00
9.246067361033778909e+00
9.911638741257950969e+00
4.632158392923236612e+00
1.863392761348024784e+00
7.624198188118541886e+00
9.517919871196010462e+00
7.600934001017946251e+00
8.073148292689319661e+00
8.941095595622483572e+00
7.471732226533275067e+00
9.459656999726190563e+00
4.583664281850020394e+00
6.478110094587218093e+00
3.563248108154411842e+00
7.657619894534524185e+00
6.660219572424361800e+00
5.671865140055982302e+00
5.239360022323046095e+00
7.851139953408620364e+00
9.182863908430240585e+00
5.122669923413236681e+00
8.917015484496529254e+00
2.756817676414557994e+00
9.200013427258076248e+00
5.881733120263843873e+00
7.396693808785474111e+00
4.862986089272967938e+00
3.863625026787752770e+00
5.270423620896925954e+00
5.268936901743127343e+00
4.252350880269374578e+00
7.566017048035680759e+00
6.962664262087168154e+00
2.611671343043734606e+00
5.397382331948427314e+00
4.764719362705498895e+00
4.579057161387971142e+00
7.349096901549057925e+00
7.352629851799947325e+00
4.663684145935599545e+00
5.251342602460307596e+00
5.716351133334918622e+00
7.518840427949864846e+00
9.042800328643474828e+00
2.109631333212620863e+00
7.648826104332725251e+00
9.788531535669385164e+00
3.854286059188305025e+00
7.122790425238155976e+00
4.441836658536873372e+00
3.766101781739027654e+00
5.766739622903897633e+00
7.218704377178351450e+00
7.200269054966057958e+00
1.034070521434104251e+01
7.129821071679188549e+00
6.673340577725336509e+00
1.057164713402690026e+01
5.255391447114925896e+00
5.140743382777485770e+00
4.808302447718399542e+00
1.233924842509638786e+01
8.270099388838701771e+00
1.144211272244698030e+01
5.591449876629870808e+00
4.473678254958723954e+00
7.994723676073172136e+00
4.116927700976540372e+00
4.088359551494020749e+00
1.133692491275403214e+01
4.277020582776950519e+00
7.128899888696824227e+00
8.607902153997979866e+00
4.793762574490392225e+00
5.560903892844562435e+00
5.654041774598045578e+00
3.756757748471831082e+00
4.947740482153117902e+00
7.913238370074839878e+00
8.492117553600722957e+00
1.133733002543048229e+01
3.643218384042932190e+00
5.025065481083062835e+00
2.601777252208380187e+00
8.761622098626499877e+00
3.349867283425651543e+00
6.939643255834599067e+00
4.435164938222928122e+00
3.438296783242932531e+00
4.809385842367881025e+00
7.080252221534358625e+00
6.223560172337325724e+00
4.550522038858022533e+00
4.646297852132253325e+00
5.166164744645141305e+00
4.647113875102574454e+00
1.078500752122137207e+01
4.694128941189987358e+00
8.990018976041405097e+00
5.464438821270220181e+00
8.341790806962157134e+00
1.044259719893738669e+01
9.394857861021369771e+00
5.152391633300687168e+00
1.021548610158181170e+01
9.092430658108836994e+00
5.698953435358245834e+00
9.341117760716416640e+00
5.699324100238218449e+00
6.471230800447549392e+00
9.519153709037924571e+00
6.047138295447949119e+00
4.499720307086721327e+00
7.714847321919702239e+00
5.785687328499711235e+00
3.100484808642575363e+00
5.318151610719658251e+00
9.479051999429866981e+00
6.668583583052402730e+00
5.851893164406020809e+00
7.402153317281371159e+00
8.981341985537699912e+00
3.361651758739767182e+00
7.953676452657222562e+00
8.372947899945049954e+00
7.773022232474040116e+00
4.519345524240642398e+00
1.094600756398547503e+01
1.225612992789487699e+01
8.590871328199455093e+00
4.880403960567218924e+00
6.143957117677182111e+00
9.557277164487995691e+00
7.847120506671983797e+00
6.514552821096102342e+00
8.215745989992390363e+00
5.595769895274044003e+00
1.382513615421520825e+01
6.935464652402989927e+00
2.531826111782889299e+00
1.000787266071594850e+01
5.755568380436254294e+00
6.989212219842213969e+00
8.585350457551866654e+00
1.126326894270440526e+01
9.666485937229216674e+00
5.622446939982678416e+00
7.756671425208274684e+00
7.162176607285407393e+00
4.492654901089069064e+00
6.073297013305391623e+00
6.497745279440978017e+00
6.614672451809154197e+00
7.779069538378937665e+00
