1.603594430254819372e+02
1.583629489361916569e+02
1.645339570876529933e+02
1.585602340840260638e+02
1.574142716698914910e+02
1.560317173237552311e+02
1.591111394361336977e+02
1.536525583511711943e+02
1.598613181620483203e+02
1.596213827293852887e+02
1.585145077557622244e+02
1.539765840554873932e+02
1.634863133918275082e+02
1.557118268865517621e+02
1.623156850214576821e+02
1.571781509829446861e+02
1.581258861242421574e+02
1.592142266205434566e+02
1.614616053418180854e+02
1.586014295211567457e+02
1.509298794313201597e+02
1.562894027651400393e+02
1.639897731389534954e+02
1.599988635330563795e+02
1.539809860506879886e+02
1.602208006815756107e+02
1.639323482158176262e+02
1.621516215582762470e+02
1.596751490167402778e+02
1.584001424249994727e+02
1.601378245427109164e+02
1.678460842604674497e+02
1.567749445388064089e+02
1.566801147747208915e+02
1.596081826635771392e+02
1.558198996977332911e+02
1.616798209517391740e+02
1.582122259637511661e+02
1.617142712846608674e+02
1.506071387420346639e+02
1.556955354928424242e+02
1.588690055038416347e+02
1.549385165824215278e+02
1.591672742368644720e+02
1.586188988259378618e+02
1.525037584986350225e+02
1.558044248190831809e+02
1.568367138513177395e+02
1.525291729794328717e+02
1.603242090857756637e+02
1.584550284028653948e+02
1.539882824481913985e+02
1.544016255872591614e+02
1.553239729864151002e+02
1.538358978844403566e+02
1.610790609527608410e+02
1.600422969728826672e+02
1.528931900860185067e+02
1.554089998506054826e+02
1.577687459061573065e+02
1.564509696798973550e+02
1.569832072285990989e+02
1.636142547738581641e+02
1.496267391123824666e+02
1.621033591465874224e+02
1.586729701473919363e+02
1.704784038960261228e+02
1.620693187039720158e+02
1.568729905820175929e+02
1.574503037821543501e+02
1.529220833234097370e+02
1.555294110227401632e+02
1.529095582201887282e+02
1.584704175808923026e+02
1.574071032650111306e+02
1.611689232544974288e+02
1.529210939754882190e+02
1.578275703413810049e+02
1.518716736050999430e+02
1.569213339775237444e+02
1.549717032474585210e+02
1.614875303250939851e+02
1.528646410676062146e+02
1.622736633376727582e+02
1.635858469552059660e+02
1.531211197179657972e+02
1.652346211235495446e+02
1.668466891005940340e+02
1.564009844181096014e+02
1.587116189991700708e+02
1.575348233900446644e+02
1.612519099582986826e+02
1.559926369758085514e+02
1.560809348838180028e+02
1.617789055704907071e+02
1.612264031560945625e+02
1.586352226867743127e+02
1.589102282224840792e+02
1.606719440483151402e+02
1.649444865741792512e+02
1.540736444339925981e+02
1.513911400071833953e+02
1.592699014391374703e+02
1.641988900977302990e+02
1.557035236238375830e+02
1.588157994587673443e+02
1.625235009793794916e+02
1.611216417517362345e+02
1.592482435734273452e+02
1.650139648542207738e+02
1.558071944553803689e+02
1.610955905179294234e+02
1.602208691344814611e+02
1.571574888968303014e+02
1.583728451333325040e+02
1.562363476055428464e+02
1.520319481481794526e+02
1.632035651064576030e+02
1.602374353438204651e+02
1.486441694714452240e+02
1.641631994092704474e+02
1.590899336829180584e+02
1.555512781585243260e+02
1.579502129712635394e+02
1.608905900886124698e+02
1.633384821062225285e+02
1.606360545067563521e+02
1.545224482675320417e+02
1.647629646123007205e+02
1.629216499138784116e+02
1.550815422749521986e+02
1.589216545973093275e+02
1.607138676418192347e+02
1.617706485847233466e+02
1.616516080483513349e+02
1.646120201607706406e+02
1.648953828952686820e+02
1.579586812203132240e+02
1.567346350019682006e+02
1.621880159086668982e+02
1.492660948143249016e+02
1.639095608922711449e+02
1.592172079747221858e+02
1.518126108606115281e+02
1.520443733813288816e+02
1.607718416137824136e+02
1.592793983779068299e+02
1.622924419522013579e+02
1.624943679923844400e+02
1.576954297229198687e+02
1.554118371724931080e+02
1.599720358796248547e+02
1.507942789092334408e+02
1.537397653611626538e+02
1.596611436821175118e+02
1.544520905212554283e+02
1.585736608545585113e+02
1.565396782322611955e+02
1.575878316513597781e+02
1.528380298911481532e+02
1.647843284457794368e+02
1.597085004675090545e+02
1.586862217215915507e+02
1.583357421536776712e+02
1.515990192787131150e+02
1.632218613499128708e+02
1.711192370238689193e+02
1.534446010311831685e+02
1.568795223543102964e+02
1.584662236757481821e+02
1.564609372491999295e+02
1.508940568559044948e+02
1.591147919781072915e+02
1.554347854669643993e+02
1.612760177121598417e+02
1.601816628854095086e+02
1.616725679851022619e+02
1.619997013438113243e+02
1.634033447595007544e+02
1.554842152661054797e+02
1.541951695589392557e+02
1.585327230894814363e+02
1.577802132877427539e+02
1.578498080950026008e+02
1.594705506229662149e+02
1.506878071477920571e+02
1.557305151085453474e+02
1.656399062648369807e+02
1.595796118259475236e+02
1.521421557938542719e+02
1.580075779889546084e+02
1.582719515127487000e+02
1.557067254034210748e+02
1.641004028527018477e+02
1.577567279364690478e+02
1.545239059541286224e+02
1.561229854092710809e+02
1.608854552773768489e+02
1.588289913946585159e+02
1.595730053061508045e+02
1.553540907243254026e+02
1.585614896913226914e+02
1.620722898986307428e+02
1.532730864933085684e+02
1.557868659176658070e+02
1.638838614219875183e+02
1.572730205266574330e+02
1.540027872892889889e+02
1.640400909407232461e+02
1.550548522078183566e+02
1.636094828382209414e+02
1.636212856632280648e+02
1.639465325965139755e+02
1.594753037863050906e+02
1.556189967278279767e+02
1.533220191502431362e+02
1.651382190272188097e+02
1.604793999301035115e+02
1.515232986905037649e+02
1.615365331598010243e+02
1.600209842068937292e+02
1.527134405614047523e+02
1.616529148317915485e+02
1.584539854879348582e+02
1.585550740157998746e+02
1.532294066752477306e+02
1.586599611017931863e+02
1.560616669959698584e+02
1.579864238837216988e+02
1.544260865580556583e+02
1.603798650591415367e+02
1.611224228204188194e+02
1.587636496729221278e+02
1.556515385010281136e+02
1.615465115663108691e+02
1.577206804721538731e+02
1.539281767300781780e+02
1.605915857460049665e+02
1.629911259497654044e+02
1.661221681250484608e+02
1.651870954900085167e+02
1.630602170236403197e+02
1.541703058272392468e+02
1.607089831649311975e+02
1.619420925001637102e+02
1.599678862524795306e+02
1.555837853601725840e+02
1.581863070303482175e+02
1.693935542892625108e+02
1.617112864638585847e+02
1.639115475588745028e+02
1.597958546861010234e+02
1.579101654145559621e+02
1.588842380768348903e+02
1.577593367513646285e+02
1.582095736405323123e+02
1.546467153886042354e+02
1.597867991162327996e+02
1.572992571116441809e+02
1.566548402974100895e+02
1.627000615312824721e+02
1.556460129985463254e+02
1.552736596226534971e+02
1.526284550589202809e+02
1.622016964571229209e+02
1.563844882971898471e+02
1.623812635946268585e+02
1.554222275568652947e+02
1.594955914900035054e+02
1.554942826171611046e+02
1.640234025362407806e+02
1.667295768306333628e+02
1.497708296527597440e+02
1.580906115579646212e+02
1.568129519017886651e+02
1.655787863608202315e+02
1.620673016028387678e+02
1.561427455257617680e+02
1.576564584079374072e+02
1.711115645975413599e+02
1.636248703819467778e+02
1.613486302274367290e+02
1.592448422403437291e+02
1.540235213553166034e+02
1.518850063012959026e+02
1.544148109419590753e+02
1.615704979836130519e+02
1.591860930025707717e+02
1.567077087273820553e+02
1.518092030038842211e+02
1.535521081912604302e+02
1.545255166537030789e+02
1.623426147969915405e+02
1.648285412671855568e+02
1.605035700669127436e+02
1.554223528851325113e+02
1.585044643839114826e+02
1.609879473375924022e+02
1.634502342957299561e+02
1.664673955221989843e+02
