9.130812236033915008e-01
1.279694336973823843e+00
1.375256646855494091e+00
9.677254986402228365e-01
2.609331069405489423e+00
2.595416308008451800e+00
1.046019587376383120e+00
5.587815679605894204e-01
1.919349294799900685e+00
1.507536009120417742e+00
7.306537406027843184e-01
1.993505267704546391e+00
1.056020465172964329e+00
8.513498825391521141e-01
5.873688751913440642e-01
2.102646744102739440e+00
3.765950275235743216e+00
9.049877553483722803e-01
1.052228528244534278e+00
2.345581636735087017e+00
1.472534105763422030e+00
3.064234197598147080e+00
1.126594978430133231e+00
1.397241666713111785e+00
1.789156241779527923e+00
1.534858651405596408e+00
1.051860067746938743e+00
9.401680615387908446e-01
1.017305615019001630e+00
1.336661258285450016e+00
1.674449790610835542e+00
2.787380827660619342e+00
1.594797598787403903e+00
1.210867076192931879e+00
1.061212092282904695e+00
1.581503128872959962e+00
3.979817050378646748e+00
1.030868491965089673e+00
1.039416504581255341e+00
2.285839089403442603e+00
1.930918184063797449e+00
1.575652249410127714e+00
6.925789455352009405e-01
1.548048772380848259e+00
3.613054433138249255e+00
1.195337758734937195e+00
7.249290115760229636e-01
8.299488350185713070e-01
1.168816601530100474e+00
9.281233709080246586e-01
2.885787629435082824e+00
1.209410494277093351e+00
1.916023064957875111e+00
3.118961373521316194e+00
1.105108462785471701e+00
7.269038595067728314e-01
1.206889354525050306e+00
2.681817602236157505e+00
8.896113989947450618e-01
6.766171751260128264e-01
2.483376914850255801e+00
9.793848933671546186e-01
1.147343849187306697e+00
9.118010784337533536e-01
1.722407635930240488e+00
2.422733659976430420e+00
5.738550091543999088e-01
6.306123548383942179e+00
1.989153921888558552e+00
1.864658037591519379e+00
1.249945145080453957e+00
2.612056767120674472e+00
7.434562388865232352e-01
2.996567234121991774e+00
1.199359064720276757e+00
4.708256830054796671e-01
6.587703500322166228e-01
2.654204400721596357e+00
1.192126075083888459e+00
6.173031439215312943e-01
1.465324686616100935e+00
7.293738095026789381e-01
1.400098589936871640e+00
1.007225195347934532e+00
3.242388805726062362e+00
1.143095760300565367e+00
1.339380405055481171e+00
4.288951499505462728e+00
6.879829147688159008e-01
1.114450270071002613e+00
1.456832800286538498e+00
2.798301372445151980e+00
2.175401791902175308e+00
9.832102984303300319e-01
3.192369052503671423e+00
6.250365722705316651e-01
1.167106522855638318e+00
7.350564043992993124e-01
2.357271512178517714e+00
6.681265544623241626e-01
9.266111207643020764e-01
1.340081795509807661e+00
9.662770066671187985e-01
2.339786332369095057e+00
1.875141973423816388e+00
7.340957813269941568e-01
1.615107743813648744e+00
3.518777563703830769e+00
2.077493464752890429e+00
1.590605633875116665e+00
2.124638386283352443e+00
2.377346681506338655e+00
1.558519490185548584e+00
3.586568051605407703e+00
9.664165457128166548e-01
9.799671302000352302e-01
1.782028889509920111e+00
1.417980494372014011e+00
8.464591291923331262e-01
1.116152581232493279e+00
2.481416052016567786e+00
1.566429655917136676e+00
5.861038598739093386e-01
1.281644038164014399e+00
3.103001531414281366e+00
1.258713339407632859e+00
1.854538078702189008e+00
1.036502374077631350e+00
9.498363827413858207e-01
8.688481717424667572e-01
1.433514701669160063e+00
8.870163912686338525e-01
3.826771133653963375e+00
1.496876799877556952e+00
1.671808692083204928e+00
8.681458975372678966e-01
6.849172764282575043e-01
1.863506101786246871e+00
1.763685961499087629e+00
2.636142910048580923e+00
2.484408931615510685e+00
8.906881436512151806e-01
8.893579921330010407e-01
9.045573345419094524e-01
1.411548610489382405e+00
1.025268605391453480e+00
9.147473562616034171e-01
1.326017071495124933e+00
2.480252304925859796e+00
4.625855013986593933e-01
1.350724934758311901e+00
1.119560603927040709e+00
1.133436815819040433e+00
1.230788755621081254e+00
1.132931312621000108e+00
2.642302228868826042e+00
1.961706657294166822e+00
7.534854949785746436e-01
1.580416362876198910e+00
2.579174276695125112e+00
1.605702035915862247e+00
1.894977498277069294e+00
2.204782420468105464e+00
1.285448064903264465e+00
1.213862584791201238e+00
1.767736251974815653e+00
1.088511708708002734e+00
2.615103307814798939e+00
5.582087101099282300e-01
6.044446205488818169e-01
9.412559677098119026e-01
3.003993388193204161e+00
6.589862067537873846e-01
1.447829634321693870e+00
1.600072579657914495e+00
1.398225713844354345e+00
1.418650271192512413e+00
7.739796224918217282e-01
5.898255235605611713e-01
1.182011882215898924e+00
3.407295822938744223e+00
1.914207950982097062e+00
1.334067708939081554e+00
8.683609240928091833e-01
8.436644941987088142e-01
1.928632859652559928e+00
5.635974064637834235e-01
5.853360555348379179e-01
8.684177918428535037e-01
6.369971455148922823e-01
9.787744473561327263e-01
1.416591834102734593e+00
6.484314926186994787e-01
2.068939269003644110e+00
6.258592978311982025e-01
3.431482046517309481e+00
1.008316589499673288e+00
1.652163888220893773e+00
1.142403161799041111e+00
1.556693416539554065e+00
1.024532935789539856e+00
9.724673967634976934e-01
2.086498379154001714e+00
6.936772717740944394e-01
1.189532215654948155e+00
1.270200008294877225e+00
2.627728756318726600e+00
5.105854033983470153e-01
1.080393605457357076e+00
5.243537662720921810e-01
8.645643919051755333e-01
2.522891896502962972e+00
2.292286978521584473e+00
8.838054402035679935e-01
4.913075464246559498e+00
7.399102495386165046e-01
6.204446059769820332e-01
8.864681200467747768e-01
9.078858771347256829e-01
8.633250545160134903e-01
5.629407143121411217e+00
1.057384317001728746e+00
1.819728166451836326e+00
6.245303226466928370e-01
2.863108889667479673e+00
6.071014832609479273e-01
2.380219018583360047e+00
6.221869857031891993e-01
1.414083571649747517e+00
7.344938260343063519e-01
1.622778775321287226e+00
9.474404537955305461e-01
1.728656083922815778e+00
1.605518397087527083e+00
1.019777287611560057e+00
1.459138249437168522e+00
3.049078076100438128e+00
4.922775123835251287e-01
1.394702181823366249e+00
8.045128943694023205e-01
1.658652014633298144e+00
9.955847084319824347e-01
1.562676732539573843e+00
9.925522147334217005e-01
9.766893950334673002e-01
1.650742696363652007e+00
7.869421238971885391e-01
1.737331922884032709e+00
7.226158764644098342e-01
1.214781838754591448e+00
6.632915370663647892e-01
6.930779685946731883e-01
2.614799762450973120e+00
1.151342945279604901e+00
1.826431996472002606e+00
1.093635184146282135e+00
7.820198420048845023e-01
6.040835304453749943e-01
1.031171212702901130e+00
1.378109210640922733e+00
9.905267400030954850e-01
3.158004163875081094e+00
1.534014146398643641e+00
6.442106532412621434e-01
6.279471430516981867e-01
9.698344562888787657e-01
8.248454510907601289e-01
2.447157927919988207e+00
7.300973756626741862e-01
1.470283096972231585e+00
4.132759680407254721e-01
6.116030410263701977e-01
2.542518487592303700e+00
1.411728011048329900e+00
1.109520760266843542e+00
1.886378855523944464e+00
6.060681135113025197e-01
9.000288167745904566e-01
3.625575922667402473e+00
1.321257643234070800e+00
2.090669047231354494e+00
7.072753799601434466e-01
8.978850521028766130e-01
1.593377930393724551e+00
1.157769202662558561e+00
8.015125694346608709e-01
8.845138075578913295e-01
2.511881984634893872e+00
1.012001183975591134e+00
1.006154205672283641e+00
9.350079472208777664e-01
1.930416343649565825e+00
1.836821860539011864e+00
1.127558620524975908e+00
7.417463637299941404e-01
1.551676615009025983e+00
3.579110366871785409e+00
2.238164050657688975e+00
7.582266985773713497e-01
1.253688795833207692e+00
