1.407590212807021324e+01
1.808403630839578824e+01
1.724523458219427496e+01
1.335252819161277493e+01
1.550289274313201915e+01
1.317092780142267472e+01
1.408667681208246591e+01
1.508594014515356285e+01
1.000668750247651850e+01
1.449923101634984590e+01
1.811109827558284380e+01
1.127131276971778462e+01
1.366135320264097608e+01
1.687677814637866192e+01
1.253969345837965221e+01
1.493925778573784235e+01
1.836567000852857845e+01
2.025412256101487429e+01
1.731600110315839558e+01
8.157857324537994614e+00
9.524534924434362892e+00
1.112752651191803821e+01
8.383836110970598554e+00
1.159672973759912828e+01
1.786989869400166597e+01
1.279369921735888660e+01
1.420260759252982119e+01
1.746133473653453905e+01
1.492154595541314599e+01
1.404709354593715709e+01
8.678749054577178157e+00
1.838881311943028152e+01
1.476902701217420599e+01
1.728124344556143299e+01
1.415352190329810256e+01
1.710712130234071893e+01
7.524903413522665119e+00
1.359382047492579026e+01
1.204879903082455073e+01
1.238472600574025684e+01
7.623092268905878655e+00
1.393783247393857394e+01
1.549134397185369849e+01
1.533412874037031415e+01
1.954561946614903434e+01
7.594489125957885278e+00
9.454757378645885169e+00
1.361423156948373503e+01
1.057570417492825143e+01
8.701297644753671179e+00
1.575079814853401849e+01
1.639913484835116364e+01
1.338160528867934751e+01
1.617995133903146154e+01
1.220537791264154315e+01
1.772406293757821061e+01
1.259902647930026376e+01
1.324176192840734068e+01
2.227602288562368216e+01
1.330817650023312737e+01
1.308106210405465930e+01
1.345664225688118165e+01
1.340167000933781694e+01
2.083194082444066808e+01
1.674236168810148584e+01
1.225520091465901729e+01
1.189456811515728241e+01
8.324934771617796159e+00
1.214938201448892130e+01
1.055809381961388027e+01
9.414460310885312211e+00
1.699344955658871115e+01
1.798484169797407262e+01
1.228514980742074947e+01
1.554286970005377455e+01
1.366996364506334238e+01
1.628692904684613652e+01
1.370061414697960700e+01
1.347162509245931261e+01
1.287038363521681106e+01
8.705746946001772457e+00
1.241198982152167574e+01
1.250962392712125393e+01
1.262444882445021577e+01
1.022160867608464407e+01
6.672892309813179601e+00
1.422292745691645521e+01
1.622721699014998009e+01
1.354640849736454911e+01
1.056243926799096933e+01
1.441603661349319943e+01
1.731337134401297462e+01
1.220528235149396146e+01
1.512168912104914753e+01
1.325703392900554078e+01
1.092498962050919609e+01
1.636415485856711527e+01
1.794996949872324876e+01
1.584606426610389818e+01
1.487255047838636735e+01
1.023911055806099668e+01
4.778553285994793676e+00
1.940284877311495748e+01
1.236599713910376863e+01
1.056908566075031963e+01
1.844689332370841583e+01
1.527063786819411817e+01
1.463920950586482128e+01
1.572327920341532881e+01
1.666198984566916508e+01
1.905602527491948806e+01
1.326396260549636352e+01
7.548634532423353249e+00
1.208446896817970106e+01
1.072143263856505335e+01
1.701028065555695079e+01
9.838817592386906341e+00
8.894436291802662709e+00
1.300615287006786502e+01
1.681380751313099253e+01
1.065976073803786761e+01
1.519503799425682189e+01
1.523989650910142046e+01
7.057706566003835391e+00
1.491465839331944032e+01
1.187517043925073601e+01
1.236051490426744337e+01
1.468618233725872813e+01
1.519754493282352570e+01
1.285455350910091354e+01
1.478343062904945526e+01
1.354177853141239929e+01
1.501423806860310250e+01
9.735205473330859505e+00
1.936870491326947175e+01
2.096091003531187980e+01
1.374583050392419636e+01
1.585960009024089246e+01
1.491504075416100683e+01
1.087677996813032699e+01
1.821947465400205601e+01
1.871023023167803601e+01
1.061526915317086939e+01
1.281911031784399668e+01
1.956668231250929679e+01
1.560870495686619108e+01
1.302998258689994593e+01
1.343317865829458668e+01
1.763024782398536772e+01
1.052497443674999822e+01
1.715402612987091047e+01
1.618263876180764171e+01
1.835313288135822773e+01
1.258029518538856628e+01
1.485186421229254705e+01
1.259856464218976768e+01
1.723091613362960217e+01
2.220748033369709518e+01
9.607091960383440821e+00
1.614498418083447007e+01
9.633636995782978829e+00
1.883483792504680920e+01
1.287609666196198077e+01
1.263599930053177012e+01
1.736681981460282742e+01
1.608654607195235187e+01
1.106600400295034170e+01
1.615864650664991231e+01
1.307412716330016522e+01
1.039245196884010625e+01
1.630707471230033789e+01
1.272090714278736812e+01
9.729839805357155313e+00
1.614865520350538475e+01
1.590540683496026197e+01
1.748304276328619267e+01
7.985118961147750660e+00
1.390200334773502533e+01
1.513354113186083616e+01
1.313784202218593755e+01
1.349745225281125194e+01
1.335222281971675962e+01
1.676314857226077137e+01
9.760468183445965451e+00
1.078163905511481424e+01
1.455352408639247841e+01
1.851266314121221512e+01
1.829934853277076456e+01
1.478690007966274855e+01
1.027354337351070690e+01
1.947134567637765912e+01
1.285918045505282237e+01
9.760571410691630589e+00
1.307261497358385682e+01
1.409922056123066980e+01
1.807165518943294558e+01
1.554132532311876069e+01
1.355700956872349217e+01
1.362726774276976016e+01
1.506218570515755495e+01
1.306051292150480947e+01
9.597517324915557424e+00
1.333359539624686896e+01
1.098505162460795859e+01
1.576088766427132093e+01
1.525206513183974621e+01
7.572698981139319940e+00
9.309507842113006859e+00
9.389998211034331632e+00
1.262554533099859277e+01
1.131205658015588433e+01
1.394185394744193829e+01
1.155558279322186443e+01
1.645438863902755600e+01
1.292578275516164510e+01
1.207779515242336643e+01
1.134831403958730789e+01
1.215126615122047227e+01
1.017128375678326968e+01
1.335173343897498732e+01
1.364098667998784364e+01
1.126255383713260372e+01
1.874410866817167332e+01
1.377814840267942742e+01
1.306486811055041919e+01
1.432334107234672338e+01
1.434460951729520417e+01
1.626504048897425037e+01
1.231909698582725810e+01
1.382231823552209704e+01
1.181977536186482070e+01
1.277820942605828591e+01
1.427872660310951147e+01
1.687962628224047634e+01
1.069186859164410919e+01
1.259503605198555398e+01
1.422566798647171993e+01
1.181644848850154617e+01
7.748827480991895555e+00
8.375747597114209242e+00
9.787920225753341086e+00
1.443742029648338487e+01
1.049117951139709071e+01
1.596365976883617144e+01
1.442050833542661792e+01
1.602253137100072067e+01
1.682354326782206755e+01
1.036520848702952691e+01
1.471694174001900635e+01
1.102883675570016919e+01
1.688678603072981943e+01
1.727187868129080073e+01
1.259471595035074820e+01
1.652460405362566931e+01
1.034343453199400642e+01
1.438462800314473178e+01
1.202563933627144088e+01
7.019384264603202084e+00
1.171023930327510065e+01
1.070658031387118214e+01
8.757640452023734312e+00
1.485275986823986472e+01
1.587146741990240706e+01
1.336092357887642201e+01
1.730040756113466927e+01
9.846545949609893711e+00
1.754854762015271064e+01
1.905490844023445263e+01
1.467506716630647290e+01
1.971150729609405516e+01
1.217854607726498983e+01
9.188907489673006523e+00
2.110141723885104525e+01
1.748576688596409312e+01
1.539137299945933890e+01
7.734084216375073595e+00
1.339826476087611695e+01
1.550568236248458476e+01
8.366235751238050966e+00
1.985252076885858585e+01
1.843610178821133871e+01
1.705850873664526901e+01
9.963199423934472776e+00
8.500557666437540405e+00
8.988312816843080810e+00
1.372763788801230334e+01
9.265559882965726857e+00
1.285701475886293643e+01
1.242704216874439460e+01
1.812930112296059448e+01
9.986550791979187380e+00
1.282336143328718947e+01
1.145917510095557645e+01
1.818162135894080933e+01
1.190582532332866705e+01
1.689201723300258351e+01
1.839345717988365436e+01
1.581711290772979694e+01
1.501973241867345443e+01
1.368605902748452863e+01
