2.454195696499938073e+00
2.412589534581403239e+00
3.548807728721936616e+00
3.585757069768725991e+00
2.565731176991696394e+00
2.497573091461174233e+00
3.701155491607863723e+00
4.320705390683715841e+00
3.873573325893296726e+00
5.045389778766707245e+00
3.564988328724719491e+00
2.970925802481666267e+00
3.775527856254465409e+00
4.044934489449522275e+00
5.335657369493806534e+00
2.651631371334889575e+00
3.622439305673819554e+00
4.134906340386313772e+00
2.839371719144458073e+00
3.412926902537483986e+00
2.574798901153731556e+00
3.524563455825079572e+00
3.262170465575640943e+00
2.347239103513974801e+00
2.547684028878523854e+00
5.901873235238429549e-01
1.354556314518446047e+00
2.107983144694782762e+00
3.772041041998834832e+00
4.268620638054139604e+00
9.482091169316506640e-01
3.236631002699565940e+00
2.533544608947821075e+00
2.517972245097476414e+00
6.263539228962041072e+00
3.141437504976595019e+00
3.558888680181367725e+00
2.785922342925922113e+00
3.317441335992944662e+00
2.323886409892399030e+00
2.172983280129850758e+00
1.984491946715140509e+00
2.085011650140034867e+00
1.611215168687331944e+00
2.596322508951928398e+00
3.388698811429964763e+00
2.607068380047689704e+00
3.597478255981402029e+00
3.102420271630049520e+00
3.750404902768331716e+00
2.880083479963349902e+00
2.035653519309121862e+00
2.644009277628129428e+00
3.428505758788366720e+00
4.662114198931052833e+00
3.528670116501578580e+00
2.226451150530896150e+00
2.352587361666935717e+00
3.522247131795233965e+00
8.360304800451395790e-01
3.212589873839987842e+00
1.786668572905272256e+00
3.619242285726110619e+00
6.492094993075032683e+00
1.608395231659382807e+00
4.250657414018298219e+00
2.967867728190316523e+00
4.237814589303893875e+00
2.161794613884806537e+00
5.421616911818027518e+00
1.764529717259087471e+00
2.105683026714774808e+00
3.135791337895161845e+00
1.422363516012512097e+00
4.792930864805632574e+00
1.798252819062962971e+00
2.332145696369121612e+00
5.023992445796563899e+00
6.108452090251983435e+00
2.430210375701036263e+00
4.826876780983457849e+00
2.595071246314949232e+00
1.741583497442766859e+00
4.997498269164259099e+00
2.737426156692353896e+00
1.584821178814612486e+00
4.325215890166693278e+00
2.354910328653949669e+00
1.506863755113836190e+00
6.683335667872675856e+00
1.316257977757808728e+00
6.411357424141591821e+00
2.521948365669683056e+00
2.978039681838511310e+00
2.645114997232592913e+00
1.386571456314149575e+00
2.630747717684528197e+00
4.684798648250803943e+00
2.682560563184581692e+00
2.624518544676823328e+00
4.149530812117665057e+00
3.604904921688302899e+00
1.869821635559182127e+00
4.020994060301676498e+00
4.742420884097049871e+00
1.722639062394244025e+00
2.260311014290003584e+00
2.222327476811614577e+00
2.953437820476877640e+00
3.764759740498875740e+00
3.518623812242287929e+00
8.118250849349860632e-01
3.040224458617789338e+00
5.248858822786609757e+00
2.661027558404073012e+00
2.976284658476422429e+00
5.212762141326520826e+00
4.127027901310398761e+00
2.029675157649367012e+00
1.601310964404772719e+00
4.504722779491915574e+00
5.395204963518827945e+00
2.776066095827861346e+00
4.062409237212471602e+00
2.984197807144738146e+00
2.864516754896802020e+00
2.237860882524781214e+00
9.957949226246700647e-01
3.052121016290384681e+00
2.708501289084558561e+00
2.377429342626825814e+00
3.179211247205876223e+00
2.867279299316315644e+00
4.104919865793055678e+00
2.113807202128350049e+00
4.477488090030042223e+00
4.165681325316247907e+00
4.408784142843228615e+00
5.255332107066427838e+00
3.885990591595868793e+00
3.243861944658666729e+00
2.124314069334176658e+00
2.966365317606114882e+00
4.261121757321280068e-01
3.277381593016686967e+00
3.493167498257814696e+00
1.906815789217148893e+00
4.131046132266050108e+00
2.343679923502652418e+00
4.387161883930781769e+00
2.442227166902934954e+00
1.988254626373775702e+00
4.976155824574182596e+00
5.249006839336207264e+00
3.153991065645283420e+00
2.121717428305352815e+00
5.117746408819194848e+00
4.398112034478087295e+00
1.394213778283534211e+00
4.186927573494206634e+00
8.431636249737931577e-01
3.683702970389330034e+00
2.744600760914801096e+00
1.927237008779900007e+00
3.354643312902019225e+00
3.403804402197069479e+00
3.791714763293381196e+00
5.716395889583290923e+00
2.956449424770095202e+00
2.756882121233538374e+00
4.612931092881302320e+00
2.470344902687804822e+00
5.845144488455228604e+00
3.340825890064472947e+00
6.871744873154855604e+00
1.570720569123944310e+00
2.156190533217015926e+00
2.578475519970709673e+00
9.076923247860626542e-01
2.408854557505024196e+00
4.495556375355130641e+00
1.502567102479124728e+00
3.458897683814754931e+00
1.122740982504433660e+00
3.869746286588372719e+00
7.578196213269388970e+00
3.133068256964387732e+00
6.716862642932067473e+00
2.750715045541146875e+00
1.815711892363276680e+00
3.398060463507937001e+00
5.610367230609617728e+00
3.489483812482915503e+00
4.985313044258269599e+00
3.222540764662194412e+00
2.537585537415427694e+00
4.131743045580762441e+00
2.860704564254532567e+00
3.160863728466079881e+00
1.133810326890966502e+00
2.477168153982592269e+00
3.722157906881809364e+00
3.121270855579796333e+00
4.675781624582439733e+00
3.761767651370640397e+00
2.703929499234194900e+00
1.190324519244578383e+00
2.604763972677236694e+00
2.781539800424135844e+00
4.816837095892541498e+00
4.205505364349350295e+00
3.356545715779999384e+00
1.614868585523055122e+00
4.591658001031794889e+00
4.363308590685767818e+00
4.554011981770509365e+00
1.709499853844223649e+00
6.293123091695632887e+00
7.475691069804955902e+00
2.633764367060114076e+00
1.612996280218382150e+00
2.315015807005227355e+00
3.079316856916608280e+00
3.702215458531880277e+00
3.824850005735620506e+00
3.207082303414408919e+00
2.129299436068162077e+00
4.045930452268297728e+00
1.697992402789602950e+00
2.216850028725350974e+00
2.014751706971919631e+00
1.639599270169132206e+00
2.486295661639370991e+00
2.674529123714779466e+00
4.386896801518529898e+00
5.085789604401256270e+00
5.264417994051944660e+00
6.538363737288857891e+00
1.890068563802229429e+00
4.034254909476410411e+00
2.930584312190518403e+00
4.626540275921565026e+00
4.193309737829992834e+00
2.810482199608361764e+00
1.880313862557125182e+00
4.523857093288766507e+00
2.871613996538417979e+00
4.980144816083843295e+00
2.321573137038333456e+00
3.644351784729579879e+00
2.669935077121749600e+00
4.584677645654335443e+00
2.145936813136771981e+00
4.539930951657301428e+00
1.430213998443688350e+00
4.413816885307349835e+00
2.879020847797725491e+00
5.219224662864836439e+00
1.470591551445776801e+00
1.543643750949578619e+00
2.818299729505910012e+00
3.832565398831672798e+00
5.416551974878284881e+00
3.237971089578818962e+00
4.127894433874199187e+00
2.178608409844398963e+00
6.207172735973792932e+00
2.029750649456720790e+00
4.072343928584953865e+00
2.202810859146581812e+00
1.586689152848586248e+00
3.709467908505271083e+00
1.547868961074133409e+00
3.827492307320255360e+00
7.165823850324969158e+00
2.633536762125621600e+00
4.001538500819481037e+00
6.727709133490396454e+00
2.574919908794115919e+00
2.254372400346461802e+00
2.801927296348966312e+00
4.796678013354644499e+00
4.713238371991130826e+00
3.647468691661085671e+00
8.149285797393936548e+00
8.958739706780217693e-01
3.047983397250138893e+00
2.450383783595779352e+00
1.356379626844398611e+00
4.335867651063044725e+00
2.914850402633781812e+00
4.252415691524799257e+00
3.159772593512254701e+00
5.912678532147596755e+00
4.925362236159959828e+00
3.397725753646685387e+00
1.582791470727793470e+00
1.035954004605650347e+00
2.970653671845368660e+00
4.614633038558269895e+00
