4.411196331382559777e+01
5.044410150970094975e+01
5.227868011318393116e+01
3.443246979036966593e+01
3.923668529279080985e+01
4.714782420577552813e+01
4.243112637062960601e+01
3.616402897747070000e+01
3.987988485061849531e+01
4.478381216090475903e+01
5.980657918015432983e+01
4.515478877725285400e+01
5.680531610383685859e+01
4.614854872662401419e+01
5.200130992345663827e+01
4.731616990874281470e+01
4.741434403642563922e+01
3.499168384795159170e+01
4.781013177631035660e+01
5.388660171039516911e+01
5.255912503047657935e+01
4.112554394176925143e+01
4.278012763907435811e+01
4.524033381192246850e+01
2.952150576684684324e+01
5.043941699133239354e+01
3.177242202413743755e+01
5.727717444460607510e+01
5.001180343624896807e+01
4.366831051265040031e+01
4.538059293462914212e+01
4.625312778402228275e+01
4.524651271216547599e+01
4.384716307271674651e+01
4.561141871444463902e+01
5.234088642668232438e+01
6.476175650659820349e+01
4.308549800992891932e+01
3.917148585020334650e+01
4.142698092510122621e+01
4.580006859422952203e+01
3.530578826924352853e+01
5.056201534720241142e+01
3.933291777516181043e+01
5.213158856835811150e+01
3.946545385040290199e+01
4.928330445965843154e+01
5.141625597597542452e+01
4.359603030781155297e+01
4.629737638561658031e+01
4.797556766781222137e+01
5.437685771572907356e+01
5.062101600609843643e+01
4.644418746473859727e+01
3.958404331115212926e+01
3.673806759610099704e+01
4.164024285279002413e+01
4.438000663208372032e+01
3.791174186610037111e+01
5.028979074382452552e+01
4.864985274124028791e+01
4.158212390578474071e+01
5.580737397915603282e+01
4.692888879052030404e+01
3.689706209962743344e+01
4.899063994488277274e+01
3.585593098842124249e+01
4.208378177898782724e+01
4.862054887603620301e+01
5.844460157267435818e+01
4.343361533294066135e+01
4.794853561318322477e+01
4.204175971977201698e+01
4.363191352690666491e+01
5.114417210474496756e+01
3.646541723657398393e+01
4.327055888200226974e+01
4.709751891644809518e+01
4.214132435870689619e+01
3.762111724402550550e+01
5.569175279774000131e+01
5.213024293058410308e+01
4.378930638838344436e+01
4.290546337820794776e+01
4.264492850088407749e+01
4.945378416889793982e+01
2.884416672119189684e+01
4.127722132028661406e+01
3.678600345753286405e+01
4.355744109975295686e+01
4.586589579353027091e+01
2.961765135319092224e+01
4.818280095676825425e+01
5.570363076193012830e+01
4.068111554580377742e+01
4.703613153364756272e+01
3.859448775700323608e+01
4.559546350850840923e+01
4.409120637076419058e+01
4.506870192305082412e+01
3.940826500739356675e+01
4.219640938226002191e+01
4.996437748390510336e+01
3.967778081857906614e+01
3.559777635330848966e+01
4.332403522501331850e+01
4.203326487424009628e+01
6.979624653071925877e+01
4.700971255422373218e+01
4.989313592095213323e+01
4.346794368737328540e+01
3.741354416509595637e+01
4.913399048595406526e+01
5.520145548702879523e+01
4.662661536199604484e+01
3.522836771968275116e+01
5.899186416473849448e+01
4.067702212868745448e+01
5.627622743068953781e+01
4.149636059671501442e+01
4.708748642035545373e+01
4.348673795848837642e+01
4.121383672047237923e+01
4.512402192206084095e+01
5.106566865592684934e+01
5.658154177051707023e+01
4.650981515382111553e+01
4.094144911761479477e+01
4.517288175398625327e+01
3.727944613427983001e+01
3.874122956121372852e+01
4.665100339739541369e+01
4.396648756239715539e+01
4.450338527917220688e+01
4.870808393129598102e+01
4.689003622032016949e+01
3.442588375720885807e+01
4.448790089952160542e+01
4.862874935289067935e+01
5.168754426152565173e+01
3.655992850628496882e+01
4.803212287245766277e+01
4.888813968715176372e+01
4.367308781967390274e+01
4.608556785711433434e+01
5.331727904458966094e+01
4.459389884639174539e+01
3.753256111025793729e+01
4.634620099680130778e+01
3.935234212657955766e+01
4.114568288830501075e+01
5.682676225538095593e+01
5.179644375292949832e+01
3.601998837638255679e+01
5.843279618301563261e+01
4.242136158507196342e+01
3.790551111026091036e+01
5.078034490855559113e+01
4.299730387689722022e+01
4.474875296899593025e+01
4.795607881618985147e+01
5.139593299283669836e+01
4.303814510891618994e+01
4.210661598111612847e+01
4.917812378945215102e+01
4.717667245794180531e+01
4.671529871609603646e+01
4.964465080275151365e+01
4.072657063390234100e+01
3.705881340766779886e+01
3.582652935244531989e+01
4.841918271828479448e+01
3.939877341943473965e+01
4.032323983241887788e+01
4.507814662598919142e+01
4.595723716929965974e+01
4.263780207683901580e+01
5.101189595840061486e+01
4.074262675348662555e+01
5.074044604939443559e+01
4.746909783107387426e+01
4.452942622120142602e+01
3.662486158392779600e+01
5.677858959774398784e+01
4.670151924320114745e+01
4.830361197174781296e+01
4.027026844543232187e+01
4.536403831289155875e+01
4.972038400992285290e+01
4.459876055671912098e+01
5.242489374942946512e+01
4.225898879271491637e+01
5.917018712245040746e+01
4.821271955493806161e+01
5.687699133443826582e+01
4.743598503189031135e+01
5.307200134338001618e+01
4.164348654892097557e+01
4.892826210469222303e+01
5.367849857870083241e+01
4.351766390304380394e+01
4.442543774510632204e+01
4.960362079405319236e+01
4.412439764014151677e+01
5.111376756268753496e+01
5.019332214405876158e+01
4.699713207509861235e+01
3.919841692926731724e+01
3.721517784032177900e+01
5.929807134341764652e+01
4.217083083517612607e+01
4.623127074627490174e+01
3.781012701541234833e+01
5.549777708882288607e+01
5.445983170881650892e+01
4.779549285834828964e+01
3.994657173236669934e+01
5.019656508631296532e+01
4.731205690693559518e+01
4.247389874516994013e+01
5.050710074107023217e+01
4.298905012582093832e+01
5.271339940537083635e+01
5.238345549473412177e+01
5.067308779747538949e+01
4.175388601383129838e+01
5.372980660112891371e+01
3.674286933736019023e+01
4.885402441327577350e+01
5.174334826155840261e+01
4.913124732811660778e+01
5.160520111820832057e+01
4.415736151729991121e+01
4.385674157745039281e+01
4.428284930222935856e+01
4.966919904415627229e+01
4.948802293064784408e+01
4.794289977525091473e+01
5.105447040955274218e+01
5.125280528050590334e+01
4.009939488840088018e+01
5.724106907071809047e+01
4.299167874661826971e+01
4.178041017157242720e+01
4.417845502082109022e+01
4.798551878847342778e+01
5.383454360020478191e+01
4.637380315439496314e+01
5.344760428602000957e+01
4.740315208341110775e+01
4.699404579385797831e+01
3.889977548126686457e+01
4.176024624847982381e+01
3.428599870256716287e+01
4.726707308609844915e+01
5.198084771975611318e+01
3.925667106790189820e+01
4.754648897482577752e+01
4.500952653323832209e+01
3.793428731071108473e+01
5.589806098293340852e+01
3.861268246232535262e+01
4.432574157664614489e+01
4.609659910756388967e+01
4.215782879993125221e+01
4.745607504048307845e+01
5.005023301590849627e+01
5.133434223712346522e+01
4.496371777341381204e+01
4.210873563040888712e+01
4.095563398642552499e+01
3.513195751320335347e+01
5.276168270477774058e+01
4.655844333759236520e+01
5.110519521383270813e+01
3.800304780365919299e+01
4.560553365170122220e+01
3.635481530613829193e+01
3.803225076226933510e+01
3.964375663830327312e+01
4.073467413045015917e+01
4.649344979851974813e+01
3.985433458004346363e+01
5.083307584080193209e+01
3.512726627404494195e+01
3.800723855281522390e+01
4.675959074895732925e+01
4.178355448123993909e+01
3.385803455311281596e+01
4.450736659187064959e+01
3.415788576562754031e+01
5.881818396279528827e+01
4.225593214694012545e+01
3.645683076430451308e+01
4.009005903784849068e+01
3.332315212130413329e+01
4.423721828078766549e+01
4.087302482892322786e+01
3.857881437799637325e+01
4.005549758012285366e+01
