2.491534102775774695e+00
1.305090781932261246e+00
5.448006653146832967e-01
5.748500223855441682e-01
7.837750547428620207e-01
2.000666882407279523e+00
7.500512897155620085e-01
1.738209839142324409e+00
5.059715740101633497e-01
1.258225284792115151e+00
8.299862471832852862e-01
1.282221804621417549e+00
7.346124644795440917e-01
6.584457998944374113e-01
9.927351199390022085e-01
6.390041516797562160e-01
8.721752444174080132e-01
1.217256465904460905e+00
7.303430661367202870e-01
1.292453825431196357e+00
1.090818111590099448e+00
1.262628444367329683e+00
6.908686272929186467e-01
4.683721746294925659e+00
8.065223073547586052e-01
4.727045233380704481e-01
1.082798608451502664e+00
1.717203665556524816e+00
1.111730250513302209e+00
9.776751341456850763e-01
1.924163918927280115e+00
1.313519274200073195e+00
1.657543341979388352e+00
8.347393287532023365e-01
1.501813428539002571e+00
9.112006575089117710e-01
7.128832676193529450e-01
7.878424946781159566e-01
8.679743852032753004e-01
1.320852333617524188e+00
9.995787961742476080e-01
6.162185396883639310e-01
6.052943443082039465e-01
1.147730363623101768e+00
7.263669788405068273e-01
6.927996057133561925e-01
8.189911433480184799e-01
9.757500318037731768e-01
6.664411392849833859e-01
1.546479443543992804e+00
1.325264731846093280e+00
1.816818825941200144e+00
1.054514028111540158e+00
8.841905576991130333e-01
2.096217181617400449e+00
6.846158452515419546e-01
7.932969686382707053e-01
7.590777571117649503e-01
8.252267909026543835e-01
6.240951635313566337e-01
8.638106790743121932e-01
6.774424288272012928e-01
9.788232463643713466e-01
8.249990521340896388e-01
8.260608878308268732e-01
5.469196762828245628e-01
3.933573995499030085e-01
6.675528276816590223e-01
7.377758201746988931e-01
7.813042421510408841e-01
3.210899729833735172e+00
1.036373594975374068e+00
1.111668745853797269e+00
1.630892132877947098e+00
7.637131673668928755e-01
7.468135711231437268e-01
1.153795879434350136e+00
6.820352212110868395e-01
2.343525983478088826e+00
9.118680476313915095e-01
1.282033029788452350e+00
1.405304998679584250e+00
6.810374864693765629e-01
7.546072631118095897e-01
9.138554138736353361e-01
7.097634173900667642e-01
1.526153178982344816e+00
6.716286210301855020e-01
9.571001725481392830e-01
5.201522288404072381e-01
7.471328681467448440e-01
1.552579092261402449e+00
8.560736049127702918e-01
5.313427839906460504e-01
1.102621944661077213e+00
8.415968249126852818e-01
7.041415090352368678e-01
7.922799607295086810e-01
2.050367693489246079e+00
1.813955488805689242e+00
1.168039410768140884e+00
2.070692922768800237e+00
1.050313089598174932e+00
8.807399738377944542e-01
9.531925338969342576e-01
9.369261044485279744e-01
1.067394631995484788e+00
6.922933741622665504e-01
1.323182952381776412e+00
9.336036886703282800e-01
6.412891397363016388e-01
7.977474637631047916e-01
1.813231467285769449e+00
1.240944281215953016e+00
6.507203722068822804e-01
1.053937075581207194e+00
7.552589893192003245e-01
9.078042267594034209e-01
5.564435640265875671e-01
2.390298671812562947e+00
6.084296629975292081e-01
6.790017590044541418e-01
1.011377818174342469e+00
9.878059759641411031e-01
1.369146747743763104e+00
4.645150039309459689e-01
8.726764907635167212e-01
1.590890485881469640e+00
1.162410179304008473e+00
4.166611573779533395e-01
5.703976627835541935e-01
7.572409727580268202e-01
1.130108656584125182e+00
7.022835370525163379e-01
3.962205866450952962e-01
1.165646045194993485e+00
1.498996657723666415e+00
1.220050896035498988e+00
1.244526190406840982e+00
1.239557445485232501e+00
2.159568150164669742e+00
6.533828578649047980e-01
1.336127428142889650e+00
1.065717373950401337e+00
7.081150215753174715e-01
7.258310645528267546e-01
9.045857264783984109e-01
7.225298194562543852e-01
4.731191109195110323e-01
7.591271685057913166e-01
2.064311467417265789e+00
4.711357254600186950e-01
6.094583756048673751e-01
1.144450337676026885e+00
1.074155338171566720e+00
1.595910418320131807e+00
1.045385133846411518e+00
7.281006599568025095e-01
1.427250112615866984e+00
1.168785558064607377e+00
1.047150975865230205e+00
1.019127234445729391e+00
1.486182153745507994e+00
5.109036084869269523e-01
1.474255038330228196e+00
9.106765346525321769e-01
1.574534017911958239e+00
6.238156684532062402e-01
5.834236176285025888e-01
1.317553343379445963e+00
6.096670803409632855e-01
1.346876839786825597e+00
9.474933272628915937e-01
6.941798944572272756e-01
9.329183021502858164e-01
5.505751225821008399e-01
8.947468889535743486e-01
7.270714866715485281e-01
7.421546040887625484e-01
7.759535536204433814e-01
1.047122732773879905e+00
7.147592051289336501e-01
6.704916384136445640e-01
8.817257946639509569e-01
6.930491564295691020e-01
1.664684572006777108e+00
2.000177323023740517e+00
1.034354561830011843e+00
8.443096246539169014e-01
1.076787404655321190e+00
1.081060070482112279e+00
1.079923172609956294e+00
9.236647729990637989e-01
1.654389292168935821e+00
1.120523752940248974e+00
5.674451053679469004e-01
8.587660472409194279e-01
6.715280852365345110e-01
9.165668972077239962e-01
1.392441489720266823e+00
5.841891438147684967e-01
1.374796019558546689e+00
9.487421467864913804e-01
9.478324701492584214e-01
1.174100610868114236e+00
7.880597317299490312e-01
1.648169921549824002e+00
6.270302214522369688e-01
1.850998633556869999e+00
8.308555049452032160e-01
8.158993037137546311e-01
9.759592379808622598e-01
8.606791826790675115e-01
2.542009241546077991e+00
5.865153319422719003e-01
7.469022060652489303e-01
5.891886797016813171e-01
1.000666032456613230e+00
1.410948270156571871e+00
6.252620279353030552e-01
8.570978171280244640e-01
1.106198409144674599e+00
1.090180404672083991e+00
5.258815391247645410e-01
3.049840546114251705e+00
2.189446677481760251e+00
1.630267801153264529e+00
7.130711059287234699e-01
7.343282892820687247e-01
7.510114379889901715e-01
4.726750883692321659e-01
6.617735132825722788e-01
8.961242457867295563e-01
1.134617382585310308e+00
1.391548747374348194e+00
1.213861705195022012e+00
5.454548969855851359e-01
1.121770088979921587e+00
1.026656659910661018e+00
5.156764565543671130e-01
1.515144471311105745e+00
8.918629166554565835e-01
6.564548192513216529e-01
9.660488530930138040e-01
7.679487223358603121e-01
1.665341397321533190e+00
1.057198584589788659e+00
5.642401577818016989e-01
7.346890649274825380e-01
1.075474526659932373e+00
6.659282496575930077e-01
2.222073184569472559e+00
8.761544786503570048e-01
2.304732083866460890e+00
4.970350983167177716e-01
9.400509006916961674e-01
5.478144451849381591e-01
6.899062995802257570e-01
6.388740434110311561e-01
8.615286444479230976e-01
8.269203249995045191e-01
1.775719737243813823e+00
5.567085985019815109e-01
8.073222686231067424e-01
9.248186619767408967e-01
2.382652763525276551e+00
6.103981285533909285e-01
7.407208000188555408e-01
7.407011664967253495e-01
9.555637616132095502e-01
4.163223988431308253e-01
1.280752755907182960e+00
7.110576779231354561e-01
2.304387614854438215e+00
1.722479222106717778e+00
2.240756409965084739e+00
1.760216135083506162e+00
5.559959585397683535e-01
5.670220552191070906e-01
7.471841596289626741e-01
8.703577117062023527e-01
2.403486160332218180e+00
8.709048253726926481e-01
7.969057960515708583e-01
1.486999462692640162e+00
7.880683750337518223e-01
1.298227581870103897e+00
1.057768609895100242e+00
6.255672439329470480e-01
6.392686812334339441e-01
1.321513024785130774e+00
9.907714045031159600e-01
6.655861873761187431e-01
1.367527131764282533e+00
2.854180587124749202e+00
5.846297438085799048e-01
8.604400321578473676e-01
8.461709746827942302e-01
1.690437145276707298e+00
1.180784210619882257e+00
1.362850003893458561e+00
1.110998254367977056e+00
8.542396867611534717e-01
1.079596609190287548e+00
1.435538455119816259e+00
1.232450442642641919e+00
7.514826558378694399e-01
8.962602404545536583e-01
2.222882109509729531e+00
1.052609359941008016e+00
1.360922286479203658e+00
1.090515278105568031e+00
5.396099448406956878e-01
8.465116870881809197e-01
4.779051380511369351e-01
4.172908831419380737e-01
9.419453169419766958e-01
5.328837609716712276e-01
1.517217467839809375e+00
1.335515134538038273e+00
1.447179318584717933e+00
5.383390204433798898e-01
7.203311582661261481e-01
1.047319552159767797e+00
1.316703204553401951e+00
6.756793227549526826e-01
8.799943788582786919e-01
8.185507499283700694e-01
4.452609257898340056e-01
1.354150603835149402e+00
7.546607792990172037e-01
6.738763659513217208e-01
7.121382945811856047e-01
1.078395922731704593e+00
7.878415407354365518e-01
7.576166135367450316e-01
5.385145854083825956e-01
9.274043811295231698e-01
4.989679155436239077e-01
1.449030828004988392e+00
6.532086498848835854e-01
1.079049873434456686e+00
9.151702340788857581e-01
8.986680383832927888e-01
1.125371626551431525e+00
1.299587391529558822e+00
1.620666224619194073e+00
6.946558873993007310e-01
7.928058932706076867e-01
5.052734494868608150e-01
7.390984588368439967e-01
6.582786428640899912e-01
5.543458326690694493e-01
5.125827360511583386e-01
1.437882104195874922e+00
6.700393915845557213e-01
6.552151104693673123e-01
1.712206789056646139e+00
6.169821048440405908e-01
7.753588144060499232e-01
1.661390672294114523e+00
7.465344205229431651e-01
2.210100802457394042e+00
8.560918630563845166e-01
9.049885667604166128e-01
7.103592011258597072e-01
1.352519057492554300e+00
7.712728649309705808e-01
1.128052160899967626e+00
6.848136791960426351e-01
1.114930317155108375e+00
5.387318642799574508e-01
1.218474907835883858e+00
1.799306736502110482e+00
1.023187316635848276e+00
1.585355848204867968e+00
6.522871921609476598e-01
8.683576100408372245e-01
5.966249905876809256e-01
5.035392893390109315e-01
6.134306454992577429e-01
2.717966975551744380e+00
8.652314403338767779e-01
6.880379684586810374e-01
5.807700697016385805e-01
5.877820935921765910e-01
1.739763358113874281e+00
8.923206719962928357e-01
7.516385496137419908e-01
1.986556944953276949e+00
6.571706064580841167e-01
6.854250247514880323e-01
7.485883235477566178e-01
8.444724714539731947e-01
4.648745535563261200e-01
8.509535870705694505e-01
6.067536242611812902e-01
2.127505519399043532e+00
7.202978041933207898e-01
5.314724594139795810e-01
6.794189502941866410e-01
5.764519767652898086e-01
1.138384535723710345e+00
1.013741838997589850e+00
7.814759672836943949e-01
1.639172265532127248e+00
1.458054774871377690e+00
7.447047262608408325e-01
6.467841175281233701e-01
4.959475286048535270e-01
1.322551114396086636e+00
6.323727379243745395e-01
9.851307231854445901e-01
7.712813265509659288e-01
9.265995992503753831e-01
7.553166142899031543e-01
5.852249509048473852e-01
1.385565560888645908e+00
7.701211462713923872e-01
6.983582988067551511e-01
4.710470023432042908e-01
1.227102677745937509e+00
1.200693780554285883e+00
4.942088718600886610e-01
1.068157948135059820e+00
7.476519257814003838e-01
1.145572196404003096e+00
7.490561555260317750e-01
8.258294671033659107e-01
1.853164218018552134e+00
7.346852253200037985e-01
6.819612428283010619e-01
1.040304216419797978e+00
1.726095741165775799e+00
2.302787727759195935e+00
8.668244874684530865e-01
1.467737724743739536e+00
1.283081193908430562e+00
8.316638610863655856e-01
8.232344136194710282e-01
8.618836366770700197e-01
8.548772361258324404e-01
1.226409179810371342e+00
9.158303973278817400e-01
1.859681572342355205e+00
6.675695034928956773e-01
2.361247132146560901e+00
7.021540591102269913e-01
6.717567441078445833e-01
8.517226676758741233e-01
8.522470001156355890e-01
8.846351249061907840e-01
1.772651847279042236e+00
7.320976459223864641e-01
4.775019382210294872e-01
8.645314825359249333e-01
7.688452125599802844e-01
1.188101458268135513e+00
4.396487785376346213e-01
8.516781678347348228e-01
1.122681923209911226e+00
1.055749066821305870e+00
1.326519095859963082e+00
8.105772921028624456e-01
1.275857974012757579e+00
7.668649064770810542e-01
1.439774678319110102e+00
7.043418577818341131e-01
7.351080729699670524e-01
6.842618460175793338e-01
9.996059448347801579e-01
7.272557056528119457e-01
1.004867497403107324e+00
7.326420264746942301e-01
7.464029544669389393e-01
9.025657814913162769e-01
9.426493334202316055e-01
1.018698790572784452e+00
7.809183739701598403e-01
7.217859127399772756e-01
1.621923428657225275e+00
9.088338530375495994e-01
1.020026100621908238e+00
9.213344392460117716e-01
7.914198955901053933e-01
1.361931728793885243e+00
1.018919209565617434e+00
6.097747243559394903e-01
7.227958536468898076e-01
8.806416800874566908e-01
2.164716787878809168e+00
5.654770104734803127e-01
5.259136230930619993e-01
1.153379418584896010e+00
6.548856856620127731e-01
9.780537528867622177e-01
4.700045617644825757e-01
1.071127477775578152e+00
7.964135422538182185e-01
8.055701230275635893e-01
