2.748912134504265836e+01
2.369611779872463231e+01
2.071741570585600201e+01
2.324464130045992505e+01
2.517646219155328069e+01
2.678193930414703416e+01
2.466095172397824342e+01
2.070604372728507059e+01
1.716600159435035167e+01
1.742707177402806096e+01
2.166919714746026671e+01
1.719148367523394327e+01
2.539935645979278789e+01
2.269650483652222306e+01
1.800921613995038939e+01
2.786093465945867464e+01
2.398220635030376258e+01
2.175102568403065106e+01
1.991173834612601823e+01
1.705552019076046477e+01
2.087604423081326033e+01
2.022633999148000683e+01
1.534960158544118691e+01
2.646584039147404610e+01
3.058179238943259648e+01
2.143687973168860594e+01
2.599685328400864748e+01
2.077913409725655214e+01
2.600745633176777005e+01
1.919074920096453241e+01
2.347464946399830765e+01
2.430038703616958884e+01
2.890078985565205016e+01
1.043187274008980303e+01
1.867182624131385893e+01
1.840226911093709461e+01
2.704611635239801259e+01
1.623456466265134068e+01
1.926120841190576627e+01
3.314173443108595762e+01
2.393226271115675630e+01
2.292213017045373036e+01
1.978133967121361891e+01
2.776898004369270367e+01
2.344304569606377342e+01
2.340045044732764978e+01
2.553862442218059314e+01
2.084367248795763317e+01
1.772861487280582082e+01
1.581551187496289934e+01
2.400209309929647006e+01
1.980550707400504606e+01
1.899068320270356836e+01
1.831802517012326348e+01
2.465439816435219456e+01
2.547955503341018613e+01
1.914170876904836760e+01
2.926675553283936893e+01
1.563229296022496584e+01
2.597415259350911043e+01
2.282497359478078280e+01
2.171583880832470825e+01
2.526552452722116371e+01
1.769198521732554497e+01
2.127686091623005282e+01
2.594933538540927742e+01
2.090157417802322470e+01
2.818669631090571315e+01
2.033864178092990471e+01
2.064107377299161428e+01
2.713289932936269722e+01
1.850809000578845342e+01
1.923376157235930606e+01
1.911572794270692199e+01
2.535184789181242948e+01
2.776682222043113413e+01
1.748036649367645268e+01
1.366872927584161879e+01
2.270510881963754457e+01
2.052246072641047192e+01
2.219926043730330889e+01
3.422906111454526012e+01
2.044655891193116659e+01
2.155118405173284657e+01
2.843756456956554146e+01
1.765769922496064481e+01
1.747312467173275152e+01
1.751737204370984102e+01
1.826474596495293312e+01
2.857417293374490797e+01
3.240427292754610988e+01
1.333273249445380593e+01
2.664089964920308162e+01
2.663177238428491478e+01
2.862555521737513331e+01
2.092836782899751213e+01
2.602707175876991741e+01
2.663958560949266641e+01
1.337225679872665651e+01
2.896650593443433053e+01
2.301330563276583874e+01
2.252763828740211949e+01
2.389805190184983630e+01
2.641697297151474189e+01
1.954899573376213340e+01
2.097445091671656314e+01
2.344484737803971797e+01
2.537376529777758094e+01
2.876339280223733041e+01
1.965061276598513373e+01
2.678794620209586697e+01
2.213251146655522561e+01
2.417528699713185958e+01
2.640787849244108543e+01
2.740018989346144807e+01
3.161961545930656214e+01
2.002338035044002851e+01
2.712735266128730771e+01
2.296961380315038070e+01
1.978160472466734277e+01
2.614254977344584319e+01
2.623854489780459431e+01
2.399329879940169263e+01
2.990825208400319823e+01
2.252481906864591821e+01
2.726847765358258968e+01
2.621852797985341965e+01
1.812880597219602308e+01
2.806972395890857541e+01
2.202971116302939691e+01
2.281590920213537643e+01
1.715676428383139296e+01
2.292272762709596634e+01
1.979343935301882951e+01
2.530615789526974879e+01
2.077429064409837878e+01
2.732282205494452398e+01
2.182548503959212383e+01
1.817287770994192542e+01
2.660450729574743178e+01
1.834410061094812860e+01
2.892845803142672523e+01
1.882423420620767374e+01
2.230278589880294504e+01
2.062250058508780270e+01
2.940613400333552008e+01
1.430414833221604987e+01
1.935717194033702881e+01
2.803009804254834236e+01
2.507550595370591751e+01
3.372446546998664019e+01
2.872899569078781923e+01
1.718074843451686817e+01
2.095206344157502798e+01
1.765090377340179728e+01
2.066646335829236847e+01
2.658243970590272198e+01
2.070941500903351695e+01
2.552564811666605493e+01
1.917198279723483267e+01
2.613711108185033893e+01
2.161866184609896635e+01
2.663368588594953579e+01
2.338764193525407720e+01
2.807536944151662084e+01
1.921158885508454262e+01
1.922016535975677698e+01
1.981893547147730672e+01
1.544490105044852335e+01
1.891875674542657038e+01
2.589900654042299522e+01
2.417018109445336904e+01
3.173492406357789619e+01
2.565762250986907844e+01
2.233134426796547700e+01
2.645289641749855747e+01
2.810988881239672210e+01
2.455353852592334718e+01
1.885981858289943958e+01
2.042904706591674469e+01
2.127919250337962609e+01
1.951687979071049028e+01
2.061192237594161014e+01
1.937079433313828147e+01
2.233868956638263370e+01
2.378458746564567861e+01
2.337923260326520136e+01
3.218253060459715442e+01
2.632786136306429370e+01
2.361887859066428419e+01
2.451090834734849011e+01
2.408269585188456219e+01
2.850277470470535945e+01
2.366630155825511750e+01
2.016873863463105820e+01
2.216366318928179169e+01
2.727172775599063215e+01
1.863214558314636449e+01
2.039540377627011125e+01
2.114751710832837261e+01
2.788590770430626975e+01
1.612243939956785255e+01
2.014544987464810433e+01
1.980980355025376838e+01
2.469814044717194790e+01
2.228588906384334223e+01
2.597188391020924669e+01
2.648151416252782653e+01
1.753175319638972240e+01
2.453209804089816970e+01
2.267176284514268403e+01
1.841021155065082482e+01
2.228385836180169122e+01
3.016808336920271927e+01
2.172575767948810466e+01
1.765437893934627667e+01
2.264439080666561210e+01
2.952974603491250960e+01
3.887953066242484823e+01
2.645041074518630708e+01
2.773099573618631908e+01
2.476273632174030581e+01
1.877754193631390578e+01
2.259395343797610778e+01
2.417401846331082638e+01
1.645781979643214399e+01
2.640553573010496891e+01
2.250903486484872218e+01
2.118755904839695248e+01
2.588407599993313468e+01
2.744713843462071523e+01
2.374438572994227314e+01
1.923006113070372436e+01
2.481518274501479127e+01
2.411741057673469513e+01
1.871051265346094539e+01
1.845404804458644321e+01
1.999373170107827136e+01
2.194438823546348161e+01
1.578799867578952032e+01
2.142890829175439649e+01
2.155439390109090070e+01
2.466064654099336551e+01
2.890549020898066956e+01
2.386764509231720055e+01
1.893224673094280419e+01
1.999977277148967758e+01
2.335012611873371924e+01
1.362449398799921596e+01
2.105126417717413290e+01
2.340781185601817072e+01
2.951850272494251826e+01
2.628644765654453508e+01
2.512951030130680152e+01
2.529082508547485375e+01
3.148074313653593848e+01
2.185003752875825001e+01
2.513036755292254654e+01
2.291365561612871105e+01
2.059392545271881403e+01
2.593537367015839834e+01
2.427353009049645394e+01
2.660952521125261327e+01
2.209392149590593135e+01
2.543189814945794680e+01
2.343516899661858943e+01
1.981470457609971092e+01
2.583425513623852154e+01
2.242132344010719791e+01
2.944900740451727472e+01
2.899111339688018418e+01
2.357443395765559302e+01
2.666860071203548799e+01
2.344240950163173309e+01
2.440302400873319755e+01
2.165588810840104372e+01
2.851811855482368330e+01
1.500453384118234368e+01
2.773398037739263700e+01
2.951666651790498008e+01
2.178072071304335466e+01
2.753562895361891094e+01
1.587780627095249741e+01
2.406177618015766484e+01
2.948964171399505574e+01
1.681000073637637016e+01
2.525098401268401815e+01
2.089870696383550452e+01
2.563509650480838076e+01
2.610618590013286067e+01
2.358417775765542146e+01
2.263171068963653809e+01
2.907600001910839538e+01
1.726169648780499344e+01
1.700303408903902991e+01
2.413824462920548442e+01
2.144880504990658210e+01
1.916232105443639711e+01
2.366342072775428917e+01
2.187014653024468203e+01
