2.162481867646695033e+00
2.541051603608838416e+00
1.456822269296101702e+00
2.373357431805295015e+00
1.447907548372199926e+00
8.166886799204802205e-01
6.030160763720044059e+00
3.598745511903104433e+00
8.312627662289068242e-01
1.715403373618147542e+00
1.152941259506636174e+00
1.250770104369363755e+00
2.204685826667615700e+00
9.187451794008868466e-01
6.460220669814289884e+00
2.386352628630064032e+00
1.686112657381657609e+00
1.298652558732516615e+00
9.173180399679853325e-01
3.445065427560942695e+00
1.748156864616682293e+00
1.601811203868245048e+00
4.129092902966436718e+00
1.058238805460975485e+00
2.358994721211755241e+00
1.627015744577184009e+00
3.109149756211991633e+00
2.478241968036973830e+00
3.765149670917898206e+00
3.633038860701511830e+00
1.158987530777655151e+00
2.271460758460554175e+00
1.005111670449995609e+00
1.672291709773002344e+00
2.945244421876033858e+00
3.958656825698185333e+00
2.755039800121236837e+00
3.587421680706681659e+00
6.559062786392930722e-01
2.124788031219368989e+00
7.735857751418003803e-01
1.657882414152161976e+00
2.576845821994116381e+00
2.147651662074007817e+00
8.150477215108878903e-01
2.246985128917962093e+00
1.477525641601750372e+00
3.114759777684938058e+00
1.883371004825574513e+00
2.589786645446651381e+00
3.618144017665469114e+00
1.246312361497877053e+00
1.149136239837244888e+00
2.747109863269268981e+00
2.463137877156321487e+00
1.478662396222252928e+00
2.047270821680919894e+00
1.618233619525610401e+00
2.601410913319330387e+00
2.230086418093358613e+00
4.138859635333784759e+00
3.062986802980775636e+00
2.565907127152659228e+00
9.397248046266352128e-01
1.513975457914484846e+00
7.925493048368688065e-01
9.072199009157904115e-01
3.652082307807935191e+00
1.174693113663521915e+00
1.714313500885174202e+00
7.593029836933938848e-01
3.278913324493494486e+00
1.368708743005893291e+00
1.346810361180231785e+00
1.570135349656272661e+00
3.034429866213903093e+00
2.546308284582797121e+00
6.941974954229767070e-01
1.874036383737317069e+00
7.098371768021065620e-01
4.465716148361985383e+00
1.577656325002694926e+00
1.530413765962581607e+00
2.250756660854763336e+00
7.268619302867280751e-01
1.428551221476552113e+00
1.722561154642936909e+00
2.836365041757889838e+00
2.227382819165206751e+00
2.150415441193660460e+00
3.153041475830639317e+00
1.981007979414854292e+00
1.395410992749295920e+00
2.366224520204402104e+00
1.574796760640766236e+00
1.081908142286352348e+00
1.504792717121285595e+00
2.091189283016623879e+00
3.114955330644494147e+00
2.403703456257422655e+00
5.544130817621316654e-01
2.296601230707516983e+00
1.034788705496161976e+00
1.442639437415909498e+00
2.621745218038766367e+00
2.021267495155313121e+00
1.534961040845048252e+00
2.367674688588675913e+00
3.418828372755452705e+00
1.766212957733372058e+00
9.498295885411442985e-01
1.566376311879586813e+00
1.935185231228371716e+00
1.739563365970629105e+00
2.274304940832405197e+00
2.605735110429021173e+00
1.264977332058597304e+00
8.834219447968909567e-01
3.370085271221749057e+00
1.939545758996407798e+00
1.719898728440472091e+00
2.316472427139790735e+00
2.513392064865462849e+00
2.095715016686031440e+00
1.393535262565151367e+00
2.134289841159657364e+00
8.341523047386817380e-01
2.084974801646748865e+00
2.280458292162222733e+00
1.715201331913541516e+00
2.294533235990518172e+00
2.536546696644799148e+00
2.170641880216470643e+00
1.370846388969003460e+00
8.251921752553676992e-01
3.224846562146326256e+00
1.744248084083077410e+00
2.251311643378614225e+00
8.175443988794117711e-01
2.395696919263324176e+00
2.267072186681680979e+00
2.350836635236519534e+00
1.515603776553403170e+00
3.168428000310889114e+00
1.118573179245037519e+00
1.183797659725608131e+00
2.598837775301564790e+00
2.881285886014782083e+00
2.933277931054019572e+00
3.665607775725931106e+00
2.950991601713148782e+00
6.440462880497775933e-01
3.162496559409778918e+00
4.263634598794690866e+00
1.485318035895769828e+00
2.107853578193159994e+00
1.104079766257344053e+00
2.813178127275324236e+00
1.751850798455963032e+00
8.968188312647963345e-01
3.136009119351407470e+00
5.039235976667566952e+00
1.301471563999961445e+00
5.501473167581665269e-01
9.461660573513587247e-01
7.526720491817566749e-01
2.274558680976670466e+00
2.381203851415436112e+00
1.530527182885403903e+00
1.102429792217054505e+00
1.628081467429663531e+00
3.722371385411014977e+00
2.081287539956346411e+00
3.242137993359374804e+00
1.510782183632305653e+00
1.082499686041628495e+00
1.456123740159775082e+00
2.246862737956250022e+00
2.985838261289093243e+00
6.802922380118243684e-01
9.304830802753095709e-01
2.469344279063866221e+00
8.583468878041035088e-01
1.934896484009635875e+00
2.148773019519123917e+00
1.465565257001116173e+00
8.778856945376113385e-01
6.403878004849903327e-01
1.832141822026498224e+00
1.505659898365272698e+00
1.902789396770347752e+00
2.990528529240395361e+00
3.708929013917503070e+00
2.135812121997186175e+00
1.986584234272252170e+00
1.501268003165207032e+00
1.684296574472313512e+00
7.497053277231741086e-01
1.954124713881385533e+00
1.263260886345527689e+00
3.769721961741181460e+00
3.787227727970978730e+00
3.086718394658430231e+00
2.151564828479929581e+00
1.228115191417374019e+00
1.164833618620330302e+00
4.460074646004218657e+00
8.809574544392820838e-01
2.717122889251342155e+00
2.308505914169566076e+00
1.428113599019406044e+00
1.532077793061412452e+00
2.464090651649856856e+00
3.044589018872112085e+00
2.502999310380135789e+00
1.912175279551993734e+00
1.409047294462076216e+00
3.735765199567804284e+00
1.957397416240369781e+00
3.155749972342091869e+00
1.974876200446082697e+00
6.750218963456959820e-01
5.322721240291051537e+00
8.328908343499609179e-01
3.323343327597549468e+00
4.972929844627178020e-01
5.037770986854956057e+00
4.886377075968421302e+00
3.649566068374098471e+00
2.334527065170435733e+00
1.247908115969727394e+00
1.188132454546969807e+00
1.682371698739766108e+00
9.689996722310155741e-01
3.461376029200926574e+00
4.497833988625983714e+00
2.303592359199289952e+00
2.074789384211357834e+00
1.486051096366091118e+00
3.074032559725278446e+00
2.874263731970606806e+00
8.760790118126406956e-01
1.317465775802040051e+00
1.399277473105352110e+00
2.244465313150868724e+00
5.126150257461623561e+00
1.674503203756530390e+00
1.682746254388598928e+00
3.318720679344639990e+00
3.401379767251669684e+00
9.654849528307859474e-01
3.183895257850781313e+00
1.247388396586448733e+00
9.751226898504619101e-01
1.517256401347608641e+00
2.665945076499520727e+00
2.118368938594378026e+00
2.652284466372003546e+00
2.215371537836605231e+00
3.104065771946637575e+00
3.981745607641790752e+00
2.730941775680719275e+00
4.309991727523781790e+00
8.607750638192993575e-01
1.165644283980972418e+00
8.175150993681106204e-01
1.338455033521336990e+00
8.345765111554352966e-01
9.294440793147126234e-01
3.879844835495408706e+00
2.316988507694061727e+00
2.441704547942692205e+00
1.343905593531351306e+00
1.219296393701785552e+00
2.229618924234469279e+00
1.179375516029925963e+00
1.214261538196552026e+00
5.239604950105900549e+00
2.200121982375579766e+00
2.560148207359591588e+00
9.184862351958197335e-01
2.795221540258497672e+00
1.282749838824705169e+00
3.981564944058603395e+00
2.531881758632535284e+00
2.553860812366486766e+00
5.024727577755751184e+00
1.707070611472962129e+00
2.252492079684513815e+00
3.812168514091081928e+00
1.497697613895152546e+00
8.877285716705890506e-01
1.177605580109796213e+00
1.146070597689681225e+00
4.976976098753015387e-01
6.644006942919084002e-01
3.132257446693536895e+00
1.241081906850656003e+00
1.205546060577519674e+00
2.617187743346848450e+00
