1.474014797414012357e+01
1.621883800411328735e+01
1.172087309358162699e+01
1.425167269533492309e+01
1.065817189799341769e+01
1.213678855580913307e+01
2.012771697466673615e+01
1.397191435468891640e+01
1.267272197448986581e+01
1.499846849313234820e+01
1.507157176572159862e+01
1.637185719611816026e+01
1.464344909348428736e+01
1.256951424090764213e+01
1.850112535164905125e+01
2.246165557096005472e+01
1.228092770433406145e+01
1.668596658862472637e+01
1.475653790834939905e+01
1.675312608042160178e+01
1.322849186920677589e+01
8.587583353888632587e+00
1.602045264179553286e+01
1.775467797680633808e+01
1.268559231229132322e+01
1.282068565789647607e+01
1.449897914425863021e+01
9.954297367515172468e+00
2.043007788981823936e+01
1.226812883058477155e+01
1.436923237785771335e+01
1.094320849526817874e+01
1.598116934098417374e+01
1.195466378382197270e+01
9.490503067051202279e+00
9.017635054394176564e+00
1.588815356677939405e+01
9.595740541523371192e+00
8.449369286663509726e+00
1.114918862457563620e+01
9.663146923145726319e+00
1.648641354361798150e+01
1.857124685078241200e+01
1.204293869771517755e+01
2.021437062894750980e+01
2.267813465328277900e+01
9.454195210301394425e+00
1.659618675535954679e+01
1.846122615960155500e+01
1.760156464652127895e+01
1.015943374648952435e+01
2.271353229982610600e+01
2.058460236328306081e+01
1.637289534392351342e+01
1.908117849462860960e+01
2.308465646646610736e+01
1.790083184742680800e+01
1.609753431638108978e+01
1.941253264385382948e+01
1.700299868798609637e+01
1.318373004071157695e+01
1.474031035291937997e+01
1.009152978466783246e+01
1.440196209848727271e+01
1.098550982926146347e+01
1.795382762487542649e+01
2.256271931959206256e+01
1.342182217806061040e+01
1.543546253139558644e+01
2.053249485446684020e+01
1.201721671440878048e+01
1.375689935144355225e+01
2.248511374996990142e+01
1.299944706006679596e+01
1.607138303358220455e+01
1.799576687898444760e+01
1.708270671218681613e+01
1.843616652318647198e+01
1.670058918589010588e+01
1.407419700083832659e+01
2.022890290516941292e+01
1.631699100897409593e+01
1.152059402398980659e+01
1.313464839281841634e+01
1.875677310441674095e+01
2.294859105853006298e+01
2.469204440817192747e+01
2.141015626471596889e+01
1.641900494273232169e+01
1.501303777888268520e+01
8.591242167696949039e+00
1.315363553084776171e+01
1.052885107805651188e+01
1.912410069647824784e+01
1.438757481105650982e+01
1.728423745593686789e+01
2.429181055427312685e+01
1.972630003364083962e+01
1.338093024330962422e+01
1.810245793500279277e+01
1.491340452936446681e+01
1.039578729805990065e+01
1.303591906667172218e+01
1.660790593616435018e+01
1.558535459874174833e+01
1.715930314124277700e+01
7.553273160686403642e+00
1.603336986379812501e+01
1.367848936619367350e+01
1.405669563220919649e+01
1.351359375939085261e+01
1.716075280853823770e+01
1.759353908408501965e+01
1.478368940077063876e+01
1.259361295188446839e+01
1.641254587028222645e+01
1.158442481083742059e+01
1.153975869482571071e+01
1.619661343355549477e+01
1.230809769391326114e+01
2.080971166633261760e+01
1.618761552511870505e+01
1.111430094744798147e+01
1.290773874334991866e+01
1.834677504357229694e+01
8.857723428136221600e+00
1.829395330116124541e+01
1.042264874838439148e+01
1.534979075312509167e+01
1.029223299194500107e+01
1.668134705160520426e+01
1.546567547082590366e+01
1.567999798510660625e+01
2.835497224218408618e+01
1.797702283516577282e+01
1.593264612107464551e+01
1.299872221621347634e+01
1.415459970407612467e+01
1.190700812936294994e+01
1.210593214023630892e+01
1.912251912618817329e+01
2.075611146907882443e+01
1.808946604683353598e+01
1.193887486376298313e+01
1.664867892465114352e+01
1.491880470604219511e+01
1.508813496633236539e+01
1.417678640389268807e+01
2.655161653318527470e+01
1.228394252466679681e+01
1.592766371364300149e+01
1.996961094549504878e+01
1.178143797294789508e+01
1.544881632584693243e+01
7.295696104876229882e+00
2.638362419164630168e+01
1.119263851460713433e+01
1.453727529906556448e+01
1.853658297386920140e+01
1.850330118990225259e+01
1.472178104577445978e+01
1.329000149766653038e+01
2.462984066711542042e+01
2.163415958993909527e+01
1.832160318147592548e+01
1.389904436662926202e+01
1.280781569467077219e+01
8.012246759793777429e+00
1.118366270139863694e+01
1.495733114846916045e+01
1.712232918419649508e+01
1.553890027191202883e+01
1.171328263151302629e+01
1.247592924558790628e+01
1.306435979033668104e+01
1.691701079560877119e+01
1.106519232371377015e+01
1.209829303228167419e+01
1.069744297081502538e+01
2.008480765060103934e+01
1.861259260400107962e+01
1.506641409355406758e+01
1.519933561958448287e+01
1.277675789121079397e+01
1.352110881473606163e+01
1.015644989602249915e+01
1.679615381077884351e+01
7.527811309336721379e+00
1.953785574196318819e+01
1.005325361524312555e+01
1.815977853162631206e+01
1.088307584722625698e+01
2.161787505581108704e+01
1.950055228795060813e+01
1.350313189569739691e+01
1.559828132049196547e+01
2.274432329214431192e+01
1.669246015721255461e+01
1.358544977634289630e+01
1.185079859092252619e+01
1.165760072229701905e+01
1.325358199268539217e+01
1.454394946179754200e+01
1.883886549775603925e+01
1.646507089904469368e+01
1.269878910500811031e+01
2.406129635169618908e+01
1.773161249743261791e+01
1.962130860929068277e+01
1.449513762256931848e+01
1.436244768614419165e+01
1.464678160252405092e+01
2.725304944421442599e+01
2.267683079732974605e+01
2.378582142802135735e+01
1.161865057085846864e+01
1.303974554023319676e+01
1.077156363900692604e+01
1.849169854856812734e+01
1.288877103254800360e+01
1.611934241827299630e+01
1.384120920874710770e+01
1.706863616937548755e+01
9.496927819922623470e+00
1.840857749997142534e+01
1.101148771151600947e+01
1.628565513329898451e+01
2.420971550018241203e+01
1.674951070764168648e+01
1.803619812042136772e+01
2.650115029100269837e+01
1.489058846371893807e+01
1.607212012662774825e+01
1.757749400970930864e+01
1.336330774813966293e+01
1.524853559098251488e+01
1.708371814133379374e+01
1.040841952193792075e+01
8.161586322338775901e+00
8.882279775641183761e+00
1.108185824684956522e+01
9.360564727027739451e+00
1.318966167002863621e+01
1.704297771432137765e+01
1.388587820788662519e+01
1.522122686618165055e+01
1.781171608750949176e+01
1.723777400914699953e+01
1.078858670244727236e+01
1.077773097112053691e+01
1.248182876313656031e+01
1.694339587590265594e+01
1.355714112173027885e+01
1.683546994342827929e+01
2.285430398344722391e+01
1.372736315973028987e+01
2.340277205606884792e+01
2.252289556212001997e+01
1.632672837717182901e+01
1.347136628673918501e+01
1.951561445494639102e+01
9.460440401235382879e+00
1.725570433794030833e+01
1.632455411631926268e+01
1.348403775887588374e+01
1.581746826428941688e+01
1.353704599461467062e+01
1.570518900968717091e+01
1.629576484574632289e+01
1.392553713063248289e+01
7.514378483755500326e+00
1.262866613781556069e+01
2.146182756115614865e+01
1.578774515835995196e+01
1.374649395675135999e+01
1.491278245819253279e+01
1.338894781436003711e+01
1.180141342893514889e+01
2.085846589059080358e+01
8.687802505491648120e+00
1.896969881483826015e+01
1.326579280546185124e+01
2.039999790334963947e+01
1.800147729076111958e+01
1.256609823361933742e+01
1.434187684316499656e+01
1.367301156539682339e+01
1.780667525526656547e+01
1.392915051396635384e+01
1.489470748108661091e+01
2.076057262673602111e+01
1.337414076320198042e+01
1.885660984334471735e+01
9.525537839265238560e+00
1.649655265555275818e+01
1.416962600857111809e+01
1.559366879132285177e+01
1.774658036207702949e+01
1.100002968398364089e+01
1.894726630175309268e+01
