1.500877356059519130e+01
1.703827535225859791e+01
1.431625433573582740e+01
1.838582919217234135e+01
1.632041268277448154e+01
1.639606299172036685e+01
1.527633243926642059e+01
1.468238308685860183e+01
1.525055718088991163e+01
1.531491051450868035e+01
1.595920362924490910e+01
1.801736443170616297e+01
1.532381996683734116e+01
1.736998782847879497e+01
1.469277167913325499e+01
1.545913612563269268e+01
1.744117017724168051e+01
1.692234468845689932e+01
1.636889146841654252e+01
1.333945058638198766e+01
1.789999760357207848e+01
1.541866059739608907e+01
1.658075583789879559e+01
1.897763116075594425e+01
1.659301822878989441e+01
1.315367482111902042e+01
1.511464955335714500e+01
1.649056906136518208e+01
1.845981397586074735e+01
1.973844622099678503e+01
1.327087802836163988e+01
1.525964428371138304e+01
1.738022143528057484e+01
1.763254523551839270e+01
1.691112840846543719e+01
1.954113500004819315e+01
1.514196513993610793e+01
1.331225635792604933e+01
1.580846027497853790e+01
1.501018127030230787e+01
1.123298369544707853e+01
1.481358471541711452e+01
1.883396062292086626e+01
1.648573203054089120e+01
1.542466133038383624e+01
2.164956216495271235e+01
2.061240872051097384e+01
1.240862756310835380e+01
1.672333085874383585e+01
2.058652674912936931e+01
1.652316297183537586e+01
1.681455398401536883e+01
1.806335471765577694e+01
1.368779838562255513e+01
1.649323266649445330e+01
1.997575514774088035e+01
2.024609050930065379e+01
1.709305161999531819e+01
2.188757329828047205e+01
1.688401412457580619e+01
1.458040291933876098e+01
1.688674611896053790e+01
1.889194271480757692e+01
1.946552039502300602e+01
1.735126690549315853e+01
1.473280195050888430e+01
1.251869061278198636e+01
1.459182755491488592e+01
1.929668020233186354e+01
1.271038126095139198e+01
1.268142108942379309e+01
1.450374859859937793e+01
1.449435394349455564e+01
1.536941266823884256e+01
1.684255891329901544e+01
1.811654589871188037e+01
1.754011447695724257e+01
1.284366855587667722e+01
1.536058609231016625e+01
1.669876329881218169e+01
2.259110048470348531e+01
1.811185046300506585e+01
1.457256243627147718e+01
1.741573794482190252e+01
1.627283931764254987e+01
1.668218974367084684e+01
1.612030908780775817e+01
1.511990821326720180e+01
1.652943865195030071e+01
1.839457484580582403e+01
1.214402686760049477e+01
1.546676296656439042e+01
1.997204258846776170e+01
1.475642642689389739e+01
1.561801552303033347e+01
2.033429199584363900e+01
1.345106112761241768e+01
1.747727004063363765e+01
1.321948820457487273e+01
1.642483892305824256e+01
1.905713570658059197e+01
1.589331044613022570e+01
1.674707024806750510e+01
2.023234360972420376e+01
1.703691810264353279e+01
1.600980085689553434e+01
1.850726094384401321e+01
1.333447889836650013e+01
1.211867580293355751e+01
1.831502822916688089e+01
1.567250466583997159e+01
1.742224585057835284e+01
1.535294551282802900e+01
1.371790539732965009e+01
1.022925011146097596e+01
1.470198756169900633e+01
1.712827978212614255e+01
1.298995576618449554e+01
2.039551282364230644e+01
1.854102246647725138e+01
1.645014301667465517e+01
1.529246960080324236e+01
1.907938967809696962e+01
1.354933337405299731e+01
2.260663064042975989e+01
1.867933219722604932e+01
1.790327218300712531e+01
1.599283049136670343e+01
1.811490954768407136e+01
1.515519321510626405e+01
2.011079043952833345e+01
1.558846872158486008e+01
1.838211177167970689e+01
1.778461741046469058e+01
1.963960797055786855e+01
1.391178198455361681e+01
1.324523934382875012e+01
1.687915296173760282e+01
1.358991804737608433e+01
1.169019474242073997e+01
1.935235690069366399e+01
1.738366797778095929e+01
1.335350222803346121e+01
2.207106368680883790e+01
2.066629546785867078e+01
1.469215091884879065e+01
1.296261254051604084e+01
1.200103656404302299e+01
1.618285746565953787e+01
1.735644671122157590e+01
1.644402331319884070e+01
1.581336669285007268e+01
1.627061483114569640e+01
1.548244378001646560e+01
1.473164984857341153e+01
1.339747344601220114e+01
1.664857737223344714e+01
1.811713331433250573e+01
1.709630882161010135e+01
1.613493331697423372e+01
1.555224408392347080e+01
1.269973334961412448e+01
1.691883135265881677e+01
1.975988081320059919e+01
1.974850748912280807e+01
1.740593214976507142e+01
1.710497602124655714e+01
1.726091437990476507e+01
1.466182728669620694e+01
1.751180785450263500e+01
1.501724368389987774e+01
1.922598048392003989e+01
1.932703160126134634e+01
1.453775494732023432e+01
1.464970436340635551e+01
1.617353549368000998e+01
1.701819894847070103e+01
1.345167259642499680e+01
1.355843536503064684e+01
1.672966644136228354e+01
1.814310740892934959e+01
1.616672551090351462e+01
1.772782914353904005e+01
1.530509525477143740e+01
1.460483413826589150e+01
1.700273768851851486e+01
1.657715131502780892e+01
1.763085858606399725e+01
1.669729662665154279e+01
1.236147133464595704e+01
2.155514140754483776e+01
1.831301934579572688e+01
1.475156222154343943e+01
1.768124577500598349e+01
1.652304248460254854e+01
1.888981985628025839e+01
1.164825411733645133e+01
1.324626991299813916e+01
1.752393122276474102e+01
1.689964990347187523e+01
1.190374845499584744e+01
1.743957174156722800e+01
1.720696016869377942e+01
1.903886147625344805e+01
1.956815390180645409e+01
2.293241377925317437e+01
1.825878188834660065e+01
1.827471201792793920e+01
1.622600818007055068e+01
1.487760739610590122e+01
1.424311356572487774e+01
1.506545130048935555e+01
1.421802828988866274e+01
1.302887653813428770e+01
2.241332686700285137e+01
1.771495233987923967e+01
1.819059793999596408e+01
1.495216064549531687e+01
2.336480586202351617e+01
1.694443541250974050e+01
1.797062192630414046e+01
1.697922340862477597e+01
2.074781457647416616e+01
1.350868398410014670e+01
1.479938018359407970e+01
1.545393597717102807e+01
1.316039092349548767e+01
1.457946735035543107e+01
1.654968608710579403e+01
1.271217632458670899e+01
1.960155136688556254e+01
1.620123814593490508e+01
1.699060190449334584e+01
1.202144647237388320e+01
1.574950187239147681e+01
1.690143331681590055e+01
1.930377713163882447e+01
1.202197943664295465e+01
1.779486727663937629e+01
1.231810133396866647e+01
1.739560159599732003e+01
1.822243329432897596e+01
1.413212653280696429e+01
1.754093728856254231e+01
1.312364436478547169e+01
1.621271876565820236e+01
1.529778101676516400e+01
1.697457606400597641e+01
1.648381849251108022e+01
1.703707237659342866e+01
1.465932378963052862e+01
1.894859735066915718e+01
2.026142867963282868e+01
2.097944035997335988e+01
1.825919897304539319e+01
1.492228749529507503e+01
1.710127081857415376e+01
1.613954994738108795e+01
1.480660399606461475e+01
1.635514805648175241e+01
1.903722573076974811e+01
2.047690550047319036e+01
1.420694486330385331e+01
1.470533671201701864e+01
1.411416850880354801e+01
1.677802668050622970e+01
1.742581274957382220e+01
1.294247789563718243e+01
1.618929801251509915e+01
2.280724869706846292e+01
2.175049557614372731e+01
1.898583318673906462e+01
1.381728267824647638e+01
1.487359439831722874e+01
1.889884548841215661e+01
1.309668555989369843e+01
1.121751574986207878e+01
1.981902682003157778e+01
1.656957779196124747e+01
1.354694127833042749e+01
1.178951134636955267e+01
1.108297134132845230e+01
1.841730873677883906e+01
1.634084397795060184e+01
1.926140507654601564e+01
2.380925385554248308e+01
1.565702748737827577e+01
1.825606706123276979e+01
2.017767572623995775e+01
1.960035530101409762e+01
1.627190970833412820e+01
1.999658402074774344e+01
1.572279308765205030e+01
1.354153752653506260e+01
1.623476205475185807e+01
1.789669978980147746e+01
1.748020530886861224e+01
1.321206888495120069e+01
1.012613941017428054e+01
1.771286962906156148e+01
