6.772009514305054045e-01
1.441418295183007015e+00
5.630404202573112693e-01
5.896894404520276467e-01
1.211738785297089560e+00
9.608030257073089109e-01
8.509009097940284372e-01
1.180041711615609223e+00
7.179201359158514650e-01
6.957862497583662265e-01
1.102694338490121773e+00
7.177513637493574405e-01
1.130873148934280703e+00
6.352276925466259216e-01
1.023816892479785245e+00
9.243370094218560373e-01
6.320215114978062765e-01
5.904511559996410419e-01
8.520792489332277286e-01
1.485973731783024387e+00
7.219622466640168712e-01
6.688527632434969616e-01
1.329681043230178883e+00
6.717709590362307415e-01
9.729432571714510258e-01
1.111372295760815199e+00
7.191348293529130631e-01
1.268221004445298838e+00
9.261853040594957287e-01
7.163799335790003164e-01
7.404512509190798175e-01
1.160519890031407098e+00
8.242825022817765745e-01
2.070048742223617122e+00
1.814078487813549856e+00
9.745295973578147475e-01
1.930895504839419186e+00
6.261263029982969686e-01
1.289184867910719623e+00
8.096578795713167409e-01
5.172231752967121343e-01
1.055723738448867355e+00
1.329264837955898670e+00
1.153487323737784509e+00
9.166036827549456367e-01
1.024068289285314126e+00
1.190397087284573052e+00
9.632788115083810165e-01
8.846867231786457175e-01
4.961143803955009868e-01
4.784741474012300100e-01
7.070267587331539039e-01
1.922861330235541732e+00
5.572895743929752177e-01
9.991999137293030575e-01
7.194816118768916358e-01
1.110599639261357519e+00
7.506962803829574371e-01
8.240582475913453830e-01
5.945712588002485255e-01
1.757208651633899166e+00
5.521203315713368864e-01
9.106602335774020007e-01
1.001652731711182520e+00
8.108916087894445512e-01
5.746968223126958097e-01
9.197964599411586617e-01
9.433455751307772141e-01
6.914221210154664066e-01
1.011409089584996979e+00
6.036155553103734750e-01
6.706845572268609335e-01
9.075756812390899375e-01
4.944866716799399264e-01
1.068858694399995590e+00
6.703158043166402846e-01
8.244860312228647903e-01
7.429562087802931147e-01
5.758620272131316220e-01
1.331051113887057546e+00
1.235022670363415065e+00
9.531993138275243194e-01
8.887279753633250401e-01
5.706657629260130093e-01
1.009653777487732551e+00
8.466646770281890388e-01
7.132591909844241407e-01
5.953708860253060786e-01
2.017618267838896084e+00
7.250740507950232949e-01
4.947762039713639037e-01
7.992259600762503524e-01
2.565682466719636068e+00
5.646248052830669106e-01
7.734265525177392853e-01
6.972505233691397297e-01
1.140465664755344832e+00
1.127763261966647557e+00
8.133124335984504016e-01
6.700828112556818095e-01
1.347777025733942091e+00
1.366230938579378273e+00
9.821009431890896924e-01
6.620373433116224504e-01
8.275121218515331112e-01
6.298179473323971544e-01
9.850417087724058218e-01
1.406310186870952439e+00
8.931857349701026738e-01
2.111474867367606478e+00
9.803085686894754680e-01
1.236914145868876824e+00
9.331956966975770706e-01
8.528728167639182400e-01
1.607793703119569484e+00
1.948806195351344028e+00
1.351231153151439157e+00
1.528932834487236381e+00
1.342754013387851497e+00
9.101257185705029507e-01
1.488624071665225479e+00
1.864977928051487988e+00
1.128199435601214162e+00
9.728679312316049765e-01
6.197739257547536518e-01
4.809476733387436087e-01
6.682502653404499560e-01
1.300127094728115607e+00
1.026586033696285760e+00
8.334804627822621770e-01
7.900901579964521027e-01
9.535312232131019083e-01
1.038712048632072227e+00
1.303097682104074950e+00
5.679742935688266714e-01
9.717571504287643158e-01
1.452501549485527343e+00
4.471617681088567720e-01
8.647016506683945503e-01
6.964657192552414777e-01
1.157184707090678222e+00
1.018013495508441002e+00
9.094251540302993320e-01
5.015431882260585894e+00
9.362976708446175689e-01
8.316570844527715334e-01
3.584014430492183378e-01
3.065958567536894108e+00
8.955564011109773404e-01
8.825446406265470278e-01
8.363098615377206890e-01
1.218408509073967139e+00
9.596109092591305068e-01
7.365292197917199246e-01
7.520442985422350901e-01
6.929651931008223853e-01
9.099899293932978139e-01
1.450892383462929480e+00
5.975958251482829109e-01
4.513874019805451110e-01
4.941876755446825142e-01
1.673668844664370603e+00
7.795495121720967813e-01
1.088554136608381961e+00
6.878680070522752432e-01
1.045621004607467874e+00
9.988633944453051416e-01
6.545710051954427566e-01
6.189755986112958075e-01
5.899059184096179242e-01
7.413447958284956618e-01
6.893552000778312427e-01
7.659825599209331148e-01
1.969391656986311245e+00
9.889653022698184914e-01
7.067607855445462439e-01
9.728653633625442554e-01
1.528866998005569355e+00
6.417546308394423971e-01
1.004333386660330785e+00
1.080027479346169939e+00
1.454403700638818187e+00
2.509299381211992142e+00
6.592088853420923211e-01
7.868140930300629998e-01
2.654641893507214245e+00
7.972932708246023292e-01
8.111885425964601160e-01
1.059320487776823194e+00
8.042855957049050986e-01
1.018368169968451697e+00
1.088349984203534682e+00
1.013660881154248239e+00
7.930369891980375563e-01
8.336229249563443799e-01
8.205971938178410197e-01
8.722968433887194895e-01
8.019899277663229409e-01
1.213349600799548789e+00
7.154067236442535060e-01
7.174129485167631826e-01
7.731677944899731925e-01
8.482843224801662751e-01
8.030414167959775140e-01
6.906797744137070927e-01
6.722211480421279584e-01
9.663954305456000649e-01
1.085235336890704172e+00
8.725748873062071365e-01
8.087402676297502646e-01
6.715130347719617809e-01
6.874806352994957681e-01
1.918244341571555545e+00
1.269426989070481238e+00
1.583802328590514952e+00
9.827608987812841423e-01
8.153657668153142524e-01
6.308890326837227613e-01
9.878413276967026313e-01
1.301608109591016804e+00
8.523132078479654927e-01
1.379530913697392558e+00
7.908347680065763718e-01
5.290348876974438896e-01
7.776091068038442078e-01
5.425597863386202313e-01
1.192507333339826170e+00
3.815712913810141438e-01
1.265803071428500237e+00
6.052777864904699268e-01
7.665629396042075161e-01
7.884572392934932061e-01
5.687977197894944492e-01
1.302444129064276979e+00
1.384822478872760776e+00
7.870471393062608012e-01
6.391183596903881048e-01
2.324731484682901250e+00
1.185917969367715319e+00
1.853169399200551126e+00
1.111110615161559068e+00
1.602747548737758043e+00
9.729106991882953137e-01
5.628324261619463975e-01
1.437678849305978890e+00
9.356255323390550993e-01
5.784874526595119582e-01
7.327049959570126614e-01
1.118022165647245991e+00
1.004843425391435563e+00
2.111131635680867369e+00
5.488660464889720814e-01
7.043625113321619891e-01
5.802453242157198376e-01
6.127118215693400094e-01
9.735383409228796081e-01
6.673687770316910628e-01
1.284390888872636749e+00
8.353071630557277194e-01
1.376791216963002329e+00
4.698492957458823560e-01
5.968384398889285958e-01
9.545556079857109300e-01
5.494536126288990241e-01
7.913070497542535886e-01
7.139558064043864949e-01
7.074219844830200721e-01
1.433588836036238767e+00
1.839032135270131540e+00
6.633869485473394834e-01
1.070594058775496960e+00
6.936393657236425980e-01
9.267549726881989525e-01
9.681916865235096203e-01
1.868032865799940545e+00
1.077082397257068669e+00
4.885608868047488507e-01
1.660506307224891120e+00
8.591270863614693942e-01
6.542699003886293108e-01
6.845032630611215252e-01
2.296217525786222069e+00
1.020458253745534671e+00
4.861881311837040198e-01
5.892885465724193583e-01
1.065085425562290578e+00
1.554788515735135990e+00
1.558297799870695277e+00
8.113132334652777278e-01
1.110008810079482933e+00
9.606852478105865067e-01
6.236000902130276469e-01
1.111009700646827802e+00
1.533914741590785669e+00
6.105902658856164900e-01
6.667489818168484961e-01
1.372387190105480714e+00
5.830539735616118158e-01
9.899945701798206210e-01
9.693203081083944239e-01
