4.196531935355684695e+00
2.634634038186114413e+00
1.744720550177359941e+00
2.625530791619812288e+00
1.302382375833740502e+00
3.216676470570155821e+00
2.476676263658482924e+00
2.112708196992031162e+00
5.066158315438348936e+00
4.538031721112032457e+00
1.543329247796145776e+00
1.295513854310586854e+00
2.812379456132967359e+00
3.097882843751595505e+00
3.977060842050281764e+00
2.054435015597257941e+00
2.663963518271246222e+00
4.151417457517081466e+00
3.714346722591530092e+00
3.746796377975178061e+00
1.823759531322338034e+00
9.342225686356538938e-01
2.371571480085800321e+00
1.735124016722219498e+00
3.850727487808094818e+00
3.114468113857530529e+00
1.363104581839880813e+00
6.385369986924964714e+00
1.978917088640856470e+00
1.102648442760370440e+00
3.145461717910941868e+00
7.899097039921975094e-01
3.477251025867142520e+00
3.871220553125885200e+00
2.927639935188492970e+00
3.255004702776324699e+00
1.057251286743467356e+00
1.749070999208457211e+00
1.222981752662879007e+00
5.554606996420609732e+00
1.773649802635735018e+00
9.711589697419164002e-01
1.407490341931647126e+00
4.389319338011734573e+00
5.442554519408045799e+00
4.488158974431520676e+00
2.556123543497324402e+00
6.946262972170001992e-01
1.767998396534750105e+00
2.474735849885753680e+00
2.340536683573308352e+00
1.395872111489152578e+00
6.613260417467957453e+00
1.895892547308186460e+00
3.943842722308458448e+00
2.862192683652060587e+00
3.356983239626254001e+00
2.187246635603194544e+00
2.085622363008413416e+00
1.909742199181389211e+00
3.331929042811002439e+00
3.687901306044246041e+00
4.244791645254853307e+00
3.270971179751982483e+00
1.655789337217995261e+00
4.037581164258540412e+00
2.819234615767526098e+00
4.692803310527178695e+00
7.227428743836196157e-01
1.463661253955634400e+00
4.226103285902945927e+00
1.129405958749147842e+00
3.800704072957788782e+00
6.951375572466275798e+00
8.073214621914391875e-01
3.216880885724485939e+00
6.164179742010581720e+00
2.102976845920326632e+00
2.505992565810370998e+00
1.396504263222502873e+00
1.431708527377618001e+00
1.311030517821728969e+00
1.657913157454405262e+00
2.964226351847446761e+00
2.005871106176538188e+00
4.328998305803494873e+00
3.296974528911339686e+00
1.429110475239330436e+00
2.157458964656765676e+00
5.316680388298112625e+00
2.368191244823425912e+00
2.102688870410570399e+00
4.635369530872581301e+00
1.815570707023893560e+00
5.316856503119720578e+00
4.759253749848602943e+00
2.434997662930903140e+00
4.990296065552730198e+00
3.962226108079143216e+00
1.238767935561601030e+00
4.611601672691406861e+00
4.372509506130589862e+00
1.821422303761929928e+00
4.640899301800766708e+00
2.784129836264584323e+00
2.621376781916545884e+00
1.601931916883557738e+00
6.215873432408108856e-01
5.508677176456630242e+00
3.040910020811251613e+00
1.012203427485145246e+00
2.940143326318668926e+00
5.291648668063803740e+00
5.465904714729656888e+00
1.742130001001944262e+00
2.026709009132566131e+00
2.966485547742330198e+00
2.215296066843924105e+00
2.379382188624601824e+00
2.356334321910164231e+00
1.123377827738644807e+00
5.609277698744435270e+00
3.361635793311860354e+00
3.300730961759767101e+00
2.103981034724422106e+00
5.762861970979113124e+00
2.640506084262008279e+00
3.639305737709459532e+00
5.160439369402262777e+00
1.754092213570589420e+00
3.470750018506399748e+00
2.177662767997510240e+00
4.957460997747314302e+00
1.993519223465934020e+00
2.735914075077618524e+00
4.012040054410770828e+00
2.538539491478234655e+00
3.504153720656332016e+00
3.109478174994670052e+00
1.013777586929651697e+00
3.936805976022569098e+00
2.031788714700983434e+00
2.646551137592761727e+00
1.674204641212017952e+00
4.051606535689622923e+00
1.942407719170672342e+00
4.448694055150454574e+00
5.123900034005288262e+00
1.232067739630704262e+00
3.374398861536215044e+00
3.880663106174890853e+00
1.902105286376790438e+00
3.099034803575085206e+00
3.379971202907051886e+00
3.475048866569315109e+00
1.484707644459415388e+00
2.227003728613188738e+00
1.447793859601974820e+00
1.225481787128508859e+00
2.181705843382548693e+00
1.554027414384380412e+00
4.003090170914090251e+00
2.762854138078933541e+00
4.384124729312423696e+00
2.945553722540084962e+00
2.933462441890757333e+00
3.858919624028257278e+00
3.444438509930910275e+00
1.608289028592844172e+00
3.990990190299593454e+00
4.635577976461942029e+00
3.060036553044775953e+00
3.887943348611984984e+00
1.375665261157609454e+00
9.139478944755866641e-01
1.358044031839012789e+00
1.179546564507964357e+00
1.701571700869518367e+00
1.795921809080040843e+00
3.881511483710906596e+00
2.865629265309232565e+00
5.327326509240388752e+00
3.331317580330952932e+00
2.624211301539866259e+00
8.899896701584788516e-01
1.560832989100477519e+00
6.355760307647884133e+00
3.725969884808522536e+00
3.871564206058855095e+00
1.477858437083165999e+00
2.107888798452890899e+00
5.890989244219047904e+00
1.068510893335944623e+00
1.206617900791560505e+00
5.417137845227646409e+00
2.669515097865920339e+00
3.339091531584819972e+00
2.941610989214291649e+00
2.171064884162406727e+00
3.105442610624167266e+00
4.083999934103192508e+00
1.448513129544168665e+00
4.076871568285095115e+00
2.655791510027987634e+00
5.338341651590373438e+00
4.231992694250732434e+00
2.260571534135979999e+00
4.136524056318716447e+00
2.496347170703499874e+00
2.406350165225660032e+00
2.731060562114982382e+00
6.559435727502595626e+00
1.639849895811868574e+00
3.225327497879340477e+00
4.009589193374016425e+00
5.312669266623617936e+00
4.591435713349252268e+00
4.706510482780933202e+00
2.831961176740064978e+00
1.925131387678972628e+00
3.317253276784811522e+00
5.062489828410289938e+00
9.110587243202910024e-01
1.613883355546125609e+00
3.267291987422337396e+00
4.817668640700015104e+00
3.531079623219310903e+00
3.004473848814182446e+00
1.212017809604168717e+00
3.951916566404519937e+00
4.236954859874915158e+00
1.734076092738278341e+00
3.226252853477140636e+00
1.274641196765172735e+00
2.511123113641111182e+00
1.940632922714689901e+00
3.130442338938995483e+00
2.263738685736190970e+00
3.141489686832785733e+00
3.090482211585879657e+00
2.738511581303021636e+00
2.756902176699284723e+00
1.402044657854988330e+00
1.504529388398330170e+00
1.940371146131992131e+00
6.707591911160883935e-01
2.328451297168801393e+00
3.819120793190403873e+00
6.351074903746233069e+00
3.410886614255504767e+00
4.733835304921027998e+00
1.967114444875116108e+00
4.676416654100941983e+00
3.095676022262065175e+00
1.653169767676161639e+00
2.464529910618640240e+00
2.235982129519302752e+00
5.553335329226098516e+00
4.491615790108333783e+00
3.701163615419624353e+00
1.492010085697629052e+00
1.269924439237822833e+00
3.501830541499683758e+00
5.622969886497295455e+00
3.014072688628545382e+00
9.918610748076885919e-01
2.492129540220572981e+00
2.707284466542384305e+00
3.053074693434809195e+00
3.712959426449040201e+00
4.105705742035420158e+00
8.008625971338391381e+00
5.684467553079574742e+00
1.306886056514780847e+00
4.113337121427224297e+00
4.793866859956015247e+00
3.927861757166705825e+00
1.742936078521123200e+00
4.056620399580420866e+00
4.286286739649935562e+00
3.491135635782813385e+00
3.761122373586023748e+00
2.847508378382037630e+00
4.006171241168776653e+00
6.178074084462073401e+00
2.334999035917526111e+00
6.539547395450797218e+00
3.867943042949694821e+00
3.759685961362450701e+00
1.293267809145478342e+00
4.736221097019485349e+00
2.006053958288263939e+00
3.554888786117632815e+00
3.520334378882138626e+00
5.388678257613205957e+00
1.593122102460498457e+00
1.475652948985385349e+00
3.260762795605623765e+00
3.640509978917138678e+00
1.848995180543992145e+00
