1.362240451175386502e+00
3.622279778484930546e+00
8.282626966946647906e-01
2.311830220329774921e+00
8.373009503503774376e-01
4.882746359586089824e+00
7.857995296066404567e-01
1.260694015150618963e+00
2.509544244125331502e+00
3.844136343371659326e+00
1.486461249226228354e+00
1.724167223348928024e+00
1.484128951135196939e+00
1.784467834954096555e+00
2.959346695637278035e+00
4.337704114025795477e+00
2.399391581618125713e+00
2.026792705710694698e+00
1.500661192031535141e+00
1.245997266250228108e+00
1.730935463075861769e+00
1.023448308926537154e+00
7.708406386921435871e-01
2.889257368915095547e+00
1.069405991955554081e+00
2.399952409164901379e+00
2.442754928008932680e+00
1.404692490892348600e+00
1.582171462402649498e+00
3.478259674254069900e+00
7.567580514973514250e-01
2.313011153885374149e+00
2.157059164563221110e+00
2.289690793824161741e+00
1.243914923609027889e+00
1.593716322886861825e+00
1.011592433513665679e+00
2.992670195726113924e+00
1.960877143520492139e+00
1.225218214228950719e+00
6.437625277987455430e-01
2.946727253194706186e+00
1.153743595502490171e+00
5.877408281209040020e-01
1.652119328049450386e+00
2.201747604346980136e+00
2.483346471193014882e+00
1.606135827745258426e+00
3.836431677386571426e+00
3.809806175410518136e+00
2.021190028123814209e+00
4.481638134518118322e-01
2.188302457745181950e+00
8.915531720495053492e-01
5.644379677788982086e+00
4.859778362486578129e-01
1.060080735857300116e+00
9.933661778627675965e-01
1.336572081720496685e+00
2.354504873121273878e+00
1.026030052230833434e+00
1.191449837654948718e+00
4.249749753872110958e+00
7.835938243885521848e-01
1.881053604066370566e+00
1.450588090710009270e+00
1.481706927555627606e+00
7.172430973261566534e-01
4.564852775918426531e-01
1.350718808824496353e+00
9.677432649207416970e-01
2.017321677535417024e+00
1.488657531853838201e+00
2.284962699736135416e+00
1.497552458069356218e+00
1.373558931050906207e+00
3.722369210523648775e+00
3.753575062367743076e+00
1.840608813537387256e+00
1.952641228847244337e+00
1.190294868891244029e+00
7.676745781953967507e-01
1.226923150191251422e+00
2.705565850451157051e+00
1.329619962064652050e+00
2.939470651005126278e+00
2.362406711144129812e+00
4.189599305494250636e+00
3.686496134155104354e+00
1.152115094501851011e+00
3.001141803859582957e+00
3.635464863328580432e+00
1.091466064179613449e+00
1.957597318961410204e+00
1.115884719391869950e+00
2.224361171903658896e+00
1.428094790905745093e+00
4.243833343920489831e+00
1.781287034633658450e+00
1.606911379797353767e+00
8.949680670885989953e-01
2.027605996235362085e+00
2.646936152139028664e+00
1.731487070666766215e+00
1.133159663375028048e+00
2.610740420411620022e+00
2.727915075563579705e+00
1.782387861320197553e+00
2.707721756461696661e+00
4.519146129772326326e+00
1.135245888989864449e+00
1.001365744973480298e+00
1.436979127517889143e+00
7.288465792261684673e-01
4.639536918537933152e-01
3.716584131146642545e+00
9.915320580826105790e-01
1.612907847995564747e+00
2.415048310071667537e+00
1.888459886543250921e+00
1.075507977988921615e+00
1.544281318086399457e+00
7.875698801030158736e-01
1.275349314513679166e+00
2.121289897836514005e+00
2.526324068073653173e+00
2.073721914721629478e+00
4.535266193473799667e+00
1.608611760831163195e+00
5.313312492840241319e+00
1.036322030409954520e+00
3.024687453861075959e+00
1.315792267045176489e+00
3.508472269869375548e+00
2.431130443094416282e+00
1.996214601958089974e+00
1.272899798638013502e+00
1.755279579093615983e+00
1.212128388477921703e+00
8.085248341678353823e-01
1.012108974505536718e+00
1.108321786122769437e+00
1.064115903754026649e+00
3.470532827174135804e+00
3.781198315973847368e+00
2.048665460543347638e+00
1.597694082731598186e+00
1.934779882715520039e+00
1.882713689835603388e+00
2.550875895377564095e+00
9.681688855915596692e-01
3.555510058553648101e+00
1.740173218827412382e+00
1.601679348306555895e+00
1.678150126869126790e+00
1.697933133032644593e+00
9.225462524679511889e-01
2.639031959030699426e+00
4.551135352857523131e+00
2.307627686586888771e+00
1.667271081557234247e+00
1.792783522043315481e+00
2.095558328545133797e+00
9.190413164211438390e-01
1.022426241153901794e+00
3.856405212407350902e+00
3.314832116240505222e+00
2.730341310779370811e+00
3.287334673750765823e+00
2.615724383276005760e+00
2.769979093673692994e+00
2.000377788572543114e+00
1.714820535602764595e+00
4.859316700181278925e+00
4.098980213881701751e+00
8.317787430550497296e-01
1.531739604342510441e+00
1.663327052469260270e+00
2.094878173960630363e+00
1.316036890199521414e+00
2.484296664129746368e+00
2.518811241346020857e+00
1.732883322964341444e+00
1.310251014650785528e+00
2.241082247886159617e+00
8.157783322989431429e-01
1.273592219872599518e+00
5.639160243870640521e+00
2.492717720918175228e+00
2.862260248671211649e+00
6.314311642428419580e-01
6.781517194997556119e-01
2.997948368935347663e+00
3.700959082580700610e+00
1.856202594129193750e+00
1.998240531058360414e+00
5.249768286763614178e-01
1.370605775485110200e+00
1.792567173996455043e+00
1.596084493539708937e+00
1.370475638532177909e+00
2.571428746650228803e+00
1.036348127312410883e+00
2.678880245128629323e+00
3.078822473275109939e+00
1.190270604679632749e+00
1.770422302864972153e+00
1.627259497721963655e+00
1.293823316067079343e+00
1.907217770991056272e+00
1.842525582655528238e+00
3.804356741752187521e+00
1.476273544028400053e+00
4.290420483046029076e+00
1.612352000329350110e+00
2.272310152238786074e+00
1.908597452517872606e+00
1.735457838981183665e+00
3.884432326688683101e+00
2.775099343495903259e+00
4.780417059142683556e+00
1.130999885807362215e+00
1.078255483249791036e+00
3.685678279276758840e+00
5.580600068930183788e-01
2.545522982718570582e+00
1.935682341784336291e+00
6.563386771474315484e-01
3.683504256412948319e+00
1.270942494602909756e+00
1.578662355865323441e+00
1.497501948996327492e+00
1.527371352460766829e+00
1.313610765001170355e+00
1.445433359885409885e+00
2.455724385448901259e+00
4.840674790741312350e+00
1.054737584735003120e+00
2.114897769457588783e+00
1.627820931996926346e+00
7.259936864417180225e-01
1.489007476697501220e+00
1.340223485175954021e+00
2.324269041859447160e+00
2.777384362346354330e+00
1.721222400817469467e+00
3.971166777867801478e+00
5.384920042213357405e+00
1.184650998780992337e+00
1.016965072984594043e+00
1.288835238511631509e+00
2.998344678123451512e+00
9.112695143870729320e-01
1.849076478077164909e+00
9.420603899626891486e-01
2.029489499429525168e+00
2.393866918946939482e+00
1.650549123387487382e+00
1.867323050277200247e+00
1.969160924672950452e+00
1.139877412608549578e+00
1.083744361086426133e+00
9.110099029467425558e-01
4.567904295490079924e+00
2.014919119519274382e+00
1.769572000710846860e+00
1.055436927445036144e+00
1.831712009684497211e+00
8.708173985307429144e-01
2.887202276303120208e+00
6.505109031944312781e-01
3.960665636874909801e+00
1.453513603272384769e+00
2.119055971325920495e+00
3.689189898112211541e+00
1.312768165857276070e+00
2.229380450492903343e+00
1.487776342076930769e+00
1.990640359216979238e+00
5.470503732026571475e-01
2.348505907948613025e+00
2.185994911813934571e+00
1.714564696657249199e+00
3.095702160860948737e+00
4.800916447955693833e+00
4.677953940097628660e+00
2.246556406862195487e+00
1.720686111836881471e+00
1.015444893110321489e+00
1.501608564923866851e+00
3.163987412396132459e+00
3.416178666252019269e+00
2.638377541791814274e+00
1.049335916466068719e+00
1.949313115973261290e+00
1.155563549915765931e+00
2.783188701292494738e+00
1.682073759149985914e+00
1.232260454272634531e+00
1.088439411159574988e+00
