1.197238209141535004e+00
1.777180114441777814e+00
6.690579242035216145e-01
1.327619157468404643e+00
9.086408069174033431e-01
5.444614009470433169e-01
8.455753854925952551e-01
9.038106596930082226e-01
7.897809847582736298e-01
1.296085026888440739e+00
7.011685059389100028e-01
8.950982097690246553e-01
9.116743515733608527e-01
6.256559956888924079e-01
1.755367163759622651e+00
1.680655148362301565e+00
8.174699747073685963e-01
7.137924520158621666e-01
5.135747225081055412e-01
7.359730417690344417e-01
6.137244874932940020e-01
6.478734069092101366e-01
6.661308574323576703e-01
1.096562990123726378e+00
8.508897528201354588e-01
7.211596363172980695e-01
6.795571650891316651e-01
6.961180133665030301e-01
5.095999240161679378e-01
2.004149380558747584e+00
1.462352436897237817e+00
1.040347438238250932e+00
7.191453973946141387e-01
3.180187553820141844e+00
2.046774917191022780e+00
1.946507922797880985e+00
1.427736030989403604e+00
8.113581723386215083e-01
5.430690588679927266e-01
1.081001755368405703e+00
7.448443247536142842e-01
8.143136720907717674e-01
1.446264733079600573e+00
3.047312827170350236e+00
5.297252109821707355e-01
8.169152802792378765e-01
1.348030713896331445e+00
1.677896212388354069e+00
6.199369052267648117e-01
1.539681030778552007e+00
9.244588607652746148e-01
5.792301250175245775e-01
6.258981417536483294e-01
8.688819300701412507e-01
1.599113270692835709e+00
8.070965133634123712e-01
7.172389145818754974e-01
1.107857763936109574e+00
1.171413156255067811e+00
1.100822594483339856e+00
7.797952412289419488e-01
1.897923567471130335e+00
9.403459386672411435e-01
7.532727704252731860e-01
8.758476754610157178e-01
8.284923994308646122e-01
1.088409520531909980e+00
7.796198644728548066e-01
7.240809126792572270e-01
1.248777944182949406e+00
1.169310075290557416e+00
5.496812405595443707e-01
9.642769980527106100e-01
1.392063399274889202e+00
6.238460216446733986e-01
1.121606499299238058e+00
6.797028965924580834e-01
5.086182416920537186e-01
9.314470102227685455e-01
8.301244568880373764e-01
1.300785061074710924e+00
5.102488892687603306e-01
5.347309336189337570e-01
1.390352738988116732e+00
6.733672948340784226e-01
1.549934971693542218e+00
7.086651481515735540e-01
7.135998465436098614e-01
7.519096127251275741e-01
6.070803553345747172e-01
1.062839885737735468e+00
9.092922826703833117e-01
7.024716595747209080e-01
6.575278144908179856e-01
1.215350970111370499e+00
1.306274308711371956e+00
5.542724787037347500e-01
3.200578720529582366e+00
7.321483739776096789e-01
1.957633021926565853e+00
6.550137408935653438e-01
1.251636869510316608e+00
1.034682771956674019e+00
6.811539957304264536e-01
7.338008599255486653e-01
8.170670987267066865e-01
7.084250869642046977e-01
8.291563316398693484e-01
1.063183266191531029e+00
8.235541837798822096e-01
4.834472020550520388e-01
7.621930622593047211e-01
1.396642893233928095e+00
6.352520840870148344e-01
1.158776401790594823e+00
7.538267302331901343e-01
8.518907083736375618e-01
1.016910993584798639e+00
7.243974232035284011e-01
7.820105518145405998e-01
6.925862338627085668e-01
7.255366793633539757e-01
1.063205886576649384e+00
6.222807343012022319e-01
1.069914689389218410e+00
1.502500579208472908e+00
1.497508216844635198e+00
1.464158819778575982e+00
6.923504025008059282e-01
1.530366244271392562e+00
6.120881752865245939e-01
6.673463980943263874e-01
7.466687272072339843e-01
1.021145496900438765e+00
6.809799128543360114e-01
8.250881433355389261e-01
2.735123284107017660e+00
6.920046903899086388e-01
1.089193519840242708e+00
8.456021565109912430e-01
4.671361036473749007e-01
1.012900783839164598e+00
7.546934052519335134e-01
1.202376331929525088e+00
7.835783205772184346e-01
6.766641553940109244e-01
9.894650289981326008e-01
9.790467824917566952e-01
5.160171146373089268e-01
1.578254780982880412e+00
6.457168607487939749e-01
1.383418697908354700e+00
1.675448192752735821e+00
7.045415273884468865e-01
9.590143728088887931e-01
9.769951871267290588e-01
9.520311757824438947e-01
6.036779502565783329e-01
9.421091183609039410e-01
1.398240157278605622e+00
7.913972637897548346e-01
1.905953456127150059e+00
1.383375679581219986e+00
7.955132506176275653e-01
9.791674436687224370e-01
6.740504410068354213e-01
4.881538588324129124e-01
6.935168941600579062e-01
1.281360352939437952e+00
1.331205939453420362e+00
1.470441662349813106e+00
6.698200918963355122e-01
6.323007362391018793e-01
7.030716713120506167e-01
1.035838456198174606e+00
1.052957260532306538e+00
5.723620226546072276e-01
6.957983001246836885e-01
9.360212168906415497e-01
2.319250632104412624e+00
4.253393287164612402e-01
9.195947131059395430e-01
5.039771211856767241e-01
8.985548342699959390e-01
1.014720170513089714e+00
1.057809296609858674e+00
1.268355689898466698e+00
4.749646586147877603e-01
5.069810640279061031e-01
1.189976901152246969e+00
7.130377599067384553e-01
9.551384682813193194e-01
7.127439555631621682e-01
9.087349162915570044e-01
1.767612792646646724e+00
7.444510075566408425e-01
8.474049043137270587e-01
5.722740522112177430e-01
8.649328909081515082e-01
1.100529754992046083e+00
3.669148286082923871e-01
6.630227476955909971e-01
1.193911180334819022e+00
1.495736179614083339e+00
5.292412648079870552e-01
1.131824900122500033e+00
1.018808057654927879e+00
1.734104265758029895e+00
1.255929579318792122e+00
5.082202692513426712e-01
1.556236239269305210e+00
6.962129743899956313e-01
1.201909751814872473e+00
1.154671712131046135e+00
4.123946161763265006e-01
1.016227677054284406e+00
1.200101953595023474e+00
1.250956903102218964e+00
9.356571778870319545e-01
1.439831763906134210e+00
8.761349661505666298e-01
7.146248287774052965e-01
1.797565153435475960e+00
1.116476022755951369e+00
8.623257243634885327e-01
6.438654976937124852e-01
1.398961236402950004e+00
7.377623741717892480e-01
1.231690775331377496e+00
8.693709167164708207e-01
9.879894156788532333e-01
1.168389307665924193e+00
8.663898104593213967e-01
1.273311381652151075e+00
6.796551820039334890e-01
1.531662846794902944e+00
7.410457760657038762e-01
7.797464080679088472e-01
9.983285629404490269e-01
9.902462503431044283e-01
7.368458001746606145e-01
6.157202391059222180e-01
1.646674530317199903e+00
6.369375910529359031e-01
4.449470276795066681e-01
6.283813300002665247e-01
5.847472635887425163e-01
1.039577121717115249e+00
8.599134806348580629e-01
7.082268430581123431e-01
5.981582496942626781e-01
8.034789220530501597e-01
4.963555570060525501e-01
9.944210453830103491e-01
6.328361189554583266e-01
4.710614681286605099e-01
5.789133229849789952e-01
5.278018647630993154e-01
7.763068489561401053e-01
7.165805439577269675e-01
8.050620339026054451e-01
7.183830739544866395e-01
7.179596292959676829e-01
9.814249632818337066e-01
5.460314640504639883e-01
6.412505171750401134e-01
9.919777416912839429e-01
1.123123794137260933e+00
6.892200138748210136e-01
9.629922973692359722e-01
7.511288368040036634e-01
1.403958269285264571e+00
1.068184703597743423e+00
1.337432813528769415e+00
8.003506028539887351e-01
9.535807453712786819e-01
6.742478989893441188e-01
1.539258677347352666e+00
1.500250444177819720e+00
1.281227354984448397e+00
9.640351944015820296e-01
1.368644913013766562e+00
2.294300971736920935e+00
7.240860800526660590e-01
8.872322801100968048e-01
1.282047538295983724e+00
6.189653967752597463e-01
5.029125438186632380e-01
1.342803939491496346e+00
1.591794386208129852e+00
1.119253891413943824e+00
1.329131711346646538e+00
4.073170516200867453e-01
5.030803799705829693e-01
8.688800141253524290e-01
8.377014597895042769e-01
6.782348220244366344e-01
1.127486909017787697e+00
7.684890498003542625e-01
4.249974014767784469e-01
4.560127934164939778e-01
1.484009288004205285e+00
8.990175670101783201e-01
5.050124554501945751e-01
1.064247275662365766e+00
6.092061591928119579e-01
7.929265046171926068e-01
6.892092861849761221e-01
1.937540263529429208e+00
8.300070718292797967e-01
7.707308680480624563e-01
7.702114997517901518e-01
1.498512318221750350e+00
6.407400487988054172e-01
1.050354323774677967e+00
9.032245632131669089e-01
1.013239966462178954e+00
1.540291228262151035e+00
1.053718144110785238e+00
1.394645912574032698e+00
1.014894586031099166e+00
7.164771050520062357e-01
5.382987728559357476e-01
8.080337890443254345e-01
6.457602961464216085e-01
1.124847974806382656e+00
5.299378251550818097e-01
9.605775553143601764e-01
7.941846474277355350e-01
9.429608490879820559e-01
8.338215504307153747e-01
1.112491156278093030e+00
1.836989322802313085e+00
1.492108798533827274e+00
4.736406759355833440e-01
2.368770867292848248e+00
3.847969285860857180e-01
8.090056674462775543e-01
6.975586315463970788e-01
6.816804731709158460e-01
8.768565014510703026e-01
1.049112558193828093e+00
9.173236573605799693e-01
8.678552197341182772e-01
6.420458481125635997e-01
1.693847121664975308e+00
9.015783912033137337e-01
1.151844085292195174e+00
8.561964188823948385e-01
9.535075435112293496e-01
9.201661862330121622e-01
8.600963281844951069e-01
7.956491404928489608e-01
1.242496788871312985e+00
1.161544327312319602e+00
6.199088484106987096e-01
5.603155892157640761e-01
9.337800992565166158e-01
1.510738285140798220e+00
2.026171928553069712e+00
7.140799348106821043e-01
6.215616342935287308e-01
8.112357849434964630e-01
8.379396161473027238e-01
6.257750171659398619e-01
9.125963102739726995e-01
1.752398536644703686e+00
6.546382156578339773e-01
9.529168889047942015e-01
1.440984918253483515e+00
4.515591698131126153e-01
9.748633809230399239e-01
7.300875984191639301e-01
5.254028053099764062e-01
1.421265091621879417e+00
6.466349555270042293e-01
7.928352490994690083e-01
1.210608413870172040e+00
6.245356776556075795e-01
7.020404055814513100e-01
5.833600048911142810e-01
4.886749214490214710e-01
1.472060799994007407e+00
1.336054100132425315e+00
6.556028701133582715e-01
8.360122685680652088e-01
1.846586347677929618e+00
9.831889876170142317e-01
9.488703520448689144e-01
8.256968080814368616e-01
1.408389294049457341e+00
7.034677406110650955e-01
2.018446886453737044e+00
6.963726201465522125e-01
9.226679365789713927e-01
9.226457584859062422e-01
1.280212609579231664e+00
9.044872382567232805e-01
1.277807800808145267e+00
8.417491129178735765e-01
1.243480028360124834e+00
1.068238430284842222e+00
8.853103239306719940e-01
1.205572205724761536e+00
1.523974808765149902e+00
1.165500172101748833e+00
1.003801222434868690e+00
1.069892831961722690e+00
1.243696630903961431e+00
1.052222591247505834e+00
9.855409480729394600e-01
6.844097787924374732e-01
9.489201059263751015e-01
4.992384442333124284e-01
1.141546872643126820e+00
7.389023843176151241e-01
2.210765333809346700e+00
9.188736702734793260e-01
9.966396962647597890e-01
6.741331760117192928e-01
6.153349873961466709e-01
1.088197742013031766e+00
8.666935173093233136e-01
8.958716259937481441e-01
1.106364812468289882e+00
3.485956773792712404e+00
1.434655998457401660e+00
6.935634002199367876e-01
7.432551642174937134e-01
4.596959556802348579e-01
1.014761452888937709e+00
2.123381619076481375e+00
1.152095799196070303e+00
1.355004343920695131e+00
1.126318522776034170e+00
8.292264463168076416e-01
6.652007775392198008e-01
1.167584530610244142e+00
1.382480808734155353e+00
7.959259695585221284e-01
1.255211675151275630e+00
5.303827851972663376e-01
1.747351330659162816e+00
1.461224341307143293e+00
1.140385202050127278e+00
1.132281044464148678e+00
1.087331951040285238e+00
1.941981400275050618e+00
8.828623229193188759e-01
1.132768816544854840e+00
7.068498729405595649e-01
1.248757129457698456e+00
9.767406144360833986e-01
9.717000039746451767e-01
4.455759859311229087e-01
9.671308351171163942e-01
1.271378322176533349e+00
9.213433973702651603e-01
9.390558242150051083e-01
7.186972014811826570e-01
7.331389632111715571e-01
6.782836505421330209e-01
1.271816604878207579e+00
9.447315842049747170e-01
7.297929265755072059e-01
1.255324821939932445e+00
2.137398653218028688e+00
3.968988721796768426e-01
2.294701961567368720e+00
9.892669674344386488e-01
7.953118169706097085e-01
5.871599605483519557e-01
1.203143911770512720e+00
1.145685822422589872e+00
1.065966847556736319e+00
1.421270339778374581e+00
1.236339883309744758e+00
4.476082616758295107e-01
1.373463815157285994e+00
1.559342844315103394e+00
3.014332009977470417e+00
9.123857803018475821e-01
5.485662826734664099e-01
7.281768129109073007e-01
1.118103686502840421e+00
1.009207543448167987e+00
6.004154280020708168e-01
1.155334889444858293e+00
8.031413696413041148e-01
9.233617757580772079e-01
1.435891054982562975e+00
1.058144381790886657e+00
5.473103760086048819e-01
7.982672443764691206e-01
1.488119031200993758e+00
6.376360786594376107e-01
7.487472503874815777e-01
9.339671522911755508e-01
1.376230076035839689e+00
1.560526340089721575e+00
