1.272319118753170164e+00
8.567357468767408113e-01
1.683624210639333540e+00
2.065910552988857951e+00
5.521729751590496171e-01
1.023505508994840607e+00
6.795796019637029284e-01
1.007783662469218244e+00
8.373083666600313890e-01
8.311053319528250993e-01
7.776529328549878217e-01
1.285455753332496842e+00
1.273178384443866662e+00
3.962252944652331910e-01
2.148754168160845079e+00
1.272534000369218710e+00
6.625768972212729979e-01
1.913337516429251650e+00
7.370381333419226966e-01
1.115100396581252928e+00
5.033584836460850420e-01
1.230445438482759890e+00
7.833246650328639094e-01
1.495983375744206478e+00
1.711660554394682787e+00
4.874203829860327408e-01
6.147928825549029419e-01
6.345931843535157491e-01
7.793609458739053641e-01
5.583480068539568020e-01
4.627317464597581198e-01
8.778793751585770577e-01
5.350289907780075849e-01
1.231632731292749527e+00
6.919553203947120812e-01
7.567597420676170916e-01
6.770391956568660996e-01
7.432184698960306868e-01
1.583249489446927782e+00
1.549042050882664112e+00
1.436878680444368062e+00
7.066307526879477274e-01
1.097791153067213088e+00
5.459714568810133395e-01
9.415500754291513674e-01
1.502737729594734839e+00
8.533010553523283637e-01
8.254874195621088040e-01
2.199211201767880208e+00
1.025873468926916221e+00
7.047560548279214743e-01
1.634571935019569322e+00
1.233156498044971405e+00
1.175704815449909235e+00
1.086341729520568400e+00
8.692773826827522310e-01
1.179821392159994042e+00
1.017151075518273329e+00
7.752250070366619727e-01
9.799685470372331286e-01
6.753574580542625050e-01
5.763971631169793053e-01
7.566005371081211406e-01
1.126614764056809825e+00
7.328227343273502337e-01
4.612446591445356070e-01
9.262645229733511565e-01
7.799788087797376868e-01
9.844802754444677007e-01
1.079327060416125805e+00
2.858151789545296140e+00
5.474138806801649437e-01
6.371810275511186061e-01
9.616525026490503336e-01
8.125199366412320101e-01
1.002538779321054729e+00
8.919748874148706319e-01
7.897127181611975910e-01
2.463938160516807141e+00
8.123059928752439651e-01
8.024901691296509876e-01
7.837663540020555208e-01
1.069327761841520008e+00
1.321610280874693455e+00
7.890537309158202062e-01
8.092471524667753657e-01
7.511155868693050186e-01
5.257113034715770183e-01
1.824141449076299493e+00
1.106711024672024202e+00
1.103995185031279469e+00
8.204052665002611322e-01
1.368977481390723394e+00
2.185721455959374726e+00
6.335152333901024058e-01
1.127374646810399561e+00
1.424461356238991394e+00
6.001067859682835959e-01
8.383880748590964993e-01
1.229089403686116411e+00
1.351939277497820946e+00
6.852285774895447990e-01
7.649763870380263953e-01
1.219588029512253646e+00
6.763861722544981525e-01
4.373954856332003538e-01
6.673425089530289345e-01
6.815859061332794067e-01
7.150285378820345761e-01
2.144602816882395846e+00
5.478932824521305367e-01
7.629229369047194620e-01
8.422438597092256618e-01
3.252772759166036476e+00
1.755851455624408031e+00
1.967982253841697116e+00
8.022283272033891022e-01
4.690737072224462900e-01
8.169580120526157563e-01
5.945183383222808482e-01
7.344391927901121608e-01
9.239634709181436811e-01
6.344881016273226093e-01
7.094477680607401693e-01
5.707238443955066076e-01
1.182023897248252631e+00
7.401678647019331869e-01
8.037767459258601255e-01
1.037075909738990998e+00
5.237752406104616565e-01
2.094540131798928950e+00
5.141594486976406309e-01
6.996717276197134128e-01
6.158937690113004404e-01
1.213092273101810559e+00
9.172667750778636941e-01
6.761160971049221535e-01
1.223289622168810098e+00
2.419682732578383177e+00
9.074504811259075376e-01
1.672103351474190536e+00
2.063256876568680287e+00
7.269932513125549889e-01
6.225698040946965328e-01
9.100333307980761344e-01
2.638914091387100314e+00
6.345177966336402742e-01
7.381587852390335547e-01
1.205124324791893686e+00
1.194232419844041271e+00
1.732725742166972394e+00
5.870912618543534522e-01
6.839062015927329652e-01
6.448363655733786448e-01
1.677297270915879990e+00
1.497101520844384304e+00
8.743632596985158045e-01
1.169930919684494253e+00
9.180942542392023231e-01
3.619332230440678977e+00
5.797153652195977669e-01
1.043500774620768734e+00
7.073784142409152986e-01
1.079760520721521511e+00
9.488293062025534574e-01
6.151909455699123841e-01
7.086617025945836090e-01
1.854420718567961535e+00
8.464786611276291506e-01
1.678644977485089562e+00
4.481683984586283809e-01
1.947507206674270019e+00
5.150243009773048941e-01
1.445211985155045342e+00
7.844164283018044692e-01
7.848434845688120332e-01
2.025441752777147553e+00
8.717692080811920707e-01
1.114287528175679665e+00
7.148623909769880047e-01
7.623392949369354188e-01
1.198542470358055390e+00
6.534257342041326355e-01
1.618565684184192888e+00
4.950195323622961219e-01
4.633891137472827548e-01
9.344353774078928421e-01
1.286432417466958800e+00
7.645491602327159075e-01
8.691650738712994873e-01
1.007071693211359253e+00
5.471347316424833851e-01
6.167048923216654766e-01
7.006984417953382449e-01
5.726598431176891379e-01
7.398866531831981286e-01
9.481327761162667844e-01
8.599588638296624676e-01
8.924037306893894961e-01
9.919985332262959421e-01
7.741219298878417865e-01
1.292223298664284314e+00
1.346134560468832619e+00
1.042918672758041509e+00
8.462538044216636468e-01
8.257893251118577638e-01
6.302765209156475645e-01
2.199301108551748651e+00
5.807302799090491296e-01
1.420855539394587863e+00
5.427037764649716989e-01
1.202408546896090558e+00
1.080699752109598899e+00
7.689085837351496977e-01
1.858667081106591734e+00
8.924296434396883360e-01
1.055565365114446763e+00
9.155729149341984563e-01
9.365550166925608044e-01
1.472519855349485596e+00
7.121635768298942848e-01
7.998050819534364697e-01
7.859367824340997011e-01
1.286343585914748067e+00
6.215541131329593849e-01
2.094304918828970852e+00
5.968521294137122402e-01
6.897984712294495946e-01
5.879248492744773014e-01
7.530217908711962504e-01
7.463336555774097159e-01
9.479389949118881553e-01
6.590524506340071920e-01
8.203434254447953267e-01
6.819130241605307896e-01
1.459073423615979914e+00
1.029989455352589456e+00
5.783383683500069594e-01
6.275420117024637090e-01
1.812081585702167486e+00
8.765972020977629287e-01
1.298220492142194482e+00
8.514101140941585655e-01
5.844132088074434073e-01
1.396670130429410683e+00
8.230415509096997706e-01
8.176576471492310594e-01
1.341519540073012662e+00
1.082298279338966385e+00
1.026306176754286925e+00
1.071562486474967990e+00
9.141752022869131800e-01
8.367012578103857345e-01
1.201548953886662607e+00
6.217494571935064940e-01
1.196691429617287250e+00
1.213738360846196462e+00
8.783111618773854490e-01
1.330659978279144617e+00
7.084755658640073950e-01
5.922143277665541383e-01
7.628509328822665747e-01
6.973641538638027937e-01
2.280146225942689231e+00
4.660149121044644183e+00
6.006265569767520462e-01
6.336487097192021745e-01
1.368859942619692793e+00
4.711617618747692138e-01
2.429696486371009101e+00
1.345428365241115198e+00
7.830947419427324308e-01
6.203962393513566820e-01
1.160311455167199135e+00
8.470890123047758458e-01
7.173906756032968346e-01
1.264367265772422755e+00
1.193430193600860445e+00
1.192269571134142447e+00
7.488703926254096643e-01
1.781524205039246356e+00
8.469292976987923272e-01
1.462643710725327395e+00
7.962301767445304490e-01
6.902575291564476689e-01
8.710563462036379212e-01
8.434283987917000625e-01
1.132448625667374031e+00
7.628691092934019036e-01
6.160845860105294003e-01
1.215979759295539031e+00
7.877729713649671561e-01
6.399392306095712524e-01
7.936095951694489559e-01
1.145562038655247195e+00
7.778936599287714637e-01
1.194488469022530364e+00
1.401126771138548666e+00
7.449479634702013131e-01
9.746442234146740491e-01
