7.612576890042600297e+00
7.439656300370612207e+00
8.577024416492301739e+00
7.205385982169111081e+00
5.491655806958416264e+00
4.007525803354073268e+00
2.699700431918983234e+00
5.841695783145053333e+00
4.792580920855282756e+00
9.625233975126954888e+00
4.187256507628397628e+00
5.387008559746131908e+00
3.667741837220866330e+00
5.974971500113646528e+00
5.845342140214553339e+00
6.572645681471255052e+00
5.963856414258906113e+00
3.134745806189198181e+00
5.583316437319892245e+00
6.727693564444809482e+00
6.639314185601731921e+00
9.044437539344281518e+00
8.397295927041721342e+00
6.930723160446008002e+00
5.273860362621828557e+00
6.840479272372905761e+00
5.882321291497787819e+00
3.325135587653970770e+00
6.364448083482114882e+00
3.990172304211014431e+00
7.973642907450153139e+00
4.867508570162494053e+00
8.814453490483373344e+00
6.917871082451237719e+00
4.308806676855032158e+00
4.877729238130071643e+00
5.201583292327168984e+00
7.727018205919023330e+00
4.195530617590971900e+00
8.353847205562306755e+00
6.006353692895516794e+00
3.762349990896958651e+00
5.629297605524578252e+00
5.770138829891708454e+00
7.215920256665675936e+00
5.443784516524897477e+00
7.848097591017296537e+00
4.235515594853187515e+00
2.053397608784383710e+00
3.499487837634580600e+00
4.361039582288972483e+00
7.555503302572547319e+00
7.138120058706417304e+00
4.916221803163343118e+00
6.773567573821837939e+00
5.512714043983185874e+00
5.314579839670007466e+00
3.934502782401785748e+00
6.475584374697074708e+00
5.352967086702650867e+00
9.202275946068754209e+00
2.839598898148835371e+00
4.105785170716211852e+00
6.866916296371992523e+00
5.977748446696695694e+00
4.064659658868279735e+00
4.795147220595156412e+00
2.153814362416239359e+00
3.650224280879248440e+00
4.990884787853937965e+00
5.554321270668584276e+00
7.163340480493179285e+00
6.187514501454923099e+00
5.736451037457184654e+00
6.792810590694152495e+00
4.864568374213803281e+00
6.362159563718877919e+00
6.925360654814818773e+00
3.453942049363948552e+00
5.496219838410666192e+00
9.832319757940577887e+00
5.896546706036376762e+00
7.171190394240076316e+00
6.438160510045728202e+00
5.885060956900236562e+00
4.947865550676088908e+00
7.878976836257895577e+00
6.124364405345781748e+00
5.707626991776410641e+00
7.376199730569083179e+00
3.939608639880379126e+00
7.445426139405399546e+00
4.619395583077561263e+00
4.021955571612918945e+00
6.072320759064154139e+00
9.306169466424210057e+00
4.020222334583955615e+00
5.843928608744861641e+00
9.623769909686391344e+00
4.222000914339702149e+00
4.974770071108910230e+00
3.889392165482991714e+00
5.368564377419997591e+00
5.735887718887220821e+00
4.843970291498942871e+00
4.442665519928611140e+00
5.353724191630192308e+00
7.217722224228506178e+00
4.114745200875447928e+00
5.750979457980613496e+00
4.606079506542462454e+00
4.886898602368773048e+00
5.405874488592911753e+00
4.046369125836171143e+00
8.128985236679413973e+00
8.382127976407911518e+00
4.491219550046904985e+00
4.699915283711265879e+00
2.898089167911483521e+00
5.251726044144212402e+00
5.714162505738146436e+00
5.508295614488035064e+00
6.615408648722541862e+00
6.415696951125226200e+00
5.497947177795656337e+00
3.222176361768035679e+00
5.755661304306905812e+00
5.896897337180543097e+00
4.013853378662619598e+00
6.727361592973758242e+00
5.714073854128827179e+00
8.148969508957375041e+00
3.917117505608188388e+00
9.411355391051708708e+00
5.654690010719361837e+00
4.256095573362713935e+00
6.065852388577494203e+00
5.671349053199810974e+00
6.701124836740162571e+00
4.859316177634590339e+00
7.155071834909440653e+00
5.481075806037688736e+00
5.937457274858748413e+00
4.658405644967672288e+00
6.035245918944698751e+00
5.464227971539711959e+00
8.676289258888729705e+00
5.677748703926928542e+00
7.250386437383460780e+00
4.955739376638187643e+00
7.774263570974879300e+00
5.143364073183425589e+00
4.184963114145002550e+00
6.351307520355393699e+00
4.583440330671879614e+00
4.891975770524305211e+00
7.607677121879880211e+00
7.268576512956385294e+00
5.085071871981597269e+00
3.480683684490831542e+00
2.830334681932674012e+00
6.761173543042612977e+00
5.118042249583435677e+00
4.349661616877447123e+00
2.204830060128808888e+00
4.999722179615373463e+00
5.494421668249765744e+00
4.958058904050998805e+00
4.888659120456614104e+00
4.283059302884712594e+00
5.057863629885661183e+00
1.041058129743017524e+01
6.586100099892173709e+00
4.535896986491847471e+00
3.496490731500789817e+00
4.835712044937954701e+00
4.498413103023404247e+00
6.012236943387420318e+00
3.553149535428839378e+00
6.526614371427784000e+00
4.078031151604661453e+00
5.890453801682635770e+00
5.453793526646081524e+00
6.117446526544751073e+00
4.649607718989662963e+00
5.697395198916559877e+00
8.069066388389698474e+00
7.153292574059126885e+00
6.497006326168313528e+00
7.567710971890843297e+00
7.353634737755237794e+00
4.041440579590644511e+00
4.507545405322948007e+00
3.722484497778866697e+00
3.880979200323519951e+00
8.248025903054859498e+00
6.338836235653697138e+00
6.798724381367521552e+00
8.039449817497818174e+00
3.951106327799652540e+00
4.292514180805554247e+00
2.888872336522596118e+00
4.051622060523836666e+00
5.634646955636879895e+00
5.080868129905283581e+00
7.176618223851964018e+00
4.251871058980174034e+00
7.333082663688029079e+00
3.967883735799998757e+00
3.986877319244881424e+00
7.213144768598767520e+00
8.995926178993967071e+00
5.656915865307125202e+00
8.041014411342937152e+00
2.908723600327828063e+00
8.618840442792121692e+00
1.599257976150706639e+00
5.894519740851410283e+00
6.300027321347727138e+00
8.666899510053141853e+00
5.920827969664950174e+00
6.366863376633256522e+00
4.851177027745513293e+00
9.898551018823646075e+00
4.315287402947076245e+00
9.868090146088480452e+00
3.367510616091061060e+00
4.856718684830193311e+00
4.759399099775979636e+00
5.053609616867847265e+00
3.403150629537824656e+00
7.963266475859113847e+00
5.372281928807889351e+00
5.234421128950050850e+00
3.540693720707795311e+00
3.912465967683168344e+00
2.948614158196778856e+00
4.850418938903175103e+00
9.346371522659032038e+00
5.547845323818435759e+00
2.276076479554110410e+00
5.809649934993434961e+00
5.177308754819757830e+00
6.244562604399762407e+00
2.812589653338451345e+00
4.287335929440881266e+00
4.714316001691661207e+00
4.241805096673964215e+00
4.908943039787921236e+00
5.106483667141632488e+00
5.278112124445532238e+00
6.183218868900107523e+00
4.050778934837595990e+00
3.315903725734614671e+00
6.035769551803900512e+00
6.784246682138092233e+00
3.482134536759562415e+00
3.487037649387657812e+00
1.965990718710053375e+00
6.225469331073507639e+00
3.941044541146109026e+00
5.324310575667427159e+00
7.900341258411668122e+00
3.937227896766238189e+00
4.612791341405300116e+00
7.183680045912733902e+00
4.696150784319021554e+00
4.114311832869272045e+00
5.879070871985609514e+00
3.956969131647751770e+00
6.664715958211620439e+00
6.390528617349795049e+00
6.857876743816659904e+00
6.717463151164184687e+00
5.757738723791941737e+00
7.450813989979838681e+00
3.599905841074437784e+00
4.383155992144666335e+00
2.963423767186652125e+00
3.723947789706228750e+00
6.344338752185597841e+00
5.190430186046013361e+00
5.831043519992036295e+00
5.168727616001588032e+00
5.458035719900920846e+00
3.025670234287078486e+00
4.400330817226544511e+00
3.268717293939576329e+00
3.764679717858817387e+00
9.555869617768722790e+00
6.443578224757188444e+00
5.584747047238712625e+00
5.323431554467470406e+00
5.494102159270154218e+00
6.533735753215132114e+00
6.288942882002376500e+00
4.442085755873026010e+00
3.587450197408898589e+00
6.088972291003150517e+00
7.299699116200645932e+00
