2.002601727307976365e+00
2.995061998534475300e+00
5.323550991654920850e+00
3.965114857406117910e+00
7.292193401157552879e-01
2.767813651060223812e+00
5.093998843194790460e+00
5.167657147987043231e+00
4.362845105160482184e+00
4.958795931065728801e+00
2.676027387895619558e+00
2.222198152923467340e+00
3.502573527952373311e+00
2.307124823760382082e+00
1.577367010106921930e+00
3.252440613412451498e+00
5.748816750085044447e+00
3.704960619810385047e+00
3.252816686202975038e+00
5.206491659539264738e+00
4.402566494050011769e+00
2.887582256017406479e+00
3.447731755138289778e+00
1.426670441500776709e+00
2.589704532742409526e+00
2.891252665303351677e+00
3.429667726956119100e+00
2.629728190380683728e+00
2.749942103274940486e+00
4.830756236908052337e+00
1.159574737008824519e+00
2.955250613764426326e+00
6.510407149669711124e+00
5.084578122665559086e+00
1.995590207779400993e+00
1.416954653491666161e+00
2.112278647164161693e+00
2.496935283594204691e+00
1.861141193978847364e+00
4.551159377606851741e+00
3.029009843269723223e+00
5.782552739864414981e+00
4.173707454812315198e+00
7.819754152522356838e-01
3.233768051921607878e+00
3.982555702957919053e+00
2.007525160950649923e+00
1.625781915118911680e+00
2.233942740381301473e+00
4.138298397236389370e+00
2.378856423705727252e+00
2.085270597375930901e+00
5.786608378556655552e+00
2.282080554924953653e+00
4.362094279829226373e+00
2.706023258075268334e+00
9.139249863138317886e-01
2.392023749820463063e+00
3.745527359225607977e+00
2.245741182063243802e+00
2.737896306671296465e+00
3.794742312534375550e+00
4.687478887027781482e+00
1.459398097347455625e+00
4.120598941105179769e+00
4.428233343330493454e+00
5.008627013657452665e+00
2.367097066969573227e+00
5.062746405650707437e+00
3.509351728226273170e+00
2.175135950952638009e+00
5.381762858131994065e+00
5.586229070710859723e+00
4.275464399204075505e+00
4.059272982626523252e+00
4.876484475961436083e+00
3.473557620295460335e+00
2.202458972264594639e+00
2.638000020745715712e+00
3.466795960375658847e+00
2.769296559908308364e+00
5.086594229465112527e+00
4.305750773395259579e+00
1.460203782991585486e+00
4.422516717356635318e+00
4.072841103497816917e+00
3.319523262876840075e+00
3.148993595960842384e+00
3.167225371673111134e+00
4.077584166429556234e+00
3.584121954561011236e+00
5.695050018972403372e+00
3.537929051340208630e+00
9.538875176761609787e-01
2.334418362171996275e+00
3.462586064988758761e+00
2.571458069312396510e+00
3.847363154148261355e+00
4.356881556332524497e+00
4.315820748900348391e+00
3.042841280296800122e+00
2.326753302511265442e+00
2.906117172148961814e+00
4.073384085730254789e+00
2.763163016351173784e+00
1.436625720645348325e+00
7.421353898201865640e+00
2.759263823671908700e+00
4.507382564140902659e+00
3.749026661999602883e+00
2.816520604791745264e+00
5.207495172074060541e+00
1.262264890848322496e+00
1.028657256456518398e+00
2.005249167307299629e+00
2.061466184216557362e+00
6.226275939328330900e+00
4.362335585278859007e+00
4.656036499698247511e+00
1.238251758620908971e+00
2.832885726509501989e+00
1.158364295920608411e+00
5.545752720561590188e+00
1.790416789734602165e+00
8.565017853268592773e-01
3.436354771009049180e+00
1.978574954406252973e+00
2.182182081660479778e+00
1.130632465643644169e+00
4.098631716425048310e+00
2.093825644660916030e+00
2.563044703862013218e+00
2.277178006168504076e+00
3.184471702781024760e+00
2.962391693901615053e+00
1.842906737047162125e+00
2.327861279835010233e+00
7.489119606971523790e-01
1.230522058675835861e+00
3.167332135761498968e+00
2.936699752433665989e+00
2.474144757728821808e+00
1.409964975882171068e+00
4.976345119839678866e+00
2.968971549789421793e+00
1.060552880735346815e+00
3.060725459548229832e+00
2.369286189971746559e+00
3.821982484865222851e+00
2.212347558860109586e+00
1.887139912656431662e+00
3.151979992099712025e+00
2.308122133286448108e+00
3.020753235619153987e+00
3.743927826138198522e+00
9.535399390863185332e+00
4.826756278135652778e+00
3.394635778523066971e+00
3.594252941104437049e+00
1.590631402965184016e+00
2.953058294951004026e+00
1.997522211373012446e+00
8.128490956734839568e-01
2.044745798031364803e+00
2.000818240151166716e+00
1.786243999548868588e+00
4.052546558845954827e+00
3.661256748524439164e+00
1.752116257214557660e+00
3.639079160312979955e+00
2.544692804954207244e+00
9.952618218060851341e-01
3.978551344414876567e+00
4.849368607757700289e+00
1.900935839838356678e+00
3.056521215398222413e+00
5.763286060608544537e-01
2.102169664631633683e+00
4.751470084519896275e+00
5.760060879457821192e-01
3.877712436022431319e+00
2.063650150540363271e+00
2.793602020732898428e+00
8.732563135530744702e+00
2.294179382850815241e+00
1.943876301394361406e+00
3.559221173822759710e+00
3.541264446272606392e+00
2.734969892484136800e+00
5.719411291141059728e+00
3.812423318314027920e+00
3.769554341240163531e+00
3.128605189577839507e+00
1.539931539654392667e+00
2.779634431906943703e+00
3.663391193382137256e+00
2.325961334113858303e+00
1.848818013424200046e+00
5.160879082147222796e+00
2.283799529832568620e+00
9.027405933521002179e-01
1.800531714875553968e+00
2.487063347601015550e+00
3.189651177838442209e+00
3.582698074904225205e+00
1.800064992320837609e+00
3.808318753563691317e+00
1.789533326604824337e+00
3.885884511681878539e+00
5.288296598470787480e+00
2.254556359586299852e+00
1.121821607081870065e+00
1.859143428846336210e+00
4.803488304222137906e+00
4.700445983389110793e+00
9.880550620985373289e-01
3.434548557734663721e+00
4.992909851288347411e+00
7.000794329638621250e+00
1.082512580654302115e+00
2.786166239868260952e+00
1.283962522282828589e+00
5.877125447985747542e+00
4.951394641717584477e+00
1.775138573833322964e+00
1.356897097902324267e+00
4.709793755377141622e+00
2.186278209014564489e+00
5.046565161051780102e+00
3.669215711153893000e+00
2.554891136856208167e+00
1.065358010006734579e+00
1.355828247575316947e+00
1.570123900852520515e+00
4.639820779322828770e+00
2.781643291313924848e+00
4.373960185314279769e+00
3.117900461272275603e+00
3.281932232357412715e+00
1.950924460293754326e+00
5.145844759681159175e+00
2.108890954693713571e+00
3.739553976293603643e+00
3.737374671012633875e+00
5.572301525296080804e+00
5.064809112083417553e+00
5.154937716845300777e+00
3.649918989919568091e+00
3.539738301575332091e+00
2.425253906811913218e+00
4.833393427760511507e+00
2.434600549600453245e+00
1.446489339912460537e+00
3.152575682115418498e+00
4.238943366496658705e+00
5.097673107507977974e+00
1.813418099447593690e+00
2.503310673988309087e+00
2.251786637822401183e+00
6.505067702637106208e+00
3.450024641987713636e+00
4.791720921727900873e+00
4.910364374367086171e+00
1.051275862903205072e+00
1.844089046092954653e+00
2.407154500601668357e+00
1.344034917509905114e+00
2.258151728412030490e+00
5.876049802278724421e+00
1.173667111408848163e+00
3.012777127396725430e+00
4.547828286476037540e+00
5.849965649556971847e+00
2.439531505438513825e+00
1.068390581901958791e+00
1.922005277600006501e+00
2.556263776410876432e+00
2.586787811481507937e+00
4.399635812635923848e+00
2.151709865094982188e+00
3.500100550839989832e+00
4.649579419060424712e+00
1.769052139306995119e+00
3.044501893973938778e+00
7.827587452860662598e-01
1.776704834001197053e+00
3.727148161922728686e+00
1.197898362707966458e+00
3.760720811181085921e+00
2.437848435190164142e+00
1.538166811268343981e+00
3.004415422896664190e+00
1.786252734459490954e+00
4.998321523059719773e+00
1.334909353768544360e+00
1.147829345593489370e+00
2.894349246207043258e+00
2.469523105397893215e+00
1.794108995246520566e+00
2.302119600845494052e+00
