4.766168762690345395e-01
8.034119585468386671e-01
1.257086155585558140e+00
1.268397649695429230e+00
8.237481058055906580e-01
5.568838322947875508e-01
1.045315246045259938e+00
5.690418414216925624e-01
8.210834721094992794e-01
7.735307943712371737e-01
6.822279279012575248e-01
8.460661914080030988e-01
2.128954929088307857e+00
1.181969872887663309e+00
1.142946091241639373e+00
5.737024016218599254e-01
1.154243122895190155e+00
5.349064364639126712e-01
1.148778292677369306e+00
9.149770582724189305e-01
4.660221243301635452e-01
5.694130179604547370e-01
8.757393752324384995e-01
9.901248910736962783e-01
1.423277002958955872e+00
7.187798275075850674e-01
6.302892954973023931e-01
3.689601430693522088e-01
6.741917935648360505e-01
8.396429655344266330e-01
9.192522664170056368e-01
9.334666875788196760e-01
7.922191735799317680e-01
1.593652666228292158e+00
8.589848923617871002e-01
8.182224054081735920e-01
1.155468430378605360e+00
8.305548816917124322e-01
1.028666324706201785e+00
1.026006795607292243e+00
9.704378348932666265e-01
8.076888274352320707e-01
8.731683774343321769e-01
4.526266417741324766e-01
8.009816016675705974e-01
1.151654127983916753e+00
8.608202994388767237e-01
6.032268492280099537e-01
1.734188458785136833e+00
1.269098760218458688e+00
1.052836839345687281e+00
6.891144322024885804e-01
5.136695291812715114e-01
1.158954562633698782e+00
4.413017065177080034e-01
6.101036834730170222e-01
8.062602647800383160e-01
1.821115118887621787e+00
6.742860262927982129e-01
8.488751491559292095e-01
7.397820663407727038e-01
1.100710841519097816e+00
1.746120886355579271e+00
8.712113709962752139e-01
1.750033662838886395e+00
8.691466600375356011e-01
7.338243075260919568e-01
4.847465378735323904e-01
7.761049301186931926e-01
6.609549619267078846e-01
9.374825664332741004e-01
9.836138791498686418e-01
1.834558124755352626e+00
7.232831213154897743e-01
1.625475367024734163e+00
9.650424840323105213e-01
8.578070373641477619e-01
1.140368194743717423e+00
6.037955535731427403e-01
1.739752140839916583e+00
7.025043781871962434e-01
7.047930819089232024e-01
1.298058380928661659e+00
8.042205263109525326e-01
8.191459510681720069e-01
1.062401769934878226e+00
8.318864575265402239e-01
9.119647390522563901e-01
1.035293149274421287e+00
6.769034455842820597e-01
1.201544427862003772e+00
6.755562839199507064e-01
1.409278967921508752e+00
1.401901055346082892e+00
1.423940259390887642e+00
1.900246660069297100e+00
1.111924410410251696e+00
6.514633734292042400e-01
1.175680183998802697e+00
1.048348025894326518e+00
4.783285128295541866e-01
1.716845725481401352e+00
7.102273893680434158e-01
5.578554510962605573e-01
1.120312386038202934e+00
1.010261950149408783e+00
7.928391985927056851e-01
6.618294405180020767e-01
6.815732152168677560e-01
1.625701353676919592e+00
6.033625580105518305e-01
8.415828378638492424e-01
4.738230538285115867e-01
5.319491016770242497e-01
1.108968447881001129e+00
6.987822770572578168e-01
9.966779651250192718e-01
4.596554857129235283e-01
1.357079219077971466e+00
1.032541404662683071e+00
8.728341480254322438e-01
6.369887360934499698e-01
7.123347674753762737e-01
7.614519213021192501e-01
7.597830705491401826e-01
1.240076844533823941e+00
2.898530762236213754e+00
8.312387705802443127e-01
6.086074404017768336e-01
7.445988451361539306e-01
1.122272067633667048e+00
6.043403868360699427e-01
1.401126147189533322e+00
1.205224920526113186e+00
8.495623476067480917e-01
1.703744540886594327e+00
1.181008502009096572e+00
1.372537874218795473e+00
1.201162301369937735e+00
1.393132084406528914e+00
8.847722201652059582e-01
1.117087230263134057e+00
1.395870756128946732e+00
1.188973698048668037e+00
1.025675601949520788e+00
9.487584900852541470e-01
1.993884610568020799e+00
8.100188814811390969e-01
6.610880117154986912e-01
6.852877615617316565e-01
8.457521996318813073e-01
1.038837813046759484e+00
1.363893702998787649e+00
8.175516239851610134e-01
5.724042346406073012e-01
8.569049753600084252e-01
6.853826654653187855e-01
5.090443905393080559e-01
7.957738995039380647e-01
6.002996316818464129e-01
9.322214311087518857e-01
1.506588141244901813e+00
8.284069020878772616e-01
1.828363507186240744e+00
9.160332581602048663e-01
8.440099110185705911e-01
9.813287537624894030e-01
6.902544747420198412e-01
1.009806111620591862e+00
1.155320523843815117e+00
1.308030700266769486e+00
1.023795068151330145e+00
1.223488520714429040e+00
5.842127836192770873e-01
1.115365971843238935e+00
6.904984165647637395e-01
1.490917016286205099e+00
8.059119532153978804e-01
7.960070281844656703e-01
1.093387713076471091e+00
4.829092573794923626e-01
7.814987827067045867e-01
8.975791635331674678e-01
1.195258623133200748e+00
6.053083112360555518e-01
9.437685499179487847e-01
8.305485794401157307e-01
8.858266414720408211e-01
7.540962211991378839e-01
7.058247405119775220e-01
6.667153561812868556e-01
7.278082368316033390e-01
1.146064215617332183e+00
1.034555722875768469e+00
7.327514866505806523e-01
1.539815092770482785e+00
9.991915912775493069e-01
5.103880813835725005e-01
7.218528679078461963e-01
4.177229447973352383e-01
1.589572744163496809e+00
5.674122808840466048e-01
7.721448410302899079e-01
1.048093045509958410e+00
5.276348488664590608e-01
1.149622530007346377e+00
1.429450842894433915e+00
1.000437878336025488e+00
1.307526814808976923e+00
8.017070473269641839e-01
2.374602838156403717e+00
9.018174279822350758e-01
7.653440292467902362e-01
9.213110004242373030e-01
9.870257092045906511e-01
6.352013840143475587e-01
8.079386081632842220e-01
6.053311791136437581e-01
8.148994728611191896e-01
8.367750944302214666e-01
1.707180869374949062e+00
8.690794806698611819e-01
9.793294662221073699e-01
9.712190579275393754e-01
8.813964595062401264e-01
7.510587351578636994e-01
7.148862231378194654e-01
1.187877595136447306e+00
7.907107066856140509e-01
1.092828266005043458e+00
8.504052715649844663e-01
1.382367878317783738e+00
1.136457609831329707e+00
5.662583671160210663e-01
1.054129950980072339e+00
4.773152540238645436e-01
1.065844351556173297e+00
2.335402987507615880e+00
8.248490479535722786e-01
7.945817323994176506e-01
1.919315873918139959e+00
1.471069882588785571e+00
1.383749772938821510e+00
8.748608148857336397e-01
1.251441898642203565e+00
7.022804069035796237e-01
1.273849996799396367e+00
9.688935193391552403e-01
1.083521688115652637e+00
8.716741747642191562e-01
9.330509395717022647e-01
1.636416590799522286e+00
1.010812245684181043e+00
6.559001682805163380e-01
6.164865928603702194e-01
8.618168884079545622e-01
8.661067986627494220e-01
9.552408714758596764e-01
6.984753002248259568e-01
1.496246448326110201e+00
9.156345712997348008e-01
6.820999423005236206e-01
8.752942265519566556e-01
5.671885251062078748e-01
7.898500283499175767e-01
2.228806242304567586e+00
8.368318158803251805e-01
6.866516033375488215e-01
7.538527959302715464e-01
1.202151790809347753e+00
8.652418125592906684e-01
9.729956155822343522e-01
8.100339296122814892e-01
1.078674707289759782e+00
7.200599719576642466e-01
3.664290397339031724e-01
6.274795346273637220e-01
6.742085982784224996e-01
1.467197115634655935e+00
1.223872768092796548e+00
8.921193378553174957e-01
1.005276708055486523e+00
5.822423844537398807e-01
1.447055668264501493e+00
1.565545679932954570e+00
4.337238681611798041e-01
7.690955294951897780e-01
4.686312230038223170e-01
1.554694959343125182e+00
1.030599640793706140e+00
7.904040628568235194e-01
6.675955667201987076e-01
7.120907710328986395e-01
8.929034314646473458e-01
5.986154874097189271e-01
1.231922125011828184e+00
6.171289499799613720e-01
1.170204761228014201e+00
1.459162874411207733e+00
9.603392751026369467e-01
7.975539836779933500e-01
8.293712426205663846e-01
1.541468172594505859e+00
6.166256427532834650e-01
1.412955860482750570e+00
9.836671800729470672e-01
1.341615557838791162e+00
9.005377641823765211e-01
4.385919837580087299e-01
6.441913191546720929e-01
2.526521112015381210e+00
1.294155694642442178e+00
4.981480839062260912e+00
1.853310044635292364e+00
2.371050129124464334e+00
8.776320069204185392e-01
8.353846704592849948e-01
8.457107308572967552e-01
1.301098662479646784e+00
5.230328429865102047e-01
4.749747151879055163e-01
1.236041394523444303e+00
7.825678421337347590e-01
5.482184335513277107e-01
1.469916796567881656e+00
5.697093998157712891e-01
7.339671232951945345e-01
2.076117237353236611e+00
7.987494546248674610e-01
7.545963859587461187e-01
1.180074786724404357e+00
4.778617495950159832e-01
9.540728764084891456e-01
7.059826189010210973e-01
6.229913593492465429e-01
2.454679659407891457e+00
7.579440805495493150e-01
6.726434782879289198e-01
1.585708280996855457e+00
1.476470034059208514e+00
7.571927058504492880e-01
8.260961875721333225e-01
7.550760259850137768e-01
4.410714354532423997e-01
2.911328743073616554e+00
5.520886890491517596e-01
8.566340219202165374e-01
1.381850697848038267e+00
5.898159523471316890e-01
9.383669515137200712e-01
5.165596602470160503e-01
1.480971722478831909e+00
1.210099465240227712e+00
1.042567015401257624e+00
1.605150084383633491e+00
7.259296332696594245e-01
1.881238271746785928e+00
1.896863166624169983e+00
5.951391676423481991e-01
8.411633848496342658e-01
8.822701893200060042e-01
1.087244142119509593e+00
1.322580352636211654e+00
1.095633521564578050e+00
6.643822981113727266e-01
9.010050435556468118e-01
8.789306156564177241e-01
1.356534814869421623e+00
1.395866002179752430e+00
7.813108619563359225e-01
6.707677394150799444e-01
5.538324425598164513e-01
8.717743240762878543e-01
1.380422847024184163e+00
8.840912097267363823e-01
6.386404735402791966e-01
1.003823432613649480e+00
1.103027383877774215e+00
1.896555251508706741e+00
5.216672499358419035e-01
1.277479442628194795e+00
8.831104820106329134e-01
7.494460574920315254e-01
1.727099004284629258e+00
1.478759668523268456e+00
1.584688662880142207e+00
1.790724608317143085e+00
4.301512443420545395e-01
6.662796682090812439e-01
6.778019701781566875e-01
9.045397855260344233e-01
4.361329806318723912e-01
9.154670722226069257e-01
6.252503377850708866e-01
5.606958449690228052e-01
5.944339173278710975e-01
2.354806256525692199e+00
1.463965836794214992e+00
9.929204404956354368e-01
1.119213134913336960e+00
1.021346094385711778e+00
4.966657233737018506e-01
5.233988865927691192e-01
7.920379099151492186e-01
3.382548475663474719e+00
6.866406590906178886e-01
9.672470873241608702e-01
4.999775588094672041e-01
1.071732513132971132e+00
8.801953365970376364e-01
7.442368652631111692e-01
1.047034490281427921e+00
7.585482768062856707e-01
8.050875701607550505e-01
4.945958458647237710e-01
1.567782727135070830e+00
1.062641080949850991e+00
5.637345673232774246e-01
5.451458998848555115e-01
1.450895867939891115e+00
1.583098682422650283e+00
6.712543470364880083e-01
2.010594820116410109e+00
8.975363163467257044e-01
1.272156382747332115e+00
1.113353381252643493e+00
9.917434236304797368e-01
5.699594374211870429e-01
6.476871914602775337e-01
9.398528219737953826e-01
1.000128205729174047e+00
1.317444961536692771e+00
1.086801377414193803e+00
9.690429933418223118e-01
2.330259645936335389e+00
1.262707781488681347e+00
1.161637786392951455e+00
8.724308377802371117e-01
7.632563465688467774e-01
2.355320892607565053e+00
5.405445371911400398e-01
7.385513401718386550e-01
8.397521834159415999e-01
7.519127543744702491e-01
5.438017669859481762e-01
1.330321981074063853e+00
6.695817148858487222e-01
8.405537667657223544e-01
1.690022220436303124e+00
8.025704696833512175e-01
1.305531986800201993e+00
9.441959395126896526e-01
1.050625804179068146e+00
1.324216321489405157e+00
9.122596341391593366e-01
7.312931664176518520e-01
9.371076071998708512e-01
9.221136955398170354e-01
7.059084322588312643e-01
1.175116340360173650e+00
1.411500592294451684e+00
1.090494285421780063e+00
3.920968326300447448e-01
4.998039340058619828e-01
7.204727080201382972e-01
7.656728464526421085e-01
1.024718624236997888e+00
1.022031916099867654e+00
8.059493566922147911e-01
6.671099374006935756e-01
7.025336562325892320e-01
1.134562667537857283e+00
1.027807016278318164e+00
6.767741474587676276e-01
5.017387824114885042e-01
1.619297639148122858e+00
1.709465486942567836e+00
9.677946537709893882e-01
7.830034703810428987e-01
1.326056340731665006e+00
6.007475521537091190e-01
7.859361196544641937e-01
8.689902735805119516e-01
6.203604404582886422e-01
1.420351366592294884e+00
7.041847342979064006e-01
3.131166478523472740e+00
9.052175521760290611e-01
1.122683194780538685e+00
8.661452920086930574e-01
5.684350304053128466e-01
6.565465258668766735e-01
6.255570343763205976e-01
8.034947808497373556e-01
1.460174494837112702e+00
7.448302006621965177e-01
1.398327205675665041e+00
1.238881895499431396e+00
2.138705030658643480e+00
1.297995012341216503e+00
