8.649504783458563661e-01
1.357295582574299830e+00
2.466960490659852123e+00
1.574536305989219009e+00
7.299377188913243053e-01
9.606108275608854496e-01
1.248355192034646732e+00
7.149141423660032579e-01
1.729354341222329561e+00
1.038751470515733022e+00
3.025285309919135912e+00
9.718702142033476266e-01
6.692908495062982466e-01
1.690480724642216437e+00
2.407968726433749040e+00
1.260905582522097390e+00
1.772530464515509108e+00
1.505417137797031790e+00
6.483385030687474071e-01
5.288693785306053385e-01
1.005121820068070715e+00
6.496082464540169354e-01
5.633700845681651748e-01
2.096356737533104031e+00
1.167309515048063684e+00
9.211836031980612516e-01
6.957869670829368580e-01
9.350917266510677672e-01
1.812001594263165538e+00
1.779171983636530063e+00
8.561837341094030718e-01
1.093898913202227208e+00
7.840026974328618836e-01
2.890278713008979317e+00
1.071105685112208272e+00
5.296716880281276962e-01
1.467740073300113357e+00
1.416979789527959444e+00
1.577938682179896634e+00
7.806632413855019159e-01
9.416963875623570734e-01
1.079121732791010313e+00
7.047305775644189252e-01
3.048783953573952044e+00
1.111154973808348823e+00
1.132662372436732401e+00
6.529030048525258367e-01
1.381375432430532735e+00
1.157902429954492884e+00
1.506159839296096203e+00
1.282526583158335676e+00
6.438174231233445566e-01
5.424830023795355061e-01
2.562156263484188568e+00
7.627965554913308521e-01
1.018407184287333900e+00
6.463197457227096709e-01
8.055418248862477038e-01
7.482342111228212911e-01
1.132844831137694186e+00
1.423048679856979692e+00
8.255673519801824956e-01
6.479676142463883792e-01
9.550609947212708173e-01
1.677781785769615785e+00
6.694714060279887136e-01
9.864347167539194716e-01
2.526347483789833870e+00
2.308976130708202845e+00
2.108022705358877591e+00
8.897158122356014776e-01
8.736249748927868986e-01
8.116119262460824713e-01
6.512550550009271744e-01
1.860739373649200834e+00
1.098566405703605975e+00
4.650805046295503065e-01
1.725507375868847282e+00
1.045542214596307140e+00
1.940953449313022494e+00
1.074687570331122055e+00
1.440878858076775071e+00
2.163649127603059608e+00
1.021477394468908839e+00
2.102759029130774504e+00
1.305316955676658619e+00
6.789696493046015746e-01
1.168213950868653983e+00
5.566217488897771126e-01
5.997751807198812291e-01
9.401733592323170408e-01
1.019944644366051367e+00
8.108916198189807245e-01
8.843963850041370867e-01
1.418991172796867595e+00
5.616567675014375594e-01
1.164170888578399010e+00
1.111513746825298021e+00
8.245970243176462544e-01
1.123763506140998736e+00
5.472798536106693312e-01
8.307573291967902396e-01
1.493854819244246901e+00
7.154322400651242919e-01
6.840570144982183187e-01
2.539001632818154608e+00
1.386955886808237226e+00
8.990641703883935909e-01
1.372217065432079774e+00
1.530335915220739196e+00
7.968958838736049932e-01
7.095483915236474592e-01
1.648677505495100393e+00
1.741583029800678695e+00
9.713146170677021685e-01
1.312840648254187670e+00
1.234259984674873190e+00
2.860968160083765977e+00
1.228125276501447427e+00
9.095793866887461609e-01
1.014324035594907025e+00
1.267897916465238639e+00
6.727861949053336454e-01
8.382647409561602148e-01
2.527191539888589134e+00
3.326176337325057020e+00
1.175863013776353494e+00
1.299574146773240679e+00
1.494850107938382022e+00
8.370185000468353120e-01
1.178416667933607886e+00
2.489990474854563818e+00
9.704778506129254634e-01
3.286730541813664974e+00
1.662434532187462288e+00
6.854495752873981385e-01
4.849998499828808707e-01
1.843085290290161327e+00
6.170609671900507687e-01
7.170190223280423769e-01
2.942904045165997129e+00
1.467143395327063393e+00
7.414756529180043243e-01
6.770307156168241525e-01
1.349239013049216451e+00
6.963564374681534552e-01
9.499903788358030621e-01
1.096386683313535171e+00
6.199990527100637250e-01
5.341937521354059859e-01
9.243778952862820031e-01
1.565809815734144683e+00
1.432207568866208369e+00
9.233778152097569247e-01
6.649000924510054533e-01
9.304316922690173408e-01
1.390231634682903783e+00
6.899129565711363821e-01
1.009663909908215418e+00
6.361885818062121833e-01
1.165150248959047730e+00
1.530083050330394157e+00
9.921656078528603429e-01
1.514589553419019685e+00
1.683054238933105795e+00
8.171027954003189375e-01
3.214848413517615633e+00
7.790958663606406542e-01
6.439393130432579104e-01
1.367107142267913300e+00
1.022303648719838476e+00
1.364173294085803789e+00
1.049451505450504696e+00
4.259601692873533629e-01
1.125077215771578487e+00
1.134662455037263928e+00
1.707603489092904825e+00
7.860480925220499904e-01
1.786384217205050806e+00
1.804016939318172419e+00
2.228225401229358305e+00
1.857749114571021876e+00
1.367694982886050292e+00
4.504906220877170075e-01
5.513065294844213815e-01
1.825631377840723379e+00
4.522345225224499998e-01
2.215772255021135617e+00
1.893982700172409661e+00
7.362728632738341217e-01
1.240093546413829628e+00
2.165510010289892318e+00
1.124452705358452542e+00
7.430101916552600549e-01
8.489866944552240113e-01
1.104626230292186762e+00
1.667452837826702616e+00
1.103072039866389131e+00
6.979609171551981461e-01
5.682893449592634205e-01
8.052565426070925625e-01
8.643780388602014808e-01
1.278687336742835967e+00
1.081367655895968394e+00
7.431145265271725808e-01
9.447408344946141012e-01
8.403284223850626677e-01
1.083224531526320700e+00
5.755311178553123019e-01
1.133082356943942104e+00
1.089270541218686716e+00
3.253692705210530445e+00
6.201602598195212757e-01
1.131182790460659726e+00
7.917148080225911988e-01
1.458550212976557514e+00
7.034251710870013108e-01
1.513598400399438937e+00
9.884440074765754591e-01
7.056120378379732161e-01
9.575500046020766209e-01
3.078137834656360816e+00
1.181318445919645521e+00
1.379546576746371489e+00
8.378608095839422676e-01
1.664962010516102708e+00
1.088924921984318006e+00
6.506466639544529196e-01
8.146648761247008430e-01
5.676014905217600104e-01
7.335853030810166597e-01
2.170722518709023330e+00
2.120452489397957496e+00
1.982133707322531135e+00
1.600168253910466021e+00
8.453412942725149204e-01
8.515585937512314407e-01
3.411604829374002890e+00
8.508597448813083330e-01
7.458987441927953377e-01
1.418309912235901527e+00
1.073351954762095328e+00
1.170430853950884087e+00
6.308610514044323825e-01
9.473000914676238393e-01
5.291202051827655906e-01
1.191423960786842207e+00
2.057428614931940292e+00
1.676376225852358681e+00
1.691055676402044128e+00
7.075505216512159024e-01
1.370165453088037832e+00
1.197002139322649983e+00
2.617610728104466933e+00
9.805841065226760245e-01
8.642113782382965237e-01
8.845826669690840527e-01
8.391194895906863849e-01
8.792461602574453972e-01
6.543530050391094255e-01
6.013940418695999934e-01
1.128803260469353864e+00
7.269421567961044106e-01
9.795052617283549479e-01
6.574303586152990819e-01
5.827295489173478504e-01
7.232458708391380497e-01
8.111098254533769536e-01
1.054898274154037585e+00
5.827040124659464970e-01
1.916195401662765363e+00
1.387234758881603636e+00
2.153239072765948947e+00
1.011920245302434074e+00
8.019325750434576072e-01
8.950848153640295068e-01
1.407851659869167049e+00
1.322494199062158815e+00
1.001597536561690927e+00
1.020297966287051938e+00
1.114654805084289491e+00
1.530350926725469130e+00
2.142616201940911402e+00
6.913038484321142318e-01
6.846857620763933117e-01
7.639258546136333816e-01
6.849159947021501438e-01
1.191106463975170948e+00
1.318405148717912034e+00
1.466341747939728712e+00
1.049925677297621762e+00
8.101012979763976274e-01
7.033166513473750880e-01
5.851825402711448021e-01
6.894754339814971322e-01
6.763818804533211493e-01
1.330796501351822592e+00
1.076474905773250557e+00
8.796794535241773128e-01
1.810400557624264994e+00
