3.540408536814406926e+00
5.087654533886123431e+00
4.687276568307879643e+00
5.066463627521510915e+00
3.755677050119061722e+00
3.354985860117794427e+00
3.444602298174706867e+00
4.706013480539358085e+00
2.799035964383571606e+00
3.218984462178232420e+00
3.500007074392811557e+00
5.302544683466387632e+00
5.934792401250120975e+00
1.888051287505862819e+00
3.459662343402738482e+00
4.338039017246220652e+00
4.560103848174327901e+00
2.452256811230577149e+00
6.098448439257122544e+00
5.548619344494857053e+00
5.200904482945354346e+00
5.298137294679873044e+00
5.299869880840843095e+00
3.505090255496807750e+00
4.564600093249789659e+00
4.450095276174391046e+00
2.832659731317405338e+00
3.863889975294928725e+00
6.727877678762444802e+00
4.524371996211563385e+00
5.983998378106787364e+00
6.628255534147474037e+00
4.099076907347797061e+00
3.609235327593480314e+00
4.016145437544293983e+00
4.212399519261643910e+00
4.651437104469468231e+00
6.351342505793655668e+00
4.486379055056686660e+00
3.969748097876465653e+00
2.589871024147457401e+00
4.456960253269608430e+00
2.645506653875790981e+00
7.096289735093469497e-01
6.653104849550035560e+00
2.083216289500565033e+00
5.747641843578662701e+00
4.467831068462995603e+00
3.932054780944925998e+00
3.069690509510430321e+00
3.182744651510246214e+00
2.894190239655832553e+00
2.262923433532131323e+00
1.111313892512391543e+00
6.068186425090964065e+00
2.711851441477869606e+00
2.768837889079145853e+00
3.207817841948953141e+00
5.180470013724461253e+00
3.381171106320532083e+00
4.697403360871499345e+00
3.222678485727257236e+00
3.335753691836029766e+00
2.810600586843039927e+00
5.132166979207861246e+00
1.927602099858994222e+00
4.723828310336885217e+00
2.108724100193089424e+00
2.081300427624911187e+00
4.087033071042737831e+00
2.807680101469387512e+00
4.105514050462107711e+00
5.167475462425450417e+00
2.316333573329691031e+00
6.161693133722227600e+00
2.783196539600437003e+00
3.677827859934953203e+00
4.451236071475476841e+00
6.334719551761853751e+00
5.404371312085205936e+00
4.231746513420339362e+00
4.226413222481312459e+00
3.335081964913337860e+00
5.430909981930565067e+00
5.786979040143455322e+00
2.676908760642688456e+00
5.061527940017465532e+00
5.750711117830961783e+00
4.317965797754989232e+00
5.028500292018260431e+00
3.046252947373690123e+00
3.463670375744575480e+00
3.771491227221657194e+00
4.476243351961886496e+00
3.404762578231688153e+00
5.651725304231155711e+00
4.590921059336722898e+00
3.315721885855417383e+00
5.139423973708235671e+00
3.443619750721726547e+00
5.544303075966002581e+00
2.961944933224281762e+00
3.794537896447399916e+00
5.761203213069313378e+00
4.091231477130667038e+00
6.278013609907895365e+00
4.495254635095758289e+00
2.856933878279788619e+00
4.154314637325715154e+00
1.930856872857277473e+00
4.043957686643643967e+00
2.487118796474702354e+00
3.780516142115409650e+00
4.513613237978143289e+00
2.516733724871502709e+00
8.116528869928689716e+00
1.430086022614397878e+00
6.294124215655045873e+00
3.600468067881457124e+00
1.798506599014580987e+00
6.210732720826773523e+00
3.239866979080621601e+00
6.107781326936406074e+00
3.083730860078913505e+00
3.988478781986755983e+00
3.471930888289653350e+00
3.285959076898623987e+00
3.075060566629888470e+00
3.172667567952726753e+00
2.661462225559857231e+00
4.254078653231690765e+00
9.038231767261525107e+00
5.174631983256657186e+00
3.707426461486330371e+00
4.158202936239178804e+00
6.929180283634805093e+00
3.155644529079585592e+00
3.652852228756554798e+00
6.150223967737580288e+00
4.728380917548038909e+00
4.741039781138565168e+00
4.286059041710227113e+00
4.619244479447935703e+00
3.939315892290361720e+00
5.559105579129385077e+00
4.116335095532141608e+00
4.130500923204783348e+00
4.058581065561786438e+00
5.531073581649249782e+00
4.732782866231532992e+00
5.178531307940079209e+00
2.918868982936770440e+00
4.800223173375941954e+00
6.134670515804447000e+00
4.097922990539745847e+00
2.534430934740433461e+00
6.117667824940504318e+00
4.431895212410481122e+00
5.385178032833079165e+00
3.610815434373950694e+00
2.712337543592468148e+00
5.696925113558044096e+00
8.089313427748866303e+00
7.664999639353430538e+00
4.194756780869921542e+00
3.332296492338644001e+00
4.337211179582681098e+00
6.144516026782193663e+00
1.899995919074225270e+00
4.064014221428891460e+00
1.732875144764975950e+00
4.961890938758809710e+00
3.095888092427467875e+00
7.125789950038260656e+00
5.879129639561173626e+00
5.931552375057229654e+00
4.568330526301005889e+00
1.517855522952200609e+00
3.928371292129088310e+00
2.996273905020802708e+00
4.194175023851879125e+00
3.478556034734631375e+00
6.492748442815952536e+00
5.676425110636555971e+00
3.334069774911626816e+00
8.125910615768988876e+00
2.938917222642954741e+00
3.727165941861701803e+00
5.520295124559350342e+00
2.652100112219771155e+00
3.997896693310608818e+00
5.276527869662889891e+00
6.068385758592686585e+00
5.056147180148014897e+00
4.265901734948776003e+00
3.541183365303147923e+00
4.283305245983711096e+00
3.395558191194762987e+00
1.424314174308123571e+00
7.065121992966049369e+00
4.342513564626470313e+00
3.612331547870260007e+00
3.976117718149081881e+00
3.601817617883939171e+00
3.950197984863014877e+00
6.209222762407416774e+00
4.286760829793749394e+00
1.519367215942026395e+00
4.657745418105610824e+00
5.265945553703089921e+00
3.340529447468455704e+00
3.492018514298940168e+00
3.231559923559674807e+00
4.188239196010883347e+00
1.327857833077610517e+00
4.783404840429192006e+00
2.952903854338313483e+00
3.793380982667186263e+00
3.867959253499881012e+00
3.576660247343419474e+00
3.463461699556954709e+00
4.738087900504281080e+00
5.438714161437602002e+00
2.090634542748112334e+00
4.056454803249258667e+00
1.963681829929257328e+00
3.873586292129135522e+00
3.253776839349271643e+00
5.388612327447493300e+00
6.435523125417778267e+00
3.531755002053332149e+00
4.135616469035732656e+00
1.026555746920337464e+00
4.028664929260519223e+00
3.238061207350583448e+00
5.141691056193182341e+00
3.918488184950500219e+00
5.630206683372063203e+00
5.261203251706584538e+00
4.180391399940636354e+00
5.792252646070590316e+00
3.108995065664774682e+00
3.814688021542901097e+00
2.554544972139597192e+00
4.430669338692053927e+00
3.970874791236086665e+00
4.025374360663035667e+00
4.481912605758941126e+00
6.921364167640533971e+00
4.127654518503757863e+00
3.203614097617101475e+00
4.260432450877265076e+00
6.049816578228125685e+00
4.105065806148714636e+00
4.227201284686164406e+00
3.033430301508505789e+00
4.264339761589355682e+00
4.128788178436145095e+00
6.952623496201042030e+00
4.887087571437194633e+00
2.570965855390980437e+00
5.091172891121461319e+00
3.521448858429580220e+00
5.273010715375720636e+00
5.475184457638745172e+00
2.513054153329998819e+00
5.211139857396404729e+00
2.628828288682379277e+00
3.223601490473410269e+00
4.650776065109257118e+00
4.557388280854039131e+00
1.771751516276298455e+00
2.867356768873950301e+00
6.802296642634647839e+00
3.084746792339156940e+00
1.903440909280543547e+00
4.164933715988365925e+00
7.153202359591261050e+00
4.728925352023623851e+00
2.431526435354330218e+00
1.915018791914035567e+00
5.930816535764337871e+00
4.364310826101911900e+00
6.773961034335524545e+00
4.875329972950841473e+00
1.355624219133994224e+00
6.280006428873339708e+00
5.505081037587148174e+00
4.211224960281799490e+00
3.176518925275488847e+00
1.390156153362979818e+00
4.708324300694473052e+00
2.232536656138909503e+00
6.170063662146583638e+00
4.809469986904838734e+00
3.938200981541654766e+00
2.498584583338345322e+00
3.036435888856436893e+00
3.498361554502194437e+00
3.580458258338473865e+00
