2.083443376079691944e+01
1.417623344143286701e+01
1.352784059829231644e+01
2.084348209578654831e+01
1.545814353129500596e+01
1.046351925507612890e+01
1.239775912851866657e+01
1.347041505955345819e+01
1.495603210156165375e+01
1.692873899118401937e+01
1.232506705472149378e+01
1.007281256960160754e+01
1.135531515528342794e+01
1.162120196689408047e+01
1.355562085376353210e+01
1.311138609864867632e+01
1.993242591309794065e+01
1.728065109051664905e+01
1.685210865567634286e+01
1.676591713045309362e+01
1.231337922868231693e+01
1.492742684750304427e+01
8.452805273419210508e+00
1.246723737456369641e+01
1.448587477034274329e+01
1.884449384275114170e+01
1.610361809730849103e+01
1.582239282130211144e+01
1.689593161430605051e+01
1.496502078210917475e+01
1.073709493938935111e+01
1.391061159158698146e+01
1.638862233522569056e+01
1.827508626935973979e+01
1.501535593404314994e+01
1.425620003528223556e+01
1.482754007651209704e+01
1.589981558712504572e+01
1.513271394954221805e+01
1.891999579293062794e+01
1.528739369202078180e+01
1.708911583006886303e+01
1.972788627015448526e+01
1.229475995506133224e+01
1.373639365871296292e+01
1.497220078485094419e+01
1.691551994954791382e+01
1.174642123559893570e+01
1.101855424065398914e+01
1.290217694506258539e+01
1.245535283371396140e+01
1.749287675310736745e+01
1.426331203235693401e+01
1.761332055425183540e+01
1.455612438164440547e+01
1.503173214150459813e+01
1.762716880526923546e+01
2.206027644684843025e+01
1.732447340946225012e+01
1.065046922809644236e+01
1.152711692393269161e+01
1.546786815742223986e+01
1.710084257063103763e+01
1.904595178138630018e+01
2.136001351959877681e+01
1.341535423237976588e+01
1.449689156920496380e+01
1.490550687349077386e+01
1.939333920595010952e+01
1.573330038038333356e+01
1.643247471529208781e+01
1.433588022108678928e+01
1.424712454388337868e+01
9.096470495209107554e+00
1.026150521714831854e+01
1.290757307770122431e+01
1.521771316375603433e+01
1.574513883324663333e+01
1.769705783188240034e+01
1.475375928460017327e+01
1.130675585846936393e+01
1.853639519723454043e+01
1.231941061031926310e+01
1.881858903171980657e+01
1.607473481394089632e+01
1.572058213269757410e+01
1.622873800613379913e+01
1.434362441137010080e+01
1.423649934216098423e+01
1.971752210612871536e+01
1.834365805137987238e+01
1.869480589696217976e+01
1.581201570007114476e+01
1.337540839715513741e+01
1.484716791024468741e+01
2.155449348783377772e+01
1.066370198507844691e+01
1.484040671542312673e+01
1.060163609325292455e+01
1.976885203645253952e+01
1.535185707122567500e+01
2.047648547937946972e+01
1.459629482284457325e+01
1.624140667646888758e+01
1.191353277152917833e+01
1.633990243212415905e+01
1.473545062896330826e+01
2.284078017141397865e+01
1.119659532403042235e+01
1.897581933475643368e+01
1.342678741702129486e+01
1.095998108725383702e+01
1.238914869499432925e+01
1.599219473632751587e+01
1.442666063639797791e+01
1.242957969922309402e+01
1.555222826019604199e+01
1.512320730681278569e+01
2.048636625081784146e+01
1.672586777328703889e+01
1.728367630479830552e+01
2.129111810298368468e+01
1.327490814201144786e+01
1.988678880377637626e+01
2.389964552463040803e+01
9.026670038304441590e+00
1.565772521840442977e+01
1.333504626556607420e+01
1.607303403516008089e+01
1.158443548565412762e+01
1.331688955715089584e+01
1.181524480027525392e+01
1.751587027308740119e+01
1.121020885048475613e+01
1.799133965099738575e+01
1.637306240017403880e+01
1.218866024910500911e+01
1.979190332208113645e+01
1.507801261586810249e+01
1.629352610145443947e+01
1.256719839658700444e+01
1.470722625927019500e+01
1.341162601403584098e+01
1.680810491420275454e+01
1.419806499812477263e+01
2.033571669745354527e+01
9.922420873617795678e+00
1.727376595619736221e+01
1.715523366004352113e+01
1.076537680874702474e+01
1.023629530174468627e+01
2.290118912144862051e+01
1.905068973999994597e+01
1.592824203536244632e+01
1.164376765479931919e+01
1.468795940704874248e+01
1.662413378282785814e+01
1.850395515709589134e+01
1.650995553502099966e+01
1.572415150692382113e+01
1.237938196381499445e+01
1.863635669344460766e+01
1.412671449714681060e+01
1.226535121687726893e+01
1.193631940643273737e+01
1.379399688493552922e+01
1.590181906375197585e+01
1.383127346159379023e+01
1.540047982867991294e+01
1.196058268245059075e+01
1.634889282434223645e+01
1.555795680677563908e+01
1.598405896695744310e+01
1.703449624824435205e+01
1.391017949585894264e+01
2.011491595579767733e+01
2.107636682281872709e+01
1.847081712513123009e+01
1.775605979017248970e+01
1.587123126945247797e+01
1.558183778224188032e+01
1.642045203599951719e+01
1.439674458331449358e+01
1.218228453610520035e+01
8.103835546893707331e+00
1.530572087454213204e+01
1.745431493997037720e+01
1.688399814044315050e+01
1.646510992204724388e+01
1.476062782427485232e+01
1.150231920399135888e+01
1.655400671387804223e+01
1.427102809877627010e+01
1.412944619375309863e+01
1.448615594937377971e+01
1.311176650981431102e+01
1.607581297390767006e+01
1.798277299700702869e+01
2.094006855608132867e+01
1.519084098670477090e+01
1.811384210477488921e+01
1.634024838748853625e+01
1.561945066441335328e+01
2.009023737522620223e+01
9.853935789520184230e+00
2.159379691060460260e+01
2.122832096946890346e+01
1.711717705811456725e+01
1.243755409815503654e+01
1.617485019963302406e+01
1.340994272544662813e+01
1.048305221926558417e+01
1.577102604277859044e+01
2.062609897351740784e+01
1.306795645286806895e+01
1.600485192502322462e+01
1.350522381847988562e+01
1.435469028603550079e+01
1.409294267422788316e+01
9.195489697049477940e+00
1.484602235729071573e+01
1.557840768722300950e+01
1.515947028000965702e+01
1.700037832326533049e+01
1.554338533266300892e+01
1.915425129470240861e+01
1.643755652115654442e+01
1.378074264907989033e+01
1.044461506290201491e+01
1.474705874597426281e+01
1.491245858493837773e+01
1.517527650986274068e+01
1.149300179117080134e+01
1.610911256515964851e+01
1.030393816170889920e+01
1.845946837302304644e+01
1.639836256459031461e+01
1.654134039377654375e+01
1.880771963404508540e+01
1.422122520102397480e+01
1.447678898526578983e+01
1.627356444114067457e+01
1.326645792408344704e+01
1.906967817277659094e+01
1.372770777810651488e+01
1.739577422353252345e+01
1.698530372187683568e+01
1.078208874897563341e+01
1.582761736800304320e+01
1.255868295659636402e+01
1.801475093887989587e+01
2.341354805412288442e+01
1.114928112403080007e+01
1.846898269991380559e+01
1.640239056457694389e+01
1.490075479024167215e+01
2.049848997148025376e+01
1.576862572301458343e+01
1.146715786067630560e+01
1.274231120461534417e+01
1.810134923985310706e+01
1.399229376810869674e+01
1.902736165159344139e+01
1.485135171842661705e+01
1.788289898718561943e+01
1.200390715735020741e+01
1.714661227688671374e+01
1.173707410998507328e+01
1.075927504137894175e+01
1.349919602019398646e+01
1.658495947698041562e+01
1.746466728083321129e+01
1.551219424184348306e+01
1.135273488975749601e+01
1.250793301427298410e+01
1.438208966818276124e+01
1.505754995437601451e+01
1.789119532569485926e+01
1.028520178743165303e+01
1.942326620806374748e+01
1.744997756250770138e+01
1.375703400069170534e+01
1.564528339022172432e+01
1.919936601302197943e+01
1.468966019010085056e+01
1.317324280178664608e+01
1.937491084167213629e+01
1.766215572694967051e+01
1.549068459921268115e+01
9.376950158886836917e+00
1.194049135829025943e+01
1.092817611688679769e+01
1.315050138747611896e+01
1.026746146299101525e+01
1.222267582444941780e+01
1.629288461030740365e+01
1.865190960375213791e+01
1.620737849466575042e+01
1.272452496260595112e+01
1.169611235629068879e+01
