1.191682548296207900e+00
8.683685339119795454e-01
8.781316999468408158e-01
5.769620759926662457e-01
9.455249961800301639e-01
9.754553649251996861e-01
6.742626341446792404e-01
1.445719089115128364e+00
5.939072285890010239e-01
1.330336721370456443e+00
6.828409268223102346e-01
8.255002955397287012e-01
1.151277421687272096e+00
9.384778895115252206e-01
6.681035320562237478e-01
5.704763723574224343e-01
1.514869665710302682e+00
8.874729620015019416e-01
8.007709653323182852e-01
9.080310047566302334e-01
1.003265327415004737e+00
6.005303815487162966e-01
9.202955526840724820e-01
7.924910480665339207e-01
9.552871842687633563e-01
1.322017367293340628e+00
2.037524482262057735e+00
8.145103029315525767e-01
1.838537495370484942e+00
1.032991463137196142e+00
1.271686917886716062e+00
6.096462162088411851e-01
7.769631841570215913e-01
8.139970182118664299e-01
1.485648860619806166e+00
9.552309710459011560e-01
7.029667171824384164e-01
1.537063485247028405e+00
1.330288809770950875e+00
1.179198998041850244e+00
6.565665546644460226e-01
1.165632365482275778e+00
1.184445333105031972e+00
7.107887249064772650e-01
1.153711688505458355e+00
1.308453009498317998e+00
5.149296564918733887e-01
1.248073542642317069e+00
1.363848965362717491e+00
5.667010287883075259e-01
6.913536288356002535e-01
6.145882134210753911e-01
1.846684116743021686e+00
7.304649216743654971e-01
1.373660399181517056e+00
9.824696991025988480e-01
2.087850978352426168e+00
1.372353514949657960e+00
1.254859033858071848e+00
5.202681252891161456e-01
1.350267912042980800e+00
6.338571107448895958e-01
7.523824197960087279e-01
1.539846863260316390e+00
1.112789500471444093e+00
9.618202970537608198e-01
1.157471892059203755e+00
1.805955481362874426e+00
8.931029656167815967e-01
7.464045398613770033e-01
1.311713251679185177e+00
1.095888717020662595e+00
8.089889987412316463e-01
1.188111755164107164e+00
8.104736384461961318e-01
1.453617963556613990e+00
7.343329992148078800e-01
5.720311318542486978e-01
1.450295838242245061e+00
8.498291348601920703e-01
1.082988788452212026e+00
2.320223172051294025e+00
8.919553373495798798e-01
4.958847549466753879e-01
7.101766526425460357e-01
7.131630755740325789e-01
6.677974970665123688e-01
8.303805213865573798e-01
8.334874541533533465e-01
9.717650827692204674e-01
7.508437240753459418e-01
6.462333803608976135e-01
1.203958782110455816e+00
8.963302170284923598e-01
1.050860802417540985e+00
9.460243335278241128e-01
5.592357020602974904e-01
1.401417562909224701e+00
1.299466505346673184e+00
5.760498422308291122e-01
9.875012452174863897e-01
1.674865734883187240e+00
5.555998505741628346e-01
1.099826624583525092e+00
9.017046770758994079e-01
7.114935550862400149e-01
6.648372239267187345e-01
1.127283140103102044e+00
1.490704036032282298e+00
1.696841449715450700e+00
7.806136007285995326e-01
7.121790323487394714e-01
1.196897562956315886e+00
9.649295644454020104e-01
1.222144590186311275e+00
8.602525137335429450e-01
7.892333109164415550e-01
8.556058946187716785e-01
6.223809565168716418e-01
1.412886245845324185e+00
7.446366472711053452e-01
9.444423659033638341e-01
6.624729729340479434e-01
1.254111782107481421e+00
1.910858008046095513e+00
6.801276699807964343e-01
9.040427503924080010e-01
7.797486136362855591e-01
6.913647065728854013e-01
1.531754070063694018e+00
6.409147219735036316e-01
1.471654725974131050e+00
1.264937860969902017e+00
5.654671186624639079e-01
1.165346973396794938e+00
5.716862324316803745e-01
5.760658096650704829e-01
9.381359574227757792e-01
7.942719581367764237e-01
1.417085182882007910e+00
1.437897087865078971e+00
5.788119986075825896e-01
1.302292197708533550e+00
7.054413394162185602e-01
5.552639757911764784e-01
1.804596186845941697e+00
1.156258382906743876e+00
1.440215898445920129e+00
8.128598517159972836e-01
9.792437379150803478e-01
1.533037783141433019e+00
1.116475952338867872e+00
1.130020189267534558e+00
5.836606054490517392e-01
7.839003944076999852e-01
1.192066422865769137e+00
6.706994392090002144e-01
1.080861332779049944e+00
9.692445219859912031e-01
9.098920968387016472e-01
1.093887411900777096e+00
7.921742982225735696e-01
8.837218823728963946e-01
8.424155003744666637e-01
9.345311134671505648e-01
1.854469324236647676e+00
7.827614445836043044e-01
1.431750447048558694e+00
6.387188352779090694e-01
4.614421754474354875e-01
1.180423371439863089e+00
8.947893594084564972e-01
6.457204621043540760e-01
1.237541162454468768e+00
1.042444262174499370e+00
7.816762931461019859e-01
8.334618851791792959e-01
1.407413321119765692e+00
5.923568786654651586e-01
1.041559218243179874e+00
9.411000731500748229e-01
7.449331732778168291e-01
5.156037726635191998e-01
7.811435187127639956e-01
1.002154471529966173e+00
7.220933565909641860e-01
1.612794533463831170e+00
8.557488868851387265e-01
6.899194670742326840e-01
7.777414099387552904e-01
1.211491500841642033e+00
2.932286019407412958e+00
8.403057153068063112e-01
5.443345319024033291e-01
9.664729900414318342e-01
1.079145296313740676e+00
7.046084461469203086e-01
9.910762619233627335e-01
5.932636152806196606e-01
1.087911915904060001e+00
2.383323949289902099e+00
7.421167503836491042e-01
2.420877053879586960e+00
6.676582929449791370e-01
8.346388156908572942e-01
1.040137710832925722e+00
1.763407464792611012e+00
7.633095714281629141e-01
1.216517077668709534e+00
1.626047409502743957e+00
5.402730184780433209e-01
1.014226238777647060e+00
1.227150522055560744e+00
4.770145857011238721e-01
6.286903981593440216e-01
2.512747172426562869e+00
9.959213347662008164e-01
6.094809048883367275e-01
1.126446052817403176e+00
6.226628993776143206e-01
6.533609539304641167e-01
7.476466007492986732e-01
1.036942892347997747e+00
1.345136921363537130e+00
7.551378254407642432e-01
1.958090973561307013e+00
9.136001892182664674e-01
1.933792920680480032e+00
1.049974445640823317e+00
1.287508396260777399e+00
1.117702785741270244e+00
8.892187621421878685e-01
7.049673646356005019e-01
1.171828795641806087e+00
6.999175303452627173e-01
9.501147179932732945e-01
9.284454329538142092e-01
8.219873696138519925e-01
8.693002923140261684e-01
7.733035224761658499e-01
7.549963344531003262e-01
8.026968030091384820e-01
6.004023542966988591e-01
5.789566041938246643e-01
7.828562775179696009e-01
1.478004849239408003e+00
2.693033762416318755e+00
6.296282311317452640e-01
4.922992742662212207e-01
2.576566601922650523e+00
6.360570523766448936e-01
7.093583754581592737e-01
9.050014022050931750e-01
7.632032998413091907e-01
1.026112754972575036e+00
1.375906901622608425e+00
4.926557238415608664e-01
9.926915876053168386e-01
1.175311169638290520e+00
2.913595028122641928e+00
1.104216701934262135e+00
7.679904569346098775e-01
7.537079883808485148e-01
9.449953537376813983e-01
6.925230278707432685e-01
1.036781311933821614e+00
1.010089482116853787e+00
5.697872539823130023e-01
1.163515009317738880e+00
1.724295364087918170e+00
8.039923386134364414e-01
1.321572401376152284e+00
1.134891721370169249e+00
4.532270027731473139e-01
7.034477835366366172e-01
9.246357763652087725e-01
6.483692355513531735e-01
5.553366421588514790e-01
6.968852704009899091e-01
1.017109127256834666e+00
9.253074159430391132e-01
2.011367135901189762e+00
1.379092646058692084e+00
8.954316059880694789e-01
1.982985725576585923e+00
6.204397302354769383e-01
5.101749893874244490e-01
6.384104793469899120e-01
1.868158148965695764e+00
7.481691056588666289e-01
9.983293191258804100e-01
1.002164728061540888e+00
7.795489566020697980e-01
9.858340946698773699e-01
7.951156877845814153e-01
6.815934505952101485e-01
1.234591773472174747e+00
9.833207669934480588e-01
5.748527327398721409e-01
1.546310927155949644e+00
