1.371151106010102261e+01
1.034804231261491125e+01
1.071750015031824077e+01
1.467658390718793626e+01
8.990102438122137940e+00
1.227466587440581591e+01
1.122082271484378957e+01
9.510158805946913319e+00
1.010921192827790094e+01
1.463936120805711738e+01
8.676978453949672598e+00
8.907975813159518808e+00
7.962836909681008102e+00
9.309762296571530982e+00
7.014535202087205157e+00
1.154107686172887171e+01
1.433440295320450630e+01
1.251327638472156245e+01
9.017014187301731099e+00
1.266436078999343096e+01
9.619969988115540716e+00
1.116435335198792167e+01
1.672772532669410950e+01
3.981850452067925872e+00
1.951312142988153653e+01
7.409318499854912865e+00
1.446167294048386509e+01
1.617604907208812293e+01
1.413744412910608617e+01
1.100098717258620518e+01
9.424521977216519630e+00
1.499438202348780713e+01
7.720660446076336392e+00
1.694209253955988714e+01
6.673569753030629492e+00
1.359800551509839295e+01
1.217169896605089008e+01
7.441671236850771365e+00
7.521837171151180890e+00
1.224067414678845722e+01
8.536065910239882371e+00
1.707095931713644887e+01
1.196006805462435096e+01
1.344247801815401111e+01
6.604185532283134208e+00
1.590743982071587759e+01
9.308292376457060868e+00
1.409329809795161736e+01
1.560466094123353642e+01
1.019970045069312548e+01
1.236082616030514636e+01
1.061540193149378908e+01
9.725878693267718589e+00
1.165944670368001823e+01
1.258297324235869930e+01
8.112017520196115328e+00
9.389175083731554849e+00
8.800555649560832805e+00
1.667382810552467731e+01
8.848120703484475769e+00
1.587858178581215007e+01
9.332010983053576680e+00
8.612079229972598782e+00
1.455930880804249483e+01
6.898048801386978290e+00
1.152671474674622587e+01
7.403714623400809991e+00
9.014687373714430407e+00
1.475606656969451436e+01
8.475748788165120118e+00
8.122018014586345203e+00
1.262565035715947559e+01
8.358408466544531734e+00
1.673515734408286448e+01
1.029823880862369023e+01
7.209112136242407765e+00
1.336367351129002401e+01
5.239779312091554786e+00
7.353345164886754937e+00
6.470429966823594725e+00
3.876264325926819243e+00
1.293617579771998116e+01
1.348971300716173793e+01
1.334040539740220233e+01
1.294390402648549632e+01
9.555345055055619596e+00
8.566722823697372036e+00
1.294359855630683853e+01
7.845213180550167920e+00
1.070324311957679164e+01
1.332573050555730454e+01
6.795247840188133992e+00
1.350592938954618205e+01
7.842015568992749763e+00
1.185879026904850875e+01
1.026939736595726949e+01
1.328781487223634628e+01
1.116297718401927774e+01
1.423746247192616465e+01
1.417620167967721123e+01
8.821937856955582191e+00
1.334747979161360121e+01
1.351483066990578585e+01
9.760236890111356090e+00
1.815009968209353630e+01
5.675269093183507252e+00
1.407255961159173019e+01
1.513930440969260793e+01
1.478599843478281350e+01
9.017792531424339231e+00
1.101203889888518717e+01
8.506309335342720601e+00
8.140789256703673260e+00
9.675929235708432330e+00
8.545289458137318661e+00
1.096255020295627247e+01
8.585825994105718451e+00
1.173743770897408822e+01
1.094150853542938862e+01
1.565971148441601457e+01
1.037990854389071416e+01
9.495303555816516194e+00
1.355708224292007813e+01
5.766127149148572606e+00
9.659477339931701323e+00
1.018391460685840855e+01
8.802295918589379653e+00
7.498747275421238534e+00
4.305966237294619248e+00
1.220851593995866580e+01
7.070245937227664257e+00
8.928682260817936367e+00
8.595641663996010706e+00
1.322910457049138877e+01
9.561848396391518179e+00
1.339590366036989089e+01
1.246988619303008861e+01
1.198873430373500071e+01
1.366549858434500919e+01
9.037501349279382978e+00
1.163203900807775781e+01
1.023479085776840058e+01
6.873514339967236708e+00
1.256021926115490572e+01
7.156871289435349226e+00
6.327739982751882764e+00
7.808324447028775595e+00
9.276504127005075873e+00
1.209888630387525765e+01
1.347929771717482339e+01
9.095341776715358151e+00
9.305177680300669607e+00
1.347218683951596319e+01
1.553098549667527273e+01
1.059624876644447866e+01
1.033963077959523602e+01
9.769819014034103688e+00
1.380383249367585208e+01
7.461215356491179840e+00
7.732032218108141564e+00
9.225793748468802846e+00
1.419459885003371369e+01
2.041492408749395082e+01
6.314654701384630364e+00
1.185070973454413057e+01
7.997902598985262124e+00
7.645194689892092832e+00
1.028294690563582670e+01
9.693496791050030481e+00
2.265135895858390569e+01
1.162825637862766825e+01
1.119350376992679763e+01
1.116659813973323523e+01
7.759328701015427932e+00
6.202958732299826750e+00
9.817193387910426949e+00
9.065314568530270734e+00
8.543518023857984645e+00
1.383233072588764578e+01
8.228840061488641666e+00
1.350470843239475016e+01
1.221652212356349487e+01
1.047893510517411997e+01
1.539294757346622333e+01
9.841403125399057927e+00
1.365025841347768143e+01
8.343207520203295147e+00
1.580944459971781768e+01
6.817818851649694700e+00
1.006056783166424751e+01
7.886699772220469029e+00
9.069895876523720091e+00
1.049779532833823659e+01
1.152668531869306712e+01
1.447352137439185604e+01
5.927510840801986980e+00
8.460298732815257239e+00
6.127131947380765276e+00
1.201017164939628934e+01
8.713015544681573132e+00
1.450267323578361633e+01
1.220873451227143391e+01
6.430324701492741823e+00
7.971801601726642872e+00
5.673859556766083223e+00
1.098646241818897806e+01
1.030876867364056082e+01
1.279460699132060242e+01
1.299315236619215419e+01
1.788100053718557803e+01
6.030832660046000271e+00
1.403419870802500391e+01
5.458178149326233353e+00
8.178864709968696189e+00
1.623204656696227133e+01
1.130913529980026233e+01
1.096180816151069770e+01
1.027262952184966949e+01
8.977180380030169715e+00
1.291857235240022916e+01
1.142685125864300844e+01
9.085327320984873722e+00
1.126969455706185208e+01
1.642375437806732208e+01
6.039407759293527356e+00
9.449395228298834937e+00
9.280750729009737299e+00
1.064453470290656689e+01
9.223162934564506088e+00
8.944719768947448912e+00
1.402501342699473774e+01
1.498944828634885162e+01
7.494357909479687940e+00
1.225147881828472229e+01
7.198872894709000825e+00
1.052251192090126963e+01
1.078641549825618107e+01
6.002016875869563783e+00
1.026962729574563760e+01
1.043890400716355060e+01
6.167478908268388516e+00
8.014489652351951321e+00
1.371373175728170146e+01
7.198357929303114133e+00
1.050090231777839911e+01
5.151908883482892776e+00
1.260860604111317151e+01
9.486435180197231531e+00
1.387011919950638017e+01
1.232080530021342923e+01
1.084310752373102815e+01
8.093772937856510197e+00
1.689586445573968732e+01
8.971930628702320831e+00
9.987628749013175877e+00
1.076064721520214107e+01
1.694659689779495437e+01
9.709978767960569357e+00
1.246220312299872823e+01
1.087119312009204819e+01
1.391365817134784422e+01
1.089471744264148789e+01
1.620789653296497690e+01
8.208398874686691826e+00
1.147000826586473288e+01
1.119238327726758797e+01
1.025629183446386072e+01
1.028174693006657670e+01
1.147743209734699299e+01
1.424824834900468318e+01
1.190087204761759132e+01
1.011012894585977051e+01
1.896193751743234657e+01
7.649354953242413657e+00
1.070252841531582888e+01
7.392942780767816302e+00
9.966092174321083519e+00
9.998063513528704149e+00
9.084190530396055507e+00
1.627812443689461119e+01
1.856689230286037429e+01
1.045496890242306165e+01
1.059468908581597901e+01
1.016278570677372883e+01
8.715672000673883701e+00
1.084910956543869709e+01
1.228310413766919496e+01
9.017679733161402922e+00
1.302169966479671182e+01
1.162220845389569668e+01
1.070749567333543339e+01
1.388278602944365225e+01
1.246252184172700517e+01
1.167054886090953225e+01
1.384134183709850774e+01
1.364696899698730803e+01
1.546411081201515358e+01
6.648157757556478309e+00
4.524104035734321627e+00
1.067464220542822417e+01
