9.652686878202599852e-01
1.150943386865804108e+00
6.741229622806133026e-01
1.404891462313692552e+00
9.342453869314418791e-01
1.555275916736292841e+00
9.260811767851038212e-01
7.373469284737693696e-01
5.620864890002928993e-01
1.686241282931579155e+00
8.058548225943371612e-01
9.309327306886008291e-01
6.485338839483633100e-01
1.147189775564776415e+00
8.293945815011356526e-01
6.446998282747727904e-01
1.257110855443480668e+00
1.369564723273367868e+00
7.664489137707536370e-01
7.179162549104727287e-01
1.198742007193344561e+00
5.865002003869103087e-01
4.653781069104161450e-01
1.113334467707398412e+00
1.242308499275306621e+00
6.919673620019938243e-01
5.363057780720648093e-01
1.353671329252144506e+00
1.003626491787297237e+00
9.701479341969070358e-01
7.645819662926063298e-01
1.488828550785602500e+00
7.268155922406476233e-01
1.265829155541478013e+00
9.167872077837989631e-01
1.128679990534743549e+00
9.060610706649299129e-01
7.493861706179089088e-01
7.221278392610295249e-01
6.771266424934094807e-01
8.260001562323336932e-01
2.554327533675599504e+00
1.237316802760241474e+00
1.026772869642821773e+00
1.525611807816151799e+00
1.333479491982576315e+00
9.691158714692627019e-01
9.169452426916657739e-01
7.503916391747212922e-01
5.667442855104751764e-01
7.324641835539179580e-01
1.722918952107441504e+00
7.972495035704142419e-01
7.651008292675600675e-01
6.451979848339416401e-01
6.712740367679687070e-01
6.500008139202981816e-01
6.432679789119599700e-01
8.892664782072782215e-01
4.004806694373640452e-01
1.477040448306083054e+00
5.495200591098957643e-01
8.159368658289334331e-01
1.463732555745395292e+00
1.323924883733888835e+00
4.161287180014138221e-01
9.585518992580093212e-01
1.987358774399264005e+00
6.561939632121882582e-01
1.411444977278063062e+00
1.330030146257472623e+00
5.030013168908651355e-01
8.538750520193532090e-01
5.878240019284214357e-01
8.956569301020744778e-01
5.869116213267445703e-01
1.165136544096839533e+00
7.949076027342534267e-01
6.952404012008963630e-01
9.758818114574056013e-01
8.830823331278069288e-01
1.346408752439990586e+00
8.580823448030902023e-01
7.243705436849150470e-01
5.230609537156645228e-01
2.206359445404777908e+00
4.138134444619158137e-01
9.048072198385701537e-01
1.324815314994348459e+00
1.286722038750723440e+00
1.327701349418100918e+00
1.135528355643816045e+00
8.343415200621345784e-01
1.112692176144046696e+00
9.065300476034824362e-01
1.902678079997883076e+00
1.765557914631308956e+00
6.437147714442714719e-01
2.231185986219505590e+00
5.524404048806975664e-01
7.163600466073412054e-01
5.877427761167172138e-01
1.005225431261560276e+00
5.880332894991446846e-01
9.962855504679111185e-01
1.917344909076657666e+00
7.911392959004875935e-01
6.793771957212708656e-01
5.348457546881162372e-01
1.578377480988523374e+00
1.483931596846590706e+00
1.204034615590252599e+00
1.030239017203014917e+00
2.613347209987253450e+00
1.326117307473789975e+00
9.266387374153154388e-01
8.363561419980422018e-01
1.835940231540747813e+00
6.887124866411881152e-01
1.033817446501361426e+00
8.440856724062840710e-01
5.497464727292478148e-01
1.222049860383329856e+00
1.085033225565709358e+00
9.926971117504671538e-01
2.062452044481855928e+00
9.849986394302472359e-01
4.193363482156794997e-01
1.659921675143321007e+00
9.799876589594237464e-01
1.519273291921736657e+00
1.083223392717169054e+00
1.503711244715983275e+00
1.171449169200372564e+00
9.017174291869129998e-01
7.222291497911854652e-01
6.485139232915815288e-01
9.653578172852220751e-01
1.070003143682380031e+00
8.978674876834753515e-01
7.254716015764196557e-01
6.500319456379796135e-01
9.650001752968829782e-01
8.860150574898219000e-01
1.022658485185492738e+00
1.878429649050252337e+00
5.371229930977564626e-01
1.004012492860775430e+00
7.629882412265083236e-01
1.284626210587039186e+00
6.895816412956534691e-01
5.426195312928376868e-01
8.161303251819618243e-01
7.294192325579688108e-01
6.577114909617529648e-01
8.039157700102199655e-01
1.000711868029158236e+00
8.147895250263845757e-01
1.124268271280060905e+00
4.484424095112742314e-01
5.297528795597988838e-01
1.767012624547578126e+00
4.577044007803321435e-01
7.987699349472117127e-01
1.155857854849616340e+00
1.131067347693912817e+00
6.173159089084395701e-01
7.275873233072034374e-01
2.084520921142159366e+00
1.089444902740399401e+00
5.883529155754105844e-01
9.229155767020282841e-01
6.511992626701694764e-01
7.287804389283522033e-01
6.745537902479386005e-01
7.201887190734499455e-01
1.648554877533079610e+00
1.153265466058067679e+00
1.814863364167332627e+00
1.340444874695695177e+00
1.636308922509090769e+00
1.289963443126018960e+00
6.739530005687915937e-01
1.226573262492984817e+00
5.412982606400000840e-01
1.358008148410847049e+00
7.764607862696720764e-01
2.031403284500933992e+00
6.837423028276835568e-01
1.276284199684826648e+00
2.137505605936931730e+00
7.491796100981503725e-01
4.627671007138710046e-01
8.747353422176247228e-01
7.522452513475487157e-01
1.084268902401649415e+00
7.872384880675631358e-01
9.242323610594248562e-01
8.647645954082893160e-01
1.003258942122284614e+00
6.151847379469761457e-01
5.328959965032173951e-01
8.284284831670357674e-01
7.802138147841398697e-01
7.850134411697573533e-01
9.788710016011168413e-01
6.100727584587845032e-01
7.279043079786985393e-01
6.586783161352145477e-01
6.470053981153324196e-01
9.839994195566439394e-01
1.312438508092384382e+00
1.334890464230971574e+00
7.665574714368182940e-01
1.051253640717548565e+00
7.382333553433347850e-01
1.096188836498432018e+00
6.936544679358627175e-01
2.984777749228464394e+00
1.552018840519802989e+00
1.255182557612227967e+00
1.816890661561303189e+00
1.314061476298511444e+00
9.594372338922074750e-01
2.145651377709245633e+00
1.480693937421636130e+00
4.975031641126373971e-01
1.395867662239795193e+00
4.237361964409958048e-01
5.596196899900022226e-01
8.532233131922681846e-01
8.525749398495214848e-01
5.769444307017758122e-01
1.818481709551036163e+00
6.812444753392767893e-01
8.285453679202020583e-01
1.212713653722221618e+00
1.074890490349192262e+00
7.109909209825028276e-01
7.054608782384498289e-01
7.055791120628952529e-01
1.056003368750398907e+00
6.204508373638351060e-01
9.109031360566355318e-01
9.815784961530136243e-01
1.009600905530821935e+00
7.024404376852864118e-01
5.771803244775685071e-01
7.522320085339896378e-01
6.043436222027598337e-01
6.670636174915791639e-01
1.039376900065696052e+00
6.670610834366186292e-01
4.883904340041122505e-01
9.591021772375984966e-01
8.485273435955231758e-01
6.821083264888981867e-01
9.300177848280510862e-01
1.096402468829200672e+00
7.763073778058913188e-01
8.251021487868656079e-01
8.584102600137172301e-01
1.499114929423093212e+00
1.669415802679551586e+00
2.687305864723628090e+00
9.651337803801978144e-01
6.991532533051624254e-01
7.592417887049532910e-01
6.684497373418726296e-01
1.061597341426810281e+00
7.350747238420887175e-01
5.832491323221759005e-01
5.905902119158981112e-01
1.029922811821212258e+00
2.184352000508725133e+00
8.168206324010413022e-01
1.361339066600762315e+00
5.045208290754683578e-01
1.211864164758457152e+00
7.014213895009967503e-01
9.857068924618138661e-01
5.735198821517814016e-01
6.000913675638636091e-01
6.142919946516022245e-01
1.102004684100413412e+00
1.209969121855674512e+00
8.822855202752395432e-01
1.875757108385037286e+00
5.818991692772559343e-01
1.012612470611891080e+00
8.724394292790234040e-01
7.284733129642051441e-01
5.526340534505844726e-01
9.655226293728536024e-01
1.543305283830036734e+00
4.411735023365804809e-01
8.373275368791034401e-01
1.836712169014469875e+00
6.071118265316300944e-01
7.361909014436249787e-01
