1.031202294994858049e+00
1.828040185559102859e+00
2.405622174612055186e+00
2.551655314924877072e+00
1.993852656189662786e+00
8.494441857386156869e-01
7.064462441246532887e-01
6.030871964884667591e-01
2.134476039664070512e+00
2.420214216705740995e+00
1.115370116402190748e+00
8.560537485594351681e-01
1.088899035292654638e+00
2.370698539726958654e+00
6.348350305396588400e-01
9.078295708909488448e-01
7.709818907816209377e-01
2.746300706857211615e+00
3.711856765208517928e+00
3.492441139591057286e+00
2.536622190450650738e+00
2.005706669074466486e+00
3.576909117961066364e+00
1.675556049960319038e+00
3.895237344026291293e+00
1.297378188124493681e+00
2.979855876149637428e+00
8.198160959538997039e-01
2.542469906848946248e+00
5.689165088422646344e-01
1.936943501578284987e+00
1.645739148553305276e+00
1.753206530590218026e+00
5.297077571983197508e-01
8.180539608009362862e-01
1.342765572340353541e+00
2.413288646769745860e+00
7.120974823978998280e-01
8.832105170875553801e-01
9.475098222070799103e-01
5.877661574072905459e-01
9.284814521593440784e-01
2.899802781505836702e+00
1.654873942136588560e+00
3.358970816786809088e+00
4.544700153071032922e+00
1.876610171256548831e+00
8.387615817284528319e-01
1.435242542533537113e+00
7.860173972388143637e-01
8.072941661541038760e-01
1.539200203919860011e+00
3.201193511104410305e+00
9.568382239289482394e-01
1.677689122363340113e+00
2.376048497437393880e+00
8.131696704332791459e-01
1.893036508018155706e+00
5.607722986391269204e-01
4.748021019557911448e-01
1.769739557342492553e+00
1.138491967007726702e+00
7.038237582391593250e-01
2.162828899921572567e+00
2.366352158519629878e+00
8.505492985911325965e-01
4.295739227262266091e+00
1.166074649925591400e+00
2.396609576170364964e+00
9.909295391173676970e-01
9.136941054544926999e-01
7.549671479409247876e-01
3.738202230168875762e+00
9.300544660862356539e-01
2.570642733343475594e+00
1.242535210370758980e+00
1.170168927207876575e+00
1.580875674503508188e+00
1.648912471624804033e+00
9.276970012063499027e-01
9.039777153049032288e-01
1.237945663982181754e+00
1.467521709775316152e+00
6.373133447588152478e+00
1.617477515961087686e+00
1.740032510696139179e+00
2.150378246687205674e+00
9.687611863034955029e-01
3.861680544524497272e+00
1.139426001924464193e+00
8.009254532484325617e-01
2.690320351723407111e+00
1.120375880589886020e+00
1.537953853080255895e+00
1.576087404412205961e+00
2.944628128774182674e+00
2.557324063535973746e+00
1.807141534776978142e+00
4.978313538114232939e-01
9.610012344214294844e-01
8.433478883299169171e-01
1.389147692658836641e+00
1.890208548086638407e+00
1.384329017183705934e+00
2.245456339249348510e+00
5.128526761248451971e-01
1.429163187107028277e+00
1.099727466172478962e+00
2.542843959442889989e+00
1.908039718976074051e+00
1.150893650751799502e+00
1.135892344739855897e+00
7.093325054203450941e-01
4.710213130033253925e+00
1.467612313420180836e+00
1.295890582468477881e+00
1.336856830895869264e+00
1.198205657939237723e+00
5.868866499547532589e-01
2.174598353393653039e+00
1.333508055452820473e+00
3.574360337397409992e+00
1.231371713340322582e+00
1.076508536773144620e+00
1.222908872454677720e+00
2.224987953439730770e+00
2.362412911210442612e+00
1.102227009777658084e+00
1.531495552212644995e+00
1.261751425263213156e+00
1.914471755740177361e+00
3.085869968733579771e+00
1.533331616542038756e+00
1.720008674333242116e+00
8.351180021491996230e-01
1.545304447464673547e+00
1.161115766516473524e+00
1.584455999327453846e+00
1.317341338318433586e+00
5.243458136774949985e-01
8.320843064268813594e-01
1.128141450515862232e+00
2.112118853972354771e+00
1.257398917213966127e+00
2.085023124496592217e+00
2.383395448777616998e+00
1.430074173711089802e+00
2.326727498805720273e+00
1.318415417808964651e+00
2.063040637060625571e+00
7.623802444121209332e-01
2.627916429851711033e+00
3.533945972278376590e+00
1.104593996596268557e+00
6.408361468227321556e-01
3.885936434116928684e+00
1.000439288027231921e+00
7.406893623603247878e-01
5.581636228858697368e-01
1.689749325096708388e+00
2.022714388358921589e+00
2.335687230996079666e+00
7.006426083995704879e-01
1.684489532434855219e+00
9.053845125802250093e-01
1.485426480367831870e+00
4.219095671369226808e-01
1.748810215559477355e+00
1.344233376050617990e+00
1.394409294717441350e+00
7.815592774467126080e-01
1.679558224437748937e+00
1.927835351094019822e+00
1.258375389529998944e+00
1.602383918164723697e+00
1.955159263548802429e+00
8.681743386416009844e-01
8.637530136931129698e-01
1.052153014892234228e+00
9.854216145399437021e-01
1.836542181758934245e+00
2.335761222835453843e+00
2.322324153376702061e+00
8.909157292900740099e-01
3.714857306191177155e+00
1.406303396342329481e+00
7.619737893301253839e-01
9.114239206257024328e-01
1.060798385432509372e+00
7.368488893943879736e-01
1.328527113953192229e+00
1.346433048358470108e+00
1.484820503549588722e+00
2.139034859803031541e+00
3.179023951783437774e+00
1.429365461190437170e+00
3.008414004931790675e+00
5.356353258448064425e-01
1.536755754057537393e+00
8.515807962523566088e-01
2.620685972506412664e+00
1.798425655388199651e+00
5.703826276064399847e-01
2.073749068388214489e+00
7.961353774447447185e-01
5.489311185540873828e-01
1.004728757020869390e+00
2.731115528866792985e+00
4.631887311853398970e+00
1.520632805086626682e+00
6.700015937626747631e-01
6.371865455792472543e-01
8.216220618557658062e-01
3.290232526005561375e+00
5.052588603580756121e+00
1.031040397013669452e+00
1.528359932889787665e+00
8.830873548369704285e-01
1.849296045195916616e+00
1.302325751596497883e+00
1.842864734656431747e+00
5.391326532670313032e-01
2.137285445989183685e+00
2.754458124011863518e+00
2.639512335021624523e+00
9.418278126858423693e-01
4.198853816158479302e-01
1.010596337631302077e+00
2.520814178960538499e+00
1.946220407274058317e+00
9.804001779122701876e-01
9.448604172208935337e-01
6.358098631661391886e-01
1.010132847737305495e+00
1.167079911721488283e+00
7.537797500057720201e-01
1.905174830487377235e+00
1.785650184774185245e+00
7.285266921102925286e-01
1.695592971213154776e+00
2.032194411365773057e+00
3.441957182065260135e+00
2.420926874129406325e+00
1.977928284597917141e+00
9.436875097253697442e-01
2.351178802021788972e+00
7.471818104918467318e-01
1.055482463396087311e+00
8.922223455384379331e-01
9.544949580819476198e-01
4.294515584211937020e-01
1.806808778014286521e+00
1.646762072937552057e+00
1.372320041138600066e+00
2.384797798269417957e+00
1.309131092267232566e+00
1.627665641382123773e+00
2.051866197887143972e+00
7.843927280143543346e-01
8.848864700613189305e-01
6.340310776610476040e-01
1.076034343875857058e+00
1.139110394108791668e+00
1.573809369676985481e+00
1.956720643604135779e+00
1.480774037327365233e+00
1.752134877276494862e+00
2.207110752046498092e+00
1.212633724224003506e+00
8.755170864822408028e-01
1.187775136193686354e+00
1.201127802520543408e+00
1.321069323842875232e+00
2.698198522441883629e+00
1.237043669826006997e+00
1.107018640065338344e+00
6.588554182366404000e-01
1.950355675304457082e+00
1.064212916794459840e+00
1.836589630154343844e+00
2.595445969789458296e+00
9.465590522522513428e-01
1.568486805760149760e+00
1.331474385507590119e+00
1.747688863469156528e+00
2.707909575927492263e+00
1.437848016069992463e+00
1.066487299124990518e+00
2.537888764098302996e+00
2.286949785485821174e+00
2.367538520375769284e+00
6.327387285555021723e-01
1.562790494992456702e+00
1.598036641769160937e+00
1.568129354044836221e+00
1.434291612108259395e+00
1.113903346017160789e+00
5.633851757453447462e-01
9.555923250346844977e-01
2.428892987417780258e+00
