1.133104442810907386e+00
2.372334503661426730e+00
1.257546388466773690e+00
1.602787254816384177e+00
3.486941400058544804e+00
1.892118280223225257e+00
7.975415659391090761e-01
7.205903431787530344e+00
6.401878260133196941e-01
2.842625736142990078e+00
1.654133973628684418e+00
4.758882214493453056e+00
1.979453663887790871e+00
2.262279950765122560e+00
1.005833056441864048e+00
3.095621638386992558e+00
6.925995679834831442e+00
1.709611479165710435e+00
2.118291741248011117e+00
3.459489691805271327e+00
3.972687531517717030e+00
1.768996865365147109e+00
3.914961714740473830e+00
3.200778854359753289e+00
2.280647504291285266e+00
1.899851590703161008e+00
1.875832348696722551e+00
2.393262733273938903e+00
2.049381613177242212e+00
1.580556918199155669e+00
1.747086843812921009e+00
2.038558458301288123e+00
1.451758681781749605e+00
4.858410810614096853e+00
3.807774722617175645e+00
2.691494073719407520e+00
2.565890358515392489e+00
3.720098780372157243e+00
1.254226800809498776e+00
2.487143533511829041e+00
2.646530353011842696e+00
2.603345255645203249e+00
1.205655829879573204e+00
1.902265104780734628e+00
1.081553065226628751e+00
3.375751007855933850e+00
5.071797419236188098e+00
2.633310537637929549e+00
1.799588663860218762e+00
2.103647500470203546e+00
2.995906014345274482e+00
4.517827102204393874e+00
1.071024176412657569e+00
1.493836315838663609e+00
1.346363816608105113e+00
2.561909066329279394e+00
5.025420911354372855e+00
3.614452550626754412e+00
3.062957790388498136e+00
2.663704093887847790e+00
1.830181192702368342e+00
2.618021822235056639e+00
2.279468565696955107e+00
2.205989360085011786e+00
3.044566815292716999e+00
2.151909091946588859e+00
3.563758131853105304e+00
2.305567383732755271e+00
1.827952774271170977e+00
1.577041817701310578e+00
1.947155904778650415e+00
1.298952242208218255e+00
1.377217968836371709e+00
2.124413581442790466e+00
2.298968561838677260e+00
2.596541476046144048e+00
6.011855862145035756e-01
3.091280296045477716e+00
2.345915089563037181e+00
1.671026644016955887e+00
3.569239702219535015e+00
1.802234292115929115e+00
1.068248023259768642e+00
1.894732150015747019e+00
2.753675955201102532e+00
2.925050863524856215e+00
3.072141125146663931e+00
1.263166459305992140e+00
2.298343342515882348e+00
6.236692106712584671e-01
2.289188796946031612e+00
1.590643897738931001e+00
5.945040221729503749e+00
4.476178211319445488e+00
1.075919095141582682e+00
2.701252340050509737e+00
9.380241833869414902e-01
3.374399156702804881e+00
1.055654657197543589e+00
7.685053851761601829e-01
1.145432914112921585e+00
2.439750675465598651e+00
1.430013929800550532e+00
2.392760930455358981e+00
2.697947975555347266e+00
2.831308181785167744e+00
2.013249962651909808e+00
2.040015110275664068e+00
2.624473556455720669e+00
2.444506568704878813e+00
3.782866277058518634e+00
1.682565279758200028e+00
1.344081493710133746e+00
6.763279451475725956e+00
1.136695864231922926e+00
2.613266537360213526e+00
3.702547133204970642e+00
2.898939166072438844e+00
6.002101831287599554e-01
1.976284854820600678e+00
2.011364990571510969e+00
3.731641466639457949e+00
3.246490100294709080e+00
7.446213818340589041e-01
2.162842621480738359e+00
1.026793449008088333e+00
1.982456601230232041e+00
1.435267188816691020e+00
1.860225504969179156e+00
4.398104951482104674e+00
2.853521310944252765e+00
8.661712893656340340e-01
3.101894841150214521e+00
3.255861784598917730e+00
1.198289052033467472e+00
2.096589148341032161e+00
3.008716448693165457e+00
8.003172949600499964e-01
2.390258913832435272e+00
5.316406607548988639e+00
1.367344359602104431e+00
9.302416669282714823e-01
5.501152581930022656e+00
2.483335809181116183e+00
3.245068811886795856e+00
2.293284290625837496e+00
2.016630631915540928e+00
1.603467467305528027e+00
1.589035748713187646e+00
1.754992844580667510e+00
3.195155039377156836e+00
3.043978462656942163e+00
4.165673630897240187e+00
3.057662883388911457e+00
3.550253537990238684e+00
3.447435578633168962e+00
1.255800346156129788e+00
1.640741435285335115e+00
5.177718182644880152e+00
2.092812379156085534e+00
5.643008689419723112e+00
1.675202888119297073e+00
1.051588732172638707e+00
1.991205431391478209e+00
1.320577207814023213e+00
2.107559717218462580e+00
2.138505439242497363e+00
1.795709257299530570e+00
2.035207173619822729e+00
3.359967550642706247e+00
2.232038448086349547e+00
1.600883300876338344e+00
1.712209536264379439e+00
2.598627363851769623e+00
5.102020942358244326e+00
2.360962212598582077e+00
2.054207145246634614e+00
7.677822895314710960e-01
2.769163455205716051e+00
2.945932157731384393e+00
2.620530178764985063e+00
1.170285876846664630e+00
4.052906726095917733e+00
4.981648139838121381e+00
7.230428668883183141e-01
8.155757782949472068e-01
2.282823284532188524e+00
1.451049319731768872e+00
3.556870933751676400e+00
1.609175294159047587e+00
6.640817581909146394e-01
1.007128506813790958e+00
3.132170770531848003e+00
1.895046421869946096e+00
2.052125683385457311e+00
8.951695927449064838e-01
2.556231040691492762e+00
7.173770628264450888e-01
1.497474273306075743e+00
2.689594512861217979e+00
1.977781223651909892e+00
2.949060360423261695e+00
2.787183247853872725e+00
6.730942614433078619e-01
5.499038236355429099e+00
1.789818544261008615e+00
2.278882529391778267e+00
1.309524018758593700e+00
1.453090583155248305e+00
2.754434339922604114e+00
1.924744187648890659e+00
1.484681552262475668e+00
9.919346239483374239e-01
2.315135436127103929e+00
1.276900528229132803e+00
3.075742744699042852e+00
5.956539304622706865e+00
2.970690799194410037e+00
4.661458131819399830e-01
4.649510348349795485e+00
2.408088228159082966e+00
1.327983272948420446e+00
1.006989487534544425e+00
2.606210361431172018e+00
2.345367045283111018e+00
3.485925722276139282e+00
4.848684742844077356e+00
2.581090343980439794e+00
4.974173952727903192e+00
5.394071705836281261e+00
1.239433041854496320e+00
1.499122929311607288e+00
9.113729454013025366e-01
1.081127390349536199e+00
2.354980578219834086e+00
2.220218803335711311e+00
3.265264596841409350e+00
1.190465088807923566e+00
1.079833511942356994e+00
2.964648759845217807e+00
2.176097626074857239e+00
7.122716175928701654e-01
1.703021921204360245e+00
1.316818306286863915e+00
3.911784380688103191e+00
4.280299846481727677e+00
1.122678628690392477e+00
1.434138788975546586e+00
4.619503638666212275e+00
1.022713613126978505e+00
4.972150608470879418e-01
4.134409821699578380e+00
2.860042306290752734e+00
6.133681986869010672e+00
3.831228307390916576e+00
1.491019119749972255e+00
9.174277508661491387e-01
3.177495805282516184e+00
2.173708995210119621e+00
4.223426700097943076e+00
1.948326750680375863e+00
3.959497692554992732e+00
2.657466536240223665e+00
4.582907779135922399e-01
3.571270651698809306e+00
2.207597872313882714e+00
9.950825923798796158e-01
3.428968056988504376e+00
1.376449177447718109e+00
2.011877384528830248e+00
2.040500394686216357e+00
1.406439396963991006e+00
1.974323769999181133e+00
2.914000383003336747e+00
2.755186718708739324e+00
3.684461222669728198e+00
2.336940174040522678e+00
2.841125076103909741e+00
4.062122679197729624e+00
1.547889439788219690e+00
6.062442456988648143e-01
1.764479228732039218e+00
3.097803651074651832e+00
4.152603834179488196e+00
2.929995241464272926e+00
3.749351290461395703e+00
9.867104795747864143e-01
7.529433989025875462e-01
1.859084405146829377e+00
8.473548777287401856e-01
1.237807518840293053e+00
2.494748164129539258e+00
5.063296527718983420e+00
1.911730313961479855e+00
1.433245480168407582e+00
2.227369987150424890e+00
2.398178129772745137e+00
3.059503441298403903e+00
2.793658985588703736e+00
3.397535479159028426e+00
