1.497210400473328740e+01
2.416055925167116314e+01
1.935157937225224245e+01
2.161281873741512882e+01
1.841204739407046986e+01
2.083386435693860506e+01
2.058199705197776908e+01
2.054144504209592270e+01
1.798666384734354651e+01
1.719438881792725127e+01
1.852513741702761507e+01
1.701701784411669749e+01
8.317043117240583427e+00
2.025241521981676840e+01
1.412874052318317197e+01
2.180551260191362317e+01
1.848273556987481925e+01
1.238783988238799338e+01
1.501293555652587308e+01
1.834897718532863564e+01
1.877982107617754792e+01
2.117310637850794208e+01
1.586751771825312751e+01
2.026375482056746336e+01
1.792200913412378682e+01
1.324159365872412586e+01
1.732180562490216857e+01
1.574387750523297669e+01
2.084728160336097602e+01
1.842923523706553723e+01
2.047301489292835441e+01
1.308390684885296018e+01
1.146680722960273968e+01
1.927199842271563313e+01
1.894364060271106354e+01
1.476694430781994427e+01
1.947487430643249340e+01
1.305290666961487744e+01
2.047098216620376476e+01
1.369134050922506951e+01
1.542049525571803237e+01
1.607856848831576002e+01
1.901174480470882955e+01
2.221518509650001505e+01
1.411457439340664344e+01
1.347480299754952782e+01
1.923439606227981358e+01
1.406307013077310053e+01
1.796537919951357409e+01
1.890330879762721494e+01
1.877305947051825896e+01
1.623251815655420671e+01
2.387861966886861609e+01
2.182796743596394506e+01
2.103326673150888837e+01
1.831465612584228353e+01
1.260711350554600507e+01
1.471576332438607970e+01
1.685660135941872184e+01
1.940256740951569725e+01
1.197292311489593608e+01
1.913824250923545733e+01
2.109856146202039184e+01
1.643274173816937278e+01
2.562563785028795493e+01
1.756335584785948356e+01
1.403237667439009861e+01
1.134038011128212098e+01
1.796416576909618357e+01
1.516851457868049380e+01
1.505387748001324688e+01
2.085131220224320714e+01
1.548465061762998474e+01
2.213161177212366937e+01
1.556464924097106639e+01
1.205292448159116070e+01
2.010862374829078192e+01
2.390461311907444042e+01
1.292123821042025789e+01
1.807124339413797287e+01
1.292023855312178959e+01
1.519845840489552735e+01
1.694148480004321655e+01
2.206655815519936681e+01
1.598300247104241656e+01
1.452536186990216649e+01
1.236604446163841864e+01
1.494148520755208764e+01
1.349157738659271111e+01
1.632970566627344411e+01
2.018999078896101906e+01
1.468189616132467634e+01
1.824235799041089479e+01
1.641080632208532819e+01
1.962002289099487484e+01
2.264200343013606442e+01
1.440199466754582147e+01
1.939401263869766368e+01
1.927800048308180081e+01
1.851661079573231206e+01
1.473398786211742539e+01
1.971057354981464727e+01
1.655614547873474862e+01
2.112952562566360015e+01
2.080253702562524509e+01
1.393934481067704745e+01
2.087963267009912016e+01
1.642719476753625685e+01
2.365392734762012950e+01
1.968103415187422556e+01
2.009824386820880449e+01
2.159247468591823349e+01
1.392102546896325421e+01
1.885259556925167246e+01
2.082545086897484410e+01
1.858853883237835802e+01
1.056927369288465890e+01
1.888527362677331212e+01
1.577348535006833963e+01
1.620393881492433508e+01
1.237149937690040780e+01
1.937253639373368586e+01
1.508468041050123709e+01
1.185591521099994416e+01
1.862904540835444678e+01
1.202792834756479223e+01
1.841487584989089044e+01
1.297661384205795621e+01
1.360535253968299862e+01
2.301119021836389678e+01
1.820250693463238889e+01
2.272966791811934684e+01
1.737742139820148068e+01
1.641263229970452286e+01
1.717683389573387842e+01
1.765384752869658413e+01
1.792508810477511716e+01
1.931012984238795127e+01
1.483372692340245180e+01
1.487966792818922990e+01
1.649255026999107088e+01
1.711524800203765295e+01
1.923716277961112553e+01
1.970568782336414415e+01
1.428338727431231270e+01
1.850871923789558693e+01
1.179563429515655315e+01
1.312048357214443506e+01
1.616931606488505935e+01
1.542009579162381172e+01
1.524477643674571503e+01
1.516611520732045548e+01
2.043475456419197300e+01
1.312470337683913790e+01
2.445523604072726442e+01
1.535901443700394964e+01
1.858785995622262988e+01
1.541659806710889846e+01
2.083589026480786188e+01
1.961761265358216733e+01
2.053397989422212078e+01
2.092481518680423846e+01
1.863465499358813204e+01
1.776805860301609385e+01
1.647655648850326315e+01
1.282523250481792587e+01
1.746557031875511612e+01
1.547138764886653028e+01
1.422660908978011030e+01
2.301363347132901183e+01
1.787492162424510767e+01
1.367265437994004174e+01
1.766322239067071109e+01
1.584589398705654872e+01
1.392412270905980520e+01
1.680952403336397794e+01
1.777914497502201741e+01
2.010335414129295728e+01
1.495886161641937129e+01
1.737097691944567757e+01
1.923136834665933392e+01
1.902664949196943667e+01
1.201756243006279412e+01
1.805993768151103041e+01
1.760454889163863612e+01
1.317691536525538254e+01
2.144312546159002508e+01
1.971275007293812465e+01
1.896658403898454281e+01
1.545399573636702506e+01
1.508954187770063449e+01
1.643899095909824837e+01
2.475025791109776563e+01
1.993098638886925400e+01
1.886203783806609735e+01
1.547877425650877115e+01
1.413611866052145238e+01
1.920282912726537461e+01
1.791503288908575442e+01
2.087966435863202008e+01
1.485592906017535952e+01
1.857142790419225875e+01
1.896018404544528124e+01
1.941307381056583736e+01
1.399903821646931767e+01
1.346530044655595049e+01
2.315395211525441610e+01
1.867368034446687730e+01
2.444166355141692293e+01
1.809720838311783453e+01
1.260273521352422499e+01
1.461315803953519499e+01
1.891252422258641985e+01
1.931581325209680955e+01
2.177701243692076005e+01
1.627845932204893487e+01
1.662743524780317728e+01
1.103526070997978437e+01
1.558143335847481659e+01
1.977350769317378720e+01
1.019544415295397144e+01
2.026780050650098630e+01
1.562727266301864049e+01
2.235318594866930653e+01
2.088752772291356052e+01
1.598376552630591796e+01
2.081646373633974534e+01
1.727115118687730089e+01
2.262457401097906740e+01
1.609050754270740313e+01
1.621634839149953322e+01
1.640055232250172068e+01
1.644528826981348146e+01
1.510500172038083555e+01
1.456836744724452082e+01
1.671381270540936370e+01
1.287090303789707413e+01
1.927708390162779395e+01
1.569658496013110494e+01
2.051089512193620834e+01
1.977563793645474632e+01
1.716205330589496114e+01
1.471705691575454011e+01
2.349847154001047755e+01
1.779497583837006758e+01
1.313570325089477109e+01
1.536058624562014963e+01
2.230601388216292591e+01
1.639726187838259719e+01
1.456613961397152401e+01
1.385582967012724609e+01
2.076407426161868486e+01
1.599324433002870727e+01
1.195141470952850504e+01
1.750148008172751091e+01
1.653115009874821695e+01
1.424744104056092198e+01
1.348794272034307795e+01
2.019818499320821203e+01
2.019517548131375761e+01
1.330934505484905728e+01
8.748786840042658497e+00
1.511894807025894316e+01
1.900743663388989191e+01
2.047768531132499348e+01
1.433393530034678065e+01
1.699588902897274068e+01
2.350953510123882140e+01
1.521794727645035472e+01
1.883609966829684979e+01
1.708268110013857211e+01
1.689788616055031412e+01
2.232805299661073661e+01
1.709005557981344126e+01
1.169420156530465427e+01
1.989890954095630704e+01
1.255386832210415804e+01
2.485198180889857156e+01
1.755732153009679308e+01
1.614734952195947315e+01
1.457859661032383691e+01
1.535064773084306999e+01
1.843962978355253313e+01
2.130996607589509750e+01
1.067114919102845683e+01
2.275728179020304154e+01
1.363271042398806188e+01
1.807646426721867527e+01
1.683830465379018904e+01
1.677360722542430693e+01
1.310415369880022141e+01
1.630307117249170901e+01
1.441731026670511717e+01
1.687377663896727498e+01
1.648233501436460813e+01
1.507966277851947368e+01
1.691865551157047776e+01
1.219597013870503055e+01
1.642880139641830439e+01
1.991615621986566254e+01
