1.493617846269720495e+00
1.508070913863431173e+00
6.964945375774184155e-01
2.570811560507056726e+00
9.775262730262218591e-01
1.439266106466007278e+00
8.639380915754514279e-01
1.038232191526987425e+00
7.880963707419776920e-01
2.265786019176592170e+00
1.143409075897130700e+00
7.594615914509933452e-01
1.130724454305327420e+00
7.850190013552834634e-01
1.588966010674513152e+00
1.132385144875348137e+00
1.922335368790214050e+00
1.185441629464779156e+00
9.091579292864543360e-01
8.857781358755025813e-01
5.531021129906622535e-01
1.279999786053379385e+00
9.183753384136481568e-01
1.230924599236108641e+00
7.284839301921051113e-01
5.669347561306180561e-01
5.417925636446002668e-01
6.987554544544236634e-01
1.233669688619897675e+00
6.952618218414757800e-01
1.495470431373280062e+00
6.926288295174495291e-01
9.102088295054521216e-01
1.133253785558456128e+00
1.132741097173694644e+00
1.485482249297532809e+00
1.338191706839324757e+00
1.622631221465664186e+00
1.317435677487680978e+00
1.116359049867628794e+00
6.734715859131664706e-01
5.134641851396374301e-01
6.144386128757270971e-01
9.840915447817074613e-01
1.121506924422791540e+00
1.679588020348636856e+00
7.138316989321324968e-01
9.363247699315848660e-01
9.305175854959694126e-01
6.844811748381448568e-01
4.067593048224666941e-01
1.010611616963780213e+00
9.281305556828212122e-01
7.776861339359247838e-01
7.968176648924588656e-01
1.235795512406584473e+00
1.145353237224145948e+00
1.163425359653184277e+00
7.985119444141545175e-01
2.275138457802297509e+00
9.876832080076748399e-01
6.285981762782486548e-01
6.614368939365593558e-01
6.675504071253055560e-01
8.831950423587230370e-01
5.168393564348509051e-01
5.839590453491886324e-01
6.749567860371473715e-01
6.137507862187175922e-01
1.023248055683898761e+00
9.658472221203430186e-01
1.656144465267480159e+00
7.966626744491757117e-01
5.156363128991724443e-01
5.076169549858571273e-01
7.447919001926666116e-01
1.238271759086120527e+00
2.114330081710541265e+00
1.311448398588407782e+00
6.597559465453918248e-01
9.932722711982918673e-01
7.157208950414645221e-01
2.801168328926711748e+00
8.998295195634279375e-01
1.091070294676666608e+00
2.297251112197562506e+00
9.198270096783923711e-01
1.064908456850625518e+00
5.771270227294217348e-01
1.488710241560171177e+00
1.078653741091055052e+00
7.393797935677082211e-01
1.164963554795062750e+00
9.262750179008276685e-01
1.586318097604738186e+00
1.130352097036911418e+00
1.070271577348393066e+00
8.818812229777555078e-01
1.827014855011341421e+00
7.859724756888368802e-01
8.189661025743874001e-01
1.114155926788649165e+00
1.941003752759295820e+00
7.348808749873928514e-01
7.223758714958367078e-01
1.139926854396977163e+00
7.149932818753398367e-01
1.108041666346104348e+00
1.284047815443312368e+00
1.338587321304664624e+00
6.065574902313015659e-01
9.439317273239596906e-01
7.491533799966607621e-01
7.353201295902358492e-01
1.108430192085409605e+00
9.138046528336266627e-01
9.792317802111082381e-01
6.161105609871116995e-01
7.305660225382895057e-01
9.828655718877276071e-01
5.958047468234036748e-01
5.563814945584517613e-01
1.834248420864503126e+00
1.301328928807075513e+00
1.214911773315001664e+00
8.093392137069267411e-01
7.786844281238467502e-01
6.263143112808710056e-01
5.986593248755266439e-01
1.120633514744547643e+00
8.846543825691900453e-01
1.312847690973783621e+00
5.834866543677298401e-01
8.614621329891010149e-01
1.021961741700822879e+00
5.606327893272149421e-01
1.277790180653244789e+00
6.834457330223622229e-01
1.243178218633833376e+00
2.041386455896433194e+00
1.245897067844339290e+00
9.290642588741230279e-01
8.118312863911949506e-01
1.072512023101252154e+00
1.268079251773373439e+00
1.402592348313925985e+00
1.656664344803360223e+00
7.828299818000595822e-01
7.852879388551637918e-01
1.593794463625921809e+00
5.905450896948205575e-01
8.241700851316572374e-01
8.691428958942790661e-01
8.421630988339272594e-01
1.672971293932599135e+00
1.579573887307888391e+00
1.013896575380903275e+00
7.654353599054710688e-01
1.260441949374261350e+00
6.348839794641588652e-01
7.669069460973038099e-01
1.736218957061868684e+00
5.175320299240332433e-01
7.861159355100638679e-01
9.038885741602368240e-01
8.301928273706246086e-01
6.230022135659268878e-01
7.780084751248760311e-01
9.943628019466491663e-01
1.257795772560640124e+00
2.180770925390911774e+00
1.178627337483948434e+00
7.116056953199182411e-01
7.799523359226349095e-01
7.187383119848937962e-01
7.423945278025937400e-01
1.073924379107043636e+00
5.459157603601026976e-01
1.731992870340298696e+00
6.376350049259856823e-01
1.896849614384019223e+00
1.165715396247628988e+00
2.344546288510022780e+00
6.350095116472518342e-01
1.184695787658286648e+00
1.523537692803102583e+00
7.912300778566853099e-01
7.576010703674650459e-01
9.235070407446903662e-01
7.796194616196706617e-01
6.966491774048352292e-01
9.303660978417170879e-01
9.198110771006761111e-01
8.156397384755514901e-01
6.904752052480752633e-01
1.436468930859744253e+00
7.820994716605490504e-01
1.036722110333186286e+00
8.425810169562900631e-01
4.562078397676358477e-01
1.179250830187395849e+00
4.951805383605517030e-01
9.183349590410658791e-01
6.226232194736158743e-01
7.060021701870841104e-01
1.327369410946245720e+00
7.090999562176730775e-01
5.232170538465140686e-01
1.531847283308956476e+00
1.746362424134781710e+00
4.571664710986786950e-01
5.648663308731446397e-01
9.094686277718414535e-01
6.273971981208336102e-01
1.054841146052492240e+00
7.302899249465840681e-01
1.037684952363554070e+00
6.971113586958221919e-01
6.093637595849984434e-01
4.724781241151566058e-01
1.288059704811969297e+00
7.023237128133915652e-01
5.772828177087467871e-01
6.388876570365342733e-01
9.553046659823455355e-01
1.552377019469201258e+00
7.277775582760238615e-01
7.271864667770383539e-01
1.459716932170193493e+00
7.425737055127922259e-01
9.498139002738222869e-01
9.708919433550399214e-01
1.535091499086052691e+00
1.318213805212308909e+00
5.289082701907070749e-01
8.381969230711866503e-01
1.075237347547315814e+00
9.816366917980015039e-01
1.382696305941653492e+00
7.094009381152096561e-01
9.452198673342450119e-01
8.890839001899883964e-01
1.320826578359709735e+00
1.047672966432390718e+00
6.839425695567897812e-01
6.511360982648589646e-01
7.385680683156747861e-01
6.243474654259988377e-01
1.354680538676295454e+00
6.986019889113223025e-01
7.399943969579247938e-01
6.793120538973255185e-01
8.301188486810037181e-01
1.445192594666111274e+00
1.287476732252836431e+00
8.529320055211807583e-01
5.385655107535756159e-01
5.801947874507367153e-01
9.588843050086740538e-01
7.261960474015360933e-01
1.369911972323740734e+00
1.363982201398370009e+00
6.947837294102612304e-01
6.841860330817300939e-01
7.225125114709696206e-01
1.704371629328551574e+00
5.649139699120120373e-01
1.189732237805800175e+00
8.544164929169683065e-01
9.561518559756826408e-01
1.077715837178250702e+00
1.647607996902116900e+00
4.585176146676029352e-01
6.657022283174178767e-01
7.630663322595577780e-01
7.381455578737698975e-01
5.889011576471162579e-01
2.810596077917447477e+00
1.316456406795892375e+00
5.346678514508932389e-01
1.047402953221822308e+00
9.826077593611370897e-01
1.385138180678223918e+00
9.481686213819708886e-01
1.289091682063917332e+00
6.848860593185244205e-01
3.371011887321889944e+00
1.491216146168515833e+00
6.170537588689173347e-01
2.136285269528338304e+00
6.936483612315191838e-01
8.472189306477742043e-01
7.789641968073347522e-01
9.155254955368803405e-01
7.419353425096467669e-01
5.527722736581219820e-01
1.344921019781091021e+00
6.281351764350842082e-01
6.368664741450819067e-01
1.056861401749567886e+00
