4.037453664013068710e+00
3.335878516319759068e+00
6.401645508479859359e+00
6.670303016692232134e+00
3.876056976488959638e+00
4.790356888705413319e+00
4.427474729420843857e+00
5.816447485624754776e+00
4.732053401590951225e+00
3.380645290904619849e+00
8.183686217866419810e+00
6.119221744733462920e+00
5.398378195954004255e+00
3.563497998934153532e+00
6.586576060687344913e+00
4.736765346372065366e+00
6.693682055397091268e+00
4.064465434875691230e+00
5.998145859619320674e+00
5.760833925178045156e+00
3.513229283708113826e+00
6.751184028352986033e+00
4.726756175507111024e+00
4.231950169927516825e+00
6.926511351001218841e+00
6.010346893084232534e+00
6.194226916695408924e+00
4.503155364900471191e+00
9.816380419759591192e+00
3.784503418092848737e+00
7.612672027067485914e+00
5.778520055645578246e+00
3.670918457755123931e+00
5.642013483892416303e+00
6.154544183231266175e+00
8.302667599866055070e+00
7.617189429314001892e+00
6.482138009020814273e+00
7.650414374983375509e+00
8.575236670638297198e+00
6.062070150412329106e+00
6.565350818451933357e+00
9.923643260904418284e+00
3.944852830741588878e+00
6.755654182230300009e+00
3.912408743190264993e+00
3.832950940597557032e+00
3.211211964002181229e+00
3.228806132747092050e+00
4.099499349976037266e+00
7.084869091745821024e+00
8.911558504007578208e+00
6.741665918636561727e+00
6.387691585867374400e+00
3.201053797114224331e+00
7.401250184475341776e+00
7.126783017097141126e+00
6.291686543610340188e+00
7.231960886675123490e+00
2.867881288199590095e+00
8.170737030626284536e+00
5.920077502321271723e+00
6.504297292579531486e+00
7.273539537988106929e+00
3.987915728907612145e+00
9.814230410144178407e+00
1.418937410615662698e+00
6.448355785566202591e+00
1.493998956657848654e+00
3.486299652056827902e+00
2.720260924479928732e+00
3.088228962563315250e+00
3.967134375918452527e+00
4.870336917704791269e+00
7.228499284725572238e+00
3.581472279317209129e+00
4.830752619884408183e+00
7.930600759013977985e+00
9.669130176206333971e+00
7.765478324634136342e+00
1.266550708801642955e+01
7.065586382345378169e+00
8.906287917361066064e+00
3.842739680546457759e+00
4.705313584827635509e+00
8.140971092888969807e+00
2.191223647502571925e+00
4.173257620037533755e+00
7.461138064527355063e+00
4.911686065206444241e+00
1.001885297948078524e+01
6.923992234157402947e+00
4.821735683957145469e+00
3.677633859093376589e+00
7.113197113427030871e+00
6.538511221531640771e+00
5.135725119548864903e+00
4.239102376504534142e+00
8.479949935992530996e+00
9.257072642680977737e+00
6.576802057865313245e+00
9.681580421249821100e+00
8.052606089837656356e+00
8.296882051220901388e+00
3.643486635454887601e+00
5.093281260706223890e+00
6.132161367496828497e+00
5.763779840360585105e+00
4.136166122227808550e+00
6.411161081492950942e+00
5.988033250589498202e+00
3.450894247360241085e+00
3.261095860338896646e+00
7.681265335744429379e+00
5.250585286890860459e+00
5.230921049033333325e+00
2.826010196234117089e+00
7.078368933430978061e+00
7.987672723759338567e+00
7.485652934253675284e+00
3.698254830478296729e+00
4.785319979750394914e+00
7.493956905952321890e+00
2.809665231215856984e+00
5.938789486987721133e+00
4.190627257132340411e+00
7.441677958263125170e+00
5.892435660277824283e+00
4.715197909414509780e+00
5.727028036271482492e+00
5.668448635252756773e+00
8.513671238331527391e+00
1.105463130156122276e+01
2.062732508229199624e+00
9.551439405232658331e+00
3.139683327779361655e+00
5.770215386956171422e+00
3.704973609667075785e+00
3.839374210937585463e+00
9.045497720623423277e+00
5.580129446060820619e+00
4.531467483806727259e+00
9.135916527304374313e+00
4.994842386744708485e+00
7.934667424504867839e+00
4.938564245562409916e+00
7.453847143612510884e+00
7.683727184795674070e+00
6.537259825000374391e+00
3.880810574188573892e+00
3.301071375035171673e+00
3.913826500916521400e+00
4.410847812932675360e+00
3.403160571117346045e+00
5.877045592938556773e+00
4.539104065193102500e+00
1.017784513583375983e+01
7.095585811836957468e+00
9.174392971118010109e+00
4.717739012268260979e+00
7.566772690642059374e+00
7.748083184421219016e+00
6.635623787135608964e+00
9.482152407585846987e+00
7.077066215612178190e+00
7.251070104248972470e+00
8.919102249373670688e+00
5.716630091446400996e+00
4.462136194906951125e+00
7.271313916349804174e+00
7.699585841472578629e+00
4.589103730126871561e+00
7.580764156788918129e+00
4.697028449131257055e+00
4.019634539434765230e+00
5.010218917513173054e+00
4.816803139680600587e+00
7.005435450170499401e+00
6.244598333195878759e+00
8.272682887410631736e+00
6.388573900876671985e+00
6.398266519572917588e+00
5.632364323941747131e+00
7.676278480085931832e+00
5.479680809918987094e+00
6.082118725124863623e+00
6.119809257347431419e+00
7.320373390399228519e+00
8.566576801123417795e+00
8.918585677743147144e+00
4.147907231870449074e+00
4.382597678597380586e+00
8.860029987058933187e+00
8.472152096322531634e+00
3.575645294470979341e+00
6.313700128108710175e+00
6.358694908015022129e+00
3.281892940377433732e+00
2.591144206830125363e+00
4.546783570152015841e+00
1.037472093571051701e+01
4.928080904400761852e+00
4.790815285531835777e+00
3.836897672451786701e+00
5.902815562606287259e+00
5.864592145919627519e+00
1.098812776150011672e+01
7.569745394236530700e+00
7.559704104942314373e+00
8.649209145574173974e+00
1.225810985008173937e+01
9.764437837915352247e+00
6.143890106301629572e+00
4.121193811695747833e+00
5.155839072489407648e+00
5.875563513794167747e+00
2.861842579728513414e+00
6.536470735952167210e+00
5.673277670157186314e+00
5.596916456040719190e+00
7.799028266693731837e+00
4.582196703747598576e+00
6.838975164398656048e+00
6.350163072226777672e+00
3.822835518623362017e+00
3.296156271824390860e+00
3.629114873714867961e+00
7.171822776114789022e+00
5.016018219793007660e+00
5.142581095494927368e+00
2.947476712688159584e+00
5.542552745283911619e+00
6.936102715135525898e+00
5.420713199532263715e+00
5.795223334315623198e+00
4.492128016392396006e+00
4.535967377392727151e+00
5.985586736747821490e+00
4.017472492417980767e+00
5.036757955926314700e+00
8.273713015719899033e+00
5.184054045888856876e+00
3.688887166018242514e+00
7.064078644022966813e+00
3.598852944601079962e+00
1.216505008203330718e+01
5.891539346757765472e+00
6.657061517649884408e+00
6.112425787948247091e+00
7.833119848525211815e+00
6.808618161275206582e+00
5.212788285805578070e+00
4.135633405540345642e+00
4.162766043880413491e+00
5.771687592826008739e+00
4.437598216129460482e+00
4.835399508979924654e+00
9.698825660133687521e+00
5.341344658070881657e+00
5.275323872911462431e+00
7.428708438929848334e+00
5.080794161207617066e+00
6.155322157684820716e+00
9.423659175344200278e+00
4.223876183486824587e+00
8.352191490247003358e+00
6.075248966014751950e+00
5.492596643818993485e+00
6.453291389517794130e+00
7.668524910478941692e+00
4.243494494903994330e+00
7.840406079493070557e+00
6.407607484662833031e+00
7.001354429014739367e+00
5.561650522893114790e+00
6.328146412958487232e+00
2.214793124540240576e+00
5.160761602215334420e+00
7.776541881041519666e+00
4.125423338774824700e+00
4.810916786190855277e+00
2.755331963927400540e+00
5.195618272312073849e+00
7.361185952989425907e+00
7.244319007890846152e+00
1.070409953843893192e+01
6.398161079919491456e+00
3.703193945679165822e+00
5.088909373098122302e+00
5.165608148741265282e+00
4.763536850725953897e+00
7.797091916393227962e+00
4.146516496811085695e+00
5.946086142482824854e+00
7.173930837223699619e+00
7.834060443606702506e+00
5.754513394601006304e+00
5.137488233153074013e+00
6.622803875764465609e+00
3.888131746282028622e+00
