8.629362067790397717e+00
4.174129462477007557e+00
1.088250706266785528e+01
7.467586009404930891e+00
7.342326129571986826e+00
5.437151733746003579e+00
4.505096431265358525e+00
1.078784426420270570e+01
6.846100696968970389e+00
9.613521322509660294e+00
5.705728206892063170e+00
4.969907967764918055e+00
3.989228944016016243e+00
8.859041193957290616e+00
5.326131116825332690e+00
4.184040663682866423e+00
4.444552362779127463e+00
5.354026690499867236e+00
5.643187353977919152e+00
3.783280817448685607e+00
8.353544437063101569e+00
6.755468685113886984e+00
6.235587770699149601e+00
5.058628388599094805e+00
9.143639202000032995e+00
4.500213969533155556e+00
7.387442806696149056e+00
4.597721056074661306e+00
1.033019381943999271e+01
6.384628298357171161e+00
6.044824829424604751e+00
8.201476095195605609e+00
3.154170522170665070e+00
1.907475012026746519e+00
4.755347143784338648e+00
6.659880007129284962e+00
5.238952497522193497e+00
6.108867207849599801e+00
6.030386738364149402e+00
3.096476323914714168e+00
4.595602557253935849e+00
8.064577588480380754e+00
4.670109750639324986e+00
4.126296349799102536e+00
4.962482991355986250e+00
6.612686604754646424e+00
3.083621029622099829e+00
8.916770982150689306e+00
7.282525816584414002e+00
5.948656472173142973e+00
9.437500601770000941e+00
3.490032892744743709e+00
8.254269491196572162e+00
2.842267079638093996e+00
3.703353594857336173e+00
5.339317255798679440e+00
7.884036488293454603e+00
8.485137938444346162e+00
4.587268281878061238e+00
4.593254636525415435e+00
9.118605397787739264e+00
7.384606963866131579e+00
1.048959254029371735e+01
5.909102036204696873e+00
3.922086743907895467e+00
5.424844655880554534e+00
8.742864851947487637e+00
6.709520783004352396e+00
9.594662325112887302e+00
7.204273679175292600e+00
5.777039290889764089e+00
8.573675350489660119e+00
4.855109774043679494e+00
4.310471659100790554e+00
4.758429380822707166e+00
4.123099781335001879e+00
5.554691781077725210e+00
1.857418631579080825e+00
4.127352943299105625e+00
3.359018281814214468e+00
4.225923878132390676e+00
5.276688137575390236e+00
5.190724255347563876e+00
3.736332813568516098e+00
8.171043558629820680e+00
4.704325597878686871e+00
6.241826207409349792e+00
6.699781121108912885e+00
3.304224048951174275e+00
2.770838886764546594e+00
5.295289541344528672e+00
2.111859715015481420e+00
9.096578146658593766e+00
3.988482284450673987e+00
6.120237518975477187e+00
4.631301304841839439e+00
4.694037970161236473e+00
4.641626936945411508e+00
5.563188310869954023e+00
3.711429630549408998e+00
6.808370114107342275e+00
5.562092698137223401e+00
6.635839991619415734e+00
6.429681838534934357e+00
4.903613494552929275e+00
2.693905334540688479e+00
5.378922640647937570e+00
7.501968221324282204e+00
5.638545869619068007e+00
6.449779275308809900e+00
5.685450507603504455e+00
3.384323296855434204e+00
9.041117384777093591e+00
7.601218054002360169e+00
5.746139871946195576e+00
7.193770111625553909e+00
6.910940836233871565e+00
8.659246255305344420e+00
3.518766165394193290e+00
3.316774493840157767e+00
6.144466152817692262e+00
3.917747934028329659e+00
5.469607644806862012e+00
2.517803610818711402e+00
2.797285559675539268e+00
2.326732617025653482e+00
6.798125557774868710e+00
8.411146951820093420e+00
6.117141054534577904e+00
3.123254456602565288e+00
5.274677093474021028e+00
5.335558676210390594e+00
5.727214066325518438e+00
1.270007581457489820e+01
2.418099943317059797e+00
9.880147842640386813e+00
1.030017099288121329e+01
4.205026012269995839e+00
4.177762400216194827e+00
7.790368382656748913e+00
5.308876822970748144e+00
4.649342009648230523e+00
4.744972549857743083e+00
3.038752474048582286e+00
5.575719656243452782e+00
2.641282262221024357e+00
8.607017415696418539e+00
5.470114021509701274e+00
9.756328887128249860e+00
5.997794466628666221e+00
7.450466800212679708e+00
3.077830289090806914e+00
7.105408392886632285e+00
6.431376342275516578e+00
5.750402795460426653e+00
1.025777194809912807e+01
4.087103919415491227e+00
7.131176056520135198e+00
7.261326081404116728e+00
8.297910260685851469e+00
6.449940976411821403e+00
6.903551644810439036e+00
6.229493424784325661e+00
4.866647885140132246e+00
8.368146173133839127e+00
5.583706108810543078e+00
6.742644672315357468e+00
1.119178753520053604e+01
7.618397645263789819e+00
2.120073851334964843e+00
2.042361976846503335e+00
5.772251451702811842e+00
4.157429198232970968e+00
4.460963486309826642e+00
9.097877933699400899e+00
5.112927599873273721e+00
5.595870973123612480e+00
3.697965558992172941e+00
6.125735013361190973e+00
8.477616549454067396e+00
4.104326083016725413e+00
3.789065933535581632e+00
4.782123336955192094e+00
7.973891176431487260e+00
3.702323800483811045e+00
3.951032101485803860e+00
3.163691644206549913e+00
1.239722971935475648e+01
4.397776093031509070e+00
4.768469602396570473e+00
6.885602775062844572e+00
4.870339466150937824e+00
5.712279698877757106e+00
2.959203979711614529e+00
7.547923165156178449e+00
8.888257668000244749e+00
6.782515230251948246e+00
5.050830244783903744e+00
5.937298468431111864e+00
7.159349994517477889e+00
4.261990810114938633e+00
5.406452694645400570e+00
3.620033798936209912e+00
3.462933797816246884e+00
2.363123623452341615e+00
4.533944321523967425e+00
5.323156922013271064e+00
5.422621350960072029e+00
6.476854174515156437e+00
9.799129517187331828e+00
5.032712023331534112e+00
8.596376137320303812e+00
8.206915760339809296e+00
9.243652958581778378e+00
2.712784857580802900e+00
8.645466326637471610e+00
3.854071937326418951e+00
5.839087714157603415e+00
6.935190720480123083e+00
6.018855690022279603e+00
4.428449438020439999e+00
1.066707451079351898e+01
3.650102699205706624e+00
2.037776988734054662e+00
6.292002690659342257e+00
7.138711204982305603e+00
6.289668157591888686e+00
7.627323409337584792e+00
6.970942479065450392e+00
8.485319872651816198e+00
4.340121542121440967e+00
5.497894926576150532e+00
6.776124712464158151e+00
3.591646586274885422e+00
8.085576897712591915e+00
8.196849506860058199e+00
8.571522128836916110e+00
5.889441867741638248e+00
6.501990276601849139e+00
4.771649533477344995e+00
3.858821805105080660e+00
4.422489656199721786e+00
8.347749905927489777e+00
7.819196176602060788e+00
6.846160699623398571e+00
8.283803909861548576e+00
7.399553913586942144e+00
5.594721569056548383e+00
5.626948894393759559e+00
6.182632927093442810e+00
6.401765194861611441e+00
6.599503984071406926e+00
4.732523326625388549e+00
6.581906913990519747e+00
2.586480087182331911e+00
7.852466399075118453e+00
7.733665762273934874e+00
3.785760424175674821e+00
6.437107170060297534e+00
3.336378177303315429e+00
8.309244402014501318e+00
4.231746603318969235e+00
3.496985817704392208e+00
5.374582821276936428e+00
5.837187700563788439e+00
7.927574041704542829e+00
5.816544169372171780e+00
4.452930020787774446e+00
6.741554143477871186e+00
5.771095869405622913e+00
8.402026232322688415e+00
3.702327511432746743e+00
5.666166367612283317e+00
3.451290690028213426e+00
1.568780289759727609e+00
5.362246093186162632e+00
2.508901983919257006e+00
6.347578053115421781e+00
2.357141208334791127e+00
8.806012144449997692e+00
7.567715922303624332e+00
5.535429490734224522e+00
1.230749059046229199e+01
6.094193786851056949e+00
5.645939049575105173e+00
7.295600979748379622e+00
5.469710287544665483e+00
6.755431670216688111e+00
5.752559361819177930e+00
9.272498243962555620e+00
4.750458477621354092e+00
5.017621269871264111e+00
3.521309569939159445e+00
4.112859519881469694e+00
5.962807867310205623e+00
4.751661269725239833e+00
4.290310229691213451e+00
1.096753141660845188e+01
3.583694054856342071e+00
4.635236243016728430e+00
