2.730069709943824918e+01
1.677065566863230828e+01
2.157565791429429680e+01
1.897463173151946236e+01
2.317478559394083248e+01
2.088964780759861739e+01
1.869887519721700997e+01
2.219499857699836198e+01
1.506289465927330440e+01
1.844798226103984717e+01
2.100252160146568414e+01
2.795816351818851686e+01
2.123818608692453580e+01
2.317891194037039426e+01
2.108383428434977347e+01
2.335326664561099363e+01
2.137272378264539086e+01
1.971001977999677734e+01
2.634526142951356320e+01
2.578878495445583852e+01
2.062670610435632668e+01
2.566458283792769279e+01
1.961768928027878545e+01
1.932104930761092021e+01
2.806555557444037774e+01
2.230967419092610271e+01
2.498456609733013423e+01
1.756326254909040330e+01
2.094285834113309619e+01
1.541769585923010055e+01
2.207883553855257830e+01
2.168264317933265417e+01
1.503440215714869232e+01
1.649787205373572263e+01
1.686028937083043644e+01
1.994146199322992175e+01
2.665474239262855249e+01
2.425593505663320926e+01
2.473989276884622157e+01
1.475204694615195500e+01
2.830403718646166666e+01
3.206293055932996339e+01
2.175422620238039784e+01
2.100991756949051492e+01
2.230686600829682931e+01
1.594509041174030273e+01
2.129212923587020967e+01
2.819676036159929211e+01
1.806980689981775257e+01
2.466088138400027319e+01
2.211380922215929345e+01
1.501770279049770451e+01
3.061113818203234160e+01
2.039967719884066355e+01
1.572773192593906977e+01
2.170663866973563216e+01
2.335673501361564064e+01
2.591051710493805160e+01
1.956184747519815303e+01
2.547208798065040014e+01
1.681404815874655512e+01
3.215917093751830436e+01
2.699923248247335295e+01
1.820203520057230051e+01
1.771024431715896341e+01
2.301689811534198427e+01
2.486384278987754115e+01
1.695908126731021781e+01
1.784037720134802640e+01
1.849483447334329256e+01
2.193432151777887640e+01
2.177671070781382667e+01
3.471538466708392434e+01
2.358293109009436250e+01
1.659128756599978161e+01
2.258951663296427270e+01
1.868259509953573527e+01
2.717731549332509644e+01
2.341952163307923840e+01
2.157802703186219162e+01
1.596705296881443914e+01
1.956119794399380041e+01
2.681589005885691535e+01
2.122136764927334696e+01
1.908704548143312607e+01
2.204133328838309680e+01
2.353102332348208492e+01
1.741991511287181993e+01
2.255283462526121596e+01
1.456294522878895847e+01
2.538475481356766750e+01
1.851515225980081425e+01
2.432710552402840420e+01
2.229764037447386826e+01
1.602726142919282992e+01
2.487619596417528811e+01
2.255705505380079146e+01
1.877230190227761497e+01
1.629905094117251707e+01
3.296856397755563250e+01
1.740718316800458254e+01
1.954463874453515970e+01
2.113851061726001035e+01
2.186771145434963870e+01
2.079078521754077613e+01
2.456701372078377332e+01
1.751848141806205206e+01
2.172602313645640493e+01
2.500731792754826444e+01
2.318179824071042816e+01
1.368988656771654533e+01
1.851139864483724651e+01
2.929289457508928152e+01
2.043637975418005226e+01
1.294294412703491481e+01
2.090928421222557176e+01
2.132217905301288852e+01
1.259513115175474418e+01
1.858975937080470686e+01
1.841870572371462345e+01
2.652235697425400573e+01
2.175899580871084638e+01
2.503150219387335085e+01
1.742587439546052153e+01
1.470536274227398366e+01
2.765383030231969386e+01
3.000754886487805706e+01
2.701954526099906673e+01
2.038488386935208752e+01
2.659886277993719617e+01
1.700237359751191946e+01
2.066773224828722277e+01
1.728127870023269352e+01
1.295146396661675858e+01
2.875016118322479386e+01
1.727548294585083255e+01
2.520123305380535683e+01
2.245626531316131036e+01
1.658768297361134003e+01
1.538310212633840557e+01
1.834511289379702603e+01
2.186944850692410469e+01
2.169221590373050290e+01
2.735756692111000632e+01
1.600332109539588998e+01
1.916376339693802677e+01
1.588319586367017955e+01
1.886748332550211060e+01
1.714190630693622097e+01
2.683716997526781256e+01
2.518600255117423004e+01
2.253773651898834984e+01
2.198855890448860961e+01
2.133875545951749331e+01
2.264674762016192133e+01
1.783491938776834473e+01
2.544829740932441098e+01
2.135481820627671112e+01
2.252594509686311497e+01
1.887137834884908827e+01
1.555764223631715382e+01
2.374640040837446975e+01
2.362526464578321139e+01
1.931207828725090891e+01
1.766180230556169306e+01
1.454193404761474362e+01
2.483054579691875219e+01
1.940027303837670658e+01
2.624321867938007102e+01
2.303468612079965538e+01
1.554446134018876435e+01
2.686676275267872072e+01
2.362996335372552537e+01
2.253432644998873258e+01
2.783549829133176701e+01
2.047512758724829496e+01
2.131560394792498059e+01
1.911716846765187938e+01
2.834365982048024435e+01
2.437534968348333209e+01
3.232121470915977568e+01
2.078410220643372597e+01
1.956193800937393590e+01
1.679778296576496999e+01
1.693516151712858786e+01
1.948804483348349947e+01
2.280534893492896131e+01
1.847280203229481543e+01
2.229137954365810970e+01
2.353408346882813618e+01
1.272887601017461101e+01
2.301909757696965286e+01
1.861973286105590120e+01
2.327861960897561744e+01
2.145445862967349626e+01
1.790331950372058500e+01
2.482602372993087414e+01
1.859406970968585071e+01
2.307708535602849054e+01
2.273492107420825548e+01
2.654290161615506349e+01
2.734340805497394555e+01
1.950132745034109405e+01
2.132605373971399843e+01
2.283771221632821025e+01
2.546670806452747016e+01
1.740811836491803177e+01
1.534011408284015765e+01
2.619033530256225006e+01
2.562600275303196540e+01
2.474068508642413988e+01
2.303028607041581211e+01
2.230659491730837019e+01
1.903285635030147560e+01
1.511233632069919786e+01
1.826863728934592146e+01
1.877818555754432595e+01
2.140161872805253296e+01
2.082702749116912955e+01
2.099433516657889953e+01
2.836070317763898885e+01
2.079164570568152826e+01
1.818646600469489627e+01
2.111928541245505286e+01
2.056206210809075330e+01
2.049251654525464517e+01
1.996643028980612300e+01
2.502662564262778488e+01
1.926248531437479627e+01
2.107297390497491918e+01
1.522400015606341839e+01
2.479268847727205127e+01
2.610496025067743631e+01
1.487093141320744749e+01
2.230565696621421523e+01
2.244235497197354334e+01
2.078021352789107112e+01
1.989379757189718134e+01
2.592856222910178587e+01
2.172183014988818428e+01
2.162117698865438697e+01
2.529909834775156696e+01
1.897761159860282731e+01
1.873510945601970334e+01
2.109348616478462191e+01
2.051679348169197681e+01
2.197302580288989660e+01
2.423956911504122758e+01
2.424371006260281547e+01
2.798972822742989663e+01
1.766565248026650892e+01
1.924352315963411897e+01
2.511304121301555980e+01
2.808886866399538818e+01
1.619563062715012691e+01
2.564341060938611960e+01
2.640943134455536523e+01
2.198021087348218217e+01
2.127841569124088039e+01
1.393196110720866265e+01
2.319896453040662365e+01
2.910934518394561010e+01
2.689982240450704509e+01
1.802761276340658725e+01
2.286203314962774158e+01
2.321103024653400482e+01
1.784001201752674604e+01
2.294602872589636178e+01
1.661243233434215227e+01
2.542137078454820909e+01
2.196301942598841705e+01
2.752152192584259538e+01
2.227620096775109104e+01
1.204880897364016690e+01
1.396258924450284233e+01
2.100679466648682592e+01
2.082510859816110482e+01
1.925241515745015519e+01
2.413628455061256162e+01
2.429912275696331747e+01
2.222979109824817101e+01
1.508383307338705848e+01
1.255027325584406661e+01
1.520496746011953881e+01
2.552933327084308601e+01
1.657488577932523199e+01
2.892408285955352909e+01
1.877389329203252188e+01
3.348521157101507129e+01
2.206393119171104189e+01
2.663065150623894439e+01
2.095920022692119034e+01
1.604502180279067858e+01
2.004230519006344835e+01
1.834200720469114998e+01
1.819778984354280738e+01
2.115539364216040497e+01
2.678980253750397011e+01
1.856834498369806852e+01
2.119521669798442431e+01
