5.753124634563513240e+01
6.282191701555695573e+01
5.879063047324261504e+01
6.598548864638580369e+01
6.407366152798115877e+01
6.321260728629464865e+01
6.291610280821389267e+01
6.517069594848253189e+01
6.323931004052861482e+01
6.248280740360397800e+01
7.060466865692318095e+01
6.308346150504154792e+01
6.533272187017637123e+01
6.224159670192826610e+01
6.127628137600567726e+01
6.196123478595599465e+01
6.598413498992721316e+01
6.725418021255389078e+01
6.767278020099419678e+01
5.986539752531796665e+01
6.525682210338202083e+01
6.321956037309780640e+01
6.219577576296836696e+01
6.136534768427577546e+01
5.962883868708349411e+01
6.194967199894775689e+01
6.056850357670099072e+01
6.056294811237509634e+01
6.427767242301169404e+01
6.116685111873982805e+01
6.824242489889049068e+01
6.365486500597751984e+01
6.068714228767989027e+01
6.276200730977853226e+01
6.811383489798484447e+01
6.323028121569134896e+01
6.266861186119501070e+01
6.325574395466894373e+01
6.175989886005854146e+01
6.674500614214777272e+01
6.078160041574284378e+01
6.481567884111241540e+01
6.296684559590622854e+01
6.517591365206662601e+01
6.179866366725902083e+01
6.441298363528908055e+01
6.570131893607144491e+01
6.310618499959546313e+01
6.061876708371782740e+01
6.470601936709290669e+01
6.870336160987871210e+01
6.559328425701932019e+01
6.370723178877128134e+01
6.493109946916875685e+01
6.571202778292182245e+01
6.608728929394470697e+01
6.849668336129778368e+01
6.575927547542006835e+01
6.437524337931648688e+01
6.450397959410408077e+01
6.275926133311709521e+01
6.532749137929835115e+01
6.443698270247877247e+01
6.379923459197102176e+01
6.404576188113892954e+01
6.165710084294603632e+01
6.370870983568828194e+01
6.427367260918754255e+01
5.995251793251678407e+01
6.428846098136769172e+01
6.349094375116092692e+01
6.466396176214333025e+01
6.256297872438160823e+01
6.256700054622142915e+01
6.191186463935559203e+01
6.096165894637053384e+01
6.111438266678502629e+01
6.338563679755741731e+01
6.566781489664953142e+01
6.540256821211005445e+01
6.638415827666615598e+01
6.737927859761728655e+01
6.102018588118500730e+01
5.908302413815070508e+01
7.059337900281978762e+01
6.332756849582331427e+01
6.297953918348447644e+01
6.219114973546438563e+01
6.984196211672913535e+01
6.299534216192081004e+01
6.484365041950718478e+01
6.547958265534356315e+01
6.463291589088287026e+01
6.674574020353117021e+01
6.253861518784533047e+01
5.900938827086194749e+01
6.211554537270089327e+01
6.381567688320526344e+01
6.545398091406067920e+01
6.542771729573101425e+01
6.641470826147514117e+01
6.405531479941608097e+01
6.536973334831728266e+01
6.114038084160227982e+01
6.250344214093107809e+01
6.347379314270438044e+01
5.929815379441463108e+01
5.878900308639474304e+01
6.143340071411737568e+01
6.402454470706837242e+01
6.193935441248287788e+01
6.406271596066061136e+01
6.563325918383443991e+01
6.445441592741717329e+01
6.469760638752575233e+01
6.003060957775348783e+01
6.553303994769744634e+01
6.504239370311744040e+01
6.532398956151867253e+01
5.828741570724530163e+01
6.482653150820804910e+01
6.318012138984968828e+01
6.454883258938217239e+01
6.239253032192524273e+01
6.491172193691302539e+01
5.924736872209550143e+01
6.149045602144266098e+01
6.691982236708633991e+01
6.654424031497647718e+01
7.004269950657615595e+01
6.505909357189362652e+01
6.280765026475179980e+01
6.127387661523609808e+01
6.560424162733151832e+01
6.343844872648703159e+01
6.007097507840197892e+01
6.173698813267768060e+01
6.423932552247590877e+01
6.384059901546728355e+01
6.783484310240021387e+01
6.297368052087529833e+01
6.074800891377189771e+01
6.450015868178908818e+01
6.137900889933406035e+01
6.281724598743066679e+01
6.358607706010382543e+01
6.159313758782322168e+01
6.489453047848947165e+01
6.414761861873382998e+01
6.674364706067817110e+01
6.680409061954517824e+01
6.199595627684267640e+01
6.658231807955702664e+01
6.305823023486383505e+01
6.423950789459192379e+01
6.538637825122515324e+01
6.377109336998504574e+01
6.152400104173980822e+01
6.183523641989155806e+01
6.382926361143342575e+01
6.129017523809165624e+01
6.145745170536648061e+01
6.408446894183416020e+01
6.467260227121394678e+01
6.220704661187662055e+01
6.305585793678244499e+01
6.553093037482855721e+01
6.913444060273995717e+01
6.433684757913275121e+01
5.939370450358516251e+01
6.387306399016010516e+01
6.406967705159485149e+01
6.679187306396948998e+01
6.270162445197119183e+01
6.361787445653989437e+01
6.299980043897240733e+01
6.920761923938229643e+01
6.484117437173232190e+01
6.252219927972085145e+01
6.483809296042701931e+01
6.259283262207564036e+01
6.859635407529356144e+01
6.245886931503664385e+01
6.764577731150690454e+01
6.365553421557229541e+01
6.419872864927400258e+01
6.462655680562211558e+01
6.566035420110938503e+01
6.337890812935113161e+01
6.447982522181750653e+01
6.168794549421487261e+01
6.326984427011638701e+01
6.640925221616659258e+01
6.633810709043737575e+01
6.301377189465150508e+01
6.393268580837484194e+01
6.100480650666319349e+01
6.059943570516002609e+01
6.539494462104050854e+01
6.211761237293986682e+01
6.655992011696666566e+01
6.333184543782808618e+01
6.774855727351767598e+01
6.469823084516805523e+01
6.605640915457081519e+01
6.128046721273567243e+01
6.639978905414862709e+01
6.196812198932045845e+01
6.212204400879636523e+01
6.231293070881708474e+01
6.382844965888885014e+01
6.412042259402227273e+01
6.577714518159113766e+01
6.796229862417386869e+01
6.380017958023870506e+01
6.699535386462649456e+01
6.732010987792102696e+01
6.030404540516591538e+01
6.279468936654578926e+01
6.427499475977492693e+01
6.394256325115424033e+01
6.603435945786348782e+01
6.579781061514357532e+01
6.327482626582079206e+01
6.036956441179707156e+01
6.468371099821736436e+01
6.288327913649047929e+01
6.655312250925094020e+01
6.421418938351375516e+01
6.768944079052266716e+01
5.950361597183622564e+01
6.542783592199717191e+01
6.813406556797174574e+01
6.740244134471117832e+01
6.421932137673445595e+01
6.187878522031713402e+01
6.178793760148244729e+01
6.516023205564616205e+01
6.107435671594155480e+01
6.308699015267367116e+01
6.522418777239943211e+01
6.082117101375944657e+01
6.318460627472834545e+01
6.347402388327740397e+01
6.526219205851047889e+01
6.424415659778804866e+01
6.166688802376900469e+01
6.042232869834577258e+01
6.270296585589047567e+01
6.456088588977343079e+01
6.157143516803836292e+01
6.380615699588665990e+01
6.610125645493634750e+01
6.226353964354427006e+01
6.723416181681456294e+01
6.055867907809491157e+01
6.936741279466917831e+01
6.218087075024531885e+01
6.247556470948119056e+01
6.404399128065905700e+01
5.935863781926671123e+01
5.820476930536343474e+01
5.928748331284187856e+01
6.456955093721339267e+01
6.200010776590536210e+01
6.236850522643872097e+01
6.884913876703456026e+01
6.141073068097959720e+01
6.499932260672308360e+01
6.543085634084353330e+01
7.226267459616072131e+01
6.386825976971169894e+01
5.913063508090218789e+01
6.464760558367713372e+01
6.325327926972101977e+01
6.433060117062015593e+01
6.571813404792514746e+01
6.322700715965591911e+01
6.083489817113655818e+01
6.992368739689976564e+01
6.591467946326967819e+01
6.609158211768632896e+01
7.082266147639093390e+01
6.425857895551246202e+01
6.474354594484481140e+01
6.371132090102587142e+01
6.791037187592469593e+01
6.574633741415927091e+01
6.397163168646491016e+01
6.595072572695237056e+01
6.108253882704367754e+01
6.658761444822827968e+01
6.910458890113390851e+01
6.624724120197430466e+01
6.587816269949830428e+01
6.580387004598037493e+01
6.045533439075770588e+01
6.388040634632949377e+01
6.896026322119683982e+01
6.532536921183115908e+01
