7.083803086512828751e-01
1.611089925504852971e+00
8.894509266404795333e-01
1.401066564038043083e+00
5.782916040180343664e-01
1.382749701750994209e+00
9.957562970239901556e-01
7.226679045694214265e-01
9.785982315264974973e-01
9.802867276188257373e-01
6.951908903882193513e-01
9.115099297404348766e-01
1.134822307341892378e+00
8.197180431465689310e-01
8.720233053917940680e-01
1.016232326759249460e+00
1.483572156795715857e+00
1.359358631142687512e+00
5.932379512370693497e-01
5.722488621483027282e-01
1.419864930138247994e+00
8.075190282333575276e-01
1.087685577768565004e+00
7.883970659890913169e-01
7.254322999007308814e-01
5.252057284822239103e-01
9.736442401948189884e-01
1.026283791027920334e+00
5.989031386069335605e-01
1.015785427426332488e+00
1.388935723226822683e+00
1.624626738817528393e+00
9.846441158999990062e-01
1.991953212826336639e+00
7.810907607736545799e-01
1.998960418652720117e+00
6.553643514350043775e-01
9.763834672582829555e-01
9.271405923300535257e-01
6.105772087650477298e-01
5.407236414286467063e-01
1.034104195525235248e+00
1.066922807247011162e+00
1.118496959992448136e+00
9.399772043933487531e-01
6.490159298839059954e-01
1.044256784298368768e+00
1.259611455626918231e+00
9.467963105974978033e-01
8.994265564011744152e-01
1.426450606105816865e+00
6.096207652752981820e-01
1.444309967611745904e+00
1.220760249586060553e+00
6.383596259699083619e-01
8.195498657559774358e-01
1.258130225607445141e+00
1.393609642017245465e+00
1.124076166185063563e+00
1.085860301167794528e+00
7.123082284296085032e-01
5.311033962340194758e-01
6.750079103052762930e-01
1.448736612529116119e+00
1.292789285904971219e+00
9.701524098010319008e-01
6.226028379413671709e-01
1.431071219152255880e+00
7.695835847061962554e-01
1.107376671805241131e+00
2.060003191708175141e+00
1.211147510291548546e+00
1.094608495030231721e+00
8.308981500629631922e-01
7.605862974132188148e-01
9.679677737266149107e-01
1.015600326550649690e+00
1.053723857025229416e+00
5.463467108091434321e-01
1.306365612841947410e+00
8.089350570964247700e-01
1.116192857462763532e+00
1.687993779751281398e+00
7.198073535539930567e-01
5.870460909162034113e-01
1.676656870458276272e+00
8.197173253173568597e-01
6.807942955888454106e-01
6.724833948433216468e-01
9.044477869583973373e-01
6.102918950091460459e-01
6.201936195223537451e-01
6.077119397094327136e-01
1.241178051785716496e+00
8.381122177660242922e-01
7.203757842012913359e-01
1.261995238807778197e+00
9.210462474689095069e-01
7.474180716105377487e-01
6.478040790897159340e-01
1.143998682303793091e+00
3.370319785997452744e+00
9.029541167086059250e-01
7.925301502156604228e-01
6.206100935831341259e-01
1.027822353888622420e+00
1.355115102677636241e+00
2.177673661287540252e+00
6.107904233309980890e-01
7.186307092716692768e-01
4.744809977249426214e-01
7.005088897475140186e-01
1.193474294141724235e+00
1.886911347979839393e+00
7.698066003270214175e-01
9.975521745024742426e-01
1.047352833364857849e+00
3.114336077380737589e+00
6.716076866112525856e-01
7.569063834360516552e-01
5.885477119099076226e-01
8.618890614804637362e-01
5.419247577351633538e-01
9.469174539547441372e-01
5.906845111055946118e-01
1.401862576431567753e+00
6.930960141368300853e-01
9.139373932233868514e-01
1.290382904233091432e+00
6.845053699194771912e-01
8.438085076069711254e-01
9.108261876945636937e-01
7.596687700641464591e-01
1.166747690302189167e+00
9.668492871123796073e-01
6.891307798131210971e-01
9.193807656992885047e-01
1.181178842217415648e+00
2.181977223135608046e+00
1.279670509689737612e+00
8.125215747242708897e-01
1.301196895443924584e+00
1.760968749170239933e+00
4.623533130417477599e-01
7.451030007064562977e-01
7.120972171472842449e-01
1.815565463687835779e+00
1.391509126239729888e+00
5.401215356987912886e-01
1.794321893074704022e+00
8.380822889436683187e-01
5.852465226590080061e-01
9.138631467230081684e-01
9.469118729116718924e-01
7.583683158569706206e-01
7.785150994061109664e-01
7.488262046432255792e-01
6.512901950846760046e-01
7.609625680230842626e-01
1.142654833053252217e+00
7.721129435797320362e-01
8.007914047178542605e-01
9.382927879476481436e-01
1.280510646067653635e+00
5.703956095763693668e-01
1.084902413571618318e+00
1.139552264566549677e+00
6.965757175369715615e-01
6.749009056854918809e-01
7.807440014134903183e-01
7.601751481394397603e-01
5.654398189833915733e-01
6.787509803180021839e-01
6.327234728179532697e-01
1.082243442727849336e+00
7.173900796707096683e-01
6.213797358532739956e-01
2.439858456669033338e+00
7.482152823383668716e-01
1.229938085158250871e+00
7.604270992520607564e-01
8.307975349259379971e-01
7.700912198521980834e-01
1.003911267678462282e+00
7.927699164448239744e-01
9.787028513496595084e-01
9.820570929129845972e-01
8.769090049738460513e-01
1.432815412000046695e+00
5.855791093472817455e-01
1.316470320948673667e+00
1.657083111384059171e+00
1.180469101960346157e+00
2.133721365974076800e+00
7.639154992457761750e-01
5.269070007858701610e-01
6.477142829636257648e-01
1.273283832388557579e+00
7.935945091526362960e-01
8.306338747424607538e-01
4.973912124444853089e-01
7.780741450653267943e-01
1.904784784797086461e+00
7.896198545215590281e-01
2.425140635750809182e+00
8.039747891229018784e-01
1.420402109114302203e+00
8.332449229169615057e-01
6.919188637498012717e-01
8.700684541668437522e-01
1.414714507275620425e+00
1.005103736320613894e+00
6.944225137768361700e-01
8.618944437895387223e-01
7.987998143476126023e-01
7.720749483096235322e-01
2.192637243137162351e+00
1.252870909659524301e+00
1.083587334431073579e+00
9.732052672213782341e-01
1.206759982707272361e+00
1.113568385655209436e+00
6.251230696876152182e-01
6.843189328124779092e-01
9.730167975090195931e-01
6.421893972285402930e-01
1.251968186650688653e+00
7.302942085485658597e-01
8.227900485592577473e-01
7.169674710076258117e-01
1.308511769516928158e+00
6.823124773421557210e-01
1.449008863099348288e+00
1.430400055834823325e+00
6.529292711199670141e-01
2.148712954857579405e+00
1.153352197228337150e+00
5.543212474592962291e-01
6.533563380474860516e-01
1.337226436604062929e+00
8.214655783956631430e-01
5.427328107744766594e-01
1.424800008997212597e+00
1.174933661017457442e+00
8.011797342326011373e-01
3.998212264986921727e-01
1.260203943258239034e+00
1.918393296847054064e+00
1.354929407493158600e+00
7.991870575526929255e-01
1.405422660569656257e+00
7.178684521063578572e-01
9.949527121884251812e-01
1.522596643336979083e+00
7.013147567823712070e-01
8.950932520559333749e-01
1.024950641945127972e+00
5.665447301119151957e-01
6.318352459024396683e-01
8.096619258863211321e-01
3.692360247156060149e-01
6.045366045602232896e-01
6.481305724958237313e-01
1.636397751582202797e+00
1.504298565915856312e+00
7.275298925942137451e-01
7.158394830484882121e-01
7.878000216232777797e-01
1.312994526199116718e+00
1.302060338126789674e+00
1.784238070916186469e+00
8.820742560357567319e-01
8.267780501760024769e-01
1.041402377957304504e+00
5.847764951489825558e-01
5.280962381993673516e-01
8.853867938428154893e-01
9.369092057960564102e-01
6.580554808566333458e-01
8.424661990146473656e-01
1.346381748402296186e+00
9.386785744651495733e-01
1.007370337080074396e+00
1.386814253359398785e+00
1.044879574862208615e+00
9.471659851993216028e-01
1.963943180958539925e+00
1.428163887179038305e+00
5.984022154416006600e-01
5.650008319028013704e-01
7.770237721586256141e-01
1.166321731213567858e+00
1.988415658783645013e+00
8.459530154971741656e-01
1.079302684219351161e+00
8.055888188762908575e-01
1.073088485266584513e+00
6.538474124811262111e-01
8.678536181311555797e-01
1.100985337817466103e+00
