8.430537686275537013e+00
8.202830836937808456e+00
8.865313258848077638e+00
7.976966224591002685e+00
1.029928776563006032e+01
7.329249207777743358e+00
1.045088241912580251e+01
8.955274513689367666e+00
1.143507131015494771e+01
1.002722141572730763e+01
1.022010896260008472e+01
5.449302778226861044e+00
5.852784758007665289e+00
1.277282288799052701e+01
1.332092219514029274e+01
6.239456263118648316e+00
8.608787973194935716e+00
9.843587900756114450e+00
9.508636766281455266e+00
1.326957863829122353e+01
1.252786286250238312e+01
7.063552276647253159e+00
8.684800221653048879e+00
1.230794078057038554e+01
8.238693787547436642e+00
1.226099526646567739e+01
7.973129853928915267e+00
7.744279429222764577e+00
8.737749703511351385e+00
5.827626167448482164e+00
9.315392649343960940e+00
6.721193655983149995e+00
1.687274237409776489e+01
1.097436616785928720e+01
1.192964241290990657e+01
1.185569244607316719e+01
1.017555744332235435e+01
6.085976129929559164e+00
8.183090612226406435e+00
7.597185694045729853e+00
1.352473012475148550e+01
8.137704065152201238e+00
9.488822698803039302e+00
1.142783394220849935e+01
1.063574517146979659e+01
4.745778359608360475e+00
1.185792851890902533e+01
8.154979521580639101e+00
1.009115718412498808e+01
5.539190999927383174e+00
1.110124909123412529e+01
9.012510164710882066e+00
5.173668866636226049e+00
1.677237983413484912e+01
8.204852962947228434e+00
9.152908228968355431e+00
1.149850758492473446e+01
1.335387530722769966e+01
6.968107360973776032e+00
1.548672664212584316e+01
1.224130765169716639e+01
1.309429665060814862e+01
8.528455643185361978e+00
5.631018591275085861e+00
6.020438135477127695e+00
8.630571970207354227e+00
1.085427182627901921e+01
8.701313792909509459e+00
1.453411894726015596e+01
8.764583707629382658e+00
7.417893167605623894e+00
6.849928395460466390e+00
1.120657725094701185e+01
1.038351542480425138e+01
8.636604456915685901e+00
1.468963985901650204e+01
7.876867288008620349e+00
1.573614095674624558e+01
1.137304686305889234e+01
1.049137420739943671e+01
1.167366903750243878e+01
7.808840058814136675e+00
5.750168788747723525e+00
1.509080833910961594e+01
4.131507883231488876e+00
1.043850380861018223e+01
1.292627250424818541e+01
8.326731249825369829e+00
9.013490903627301876e+00
1.110596580204676620e+01
9.880883737963133129e+00
1.473162947655851340e+01
8.131712707524346939e+00
9.067593231784835339e+00
1.112106467933691789e+01
6.418575241925855046e+00
1.064760607398783065e+01
8.546987497755678120e+00
1.108832714542663744e+01
1.011418944459178348e+01
8.112898451416134193e+00
1.057972970870918594e+01
8.396419504055755212e+00
1.052635099127286544e+01
8.645283727800018525e+00
6.292626391707231370e+00
6.992114744694886141e+00
8.824068877301703751e+00
7.975756598994402147e+00
7.606485251641911915e+00
1.336603517219487536e+01
5.280976001674552833e+00
1.031794094930537220e+01
8.119522005995985836e+00
8.163316522651637541e+00
1.493338894136515371e+01
1.147516514658665621e+01
7.161707203696187740e+00
7.294042209083238859e+00
6.875488290575283656e+00
8.379733846784588991e+00
1.106524024898297220e+01
8.539318124909952346e+00
7.541864444110032650e+00
9.171218211871073223e+00
8.679851785214605542e+00
1.326461887479637625e+01
1.087064399228527911e+01
9.147810290130744093e+00
1.345378165769533219e+01
7.362046061364059035e+00
8.323625133846439539e+00
5.807236107790858526e+00
7.669999830968911247e+00
9.289863454329326586e+00
4.087493190988745972e+00
5.825561217502563949e+00
5.685182278711359061e+00
6.741707815389273328e+00
1.349318666218503893e+01
6.238288282255988193e+00
1.282862735747028715e+01
1.028289308360963084e+01
1.545931984040411677e+01
1.015042641505514176e+01
9.827491554778944760e+00
1.388891498566544591e+01
9.460756615588431728e+00
8.547308624344958972e+00
1.036773481391164431e+01
1.242054858419226093e+01
1.161870958438878354e+01
1.374315047047118732e+01
8.946571333547073124e+00
6.647828433034407070e+00
7.298963906496672038e+00
7.594890943705137509e+00
7.155960941906736039e+00
1.065913508483880889e+01
1.217451594204309728e+01
6.719717936828855542e+00
9.001965803420556966e+00
8.921841954778502171e+00
9.244645673190643009e+00
1.112799803332789317e+01
1.126948419255713496e+01
9.379971527812367427e+00
7.434190115230873808e+00
1.008965942153637663e+01
6.692884543110789508e+00
1.112828140182294767e+01
5.801513360601219915e+00
9.041678183356481213e+00
4.726809077205770038e+00
8.242193761894711201e+00
6.874543677895906590e+00
1.015575268970659373e+01
7.578660874421698779e+00
1.006387325023548307e+01
9.113951424307755289e+00
5.506443789231328267e+00
9.339962597338953287e+00
1.030755606788485501e+01
1.071185336460508708e+01
8.516355363037259707e+00
7.915512835435999150e+00
7.379676011303904382e+00
1.413728811480380543e+01
1.555397463906225575e+01
1.254215305714242312e+01
9.274207951408492079e+00
4.989144071286327531e+00
1.096768576528021200e+01
9.614882421919990207e+00
8.535528171137586995e+00
5.948036669856513470e+00
1.224575574986823412e+01
9.100447374384978971e+00
9.667875560388626610e+00
1.295663178379337488e+01
1.299054256565023735e+01
6.256809372380509160e+00
9.397307082726179317e+00
8.508865853036688520e+00
1.653645319595056051e+01
5.429383595812074859e+00
8.333774803360855188e+00
5.326217874764417104e+00
4.743006889031899043e+00
4.043568380663908002e+00
8.330675437567062858e+00
1.112848348108789409e+01
7.635745760956600847e+00
6.085637724466121057e+00
1.016305910113637623e+01
1.326181329773138273e+01
1.027751623617149690e+01
9.019791151287686048e+00
6.688079527616677566e+00
3.265113517858342362e+00
6.939848693231637888e+00
1.413442775249596650e+01
8.745263769449024949e+00
1.048432495546178167e+01
1.476007406826328427e+01
9.876501270161364587e+00
1.494015383707620792e+01
7.046370322086543680e+00
2.695475083067593314e+00
1.104098026191983628e+01
8.331198807584248911e+00
6.754099432029579297e+00
1.081359697598517577e+01
9.933578513187203640e+00
1.101445699691647384e+01
9.304057908477963323e+00
6.156870281676759760e+00
6.898835973125730270e+00
1.080358734976652002e+01
1.325886442721767366e+01
6.502713728827696826e+00
7.271869282774249044e+00
1.345607921748243463e+01
8.046152519656873281e+00
1.070994956567203893e+01
1.414276920766832468e+01
8.604631508787441874e+00
8.335580258519105001e+00
1.068686660140729572e+01
1.103444085588804313e+01
9.856869759198287895e+00
7.004900292974117093e+00
1.584366375107549629e+01
1.075175751775034350e+01
1.243287849982914217e+01
9.450149705445797466e+00
1.403531574003978832e+01
1.230918070652360541e+01
1.366741086074764766e+01
7.652736307912651803e+00
1.009961707088035610e+01
1.366864406352650718e+01
7.517507362740549759e+00
1.154546534923708556e+01
1.146416192492481123e+01
1.014674699611255093e+01
1.018423728698940600e+01
5.059470465784667859e+00
4.715041462517633342e+00
9.850536042327711073e+00
7.848790639717007522e+00
8.685595188514795950e+00
4.369116434984170461e+00
1.041144399168442547e+01
6.257252107832308674e+00
1.052965098338701289e+01
1.254665539543763941e+01
1.135133347042406449e+01
1.291287170053456101e+01
8.242405739834797629e+00
7.702558320629290911e+00
7.739947435026675926e+00
9.890549498244020299e+00
9.930043159953971355e+00
1.023371249444886999e+01
1.651666823453145838e+01
1.119166748559558577e+01
1.196544171374094567e+01
1.299744493112873478e+01
7.901758787075656265e+00
7.242877627496790538e+00
9.234988830752593358e+00
9.307489469429178541e+00
5.906481115840795049e+00
7.209203199993265088e+00
3.292157262144617125e+00
8.028335194558717802e+00
4.060765774543955153e+00
1.601286222106311286e+01
8.606325091236984193e+00
