5.443220103301607438e+00
6.755960014482427667e+00
7.041898387909515833e+00
4.791812849131749985e+00
8.671346869555152992e+00
1.177554436435890217e+01
7.529528172493713534e+00
4.860026808143721233e+00
7.367390331624202204e+00
5.128980060305607935e+00
1.171193708371384012e+01
4.204091203411214117e+00
7.358745559228782263e+00
4.530080318391770611e+00
5.149952305890835191e+00
4.193763148627655646e+00
3.238234137381164945e+00
5.993958530654304617e+00
9.024392793199101703e+00
5.961791924671030252e+00
6.420088110272263116e+00
4.036606201737190425e+00
1.000515706800755211e+01
6.461292000929167223e+00
1.198288470213295298e+01
8.337690581647512644e+00
7.654102391373226233e+00
4.962144884668822975e+00
5.265034754693357577e+00
8.366907638389898594e+00
8.024876178337688515e+00
6.035493063968557337e+00
4.213927962777839653e+00
9.598627482166872227e+00
1.065433039393951731e+01
1.049849397458195810e+01
1.186188822931517528e+01
9.429338933752431373e+00
7.725950684990798401e+00
3.827909556346344555e+00
5.904285033423184892e+00
3.959496606372050920e+00
3.147807742250610996e+00
4.178636321821214139e+00
6.343750198266098650e+00
7.097614766905517847e+00
8.679951249581177919e+00
8.943457884860912088e+00
8.972191989384173283e+00
5.882180189799099956e+00
8.303897081166097038e+00
6.246811928187371521e+00
7.494608383876524726e+00
8.810178537485029437e+00
7.618103043039871736e+00
7.903331098116469278e+00
3.324483366968525644e+00
8.439045490880081601e+00
7.014203942809724701e+00
6.780914660856205423e+00
1.134169733503295419e+01
9.817729669649194690e+00
9.209257109222676263e+00
5.645118000329782504e+00
2.955361451571219877e+00
1.019090137186913303e+01
1.074041791109119082e+01
9.046172832360381832e+00
6.066515175442069641e+00
4.730732217128956307e+00
8.642879870087201155e+00
6.656350608786922862e+00
5.064774627607845581e+00
7.744562476279388541e+00
6.071495232493054672e+00
3.696164416812480091e+00
6.208321406138489706e+00
7.531876319570817380e+00
1.273192378471460984e+01
5.505969471933782167e+00
6.428279365362265629e+00
7.563855672115747275e+00
8.636046559393319555e+00
1.037027952784793428e+01
8.512600128167223446e+00
8.515653844839508935e+00
8.298537069142955858e+00
7.376760835276519046e+00
4.824530369083924519e+00
8.566151585757459941e+00
1.317099969449028762e+01
4.469938704254756701e+00
5.762842067630253418e+00
8.401583513366920997e+00
5.987603754898800368e+00
6.180136172077201451e+00
4.162637705466872617e+00
8.045285984957880387e+00
9.523244473337394211e+00
8.113273100683747074e+00
9.565113093413781797e+00
6.844424575054632420e+00
5.982197361214373288e+00
6.393959191243507867e+00
4.274409210670014225e+00
1.005072783423758054e+01
6.683020646887834815e+00
6.164291350429821570e+00
5.291473912577015604e+00
5.802241201616228139e+00
1.068275843490111754e+01
6.267418461265084950e+00
3.700207414410873863e+00
5.831401400455165529e+00
6.882918802540404890e+00
4.722014094993014055e+00
7.070636184500735055e+00
7.122132923009920624e+00
5.955440783303909136e+00
6.955260229181720710e+00
8.053995189837564794e+00
6.314856183278587665e+00
8.327242469529755553e+00
6.586913084895124726e+00
4.298274672008824737e+00
8.013093122045676253e+00
1.167294500067968066e+01
5.743663522978055269e+00
8.019888879238484591e+00
3.601529313805120758e+00
6.659901909505935969e+00
9.302741793162764949e+00
7.847139129939217028e+00
6.577892219960592257e+00
8.152427289045947489e+00
8.767901636281134614e+00
7.394727546727616563e+00
1.320637636392481262e+01
5.421614252473103690e+00
5.614617527716278644e+00
5.734920139543293161e+00
8.567229802765030655e+00
1.032777002452563941e+01
1.023632548175444690e+01
7.965962736061079852e+00
9.181296640956066568e+00
7.906459983317763118e+00
6.386740259568944644e+00
4.337518821586789919e+00
2.906044385292125831e+00
7.699878035747743432e+00
6.218052717348581560e+00
5.602105328168105913e+00
7.313424392763190340e+00
6.410146276112975272e+00
6.473603117563913933e+00
6.631717958524907530e+00
4.090098872416072062e+00
7.869535902012469997e+00
1.086540780893231783e+01
1.902448468848446206e+00
6.666265441885954601e+00
6.181677648536739511e+00
3.752031291917746980e+00
2.942809217002670064e+00
1.065324971390572095e+01
9.211163208065936914e+00
9.764577937017408615e+00
1.121704764670552557e+01
6.746521636948594747e+00
5.649077413624379318e+00
5.512133689624571176e+00
1.199375132425393353e+01
6.797983931507404876e+00
7.792885045173896685e+00
4.041988878880741431e+00
5.057145911044811371e+00
3.612663162164287289e+00
1.068664004627244246e+01
7.591084007805060097e+00
6.777092992417995454e+00
3.911733916234715114e+00
6.727504978827210103e+00
5.158931614139945054e+00
7.810900963182387358e+00
4.073940651712831595e+00
4.891707273084755947e+00
5.789812279864028355e+00
3.973489559011468941e+00
1.003183882446566777e+01
9.039842753172857570e+00
7.294910546062596701e+00
8.600848256182491269e+00
6.474386017052228048e+00
5.942221191258543200e+00
4.593965777986372068e+00
1.778381514054065082e+00
8.807575406067899015e-01
5.781537243345665544e+00
7.907548607007369945e+00
5.089129148296859029e+00
4.146974918739799953e+00
6.040791098724777264e+00
7.813431376409704754e+00
8.664199902170958367e+00
4.934210055357674207e+00
4.686110995838110860e+00
7.719323556506920703e+00
7.221430367372104087e+00
6.242769509850421450e+00
1.050237601321405201e+01
5.864306715489004951e+00
9.044243772026343109e+00
6.215999657858205296e+00
8.724855358900684976e+00
1.240603162699128958e+01
9.725981864031766122e+00
8.279833935897144670e+00
8.622705953196195594e+00
7.293109748921695612e+00
8.957864452593010895e+00
3.283475270538994017e+00
6.185268890559727062e+00
3.750038139179149521e+00
3.900787838052357070e+00
6.453468195859639600e+00
9.079452013376345221e+00
6.408565087921028081e+00
1.037218638857223496e+01
5.069239860744117365e+00
7.548129254893623852e+00
8.586734117863283444e+00
5.216510373296579850e+00
4.357289839802557907e+00
6.801055640092547705e+00
3.784827038614751338e+00
7.033682157517592515e+00
8.383015834876566430e+00
8.610098677621220276e+00
4.555074644148909613e+00
4.702863829666816819e+00
6.114399935209936743e+00
5.420490450957926143e+00
5.606926281160674819e+00
4.484913225857783736e+00
9.215458980056332905e+00
5.655242441652420737e+00
8.623071627646156756e+00
8.097052026416523773e+00
6.313120566576800208e+00
4.630197956437427820e+00
1.004262464582397563e+01
1.261205059007290252e+01
7.749161338087421136e+00
5.245888776475796433e+00
5.617677038973837078e+00
3.427626969366876164e+00
5.246055945792831743e+00
6.067899367714398196e+00
6.815318098435841243e+00
8.221479375636791431e+00
7.760868183961860289e+00
5.721375247643358364e+00
3.898265046043814408e+00
7.910123646728561830e+00
7.119638430846442212e+00
9.334671780747571646e+00
6.974110845620455912e+00
8.697163318137759447e+00
6.239731667432530493e+00
1.048752520301930602e+01
6.074048741598772061e+00
1.079662389338089135e+01
9.135966405352480280e+00
8.663231706461651527e+00
6.115442584080970967e+00
8.923123602698026957e+00
7.623533661227370750e+00
8.465106332315961879e+00
8.248552268158711342e+00
8.365718389803927124e+00
9.529250669775198190e+00
3.379157595571070427e+00
4.528984421394786963e+00
8.905408151626060587e+00
6.273283651264409677e+00
7.912852369487540116e+00
1.200289676164882380e+01
1.051540694882402605e+01
8.344555565341027048e+00
8.097586169772425180e+00
9.172184893829443908e+00
6.763514518872089987e+00
6.458756956503280300e+00
5.792846405627383177e+00
7.054463577399338270e+00
9.816604653387145163e+00
5.875170120361856263e+00
4.599962038124757235e+00
7.208412839537389871e+00
