8.333391617651302319e-01
2.452824462417362739e+00
1.565754309718594639e+00
7.946068750432712102e-01
7.951639650719430907e-01
1.000120339197697161e+00
3.143084295096625791e+00
2.807386200602703052e+00
1.115596458753860265e+00
1.805313051475369024e+00
1.689299618177288576e+00
8.456968136661787705e-01
1.496458286331424858e+00
3.232628572753720508e+00
1.942112442919266879e+00
1.802397937448158016e+00
1.532293255454066472e+00
1.358899797597187042e+00
2.154526141474882639e+00
1.120968176656214288e+00
2.528871603765424414e+00
3.776416781339739348e+00
1.585337506262010976e+00
1.723218203505221480e+00
1.718699974084358040e+00
9.285120390029482085e-01
2.002349500278635563e+00
1.463753335170232761e+00
3.422452827386698093e+00
2.432109895051144832e+00
6.565711975950264678e-01
1.058472181032457105e+00
5.677044756239033596e-01
1.167984624128114213e+00
2.256938853576351267e+00
1.185695177175763781e+00
8.415364212934390853e-01
1.228641753091253452e+00
2.685642257973790414e+00
2.134143763726538801e+00
1.258953349621279028e+00
1.618838275528359238e+00
7.757681872129020828e-01
1.335590176691440423e+00
3.351025245857838009e+00
1.093900921940323512e+00
7.842591697531436923e-01
1.072499155223881173e+00
1.091585777203720076e+00
3.891214017804759617e+00
1.387022937482197849e+00
1.895084793709507220e+00
1.476692190243709790e+00
3.620257598875197047e+00
1.857449958620417174e+00
1.078921759538562286e+00
2.164930424825378008e+00
9.349823007772199990e-01
1.040347513069373786e+00
7.444306866302393688e-01
9.339921930157353280e-01
7.114716447736703087e-01
7.806287447282601599e-01
1.380028758590802873e+00
8.133524608223731134e-01
3.033376522269913611e+00
8.884004904822906390e-01
1.783623603283953862e+00
3.412302669085340412e+00
1.528294100590383175e+00
2.505911304764044445e+00
5.926365459605715813e-01
7.615318008595873822e-01
2.488292309360732091e+00
5.967560646152231252e-01
9.713732386720325129e-01
1.722784974685618087e+00
1.017958890134292416e+00
3.724839908658300391e+00
5.268669634361408116e-01
1.788999368297968129e+00
2.432001810563746425e+00
1.382195968015327736e+00
1.318013868220919038e+00
7.064932974682006650e-01
3.321933237373574155e+00
3.067292677015095670e+00
1.167307042212544443e+00
9.555639742171824214e-01
6.911244272925328724e-01
2.229062675274129379e+00
2.416028028639002567e+00
1.766534095854654041e+00
2.395967261066964671e+00
3.437168528607655205e+00
1.137020643071643855e+00
1.365455946145615718e+00
1.243602353823384021e+00
1.312089840241567718e+00
8.191553117649159610e-01
5.195459142112798245e-01
2.485564549413069368e+00
7.311801429961756194e-01
6.885800212631960626e-01
1.606198101742172701e+00
2.323342199145933318e+00
5.031683631950245150e+00
1.196989512826766244e+00
1.081393689191113783e+00
7.108718260445866521e-01
4.858171787426618371e-01
1.811118756276502983e+00
2.559240467634508853e+00
6.946198768924725098e-01
8.851013913431449165e-01
4.179288659011832330e+00
1.722278490479921986e+00
1.768023385902302236e+00
7.298036801198365398e-01
2.321155291796202391e+00
7.397708810756280506e-01
1.084354327588538336e+00
1.519101286102458204e+00
1.107869856465114822e+00
6.401774767615457939e-01
1.387698719836472971e+00
6.736521687288983262e-01
1.364817889509375659e+00
2.271887066995307514e+00
3.854571791540785664e-01
1.128881119790534626e+00
9.495685827503265175e-01
1.330436511200247196e+00
1.207869239426950569e+00
1.516751912984110051e+00
1.374387766931754573e+00
3.211999489783082140e+00
1.999503948391255115e+00
3.041936392807987666e+00
2.444610128636216295e+00
2.903114068811193604e+00
1.406393014752533643e+00
1.212668272374307854e+00
1.733993929640314402e+00
1.679483634414847826e+00
8.220118313497210005e-01
1.984170602439110587e+00
8.503526408089789879e-01
1.553387139604903489e+00
1.856060653227505242e+00
2.474876030332430865e+00
2.668095500335820880e+00
2.175079871156283318e+00
1.220432135059733136e+00
2.754993368373154450e+00
3.909805891144299661e+00
3.746623086187351959e+00
8.146965182442277298e-01
7.710524254235623376e-01
2.513431037241906640e+00
1.198978760000856125e+00
1.784895900305981886e+00
1.787778433276250301e+00
5.334149412940147883e+00
2.948919995143571171e+00
8.795034710616643769e-01
2.134930981402245909e+00
1.315472768229334344e+00
1.310657720590162167e+00
1.188294417054547303e+00
2.662337962686118775e+00
8.992533349991743696e-01
1.053540666608586696e+00
1.821178220034278761e+00
1.577149173543189731e+00
1.127434590861099872e+00
2.566400919161770044e+00
1.939264142006003500e+00
1.324081901422166307e+00
1.399823508675182904e+00
6.489072467106886677e-01
8.421023032639441963e-01
1.590830031796681032e+00
1.263145593884106743e+00
1.048447298066224942e+00
2.526315089355374077e+00
1.964444806265452925e+00
1.573022498071765085e+00
2.400863064798024027e+00
1.337895396938719728e+00
1.391674065211952138e+00
1.139031887958545486e+00
9.599526938136245802e-01
9.332353037947986873e-01
8.065254752280572870e-01
1.461157365130838937e+00
6.938104529579613988e-01
1.005058024371232372e+00
1.546781199178419053e+00
1.293039088287491811e+00
6.012966840749512931e-01
3.564069775167281406e+00
1.304134054137991772e+00
1.061394506973412089e+00
1.717396128898184715e+00
1.812856403302160135e+00
1.040252113056522321e+00
7.771380271204303414e-01
1.328938194304775999e+00
1.486110911566663084e+00
1.488121785931527219e+00
2.270467739789623351e+00
2.086445744495605936e+00
1.002284881491250612e+00
1.917247874270360031e+00
1.855826156461198639e+00
2.721511330477896173e+00
1.483415410697855208e+00
9.528677067386127630e-01
6.923326708966273113e-01
3.226266235769610358e+00
1.659803262642146837e+00
1.629550639097714360e+00
7.154809433073952007e-01
6.458762910763194975e-01
9.849717537894525643e-01
1.854823810890825042e+00
1.645405539969529762e+00
2.597732285150917253e+00
4.913117515577909988e-01
1.065736468810085880e+00
8.984634220614304834e-01
1.388087662268438160e+00
2.032840254600880581e+00
1.941526117855280731e+00
5.364728296162358800e-01
1.006909227619569025e+00
1.284301032379091989e+00
1.436362022953455275e+00
2.605010890324270356e+00
1.157788221677573226e+00
3.463716753660222913e+00
2.382314520178168582e+00
1.178824078420749988e+00
1.517227849319696009e+00
3.264613184083072106e+00
1.560678345923386612e+00
1.594247371935001878e+00
1.490269109467322384e+00
8.416026878345506113e-01
2.021711723874691113e+00
1.008254867416477962e+00
1.247518355677879498e+00
8.607669928532496462e-01
1.903831459168480844e+00
1.765943551455345872e+00
1.230585261661487184e+00
9.774866466287646105e-01
1.548838030754653428e+00
1.259081341400603682e+00
2.189209666075724758e+00
1.870768293873897425e+00
9.376051853932843017e-01
1.415526951410369660e+00
1.771006515750765953e+00
1.469012440886039661e+00
1.525560101488378839e+00
2.227297909859480729e+00
7.913125422192475167e-01
1.198958308189842281e+00
3.532727308625466911e+00
7.173586308322479344e-01
1.717988086276504900e+00
9.595289110029812107e-01
1.163006736955534803e+00
3.171631558417026042e+00
1.167747495717915029e+00
7.226463667020953663e-01
1.337556888837392988e+00
3.230681739070172309e+00
1.264771202240509762e+00
2.264243163472624332e+00
1.866074244799340809e+00
1.069125257676097007e+00
3.195622925626860678e+00
1.414697299917407003e+00
1.224770076091873383e+00
1.396279362846279071e+00
1.516608043696770158e+00
9.338773054365899773e-01
8.828090505372877539e-01
1.561742028648095193e+00
9.277209595544607668e-01
1.950779676732114387e+00
9.792437556194669712e-01
1.708652609233527686e+00
8.843910273350762408e-01
6.901085422574321226e-01
7.274306541278704463e-01
1.763731860331975820e+00
