1.477265858332319937e+00
9.098533327026231410e-01
2.521724635480412147e+00
2.034726386294451128e+00
3.682761350217206964e+00
1.251335361273865132e+00
1.148381263594756563e+00
4.173382303441695029e+00
3.501706338965198118e+00
1.272847565409110038e+00
2.738786851206151063e+00
1.874129893895245091e+00
4.870491454077084725e+00
4.269904330819078275e+00
7.240204661588101054e-01
1.424964942563100800e+00
2.689593065961198182e+00
2.810546502741426700e+00
1.731670333342750778e+00
1.656048196526003657e+00
7.223017141263760044e-01
2.641759242184543943e+00
2.255345055468316318e+00
2.628238645411513197e+00
3.954904621677524101e+00
4.275383743697450889e+00
9.582933222176696075e-01
2.145161796902779638e+00
1.759134419792603987e+00
2.452905536139969200e+00
2.063269117860079938e+00
2.197731587296448463e+00
4.690920635577118247e+00
1.577827112507995455e+00
1.746574655335982218e+00
4.702872555539945765e+00
1.962369967793045955e+00
1.984068964296173521e+00
4.609242125934187584e+00
4.575703183893384818e+00
2.341777755794319127e+00
4.853566797202471861e+00
1.366883388085531559e+00
1.098893364132192518e+00
1.826187321441244515e+00
2.420346562748479258e+00
1.632261633306586690e+00
2.714557335000493232e+00
2.451711903817322291e+00
1.219183966719888046e+00
3.075011284655351229e+00
8.534915056739738048e-01
1.248578251852705101e+00
4.280879945102341821e+00
1.670738374879535915e+00
1.564657103764196977e+00
2.699526873808045568e+00
1.253744280177914838e+00
6.704622321198966617e+00
1.515624789386196269e+00
1.677081526485654894e+00
1.245165145191334810e+00
1.655722709963682426e+00
2.143711783295261242e+00
2.476709136864566840e+00
2.808577083479337766e+00
6.916195181228034450e+00
5.199511322341852093e+00
1.824549709973821265e+00
2.948714146732982933e+00
1.891406962431344763e+00
1.235116592313208361e+00
2.888289017069970654e+00
2.657024613175575478e+00
2.457816110223343120e+00
1.713406097035255593e+00
1.095728352779899772e+00
1.624738762242399215e+00
2.987787228310949672e+00
4.414960085051039762e+00
3.244178539103693026e+00
5.561734880287581007e+00
3.287845792012441759e+00
9.336606443530567345e-01
8.287471640345759338e-01
1.271636918604785782e+00
1.895649891554952671e+00
1.973972886571144780e+00
2.919878254254256955e+00
1.818183568546957174e+00
8.715085334913162951e-01
1.075313404890064550e+00
1.653203464329402683e+00
1.501028456318441284e+00
8.694387799987737253e-01
5.366199473870801873e-01
1.883066221254238393e+00
3.405685505116688105e+00
1.867535545786328965e+00
1.344034350101878772e+00
5.075650444625338764e+00
2.823742998931083381e+00
5.697522300428564668e-01
4.883185568983453351e+00
6.759386890750676891e+00
1.319881961231698764e+00
8.699498209790116343e-01
1.449349769060633397e+00
3.364899993735694483e+00
3.381725049461675514e+00
4.777383732519385973e+00
4.857414739563341577e+00
2.692249874324907477e+00
2.499935270121497410e+00
3.095253737251153048e+00
4.388842302848888544e+00
2.743661855898126500e+00
2.121327510567084129e+00
5.480751611373851695e+00
1.838596970802096608e+00
3.533042846323105834e+00
8.266187826684382456e-01
3.620397699437494676e+00
3.141930472640981797e+00
2.638848257107641260e+00
2.791250259138861711e+00
1.798196530120699022e+00
2.186806117286328011e+00
2.406763963708842713e+00
2.767644241758566714e+00
1.985878794494248423e+00
4.330974274030188198e+00
1.441896269644983075e+00
2.721126506744223406e+00
4.138782566727774004e+00
1.730745706591102495e+00
1.782059845443057400e+00
2.521285792758264588e+00
1.124530146504934214e+00
3.840569850951782271e+00
2.689276093469017415e+00
2.997580881216198812e+00
1.223038962550749398e+00
2.518848089232488707e+00
2.462917190199326534e+00
3.901920755310503974e+00
5.038845791686885622e-01
1.767454430653386366e+00
9.755079948461027328e-01
1.453426597216155525e+00
1.479070713800876291e+00
3.051223084270099140e+00
9.560137238259528436e-01
3.198530184952252053e+00
3.005860843064165344e+00
1.268991952614106911e+00
1.054043931857112870e+00
6.994851980398501645e+00
4.057942107599878945e+00
3.784917766634542158e+00
5.014960902881023586e+00
1.203298340197883176e+00
2.875842524571019521e+00
1.114756389997413999e+00
1.423337387760375439e+00
2.025208387357848583e+00
3.158955167302133660e+00
7.510797182847323006e-01
2.672844825534234303e+00
2.742193359621944548e+00
2.631715644527663045e+00
2.996964642643914711e+00
1.932219493833269963e+00
2.888938059236321187e+00
1.064617533329838661e+00
5.827397186111561211e+00
2.148907932802065712e+00
5.763740944743720895e+00
5.010352307199557487e+00
1.751785746545434508e+00
1.718456707973696762e+00
4.281050494315606691e+00
4.631943507122604053e+00
1.971156684368574608e+00
1.162128811922635174e+00
3.446544797594753184e+00
1.039004167223277930e+00
2.013561145980737876e+00
2.457407785242439413e+00
1.881711671739339398e+00
1.612098254911610962e+00
3.149068942728574072e+00
1.792153586455748959e+00
4.700304006814945978e+00
2.411767534092986498e+00
8.800210930385262698e-01
3.983888362352903112e+00
8.377969964931326619e-01
1.251513758699161150e+00
2.238629316226327326e+00
1.387361514664672724e+00
1.884987709430871794e+00
1.032735578224859285e+00
1.630115708110910999e+00
3.018061873987583965e+00
7.267730839123029973e-01
3.532002730069752516e+00
4.628234351899640053e+00
2.608237306575117209e+00
2.354081577503236655e+00
3.749438380124451076e+00
9.400520387685765700e-01
2.479887634755248538e+00
4.148225787970767797e+00
3.914906658502972814e+00
3.316873986565099131e+00
1.594842902305767085e+00
1.847293850718705555e+00
2.128995466262929348e+00
2.287440416401030685e+00
4.727010936533613261e+00
2.065137943675218413e+00
9.657517816221733442e-01
2.498352015083096234e+00
1.452233542384569365e+00
9.174431120541495233e-01
4.287963744360150820e+00
8.448940208963371390e-01
2.803116437744887612e+00
1.126135304953881588e+00
2.341561994967338300e+00
3.612540374019273415e+00
6.235356228469755013e-01
1.143100865297187685e+00
1.669582165846860589e+00
2.206673901158012097e+00
1.540546615992226531e+00
3.569967497737802198e+00
5.074166351486149473e+00
4.137633799348631847e+00
3.954849518333348968e+00
1.421951240493224855e+00
1.187737083508719538e+00
2.699895178348711511e+00
2.417389768475147971e+00
2.335311644768936823e+00
1.835071320596844302e+00
1.530142227761357443e+00
4.671262508557600057e+00
2.748225682236805856e+00
5.891008830680303232e-01
2.597664940650826537e+00
2.007837437796152091e+00
1.832583832522332035e+00
2.249510761411656734e+00
2.288889011577667443e+00
1.850633381654689380e+00
2.391870609730639252e+00
3.745208599709741737e+00
1.494813814524946105e+00
2.445999821338734836e+00
1.428379767602686812e+00
2.320947997609477120e+00
4.609749689457540711e+00
1.478512054183444446e+00
2.551614331863938823e+00
1.909099172620430718e+00
3.264743054756163776e+00
1.554457148269769551e+00
3.063672351718000009e+00
8.685057644455300707e-01
2.311728595398022001e+00
2.898260553989058685e+00
3.003372989398215953e+00
1.458774906446078434e+00
1.323158013521769760e+00
2.432156908076492652e+00
3.569604088166216993e+00
3.016177477177403699e+00
9.880849957141230044e-01
2.450167544062915592e+00
1.757791986876211965e+00
3.444746218257106474e+00
3.514040608019014744e+00
1.271129332315882099e+00
1.646733394314887189e+00
1.467174095863985839e+00
2.046749685816457109e+00
7.653027630839404072e-01
2.097747878020784107e+00
7.802948783915543807e+00
4.050459421514657876e+00
2.504058307045670784e+00
1.944557975657114746e+00
2.355763935578760293e+00
1.638472920474278283e+00
1.324301829481940862e+00
2.498087545354808814e+00
1.547420409082080672e+00
2.368498119409659708e+00
