3.629529279582211387e+01
3.692473493706006593e+01
4.072668735550608687e+01
3.755438606316186423e+01
3.917777692521867294e+01
3.275564908853181123e+01
3.508924453595378168e+01
3.683697937357961649e+01
4.150179068858351883e+01
4.049929927649711914e+01
4.067106716690047818e+01
3.243274607250053521e+01
3.846388145987145890e+01
3.441502509723895997e+01
3.896907241604437644e+01
3.890366276097635279e+01
3.546942394015562883e+01
4.055136853243812567e+01
4.200209896424606626e+01
3.689356472139574805e+01
3.666823625857828972e+01
3.993146757194571705e+01
4.421894068471586081e+01
3.737701972150956919e+01
3.946241427076918029e+01
3.778721535943494558e+01
3.953182350038932924e+01
3.378647220705624932e+01
3.601008471949229772e+01
3.622077685475738207e+01
3.470578751345564683e+01
3.732949904339810843e+01
4.203418335242769643e+01
3.524999653273863487e+01
2.954045473495722618e+01
4.033479603677577785e+01
3.680609207882874756e+01
4.098851663651618793e+01
3.762512555961883010e+01
3.980304575007139789e+01
3.375678327397465495e+01
3.465938115366396488e+01
3.976339147465091628e+01
4.019005743376359163e+01
3.593172115403185529e+01
3.663242052938399951e+01
3.690313621418680867e+01
3.718463560667294843e+01
4.378643489099597019e+01
3.513325898268266201e+01
3.400109281869147537e+01
4.253008748405604678e+01
3.390592221639475667e+01
4.302601173000483925e+01
3.674759734800973376e+01
3.852856290481563661e+01
4.060559692635862206e+01
2.637388273609196787e+01
3.467060850369968250e+01
3.802869007547895563e+01
4.215440417445750398e+01
3.413401825792161048e+01
4.072703050608310349e+01
3.696945077529331058e+01
3.899058916887628357e+01
3.954825933657585324e+01
4.235622830428899022e+01
3.138987693025907433e+01
4.337010424695092325e+01
3.796443019943917108e+01
3.216298857314902904e+01
3.849670307495531318e+01
3.154238610831574263e+01
3.928616640974716745e+01
4.173006389057294285e+01
3.499648961569633343e+01
3.280950170384268461e+01
3.239916814824641023e+01
3.492856756959788100e+01
3.725281968437023039e+01
3.474551488203614014e+01
3.852213159687806865e+01
3.140913384097926198e+01
3.407531699333240738e+01
3.566203378166058258e+01
3.714615900973537066e+01
4.334119932706406075e+01
3.481211874296709397e+01
3.672826212930161915e+01
3.710787186590816589e+01
3.681294276924626274e+01
3.768122394510488249e+01
3.625176708407465753e+01
3.758103981694596030e+01
3.466938382337493607e+01
3.855907752003091815e+01
4.101487836487248728e+01
4.130472670466187424e+01
3.525820210275981026e+01
3.891162933605146890e+01
3.555342850204115024e+01
3.960359244834060632e+01
4.107884364973634206e+01
4.087450927050314675e+01
3.613868636835044867e+01
3.813973939137223113e+01
3.885340144051669142e+01
4.026298612718827741e+01
4.089885334459719246e+01
3.813501763307095160e+01
3.157892013053315239e+01
3.927013078683977909e+01
3.728659588286461002e+01
3.502728114166298923e+01
3.373467545560680492e+01
3.239574682310349374e+01
3.652718696330379089e+01
3.659568834990828634e+01
3.532954748471934892e+01
4.087721830794538391e+01
3.819343673903365755e+01
3.672450953164399579e+01
3.886801670866979919e+01
3.773700826143957698e+01
3.576605057958229850e+01
3.500323121937218218e+01
4.208993641287442244e+01
3.910645853194127142e+01
3.679005070185417026e+01
3.782891237709598187e+01
3.480259582623288850e+01
4.357153831611508821e+01
3.957059431774204228e+01
3.287885229998462222e+01
3.470350159701574455e+01
3.147344102890133399e+01
3.655564805228969050e+01
3.020502279070319318e+01
3.272445819764916308e+01
3.251905416630400225e+01
3.238296482363388407e+01
3.417668202246674269e+01
4.359302965044246037e+01
3.239991393764881877e+01
3.985782493311108965e+01
3.954165143430500251e+01
3.752940442682135824e+01
3.156139449552305365e+01
3.699982038567615916e+01
3.416194169448864670e+01
3.621726322102689011e+01
3.817341386151579741e+01
3.643777508532714648e+01
3.162542118715223438e+01
3.845872583342053019e+01
3.485474986908198503e+01
3.608079025587190358e+01
3.476743592854624865e+01
3.885987501726314264e+01
3.374181095199789837e+01
3.514576576973588118e+01
4.039370004379718893e+01
4.003523298553794518e+01
3.875390340164376823e+01
3.730284247125344876e+01
4.221621852145528209e+01
3.336987226981361232e+01
3.625740590467160018e+01
3.478599559636511174e+01
3.660794359126317232e+01
4.366836790054315287e+01
4.092678442113369641e+01
3.979249214256045519e+01
3.450694864059913414e+01
3.759729794886111165e+01
3.245627403353157092e+01
4.027311896695026405e+01
3.387317567146916986e+01
3.755186627424130563e+01
3.484291140360787864e+01
4.062614098464044332e+01
3.702468274475666021e+01
3.538848372559842659e+01
4.057826365812497471e+01
3.934928935856987664e+01
3.695019186346026174e+01
3.548473985044481793e+01
3.933801967687212198e+01
4.010627174401182771e+01
3.685520039967622807e+01
3.257732488501756762e+01
3.842472028251607696e+01
3.762900967800811003e+01
4.515426330531988697e+01
3.922485162717133989e+01
3.920869654352068778e+01
3.563084915037376277e+01
4.161374829895436278e+01
3.334669859095287592e+01
3.768056633028942315e+01
3.294533821233795123e+01
3.975229801412043429e+01
3.636616374926936857e+01
4.329216869252652344e+01
3.144318663008986547e+01
3.782518076744418778e+01
3.768102892063664910e+01
3.660255320035678750e+01
3.614613634516803842e+01
4.149133932608266662e+01
3.382329270020932199e+01
3.208638173473334376e+01
3.694846776032215274e+01
3.569583183527787185e+01
3.467875922128155963e+01
3.361130143239092405e+01
4.089903814466183718e+01
3.814905251506788630e+01
3.228888651061106430e+01
3.547555917298188177e+01
4.110846047461907915e+01
4.090089583958847896e+01
3.996546210171303670e+01
4.460498476012099189e+01
3.412739819899906024e+01
4.058597990552807033e+01
4.095109351002580667e+01
4.056073835263592997e+01
3.660946053254404831e+01
3.814946356038640829e+01
3.868118556145723375e+01
3.740199163678540373e+01
4.108861115595401259e+01
3.363207666254614026e+01
3.596211521216216056e+01
4.062849152375060413e+01
4.613063272547158533e+01
3.314281012092344980e+01
4.116656066755638932e+01
4.318287753368662862e+01
3.833826870815234855e+01
3.445482245367976759e+01
3.262304073202180632e+01
3.841401903674492502e+01
2.852643470951048599e+01
3.105232982356401905e+01
3.865604005800793885e+01
3.637696019371412604e+01
3.582395618043951657e+01
3.942143468319834199e+01
3.739231082444545251e+01
3.097973481606927848e+01
3.531485356373447360e+01
3.922986145421267423e+01
3.595312137799730579e+01
3.842914931976316950e+01
3.787683648804632242e+01
4.047706891818462083e+01
3.382245627274932787e+01
3.387865202259879993e+01
3.901761571051516597e+01
3.982124016641338926e+01
3.670127173607087201e+01
3.382219384110516103e+01
3.536265153504395187e+01
3.718487102316353798e+01
3.318206120586253149e+01
3.059220100198367476e+01
3.507451831120501140e+01
4.056814315847888963e+01
3.559202378607528772e+01
4.012657574241047342e+01
3.744129670308475966e+01
3.839914437468068087e+01
3.349406829782004991e+01
3.207138285697930513e+01
3.227228269288477236e+01
3.205347586333874688e+01
3.913213478013999946e+01
3.461126604143693442e+01
3.588500128077756557e+01
3.949556993543495764e+01
4.466077906560558120e+01
3.618282611342788613e+01
3.519321585020168186e+01
3.758566949625117815e+01
4.019879356355713185e+01
3.507954208474162527e+01
3.653640944758005560e+01
4.063384531840672764e+01
3.664780926055426846e+01
4.013657775702426278e+01
3.621687699163331331e+01
3.664367411112578310e+01
3.509548739991871003e+01
3.635578963901777172e+01
3.305244066087444565e+01
3.645471370221861207e+01
3.024649903003506424e+01
3.214200676233578235e+01
