2.063130244619778342e+00
2.221445031311969132e+00
1.773226821655756957e+00
2.049824169290445308e+00
1.762335791237683358e+00
4.094491307448653750e+00
1.186902067511755421e+00
2.160964771250622807e+00
4.567944151947807896e+00
2.223888710265767621e+00
2.245188429645669448e+00
6.750329904474797083e+00
8.593803990444475183e-01
3.954543837655784877e+00
3.310146517117862786e+00
2.071538606323230614e+00
1.488666261887488629e+00
3.097824163105933337e+00
2.527831114947423519e+00
2.486500035844527723e+00
1.516536467870293281e+00
1.917482018030413293e+00
1.904137518414679153e+00
4.178919358685977414e+00
1.823216845100363859e+00
1.420191631368759255e+00
1.255002084023396636e+00
4.142452773612494532e+00
1.196971785642506170e+00
9.061931011903179289e-01
1.031529850630959144e+00
1.069519652267362897e+00
1.792159785895315105e+00
1.501059757202629186e+00
2.300647847172798688e+00
5.550906553423115675e+00
2.741237937697445837e+00
1.051488962313837039e+00
1.974181498091263975e+00
2.037304804396701918e+00
2.975089927268426138e+00
1.474646866463793060e+00
1.012860221907825764e+00
3.466760431738358239e+00
2.413991851644020414e+00
9.441823394293615834e-01
4.444410474081520235e+00
3.421538275183790390e+00
1.964947835211979354e+00
2.125409483670182897e+00
2.582088001228044050e+00
9.973890424847597913e-01
2.424487703471576161e+00
2.912527742365904171e+00
4.113867240055436802e+00
2.738928044941599804e+00
4.069350267976215463e+00
2.880077646469744401e+00
4.626489013319531551e+00
3.410973754413703762e+00
9.373393602164868943e-01
2.347504489823823981e+00
3.327691261506573017e+00
2.574003393247127569e+00
1.544805034156782497e+00
2.342415151682340380e+00
1.017540004864389003e+00
2.706574273641946249e+00
1.725372420549896368e+00
2.409110112012347482e+00
1.446882658251891440e+00
3.377035052740814614e+00
3.217682582941880920e+00
2.270594760401861034e+00
6.400397939630525279e+00
2.475540006946548299e+00
9.110161486807594189e-01
3.618924584984501536e+00
2.210599960214891802e+00
3.486752307132633621e+00
2.935139083704536578e+00
2.956227663755030655e+00
2.852707061873561933e+00
2.732871372516598285e+00
1.524821343454332956e+00
1.232872263359410914e+00
6.180325308200786516e+00
2.313037040296804570e+00
1.987060347131159643e+00
2.088177453446964371e+00
1.218388485507746255e+00
3.457338834556431539e+00
1.138234718562930015e+00
7.195905871739388671e-01
2.470260479135315101e+00
2.849757028718959972e+00
5.088118536734234532e+00
3.572579066880452903e+00
3.400978781794969485e+00
3.230397327467241286e+00
3.822079833028194429e+00
4.126257969722796126e+00
3.552861479768174124e+00
1.012326449316788946e+00
2.264236079831571935e+00
1.650405004356390704e+00
1.575635613878555885e+00
1.398489286956612121e+00
1.394257530502691855e+00
1.243695973428831758e+00
1.678193530406442813e+00
2.204676955529313975e+00
2.269508102916940828e+00
2.686670465011216979e+00
2.548747207702911854e+00
5.112760653124258425e+00
1.731699014912576606e+00
2.220930690113360750e+00
4.120444605965544405e+00
2.897369643868751510e+00
4.803719178761419073e+00
1.010094563809821988e+00
2.609591455563583295e+00
6.107855938528997441e+00
1.032693545051855954e+00
1.986985650965770622e+00
3.366077621289471189e+00
7.569594611537261430e-01
7.791367640584687670e-01
3.550537244262805814e+00
2.588481306287625294e+00
5.327961168306665218e-01
2.145922871946906785e+00
2.846857862488623603e+00
2.479200942546406328e+00
7.957785202036010697e-01
3.367862227356246407e+00
1.554809518686207204e+00
2.548024609339906377e+00
1.105791611232935345e+00
1.115880054121470399e+00
3.003076980745122082e+00
8.820812102465188653e-01
1.678897747739101165e+00
1.398292670954106809e+00
3.221211675330820423e+00
1.199775012685478259e+00
2.303822169091779060e+00
2.748606500975379507e+00
1.350670798948913287e+00
3.018198271459576087e+00
4.713676946531375478e+00
1.248968468667580822e+00
8.982021081349619296e-01
6.182519161553621245e-01
4.640540196330093181e+00
4.113744627351922922e+00
1.097852755762287691e+00
1.175548029481921608e+00
4.413286159432991518e+00
2.930968662597091878e+00
8.992973321916601925e-01
6.327257307399033692e+00
3.773755842851389097e+00
3.306365826420660348e+00
3.023206052926433518e+00
1.098038263477359111e+00
1.824616754820206355e+00
1.379404936944392146e+00
5.185246036011880832e+00
4.589562986329555727e+00
2.887838784820265126e+00
3.206795060285881238e+00
2.934462006675105705e+00
2.076608132600032519e+00
2.049896996643527647e+00
6.442255094630776391e+00
2.942494232395685305e+00
9.396086323020008679e-01
1.870931263826864477e+00
7.881986785307472765e+00
3.507166760967029173e+00
4.179526934593941867e+00
1.427388779754693582e+00
1.787446374789372294e+00
3.328553939762970426e+00
2.003501812943177196e+00
1.441467796789805300e+00
2.737878354783733315e+00
1.788253183666977719e+00
3.003917837989589223e+00
2.134944189268534132e+00
3.560961619344717999e+00
2.739210777596361002e+00
1.782010912373840572e+00
2.994584420522765189e+00
2.756476661114902971e+00
2.490279941129300401e+00
3.185958437481835492e+00
8.141152692380846378e-01
1.356060630400361289e+00
4.611055154864262207e+00
3.991103603990843407e+00
3.023480826649686204e+00
4.264041558186646874e+00
3.253411030792830783e+00
3.799608288377857690e+00
1.483734443122947111e+00
3.170304159489442775e+00
2.727833633658597101e+00
2.815408296719299042e+00
2.432554811481974610e+00
3.192685796326936831e+00
1.548708973479947293e+00
7.302732341181783493e-01
2.868796305297443006e+00
2.673200761341097298e+00
2.584606589703818180e+00
5.022845527197945081e+00
1.216247187011095576e+00
2.887283378111090482e+00
1.717457651246919292e+00
2.145521712004176074e+00
3.577250876458427431e+00
1.612743863079589612e+00
6.247296211430105828e+00
3.273295479083567106e+00
7.957198307900783529e-01
3.380817381879997363e+00
3.858075039005920637e+00
2.605922232552543072e+00
2.516181591093857417e+00
1.380621242280580363e+00
4.213936407871355705e+00
3.504453724774542422e+00
2.118250179409304934e+00
1.810655946653767501e+00
2.626461770389249661e+00
2.671607099816057485e+00
3.138068272711874940e+00
1.699482008977408309e+00
1.526572218983472284e+00
4.590307894772199582e+00
3.047498239990417801e+00
1.798867552601724817e+00
1.492872565690052999e+00
3.860187259353568212e+00
1.472874214383421920e+00
2.572333318774242539e+00
2.042086765480961574e+00
1.950195874439715649e+00
1.498883628808423296e+00
1.937535484912565220e+00
2.809608217637703298e+00
3.454706700571340772e+00
1.260177174563811064e+00
4.030929718417659124e+00
9.558092257012007487e-01
1.081551960808571522e+00
1.333799723894205647e+00
3.763805386397127251e+00
1.791961919205807829e+00
4.564806334191580994e+00
1.077076782478056938e+00
3.735333870649185428e+00
3.053717412769947348e+00
1.597235884878022372e+00
2.154995271016270753e+00
7.222820686926004763e-01
1.688821463851477356e+00
7.136816316659770898e+00
2.990779786881573088e+00
1.879025145595843105e+00
1.637853370250281770e+00
2.301693820828106585e+00
5.453934475815270133e+00
7.158179623301501593e-01
2.333747863585819982e+00
7.938287727882311628e-01
2.770684998777669161e+00
9.608824820057304539e-01
1.030091315459320978e+00
1.514093073609389606e+00
1.672174515999574451e+00
1.379908386144270693e+00
4.167563104325544998e+00
5.103949223792832335e+00
8.620091380495138456e-01
1.928677958337655429e+00
1.481928201826564928e+00
8.127099011885635660e-01
9.243801804225558749e-01
2.622168746591741151e+00
3.035032258983400677e+00
2.547846160525961245e+00
1.880818352739993760e+00
1.280906476896837676e+00
1.157528822935344870e+00
2.194143903048579425e+00
4.215499693956707539e+00
