1.233465193715709507e+00
1.062102014793316229e+00
9.273534115628231378e-01
2.568971278088792332e+00
2.835579592030574414e+00
1.094830724753360407e+00
9.570640364889176910e-01
6.048171117059819579e-01
1.793356699412348876e+00
7.489541151723831947e-01
4.683659933562717703e-01
7.515703332171144169e-01
6.191878261935279681e-01
1.343546011900581538e+00
9.305542033215840059e-01
1.442288711367630816e+00
1.195726218361143456e+00
5.936970162897153847e-01
1.185767165902309461e+00
7.212031636287692393e-01
2.830924872998818120e+00
2.659201660565341019e+00
8.887101484122661432e-01
1.983716558059671842e+00
7.403867120126335077e-01
5.048623736896912240e-01
1.063649911060732034e+00
1.002165282382164735e+00
2.024755517799758042e+00
2.015577377915580115e+00
1.316795405582183776e+00
1.145902887558167160e+00
7.620886626248210005e-01
3.241868525990030836e+00
1.309709143700807710e+00
2.080375563237424785e+00
6.153215219884806686e-01
8.384850276620373632e-01
6.856255720709970580e-01
1.077395460584066544e+00
6.622286973904876195e-01
8.274567014244078589e-01
2.072534571341050569e+00
3.137841567349195060e+00
8.259636698944807787e-01
9.444047024395152423e-01
1.066751617221076254e+00
1.806946228903466345e+00
2.842124719056483340e+00
1.699333814972279644e+00
1.032216143574042455e+00
6.872398759215421205e-01
7.866802196862292540e-01
7.776858463820102152e-01
1.005462084629671349e+00
8.723434509545908710e-01
1.053627952670519008e+00
2.094123735224792338e+00
2.973518351508153135e+00
1.486109738927903434e+00
8.866974133626055465e-01
5.535886785236829866e-01
1.111824629201737302e+00
1.410205840237875874e+00
1.573846348878671808e+00
5.511083324381178539e-01
2.030927964688019394e+00
1.088011730221372986e+00
1.734134235714988259e+00
1.041646531649690122e+00
6.780240268850700192e-01
1.992840778910581090e+00
2.188902837225757292e+00
5.359397876923445159e-01
2.756617751411927220e+00
9.926169194481643254e-01
9.869695992729878853e-01
2.626081678249340801e+00
3.087780360880442831e+00
1.905507051661041951e+00
6.485685980698220332e-01
8.791285852752798169e-01
7.888790693397421672e-01
2.372936732225490619e+00
1.008243680317518098e+00
1.557609150348466809e+00
7.207311940090694868e-01
1.331605090634076172e+00
8.591813208967206128e-01
1.262028049035018640e+00
8.258293349014543816e-01
1.156169553492178537e+00
1.018579531348204226e+00
8.404813356894198506e-01
8.153801409008817336e-01
1.057703962468233838e+00
1.497557801430553948e+00
1.018670046821799957e+00
9.625816179412660656e-01
1.590200461682156563e+00
8.560899784608699825e-01
1.535429866001225108e+00
2.844149218177665084e+00
9.595039536295525417e-01
6.616572771820600218e-01
1.438343664818600542e+00
9.211504359577690204e-01
1.591266294707885276e+00
1.998952192394376493e+00
6.468298694028239426e-01
1.440569467617111021e+00
8.671417044996743151e-01
2.319193874438898018e+00
2.089523169475459241e+00
5.384325499340968380e-01
3.647712519738834924e+00
1.900956713296573231e+00
5.575614222433687983e-01
2.042128149963337247e+00
2.137403454677528458e+00
2.418581393511121558e+00
8.074580080368037871e-01
2.608902111983611771e+00
2.200446093062410124e+00
8.540509661607424974e-01
9.874014313098292694e-01
1.503592981396790762e+00
1.925262513132047104e+00
4.870623081729378856e-01
7.634011740003593394e-01
6.443904894158204444e-01
1.100174669010114403e+00
9.951070799379184706e-01
3.425869588515018549e+00
7.798461054852566798e-01
2.090217783854700695e+00
1.495524351501556604e+00
1.975460690909781825e+00
1.956493759770413066e+00
5.730144549021642941e-01
2.074665501102240572e+00
2.661269609500944711e+00
7.397167054291057253e-01
2.492249549269168973e+00
2.698138641024546036e+00
1.594433039867304558e+00
7.550427719370926827e-01
7.564321267206061128e-01
1.355202987805335768e+00
9.457945166622787614e-01
1.058315834006052558e+00
9.014668645813112002e-01
9.813491596809005291e-01
1.594208015171577175e+00
2.097010786959692563e+00
1.185074952007087568e+00
9.041438183238217352e-01
1.764076242417909057e+00
9.153796348174598752e-01
1.193326216932144357e+00
3.083301261996254983e+00
2.719592639713229953e+00
1.002611391540296104e+00
7.332821758529751710e-01
1.576618481421849349e+00
1.722426227097782370e+00
7.580537898087540416e-01
1.970333404800874488e+00
6.398315244970871341e-01
2.793927984010154741e+00
1.252726325452309997e+00
1.651864191617662847e+00
1.631615204371770878e+00
1.944536367267240662e+00
2.403705066105396249e+00
1.307449123931894830e+00
1.692403148342532360e+00
1.102549672755208654e+00
1.643666206231181981e+00
7.559793429919148267e-01
9.820033449313505525e-01
1.109065422380634880e+00
6.364502692393564365e-01
8.569369998223353990e-01
8.216994702374582626e-01
1.421010750799655442e+00
1.962945641390099860e+00
1.639428010248272560e+00
1.480916377730929989e+00
2.265277594877971534e+00
1.369401027779878710e+00
7.194095340297208541e-01
8.296247131710233758e-01
1.027453218114661615e+00
2.531360307979118041e+00
7.817632120933419859e-01
7.001724508352020759e-01
1.686439309102917505e+00
9.847992168598544982e-01
1.201644914272600673e+00
8.241825019699983157e-01
7.665572872337719224e-01
2.368587844373095219e+00
2.296421141654875431e+00
2.313396779657544311e+00
8.241288108274563706e-01
4.879329439334302854e-01
7.626649447645678093e-01
8.538965298588196973e-01
1.715404881024419126e+00
2.309386228889616088e+00
1.134463896822112794e+00
2.157805461363303756e+00
2.218125695716051560e+00
1.025573291070958959e+00
1.242523613265623217e+00
8.578482730046280702e-01
1.233804531408915439e+00
1.071027005607022353e+00
8.804258690739277249e-01
1.102651411310926921e+00
1.004190448417338510e+00
1.468262212634505293e+00
6.651812283521253422e-01
2.005896038038053497e+00
1.588575477847097517e+00
1.756672113573644722e+00
2.818091139500083386e+00
8.924737074918307478e-01
6.565673198317064418e+00
6.717766292786955251e-01
9.939112749259997326e-01
1.208726155742545938e+00
9.771656631201186549e-01
9.006954994426819017e-01
8.513296469882282169e-01
1.227593884204900787e+00
1.993365865849481722e+00
2.862967395947716209e+00
9.178574304861857325e-01
1.357939448084620970e+00
1.090906598777061420e+00
6.568892950601217251e-01
1.187062719636814201e+00
1.370371068476129661e+00
1.747147102598522794e+00
1.257018618474123661e+00
2.974805396818774206e+00
6.015477287725630173e-01
7.170847131563133914e-01
1.451415983418180788e+00
2.614051223304998839e+00
7.990621408626958910e-01
1.057356555275407839e+00
2.083459621869677036e+00
2.313744669979547641e+00
2.869282359593132714e+00
1.249381975022865410e+00
8.224853676419594528e-01
1.099045636488470867e+00
6.662906286221778052e-01
1.035245134867559313e+00
6.999323537828007202e-01
4.179244677449762690e-01
8.626193389650679277e-01
1.232004652620771967e+00
6.001982481439768202e-01
7.577191195158621273e-01
1.626650423957902047e+00
1.559874116990878967e+00
1.366598046254969612e+00
2.595843757441108846e+00
8.749964288446944183e-01
1.300681556047264431e+00
8.692106290321826023e-01
2.508440555861073840e+00
1.172488759464973107e+00
3.172990430658768179e+00
2.818416798732414463e+00
9.685774738058583466e-01
2.770372655726775601e+00
1.591341386872671348e+00
1.602678593643525495e+00
1.292765080874971773e+00
2.137332572348368043e+00
9.530122625315140539e-01
1.116198027483827460e+00
1.732829805420651903e+00
5.291950896580469577e-01
1.899316369849315622e+00
1.445565327983642900e+00
1.407395036100440144e+00
9.970561386199655596e-01
1.142763090419354866e+00
2.328895402942363635e+00
2.063655569220296027e+00
1.729982921156411280e+00
7.316529144229564352e-01
1.148058784666492249e+00
2.599199732470316881e+00
