5.038860701313241375e-01
1.048859964397441225e+00
9.603424631196909589e-01
1.240487596202317633e+00
1.174509632575962748e+00
1.019389725759250576e+00
7.279924430642727984e-01
8.666353501722817709e-01
1.702205026240285690e+00
1.033279169430863842e+00
5.036700995274784320e-01
7.884148990192291206e-01
5.297792496063449263e-01
1.334060205835851942e+00
5.589968674303430474e-01
5.852013515724115988e-01
1.653582351900505065e+00
7.243510267079942277e-01
1.110110227369661473e+00
1.109462933136082574e+00
8.710521726350638483e-01
1.178048006916179169e+00
7.963982129060097614e-01
7.536836065813395935e-01
2.390220170936889765e+00
8.436240850443711414e-01
1.489085579023893935e+00
1.498652880467533866e+00
2.745959248187799684e+00
1.050550454146291113e+00
1.160695009929187949e+00
8.433514112776970828e-01
1.205848648759007880e+00
1.124012253962074270e+00
1.200098969152705308e+00
9.192416653876438470e-01
9.692547327368326027e-01
8.757045895415881409e-01
6.042881181621131415e-01
5.786119273643215433e-01
1.176308764165718390e+00
7.769432275343601813e-01
1.099713564150306633e+00
7.515557785266334667e-01
1.119152957659484082e+00
1.161363001334067446e+00
1.954410704233084717e+00
9.982993108388815706e-01
9.205883747724384891e-01
9.542967599520112421e-01
6.415673002611402831e-01
1.104899765094542685e+00
1.391792685049917155e+00
1.134316888748295282e+00
5.750319406247808018e-01
8.873846625420386269e-01
2.842366626041625377e+00
1.732946845092272481e+00
6.799427542807585656e-01
7.230745170664639732e-01
7.880858185426928841e-01
4.681368363453610737e-01
1.580313583441022240e+00
5.216854334563382212e-01
8.964226791147995588e-01
8.816325467626375811e-01
1.398399330292831255e+00
8.216356039298543523e-01
6.866950807889898867e-01
5.937950041954124236e-01
8.702373517451261753e-01
6.173473919437970636e-01
6.312863362412604040e-01
1.283925692968843846e+00
1.055212463043559534e+00
8.028254499920937093e-01
6.891032863098793815e-01
6.729135440665924284e-01
9.736406748787147514e-01
8.905030607729154113e-01
8.344165382099223427e-01
1.064068251198383441e+00
2.583077545320496604e+00
5.485349047478160767e-01
1.428465793075584411e+00
1.442707993133447442e+00
2.103589115449087110e+00
1.240176146776199806e+00
1.439451337574920275e+00
1.253129411682414984e+00
1.052228418815083666e+00
8.623815355867541221e-01
1.079291206341664644e+00
1.088048902364819215e+00
7.595567404334911954e-01
9.978140142227976961e-01
1.453854798392108183e+00
1.445166477221173640e+00
6.937699013607079301e-01
8.516062916162013829e-01
8.356305770857627158e-01
5.835132266240445897e-01
1.525579647965092489e+00
7.726988562000753902e-01
7.973063100454180763e-01
1.393048232868451031e+00
1.164324927913844121e+00
9.338263939231592481e-01
1.354900556921813104e+00
1.077739799755762062e+00
2.566841998282822779e+00
2.900471067045139240e+00
1.201758380624735389e+00
1.890605871904220248e+00
1.593587524030045000e+00
7.705677563565610511e-01
1.351616819065330377e+00
1.625166307508630892e+00
8.311926963583790018e-01
1.009696519311110929e+00
1.082136322222734703e+00
7.726611153081286432e-01
1.167240414158145612e+00
1.451255473191575884e+00
1.780930743757647594e+00
1.277012422459432583e+00
1.002499615954113299e+00
8.051794616135061755e-01
1.305888353330724394e+00
8.485656244668319248e-01
7.379670070418596906e-01
1.194448464548367284e+00
8.563812897345802755e-01
1.292483223605574993e+00
1.628900965121662825e+00
7.511255129944489628e-01
6.420413644397252595e-01
7.084679876021999778e-01
8.326124119510621702e-01
2.061532631261927762e+00
9.352666530353838104e-01
1.925046841034656397e+00
2.212885190829166238e+00
1.608740135812540606e+00
9.925658147562098632e-01
1.062117504880243368e+00
1.024299778802730154e+00
7.020470721614321397e-01
7.301910233043826803e-01
1.978171525658261931e+00
1.123210202050426432e+00
5.823298154537080995e-01
1.036442889298139658e+00
5.488524995111050409e-01
7.112713698011006169e-01
8.147199772313876709e-01
9.049610685258820952e-01
1.759491130811184023e+00
4.510088222941552316e-01
3.637285266291266250e+00
7.265761130329873030e-01
8.309898533685413646e-01
1.273776495556001587e+00
1.664042593341252596e+00
1.291151413092085587e+00
6.155473999716662981e-01
6.790988094692582688e-01
1.121943984482391077e+00
8.415429767281854545e-01
8.344700872791585011e-01
6.818406931683479444e-01
8.787607053332427975e-01
5.894033711692159283e-01
1.013842471199654094e+00
7.414850962961799796e-01
5.834176897529040895e-01
1.267109649554074347e+00
7.349493950427113953e-01
5.115493549784759786e-01
1.084521508428982761e+00
1.280835275554830011e+00
1.731440538428119735e+00
1.897598045636863073e+00
7.652898010481498092e-01
1.166897602547929402e+00
5.680536231730058949e-01
8.432714024351125603e-01
6.949320309145757824e-01
8.092563243153131358e-01
4.885090465252885927e-01
4.992142764412301204e-01
1.130421244871426589e+00
1.126010305432799674e+00
1.329451270298159127e+00
8.154851548048559495e-01
8.421096785384502015e-01
6.794040908200514872e-01
6.032667844140936486e-01
6.892734211036760650e-01
1.698133754158665409e+00
1.052399294707557775e+00
1.258538079849192304e+00
1.561955549841491431e+00
9.714675658209344089e-01
7.902469077514373552e-01
1.239071680242423534e+00
8.725621187399130729e-01
9.836328188451176624e-01
1.120893206670285913e+00
1.148051425060372166e+00
1.644711925402202235e+00
1.349014897934690760e+00
1.874199196504985121e+00
1.150762826250571802e+00
8.404891115569551596e-01
9.524130729324988831e-01
1.069620940278431798e+00
5.359256450329369370e-01
1.362594285530682292e+00
8.754278193695198551e-01
6.447895212471336235e-01
7.864127239028620986e-01
6.731122192675407234e-01
1.387782489177545209e+00
6.776619707639577328e-01
1.526001164637006635e+00
8.077712520773937532e-01
6.164939538470941560e-01
1.115257280691946518e+00
5.708139005993565496e-01
8.865886698235903030e-01
1.176260627043185458e+00
6.978341549433705326e-01
9.940363947174880588e-01
1.397712273575320241e+00
9.501123269934691473e-01
1.317509265841765531e+00
9.139142920686256222e-01
7.962257125732488117e-01
1.304336135451236389e+00
9.850062759687454594e-01
1.739952217180177341e+00
6.632528442419421966e-01
1.438946674429592010e+00
5.695234393819899044e-01
1.241224034569447410e+00
7.911939111138096559e-01
9.660564272331686464e-01
5.717274443711390930e-01
1.358182786913885387e+00
8.582147732613693014e-01
1.153598842159612392e+00
7.561983847062593300e-01
8.407340631066564374e-01
1.406480056299837411e+00
1.145658106425582412e+00
1.461179699035156432e+00
7.266884454092280565e-01
1.086268119139573995e+00
6.275475969157765510e-01
1.364941039619309127e+00
9.450223216608917287e-01
1.221290073559581968e+00
6.808933534280904309e-01
5.456445014336536170e-01
1.026492026454715045e+00
1.653897838735032932e+00
1.018513037564230173e+00
6.923939460855286221e-01
8.435521955242799574e-01
7.974306534957897874e-01
6.542271042885798860e-01
7.359247770620042095e-01
1.703451366726656202e+00
8.076344194611351224e-01
1.930434409743666979e+00
1.110331598626712379e+00
6.983625011151736173e-01
1.938129578515685569e+00
9.834654860860412295e-01
9.771102941581600865e-01
1.732661474301257387e+00
2.359048552703319146e+00
1.046152558131604904e+00
1.207756960197381879e+00
7.988023875999991086e-01
1.031469705792859459e+00
9.270374866937324265e-01
7.191416649352836421e-01
5.624145817247261370e-01
6.684862496247918617e-01
6.594526519905309359e-01
1.031934796828590795e+00
7.030865999967158553e-01
1.050848389902818258e+00
8.546433617308851760e-01
9.903797271453506079e-01
6.686492056480456414e-01
1.737381832902830325e+00
1.511005709862286883e+00
