1.069086862113310055e+00
1.261103082243075990e+00
1.446400844222878845e+00
1.265289622775311873e+00
1.318609768315865072e+00
9.181023193638978563e-01
1.395743895154817116e+00
2.935960714794758619e+00
1.576642327888449158e+00
1.143290808880451648e+00
2.168539080249177520e+00
1.430452798383341495e+00
2.024317709460781156e+00
3.246806533691500185e+00
2.719472354935899450e+00
2.843928379372741677e+00
1.337989112573364947e+00
6.336937106965113697e-01
1.286782079312815963e+00
1.359742730627369500e+00
1.308591488041263906e+00
6.840274432108849334e-01
1.281912106366090098e+00
1.362653951881680259e+00
1.686490966585799001e+00
1.702904672380359363e+00
1.129659488936569645e+00
1.612562422406151885e+00
1.636580741961718655e+00
4.313131828981593863e+00
2.136835643997920808e+00
2.633707808267355066e+00
4.610391711665532632e+00
2.660672490803711820e+00
1.674873128917997223e+00
1.951196958954972915e+00
8.292967688206258625e-01
6.597925460145107612e-01
4.542293329943545288e+00
1.924980691613302319e+00
8.669937064014398009e-01
7.249383262199221578e-01
2.097462210861777088e+00
1.307709897604035110e+00
1.203742632548682190e+00
5.098039134700074193e-01
1.149972469905377270e+00
5.486127958722318843e-01
1.477340121037461040e+00
1.532733179003591850e+00
1.079995612623117607e+00
1.342297361919622567e+00
2.569540830453790559e+00
1.371055637094033441e+00
2.249201137857226307e+00
2.242702886745909563e+00
1.904514025971966174e+00
2.188569914590603460e+00
1.074067507830988033e+00
1.252171560611181844e+00
7.904559242273341280e-01
1.744207916162811234e+00
2.624233876232725748e+00
1.606067656307653468e+00
2.275190511246544922e+00
3.209939415898402260e+00
3.345342566427734088e+00
8.011988759769733681e-01
2.461914443501921124e+00
2.067560649819961238e+00
1.858968931811412428e+00
1.250961493629313193e+00
9.853160193837630088e-01
1.489751390888060634e+00
9.366819471092923122e-01
9.077778418231436941e-01
6.925443405125355500e-01
2.278572110078159518e+00
9.211996632499641624e-01
1.009001981561294947e+00
1.191703131670807103e+00
4.376560039946177483e+00
3.242442832324007984e+00
1.247656945262958672e+00
1.862899066385441227e+00
2.029206368520458437e+00
1.822746904231244081e+00
1.467550034758628330e+00
1.664253641664527050e+00
1.272671822556135757e+00
9.459216702387591713e-01
1.717401039028724874e+00
7.586621201077861087e-01
7.998555135788041337e-01
1.672723174026878201e+00
2.415739128306837902e+00
1.992032116411027287e+00
1.986707798366902145e+00
1.534095808374161818e+00
1.835342165518910607e+00
8.562390809409916592e-01
2.413399792900464025e+00
1.574739787648460565e+00
1.654838505791277337e+00
8.868505282723584404e-01
1.429676226338787659e+00
1.223496228467253921e+00
4.806299465301619556e+00
1.576520545607414503e+00
1.642102995308395430e+00
1.984821537364072741e+00
7.254768565597162766e-01
2.953173720795987389e+00
7.983836357305634790e-01
6.854413307709688041e-01
8.168687613321412577e-01
2.131145089311077268e+00
5.030701710756098066e+00
2.766197346538503243e+00
1.315821774341908057e+00
2.726699248335957559e+00
1.204046858692957356e+00
1.401979108499762150e+00
5.840723807892073127e-01
2.992204640764127621e+00
2.372668430737887579e+00
1.352491070217992197e+00
2.568121488779234962e+00
4.099779753122070325e+00
1.688918915284056022e+00
2.650120254482276838e+00
1.241880614080083323e+00
1.440759674317400707e+00
3.591911003412911807e+00
6.264745058890066609e-01
2.348232701185582361e+00
4.002138080002276332e+00
1.173271567517908398e+00
2.808994946394371972e+00
2.157822272885857817e+00
1.436280330897628188e+00
8.795518529676791264e-01
1.776500626560476581e+00
4.496549629032220441e-01
1.813821609781236299e+00
7.434079591683092625e-01
9.261967262209656049e-01
5.499312971831996855e+00
3.939798384391752784e+00
2.635940729042701047e+00
1.364504774725990410e+00
2.374234740511179886e+00
1.691250235045943295e+00
2.620808637517328954e+00
2.604152709114536890e+00
1.019114049802230637e+00
1.159230046683354276e+00
1.253208811260707378e+00
1.451725195909321364e+00
2.419575267371193217e+00
1.788109656405746817e+00
1.290386501990086421e+00
1.988833058041605595e+00
1.305463048763722655e+00
2.714292856913999241e+00
1.032965337576058129e+00
2.000819992417308679e+00
6.948776509999725626e-01
1.787513461896430345e+00
1.678145531734510199e+00
2.091822831552802686e+00
5.056760298225128070e-01
1.266115456394795613e+00
1.169854458554117738e+00
1.547758174005174681e+00
3.374063463399143092e+00
3.010548241031238081e+00
3.305678836970237455e+00
2.527057021222418154e+00
1.845486137551553885e+00
4.992356760481265532e+00
2.324866373598123204e+00
1.454872961641821005e+00
2.008885272019410362e+00
1.310558198299567989e+00
1.953477056393908562e+00
1.619703802745308341e+00
3.863091620650869640e+00
1.073870110246526899e+00
2.302842600500683456e+00
1.281661874608715168e+00
1.628634267327919272e+00
1.349944720600885661e+00
1.059721950760645459e+00
3.215401450512561876e+00
7.520261074519223321e-01
7.890218574127447759e-01
7.897702312147607540e-01
3.024379206335999548e+00
1.205246445564843727e+00
2.438867586236636686e+00
7.754398589267958997e-01
1.625511660613310205e+00
3.589703028466882273e+00
2.641041132575424388e+00
8.713030528631307003e-01
4.693456331182661145e+00
1.668812278836402374e+00
2.999674718813592378e+00
2.571009666815284866e+00
3.402297626171453260e+00
6.000408420490656036e-01
3.601039445046215981e+00
2.559773393216506321e+00
2.488087589279828649e+00
4.358495506995841318e+00
1.014961983316347460e+00
2.827697075234360646e+00
1.377795021635204842e+00
4.023906571767569496e+00
6.289206657793938726e-01
2.720114873558370228e+00
2.486507827947326721e+00
2.287008613662974366e+00
4.791372259403390288e+00
4.864901558557506167e-01
9.041523990971161995e-01
2.043944978385285438e+00
1.151226559948613781e+00
7.559016432392628992e-01
1.517996080477845178e+00
1.400156782433473301e+00
1.284326758041055339e+00
3.177954479850435110e+00
1.085699706025953226e+00
9.999127068594798606e-01
1.407635978380112896e+00
2.324468601760992126e+00
1.060882935202342336e+00
3.283663326498384993e+00
2.301714684030710334e+00
1.450944091891584575e+00
1.947054834912202992e+00
2.281673854677944036e+00
3.108059148462571475e+00
1.466484482063640460e+00
1.367594091665708333e+00
3.742838641925664955e+00
1.426937532011207876e+00
1.868459632593167274e+00
1.616460182018818914e+00
1.865831575222708150e+00
1.702969219303391402e+00
1.574435790594404860e+00
1.145667620814282195e+00
1.551339311049712899e+00
2.955248444496177296e+00
7.320880298263459096e-01
5.389988340008627921e-01
1.667846649143669646e+00
1.026180761404282160e+00
2.875973596940136101e+00
3.177894278446395493e+00
1.209113968775444414e+00
1.203633329418667852e+00
2.499258211115069628e+00
9.558829826276270536e-01
1.044268521707139241e+00
2.177311103169829121e+00
2.833344543667218662e+00
2.609469356642347471e+00
3.490858653700528169e+00
1.157134225466257105e+00
4.072451012056595765e+00
2.297371710738273176e+00
3.911071665864728431e+00
9.906606357963863019e-01
1.705255809076614781e+00
3.354709501511345504e+00
2.012854857475975034e+00
2.288952308706224681e+00
1.100678087933028015e+00
1.191660980346280985e+00
5.769472757848357336e-01
1.260175536789918560e+00
2.127141149015741028e+00
2.858455896280025943e+00
1.420993461949943582e+00
2.560570542944904826e+00
5.425385562316402677e-01
3.073223642204614414e+00
8.441105310423094865e-01
1.614779612465239378e+00
5.069857071385020397e+00
1.692883889552085241e+00
2.754298287741872020e+00
1.238514958924153753e+00
1.522301734701051457e+00
1.738175220560063572e+00
1.576212264007513575e+00
