8.559526456932132987e+01
9.315651184653619055e+01
7.501533666784428078e+01
7.866351504015970875e+01
7.449047719526463140e+01
7.643943635413509696e+01
8.908366898087068364e+01
8.736285644007996609e+01
7.367719236194602672e+01
7.564915348377971327e+01
8.057051759646567746e+01
7.841558031508533588e+01
8.319327007542450758e+01
7.719609995940263047e+01
7.028060029387775387e+01
7.328785132066582264e+01
7.446372812446954015e+01
7.285616577416269024e+01
7.878394706379393142e+01
8.652357593657491464e+01
7.791231171245028975e+01
8.287427357274724216e+01
7.186692790722567281e+01
8.013944572803410438e+01
7.911905081217744851e+01
7.094619055196301360e+01
7.628654694650839474e+01
8.136582648891167935e+01
8.286097254947669910e+01
7.733399263637039667e+01
7.455251389943332185e+01
8.240300658578530602e+01
8.328936416801640519e+01
8.091169765102581835e+01
7.832439069945552035e+01
7.622188105787498102e+01
8.427500344994379589e+01
7.961185847900834744e+01
7.511941284880734315e+01
8.094346398048196534e+01
8.349068840581287532e+01
7.365599990631068295e+01
8.191165784744356415e+01
7.589196207284524576e+01
7.456958148622986471e+01
7.383336928797487531e+01
8.658850511466762612e+01
6.674484299555102496e+01
8.087103284827205130e+01
7.494379855180901018e+01
7.659424205833008159e+01
8.332354242909381981e+01
8.157821251906821658e+01
8.276295538935113427e+01
8.488446600974340583e+01
7.607596939984485118e+01
7.608266396528890141e+01
7.894907875084388138e+01
8.729258605241355440e+01
6.699697987934307264e+01
7.317883392576030133e+01
7.589500694851861340e+01
7.685470408445229396e+01
7.069857821774637330e+01
7.732291147258574426e+01
7.887796552567253627e+01
8.209405804678000607e+01
7.044278275639734943e+01
6.855431101763502966e+01
7.121311140671221551e+01
7.028592982705077929e+01
8.891771363992076260e+01
7.611818862381556983e+01
7.708779394441583577e+01
6.768885134954695104e+01
8.079128878607691888e+01
7.755978089543351928e+01
8.349798905215550349e+01
7.751674045447589378e+01
8.016201896796492576e+01
7.928005636252906640e+01
8.795488684846439753e+01
7.154614079434902862e+01
8.100836135348002642e+01
7.515342630875213104e+01
7.752776991408028096e+01
7.338554927910639947e+01
7.611157625117124326e+01
7.951599470648193346e+01
7.588582211954860668e+01
8.251455731722104758e+01
8.102324438968568643e+01
7.923818814817475698e+01
8.249344483772854630e+01
8.858346450927655269e+01
8.276359397557391162e+01
8.060721495341302045e+01
8.144181775796701572e+01
7.741264847118831938e+01
8.259963683349597829e+01
7.471525371024301876e+01
7.661544818719977457e+01
7.437179119869313126e+01
7.467204640644864355e+01
8.487610826674952591e+01
8.907427684296176551e+01
7.231099572193149072e+01
7.453941416809972509e+01
8.003103974067691695e+01
7.696581539615425527e+01
7.840535018813980628e+01
8.154743516865519837e+01
7.384749384519305693e+01
8.467777891906793286e+01
8.289048365090148707e+01
9.019197102326327808e+01
7.836251847681944582e+01
6.779285593171563562e+01
7.695012212539246832e+01
8.228253899334552557e+01
7.934551000702735735e+01
8.314118361503217614e+01
7.838307937073641085e+01
6.549398107100940081e+01
6.831385007207320825e+01
7.836817466564060908e+01
7.985309652667137925e+01
7.811369904472219616e+01
8.236685776520529600e+01
7.930132856328272339e+01
8.651557304904689261e+01
7.238907132481550377e+01
8.793468970538414453e+01
7.292363395503970480e+01
8.142129143163485594e+01
7.675412835638391584e+01
7.976863704000132316e+01
7.573244984356877296e+01
8.171940715588009141e+01
8.134818411581865405e+01
7.859292484533492029e+01
8.126913354599112438e+01
8.425956644843456900e+01
7.007216177379626743e+01
8.177144841239501716e+01
7.201130216869381684e+01
8.213224764497248032e+01
8.057047541586155148e+01
7.532425055787466306e+01
7.597524906845191595e+01
9.110658112481837634e+01
7.384040368313209513e+01
8.452835167703052832e+01
7.522894525784298025e+01
9.143150517739127281e+01
7.882380636065758495e+01
7.455894474944142303e+01
7.489934725395704618e+01
7.329330454578962417e+01
8.185786143729397679e+01
8.204817243745573307e+01
8.207361987856181429e+01
8.638988931406804284e+01
9.547067633408330778e+01
7.539794784097846048e+01
7.995285079087675228e+01
7.886446828748590576e+01
7.842725542594487820e+01
8.535728172894812360e+01
8.018129784386132997e+01
7.122445514881317763e+01
7.190779719384572388e+01
7.059367140504464544e+01
6.907422241360251292e+01
8.765268429578787845e+01
8.460836849933349413e+01
8.300535976241522462e+01
7.116042555017141069e+01
8.848785090974331524e+01
6.628479533972902971e+01
8.085731608230129552e+01
7.441605379653840657e+01
7.514679396439683501e+01
8.581421165094704406e+01
8.700884005595703741e+01
8.524390647321234837e+01
7.492555893856196292e+01
8.554793738664572800e+01
7.573886856331451156e+01
8.551399454932975175e+01
8.044121597542655877e+01
6.384075350446071440e+01
7.799101644670605538e+01
8.193558425183223903e+01
7.252943308696079328e+01
7.491199704636518675e+01
6.606565215579495032e+01
8.467462375541826702e+01
7.456156275798113597e+01
7.961123238171482797e+01
7.967281045527987260e+01
7.916986995099973967e+01
7.931021951028264994e+01
7.357737670885003922e+01
8.127665754799379272e+01
8.146174117633631795e+01
8.022582012270302698e+01
8.440104322373960599e+01
8.050059992398395536e+01
8.433487422472634876e+01
7.688447808321909349e+01
7.873788833979604362e+01
7.574279401197790662e+01
8.158611697817782726e+01
7.783750276673468704e+01
8.038075089247877258e+01
7.910579892761508347e+01
7.783177513696612948e+01
8.243310179972935714e+01
7.721504545943088260e+01
7.568468125150694448e+01
8.837236587198010795e+01
8.345450700417168832e+01
7.660030468378879220e+01
7.427874914376108961e+01
8.046992253991602695e+01
7.025160594206094800e+01
7.941424628268318031e+01
8.533750450878781635e+01
8.449713752299778946e+01
7.462854737419780804e+01
7.256227573881723458e+01
8.967062735642028315e+01
8.200216469145729548e+01
7.655176663296381889e+01
7.688631293392789701e+01
8.889217760914006305e+01
7.824490077013396672e+01
7.737934740053131577e+01
7.474011220230985941e+01
7.440076989006475117e+01
6.761364071418454103e+01
8.357360197059466600e+01
8.089385810400497689e+01
7.037075070364278417e+01
7.769621026788045981e+01
7.442877915041034953e+01
8.035930174507782908e+01
6.761176253122802393e+01
7.701323443906193233e+01
7.245614007763256836e+01
7.503253071366516735e+01
8.013850781056719086e+01
7.974891490533771332e+01
7.053892115209870894e+01
7.790596893124448741e+01
7.421711588274591520e+01
7.918263371707631393e+01
7.418160747594203031e+01
8.499122104425119062e+01
7.147963221047052684e+01
8.322415366463235387e+01
8.224251013559847934e+01
8.585488775539829476e+01
8.099438539593222686e+01
7.838086226328816508e+01
7.413265226125388097e+01
7.483725794635303430e+01
8.124266054106283264e+01
7.809489686373777317e+01
8.260928732367536043e+01
7.842180259416090848e+01
7.563955552607498589e+01
7.393454643741341670e+01
8.850656860859386654e+01
7.796538753271428845e+01
8.801892344117993616e+01
8.238730810258486770e+01
8.448166488725907186e+01
7.942576335564871215e+01
7.447255467652503569e+01
8.156956470667307713e+01
7.731735592522139200e+01
7.884178638118117988e+01
7.841141143159947546e+01
7.871665829177740648e+01
7.567001639261141577e+01
8.776500852675364683e+01
7.357490023760173870e+01
7.626829131265297690e+01
7.317021471520125431e+01
6.325158655345636305e+01
7.229668676633943392e+01
8.070404168518425081e+01
8.102771646554316476e+01
7.251823298267972007e+01
7.977032858268637483e+01
8.574727963125121732e+01
7.660148838985304565e+01
8.033404731397115484e+01
