3.989056084023659743e+00
3.627196743730090933e+00
6.445179999839545815e+00
6.141397111628811523e+00
7.969965848752564419e+00
7.950766684606410450e+00
3.049734010866896661e+00
7.343004547150108863e+00
6.140664285316067783e+00
4.278913915259131784e+00
3.475682074380341824e+00
2.229485703229217020e+00
4.982712939053600465e+00
4.308804392674989714e+00
2.850979766391284365e+00
9.196148484923796218e+00
4.928254797773559126e+00
2.643128603579006697e+00
3.600671088173545531e+00
6.776412272397562830e+00
3.337237707030658918e+00
4.225377558790992971e+00
5.571795315218157185e+00
4.468265448061951695e+00
1.083772940142417340e+01
4.000925016095932207e+00
2.571166681454138292e+00
4.586628139457643805e+00
3.344513791048111528e+00
5.079060945214957101e+00
1.206668900895505159e+00
2.847038098579844245e+00
1.676930258175211241e+00
3.079712975068494174e+00
4.395056681748521044e+00
4.410402608680826120e+00
6.038397944834185793e+00
7.712812254544846979e+00
2.666792350300485559e+00
8.258499490824402045e+00
3.439178961812922708e+00
6.167199796982515636e+00
3.461629950142976586e+00
7.169797528775061934e+00
1.048461839067315937e+00
8.570294104668063184e+00
2.701013058958846358e+00
3.229141852342688690e+00
5.222135612948463290e+00
3.328444061114962604e+00
4.371085805401393465e+00
5.534661287894932613e+00
5.290591761822448724e+00
5.250308113398842735e+00
4.392255972248588769e+00
4.136967786195232755e+00
5.554304542173671422e+00
3.983227034055623061e+00
5.713429206320800091e+00
6.643044603372024959e+00
1.599039435005885412e+00
5.776903549758395151e+00
6.034257213785505947e+00
4.923493578316938013e+00
4.569409066844793976e+00
6.779495249725446371e+00
8.145147210126895132e+00
3.842649822737841614e+00
5.777420666216368517e+00
3.783752727220916601e+00
6.064609559927724547e+00
4.357519760853372226e+00
4.569209965384341210e+00
6.292683276184345864e+00
3.141771965108766551e+00
5.419332072885015172e+00
4.123895760027500579e+00
3.432374159865410945e+00
1.706981799147976986e+00
3.159806642962220469e+00
4.896917444583454682e+00
6.445906347221063371e+00
5.726008076288469972e+00
2.950158756027051687e+00
4.711703854962119742e+00
6.494600833320739675e+00
3.197071144779617846e+00
5.196041557234303276e+00
3.967302297127250466e+00
9.751860959912185933e+00
3.017109318320476685e+00
6.565405178492834004e+00
5.467957584641924385e+00
3.513171768451972543e+00
2.645575733823728459e+00
4.138071216578832257e+00
3.028051660587390614e+00
9.051850851475273796e-01
8.403403528965556646e+00
5.539727935016959925e+00
3.495673948297710165e+00
2.846102987443061672e+00
3.858185877239397765e+00
4.235820622778939004e+00
3.253795745708752740e+00
7.030838764124206719e+00
4.564397496071947558e+00
7.218231234729416634e+00
1.358523773540307955e+00
4.870920871974222521e+00
2.484717579416856559e+00
3.839144510461485194e+00
7.039004108490027889e+00
8.123996608240199535e+00
8.333634354871724881e+00
5.473749788474976619e+00
6.957228973919469261e+00
4.903461412585308210e+00
1.063746608242010971e+01
4.131123637987185404e+00
5.651993975510800183e+00
4.272150395953192792e+00
5.371356850215621037e+00
2.391485563061048758e+00
5.307647775651334499e+00
5.673685084207507501e+00
3.095701057309776516e+00
1.721809415468331439e+00
3.975784637104731623e+00
5.734901760574418361e+00
3.108066650716986956e+00
2.184783327392477492e+00
4.286904433424641780e+00
3.424417631930797068e+00
5.689828698335833046e+00
7.040658395789145985e+00
4.757482757677028218e+00
4.030453859869195021e+00
5.055608354346235345e+00
2.512523699218523365e+00
9.197712060399881651e+00
5.966369970275931855e+00
2.991478786056764871e+00
5.165467995178220306e+00
4.287770665228948452e+00
5.707398452848948089e+00
5.284751634303821000e+00
4.107735507754520121e+00
4.390994517331248126e+00
3.129374214246836594e+00
3.434324329590290770e+00
4.073181400741192171e+00
3.075848111194861012e+00
6.536894864778762582e+00
3.044316931660988157e+00
4.495336145876588141e+00
5.579698089603492228e+00
6.751639059954535504e+00
4.775391562276716684e+00
3.077527928355093145e+00
6.706760046071289061e+00
4.191185679146774312e+00
5.029763514153296811e+00
9.142067031099697871e+00
3.816578922502104287e+00
1.895424175534440980e+00
2.661554910009164665e+00
3.405444822559194673e+00
2.837639035113215691e+00
2.833778405504638886e+00
3.642263413793919380e+00
3.532692671324353828e+00
3.781930939473602926e+00
5.393698226980642829e+00
4.235865941434711068e+00
1.309935873280696406e+01
4.722648986132599092e+00
4.845238820524845558e+00
2.989843809074695269e+00
3.941312116444277258e+00
4.745091564588350685e+00
5.179212553654217288e+00
1.535096423514041408e+00
3.867256350646974816e+00
2.260471096979462136e+00
2.251136132260632472e+00
6.921680642288007057e+00
2.513380769904404843e+00
6.092112959980196862e+00
7.287519032069671887e+00
2.992501596439224532e+00
6.531034767438860023e+00
4.317750944366077981e+00
5.847289022183072227e+00
5.735197162292108075e+00
2.448534767633571807e+00
7.552408291675719809e+00
8.112897489145911578e+00
5.341796565481446990e+00
5.564756902878748690e+00
7.095054520905035744e+00
7.298768339784353465e+00
5.708752154667851464e+00
4.021545847462904000e+00
6.969113322699789670e+00
4.463589414848547321e+00
3.633564991545966905e+00
5.433089343538882510e+00
3.859622699718876060e+00
5.152726740068865219e+00
2.012462318945639428e+00
4.849008760344855062e+00
3.829502828459068642e+00
2.771440580368584872e+00
2.612751138831149955e+00
2.742577542918525513e+00
2.235338000307454109e+00
2.690840780148927802e+00
6.848896469140775878e+00
2.160794696733469245e+00
3.401315174953498666e+00
3.037186276534752594e+00
1.055064185286541623e+01
3.024514089778575165e+00
8.285223143863474249e+00
1.867646658449975794e+00
6.061071614170390198e+00
6.242941278143087303e+00
5.044899036492479283e+00
5.198823986402333119e+00
1.832909311349707027e+00
5.681481351158764959e+00
3.249578401545955231e+00
3.619078655667861355e+00
3.861243231132086784e+00
2.204219040931383322e+00
7.432689614149527557e+00
3.571494596961508616e+00
3.875213668513839860e+00
7.042543575910857889e+00
8.532322575102751827e+00
5.318740431923803413e+00
4.500781097850405921e+00
9.230616355185372157e+00
4.850850370113269250e+00
7.462502664835335864e+00
6.004907320909889989e+00
7.699228077870187370e+00
5.584680324110482097e+00
5.114277083927186496e+00
3.900579310116042642e+00
3.545521033227282626e+00
5.412012530153051948e+00
7.820403435509252432e+00
8.841384293416528095e+00
7.568584002600031724e+00
5.567665749593765590e+00
2.842222964323409151e+00
5.651183210977857030e+00
5.725799726732102357e+00
5.215278709776600685e+00
2.695320503536482448e+00
5.655364571595606904e+00
4.882685038085187834e+00
9.491198454457006051e+00
8.806708620231241014e+00
2.097550068997595218e+00
4.615605498865748224e+00
2.602145313313797281e+00
2.085962042835241004e+00
6.224304153690828123e+00
4.677239376097126922e+00
3.358328631666656516e+00
3.287927176957406772e+00
5.840046438038724474e+00
4.151538157390525896e+00
4.921940468683556169e+00
3.747177729847358751e+00
5.726070839127703316e+00
2.762536721106522375e+00
2.342519005394088527e+00
5.887017667116507091e+00
8.586684588303100440e+00
7.085170910110579534e+00
4.385911812540872923e+00
2.976695883104838458e+00
3.081024986391111664e+00
4.862760906779390879e+00
1.576177480988058877e+00
5.418592131123157962e+00
4.887267133694835231e+00
3.833083449220369143e+00
3.227834115464865317e+00
4.985457396844857669e+00
4.823124573957612959e+00
2.518787223077417092e+00
5.208204076523910153e+00
3.765789283494841655e+00
3.815364812832599206e+00
2.295673247155561647e+00
