6.666468919736056264e+00
8.696544386076569211e+00
7.196015873385435135e+00
8.447583238159600327e+00
7.274189005251753493e+00
6.474197309678658918e+00
1.226913454915715107e+01
9.568737006696430569e+00
4.021227234584323185e+00
8.637229262350260228e+00
9.208056317639909949e+00
1.024706736465903489e+01
4.725124450233258777e+00
8.799058069383612235e+00
7.567427742134792190e+00
1.406308283939508996e+01
5.200171892149304753e+00
9.288796424887641123e+00
6.888383106799974342e+00
7.030931011635397354e+00
6.240559559401233081e+00
6.501409686644143093e+00
5.540422417771963204e+00
4.973737788222414302e+00
7.672020372763322271e+00
1.346382797792987951e+01
5.171741479081800819e+00
7.742584604452362740e+00
6.178939333875682394e+00
3.335907669212745841e+00
1.024092173372989301e+01
4.559981436115381648e+00
7.874387340424867432e+00
9.272606222353601879e+00
6.996237620926962109e+00
7.666660577395986387e+00
3.473932731466515822e+00
9.454624718566929431e+00
6.111005101146345986e+00
8.096063189069418797e+00
7.200966094012833274e+00
1.312673546244398537e+01
2.812944223800452281e+00
1.574064606067251937e+01
7.120061246223662543e+00
1.010936529535581663e+01
7.844620102985191856e+00
7.478944249582334614e+00
4.507350450293649224e+00
5.549267451497059689e+00
8.432920602458993997e+00
6.447365409225751520e+00
3.736189730238680173e+00
5.801734205926127430e+00
1.156397897321495805e+01
9.621422351710917198e+00
9.230910170769105250e+00
7.707463306107332990e+00
7.867783840021114194e+00
5.927417572048438998e+00
1.095657959521015279e+01
4.362582395054017681e+00
6.811270027026758100e+00
5.268464005163580488e+00
7.151866833278100799e+00
7.344082362228312455e+00
1.314869554171036015e+01
6.370515223578509634e+00
9.594144008784764921e+00
5.506443523941933371e+00
9.621396579818137340e+00
5.601776951813527639e+00
1.140111488960786978e+01
1.064212460102328883e+01
1.439990525720830483e+01
4.834281086002912176e+00
7.596416168782255340e+00
6.999197195351370304e+00
7.661013435459033794e+00
6.093126028823963480e+00
7.528988110646331222e+00
1.437592203928863910e+01
1.719216564618958998e+01
6.914966606272474614e+00
8.708475104498004882e+00
3.477545640182120756e+00
7.508239496679045111e+00
5.295016201455376326e+00
9.700593812886733502e+00
8.324166712563478399e+00
9.621479580277142674e+00
8.417134690429939781e+00
9.060955780868990672e+00
1.146073540268952407e+01
1.019338613429266616e+01
6.444776465111040409e+00
6.429674635901497126e+00
3.339471485743697343e+00
8.074948163583259841e+00
9.792240356532136758e+00
1.938800825421304497e+00
1.377256035878379947e+01
7.663981093189144111e+00
5.719667930437741354e+00
5.456719810720557895e+00
6.383557476479206905e+00
1.029310959086561361e+01
1.056727624637799146e+01
3.975359038482062513e+00
8.463058145396038512e+00
6.034472693810959854e+00
1.111195643325986460e+01
1.110832843775149392e+01
9.984154909854566995e+00
5.091052842140029178e+00
8.077494198194290931e+00
7.203968928465821264e+00
1.143995054883203721e+01
8.747286279723200053e+00
8.811657692506861039e+00
7.622205891961256086e+00
1.065506050864001786e+01
8.518508724768057760e+00
8.304366778674019400e+00
6.798766219339165140e+00
1.398201966075747649e+01
4.179647126846082195e+00
1.003986332210302557e+01
5.678165374667695886e+00
6.234955660276214395e+00
5.497727473973450074e+00
4.450071704483403501e+00
7.177656248172434417e+00
8.034724763036532380e+00
1.229145853351654516e+01
6.239235841550563322e+00
3.968531117218106807e+00
3.639887714690853038e+00
6.229658214793554194e+00
4.121853377483391867e+00
6.842973097841619889e+00
5.173487975244857928e+00
4.875772465804935507e+00
7.099534219657805068e+00
1.099719810042157420e+01
3.807299369430347191e+00
6.312536238154627277e+00
5.913832483188670608e+00
9.036743380516076840e+00
1.714099247265357562e+01
7.423870622563980781e+00
8.239935838220988629e+00
1.039771291228002248e+01
5.503783018298928020e+00
8.948511022520783342e+00
7.318163420206666991e+00
9.132912165204819743e+00
6.761181500060232885e+00
9.523367195664549811e+00
6.870137694581330834e+00
5.305408800980283779e+00
1.113973404511309084e+01
1.038735742413777885e+01
8.511705840606182960e+00
8.892573190059003707e+00
7.383984153958396135e+00
9.966445983785293450e+00
4.370028834397192696e+00
1.032939706150025749e+01
6.787506168866649148e+00
4.854130189036959031e+00
6.863861821557572185e+00
2.632902768911350666e+00
1.139001398654772146e+01
8.095559647353450572e+00
1.142214634383550198e+01
7.738297068714913074e+00
1.083808618054652939e+01
1.030436330926718114e+01
7.388017817956392896e+00
6.167041044843522002e+00
8.651462774902675790e+00
7.772759925609586062e+00
4.850604252400306571e+00
7.422666765560423485e+00
1.257795985972233233e+01
3.020339689474120348e+00
5.531752258419188273e+00
7.545325001728125258e+00
8.040367062377345775e+00
9.881127096447713143e+00
7.843100616916697909e+00
2.806319959542748155e+00
1.562015607866887557e+01
1.078703251269002372e+01
8.798054259750832884e+00
8.012076910480638858e+00
8.944399823055778853e+00
6.556489175610737519e+00
6.253152029346270346e+00
9.739561161018075452e+00
1.052884727103042017e+01
7.565081715639149884e+00
1.002899361160494784e+01
5.287095867880949207e+00
1.085382070721243508e+01
8.252155597845282742e+00
8.758289460218920297e+00
7.659259553592836944e+00
1.463565022822340822e+01
8.075062042185468414e+00
9.991316019937809045e+00
5.081386294608801535e+00
7.260132920071096230e+00
4.509547678148069672e+00
8.715509240618926512e+00
1.010727768246563940e+01
6.416839234801851255e+00
8.439157742653431882e+00
6.369734588026210176e+00
2.231568534399381409e+00
6.188983480200032972e+00
8.568340903067849013e+00
1.170094043669926975e+01
6.923179275734702820e+00
9.374870895183931907e+00
8.976055754313341239e+00
1.144234186965615763e+01
7.347452650079830505e+00
6.795630724733252137e+00
7.767809732324378658e+00
9.658191186610462609e+00
1.184404245485071883e+01
4.335740366589295292e+00
6.323250856160753663e+00
5.859634315312388431e+00
7.808950284616390292e+00
9.602135446824840770e+00
8.464699044550082263e+00
6.365661217848018971e+00
7.731284527048421396e+00
9.235798960809706415e+00
7.114873749828017679e+00
1.266863663218746439e+01
9.107006623915619770e+00
6.917607539147049067e+00
7.959600540281698500e+00
7.688210743552825299e+00
9.176108316818446298e+00
1.100937674452393722e+01
1.116059733102474283e+01
4.240648891677981425e+00
9.064941480322026734e+00
7.902585414719391466e+00
1.349170585285786395e+01
8.585336016484481192e+00
6.051343332365422434e+00
1.583410257795367038e+01
3.892944901701817617e+00
6.047994344779313636e+00
9.154199502054224169e+00
6.731028071575642535e+00
1.067614290145132827e+01
7.327470732707276113e+00
7.482292252045570358e+00
6.328646980833769753e+00
4.562574154783067826e+00
6.501745402545688890e+00
4.944791273971858026e+00
7.354499574784776783e+00
7.273589821789648191e+00
7.299843365476403001e+00
1.212073913347655996e+01
9.335208289763667011e+00
9.785808750788657306e+00
7.514919820735231681e+00
9.423428063037324165e+00
5.540984328541537884e+00
4.503616609385255209e+00
1.031624969462671082e+01
5.284677450295206746e+00
9.071405859067199984e+00
7.013767642366810051e+00
1.291990527944806288e+01
6.300915593139748694e+00
6.894278365625474692e+00
1.297063054359338174e+01
9.768832707044992958e+00
6.265270312285258214e+00
9.141196934587922485e+00
1.697001589959594625e+01
6.405577586047666472e+00
5.746548035210595984e+00
9.173527159693497524e+00
4.538176937237419217e+00
1.221516298855582150e+01
1.486016498127527008e+01
6.074801716894652870e+00
1.176359840064355033e+01
3.724126622613097570e+00
