1.126913874303262064e+00
1.109555649825262780e+00
8.007109876613961452e-01
1.148082233272195829e+00
1.612492000841434292e+00
1.738496133339881400e+00
1.748990129006634531e+00
1.319887819085701297e+00
3.269626845090447098e+00
2.169041217742981864e+00
6.382212878807043133e-01
2.492587987655200177e+00
7.732835891323172062e-01
3.199500053853125969e+00
9.703693736982054174e-01
2.974227295730552445e+00
2.087167643499459491e+00
9.475695870107154750e-01
2.193053388442009588e+00
1.464895703432003815e+00
1.565175029938127960e+00
9.244687869005769887e-01
1.057290364980486785e+00
1.393656357194104523e+00
9.437278404412464683e-01
1.221650100603154376e+00
7.879151080465292001e-01
2.787701364406698801e+00
9.224547190733101143e-01
8.242712776777554318e-01
3.889316727466056278e+00
8.321907394747664055e-01
6.693257473905404042e-01
1.090684653293835682e+00
1.384946046258334951e+00
7.940596783883860921e-01
1.349280495165837257e+00
5.750291331852415144e-01
7.784187615645420388e-01
9.025472478257573483e-01
5.948172841272831857e-01
6.077838706976206318e-01
1.993758335181032182e+00
1.044782338455571669e+00
1.138083061942744001e+00
1.251608372966348970e+00
6.498449437176643251e-01
1.038392315720705339e+00
2.336040095612047729e+00
1.199278001311267827e+00
1.398276509220845343e+00
1.064275660188744865e+00
1.306409397966018737e+00
5.851588290856833963e-01
5.670644705820503395e-01
9.518063809655918917e-01
7.023885236634441753e-01
8.972597099221144568e-01
6.235592826087589247e-01
2.355770595701448311e+00
1.303606719033502337e+00
1.097058781789706838e+00
7.688865959305263287e-01
7.890252068378970085e-01
1.536325195700551927e+00
2.062115019283774053e+00
6.817439286716295843e-01
9.271475650683620451e-01
8.835657150826987660e-01
2.507790494682981652e+00
9.544987311897717985e-01
1.980114433799318840e+00
9.213235695490948896e-01
1.143899790418636986e+00
1.433024155868714233e+00
2.550366811999188688e+00
8.558540593418646480e-01
7.574320043408574454e-01
7.718166202518145225e-01
5.218659555729431299e-01
5.865570411003193652e-01
1.849363502059256481e+00
1.172562141964492266e+00
1.014864179904739094e+00
1.676435814449388273e+00
7.307391730148246056e-01
6.890169375266332885e-01
1.783028147685341569e+00
5.646893128209490298e-01
1.376354441780708759e+00
6.314644646514940840e-01
3.208244010194595042e+00
9.046333340521031108e-01
1.053660519467896295e+00
8.940547269538582364e-01
6.747895820115933363e-01
9.153345333427860275e-01
9.803680421698944825e-01
1.027804559436793053e+00
5.283964132299854732e+00
2.452047159128450282e+00
1.353061903837074587e+00
1.390924201546331229e+00
1.455782925726771149e+00
5.680166254929732705e-01
1.364913460112639143e+00
1.044154300875210328e+00
1.383881471323819445e+00
1.155397376362173656e+00
9.686085124854963979e-01
7.281429494781183065e-01
7.030385955425653144e-01
8.860249890242201110e-01
6.337073888035815727e-01
4.195918351445936167e+00
3.002320209132882223e+00
8.053389282395279070e-01
2.021228728189326862e+00
9.110172220838781421e-01
8.496634089014114544e-01
1.008935299971710053e+00
6.938371817033883726e-01
1.011101305334484612e+00
1.088976260921327599e+00
8.644887209584491972e-01
6.291676307341638186e-01
4.475606838640705520e-01
1.719980633291785521e+00
6.659787775083361172e-01
5.534910499372038828e-01
1.620683065623821362e+00
1.259661340990980927e+00
9.975325833437146406e-01
9.887761932391583297e-01
1.927586746174945409e+00
1.859739644170590678e+00
6.769451797451087049e-01
1.849432602185039576e+00
9.535382145882538296e-01
1.264267009743656134e+00
7.415581950402688749e-01
4.802167892940093497e-01
2.011317881743446279e+00
2.200549952626133177e+00
8.374976711332083879e-01
9.620756227691378282e-01
8.970224679078271368e-01
7.392032557086991584e-01
2.233313770019871303e+00
1.104075794255930720e+00
8.970798201422555129e-01
1.559853184527107306e+00
7.670059656600173303e-01
8.089757919621053395e-01
1.401771906739755158e+00
4.973986916065274988e-01
1.878289734690705481e+00
2.880870777550751605e+00
1.382761523693055050e+00
6.703732753026493407e-01
1.294908489987768307e+00
1.270886985952773829e+00
2.348306267133331016e+00
6.680182664849309004e-01
2.344627102387726758e+00
2.233948089851139684e+00
9.274694259074711677e-01
1.916949366241460284e+00
8.413931536602625716e-01
1.873438137221559829e+00
2.894186353768300801e+00
6.432647682703611647e-01
1.332062012131156603e+00
1.052537048620160398e+00
5.894646631999440611e-01
6.712656277038760999e-01
1.135022461860254239e+00
1.096139191372340838e+00
8.189610781931325745e-01
2.097549787910426122e+00
1.125687297293275879e+00
6.947899658813068147e-01
2.956772552705896562e+00
1.907205993510199260e+00
1.799647183050720800e+00
7.727849386888748784e-01
8.056572712436627093e-01
8.853787229194114428e-01
7.288300078237548441e-01
9.309755985146440649e-01
1.529511434782278689e+00
8.014524662354496343e-01
5.719900617642045271e-01
9.593375531307380966e-01
2.008106116204893432e+00
1.670738637635825974e+00
1.902134056729413603e+00
2.246190161758211623e+00
1.250596038151372547e+00
1.901986533513631228e+00
9.348876867038373728e-01
8.081922852816947334e-01
1.072201939815665916e+00
2.117893713056992588e+00
5.401436796347681701e-01
2.073521193539384022e+00
1.145955171797851113e+00
2.699449468179418776e+00
1.462863932169144565e+00
7.381155777042132105e-01
2.010017310064040608e+00
6.207653597807248902e-01
1.682202467119524369e+00
8.676854871636673350e-01
3.065881228973961203e+00
1.831719932258005779e+00
8.108741759106995461e-01
9.515114984635321127e-01
1.762311617706009859e+00
6.783744284732259322e-01
7.703535053095420526e-01
9.373948449765368007e-01
8.539355756580233603e-01
1.107666765124165176e+00
1.017302758725102674e+00
1.157978618975719964e+00
9.261858475451412165e-01
1.031615651723737592e+00
1.026794733495929979e+00
1.257772913088357480e+00
6.158860814561392116e-01
2.580173383655576025e+00
1.042475776605682247e+00
1.175564702963080244e+00
2.268265808062588818e+00
6.760811664450383507e-01
1.117787962204682017e+00
7.148615127238687750e-01
1.093271420330968802e+00
1.341385793791000092e+00
7.590173808097495645e-01
6.479360605193010825e-01
6.951353011711094432e-01
5.505985765924710229e-01
5.759745198284546008e-01
8.257611515428369131e-01
8.397303106729171462e-01
1.735452612837957043e+00
4.630343159851980084e-01
6.898122142040913340e-01
8.898443612004431902e-01
7.041322003457418655e-01
3.050616051678189056e+00
2.257383871812254750e+00
2.035250023511453232e+00
8.020175336042268954e-01
7.935726310720632171e-01
9.907500190993108191e-01
9.488175132106130283e-01
3.538301049332620796e+00
1.900064240219539569e+00
5.901344981130477452e-01
1.081673435522638504e+00
5.737375581412539338e-01
1.419616200993852217e+00
5.658640860180242926e-01
5.004976374478637968e-01
1.010097084798198264e+00
1.059947702897761523e+00
7.818037379014580734e-01
7.777092990885938750e-01
9.536614413082975528e-01
2.848009021454750656e+00
5.810268524601390761e-01
7.579906034901811029e-01
5.598347512363687217e-01
1.618052808719389501e+00
1.746065027877708342e+00
1.558360965447753710e+00
1.381322503016054082e+00
9.599024325182604622e-01
1.297079728844175328e+00
2.101615427730533003e+00
6.368028682173711985e-01
1.190103461160448628e+00
7.743317351356758804e-01
1.673171689475928536e+00
2.369304681033963966e+00
1.615479849486835207e+00
7.234948507665405204e-01
6.970796199793731773e-01
6.577310936351316029e-01
2.971053155700710935e+00
1.400368734931852321e+00
1.474665512262534950e+00
6.127091207721109267e-01
1.078051544571878351e+00
1.308235852776524100e+00
7.913278233478434620e-01
1.132643082108334198e+00
