1.458279825133549590e+00
2.745761003193860184e+00
1.212879054223540587e+00
6.918804101723927680e-01
6.092948096060869512e-01
7.900705305975410653e-01
5.319797325479501682e-01
7.250635581571697186e-01
1.190536961582103537e+00
9.965528884824762512e-01
9.114889380208306413e-01
1.016685085650242959e+00
7.030900261892906178e-01
1.041201957053106808e+00
7.222639365600395100e-01
6.467256075604908006e-01
7.534834114893640411e-01
9.283603887942167843e-01
8.638006863039423555e-01
7.841318186382604249e-01
7.804830315238379113e-01
1.309778024130700436e+00
1.375758341307467214e+00
2.084749143545492789e+00
8.951764255140511883e-01
1.517982936534025384e+00
6.215163459100181420e-01
8.144096498513893057e-01
1.546030498633268246e+00
7.864202139583302831e-01
1.934328257878789481e+00
9.411091795775882174e-01
5.754775766092309341e-01
7.570981456865689685e-01
6.744157221994148133e-01
7.740237203350278650e-01
2.359869432165326852e+00
8.572113993037402402e-01
6.199320838014342749e-01
1.216794250462066351e+00
6.695328677254440697e-01
5.650855937952052876e-01
2.698556266486571431e+00
7.079531568140975395e-01
7.974427706660632831e-01
1.001979707223860983e+00
1.031574569029283461e+00
1.644608397177129255e+00
6.141819952068449107e-01
1.504139501715287430e+00
7.460458059009271725e-01
1.427838325723417956e+00
5.190054528645977605e-01
6.754829182299776358e-01
9.069062684979208866e-01
9.507291037384105747e-01
1.207979436943174223e+00
5.817950312804287538e-01
1.133735648728627865e+00
1.611841895264780389e+00
1.098713578955137882e+00
1.204880078500804919e+00
1.124113502286593125e+00
9.155448121745363155e-01
1.195401088633752273e+00
1.319332251874541617e+00
1.527992553180792745e+00
8.421682814214973556e-01
1.359026286452490240e+00
7.230456945885540554e-01
1.782713929343811232e+00
7.848422482414515455e-01
2.645419835757665261e+00
6.657320383868035041e-01
1.598636824796578537e+00
7.184520662596318719e-01
6.706737610378439296e-01
9.723878809617382268e-01
1.189043650858253587e+00
8.157272385026494987e-01
8.345265579645833043e-01
1.019388219807902285e+00
2.355978158352061591e+00
1.235639673501632396e+00
2.005569616651179388e+00
9.125975478523226103e-01
1.344065815697971678e+00
7.052499532152498585e-01
9.585091405114134488e-01
6.536092563985258508e-01
6.912262465600316208e-01
1.176190214545313584e+00
1.017088095540965575e+00
5.335948756234206725e-01
9.958484477523894540e-01
8.618852768596125813e-01
1.239374409710593428e+00
6.553478767027219876e-01
4.636193081346581812e-01
7.549662555856067048e-01
8.643743856697737593e-01
1.230407465135292755e+00
1.298767908169633056e+00
7.259429935871158923e-01
8.845904886094523301e-01
5.173402283729867657e-01
7.870390141899358261e-01
9.057003636169232985e-01
6.523091019077996711e-01
8.949223788640718880e-01
9.516707398097206116e-01
1.163846326933662967e+00
9.023484103740748719e-01
8.101706184849396530e-01
6.961223767376742977e-01
8.810759665949462471e-01
7.909880047261296232e-01
1.334558092875899327e+00
1.323881147094866595e+00
9.893675322405550698e-01
1.043481545187967985e+00
1.161222185627678982e+00
9.791981522057326970e-01
7.342963976386384095e-01
8.273477097270244274e-01
6.460487918996138390e-01
8.978824168205821188e-01
8.954998593517331518e-01
8.932289354975851969e-01
6.968731578662888948e-01
4.442967885960911190e-01
1.502246506314370622e+00
6.468286228727126996e-01
8.207380063917568691e-01
1.378645177007725930e+00
7.218802138503035426e-01
8.961285729693256874e-01
3.669170561449048851e+00
1.098299520117351546e+00
5.543317060131643936e-01
9.879766866376605838e-01
7.165522687002291446e-01
7.386482454206212411e-01
8.954695314506453396e-01
5.980407511807148691e-01
7.625164913244770748e-01
9.887477805948100551e-01
9.326797785800545748e-01
5.635041811663427103e-01
6.061640425378255204e-01
1.245005247564613171e+00
1.456768175091038620e+00
5.194410993167495327e-01
6.263421530645062463e-01
5.483060979924015976e-01
1.355023692499800703e+00
1.402257585906941273e+00
6.591618749459613458e-01
9.709570563124926279e-01
1.237390592587929605e+00
1.659664796043409662e+00
8.168744599637455250e-01
1.051054036477552911e+00
7.349810005626452591e-01
9.614151154295496049e-01
8.858622218672242976e-01
1.113230303601425053e+00
1.298851753493494243e+00
8.294418784908538234e-01
5.795281453494181001e-01
9.224881288549605651e-01
9.879578225980502060e-01
3.286548287558777037e+00
1.184645691946702994e+00
7.199843758495247936e-01
5.401581924657975486e-01
8.420617162081588392e-01
1.075845103947134618e+00
8.177800764577317638e-01
6.758060507458395483e-01
7.096590046229579452e-01
1.430353094682013104e+00
9.105065154238198843e-01
8.594675939534806020e-01
8.980208930585764637e-01
7.459147743748528736e-01
1.185343173717918974e+00
6.251458743263035300e-01
6.040318371430953848e-01
1.888675527239635832e+00
1.148633895689657791e+00
1.189383317242738158e+00
5.953901116622281053e-01
9.381396334982533558e-01
5.981575062502956230e-01
5.793157958448701406e-01
8.555888525370514142e-01
1.317461909448410573e+00
8.435863722227504580e-01
8.321482259226142819e-01
6.675089893847880873e-01
1.470632583963622730e+00
7.045810488177004505e-01
7.111706419422432202e-01
6.141078506893672406e-01
9.938532019841792575e-01
1.018946847842084669e+00
6.648624220072095747e-01
7.151249553462454278e-01
1.161707223206548401e+00
8.993849971264835652e-01
8.054133622754627853e-01
9.823438308858748469e-01
7.361391739800006162e-01
1.231483005348357862e+00
6.478347139585870496e-01
1.462135772590578808e+00
4.749388156454201759e-01
6.686541199590682050e-01
1.295578181965650444e+00
7.266809033193720735e-01
1.290342761208262745e+00
1.062800632152000713e+00
1.677461132303494473e+00
9.339505295918022476e-01
1.356998761593481762e+00
1.179538005171854032e+00
6.323849310350626585e-01
6.502007757757579665e-01
5.333747877194816578e-01
2.721773679065750517e+00
8.987801174509250091e-01
1.432788099942977178e+00
7.313575381448460533e-01
6.593162315936758056e-01
1.417035207444304001e+00
2.104657584454090014e+00
8.193952295815218889e-01
1.220326813067062588e+00
1.257124802584968393e+00
8.563824672905649971e-01
7.833016917696299375e-01
5.428422669450247984e-01
1.545865432666791772e+00
8.554507630196206414e-01
8.325145516008405355e-01
5.191233323193741311e-01
7.455663984141081002e-01
9.585470776430139450e-01
7.566353443997965167e-01
1.650453004266281276e+00
1.324457537751353220e+00
7.074532271535532990e-01
8.966883930117848234e-01
1.029401366894040493e+00
9.950993550557861722e-01
5.483717660082184642e-01
4.236479151682944200e-01
7.683990952622231640e-01
2.428355353896785029e+00
6.236085496177369292e-01
6.236198683517757413e-01
9.873467575851554434e-01
1.348108071382699613e+00
1.901515987633744187e+00
4.334349883682642735e-01
9.401711881442438301e-01
8.728369786124283713e-01
9.888869915673548228e-01
1.093276108792986090e+00
1.734245055581459027e+00
1.333653405470625719e+00
1.069886076177419598e+00
5.022623530608005815e-01
1.010447434050111282e+00
7.114479675193151609e-01
1.345134283935657704e+00
7.350856971044497090e-01
1.061503380309107847e+00
5.487882980558510537e-01
6.295616566387824964e-01
1.001247759310042174e+00
5.675212644910387461e+00
5.648007380865041061e-01
2.927457542438345328e+00
1.077279133787474308e+00
2.015654855817628821e+00
9.028464635436141972e-01
7.503910267042379623e-01
1.610785631311779653e+00
9.176350735227409849e-01
1.457849123760261101e+00
5.432383961653489690e-01
6.755263724275984982e-01
7.980143649196544953e-01
1.280782150791571983e+00
9.292058635283881873e-01
7.273012685579175463e-01
5.014514769077775824e-01
7.585367323001511730e-01
