4.535513151347413441e+01
5.075293872856357069e+01
4.705443419361660062e+01
4.254048444933482642e+01
3.115337005519728564e+01
5.136635158925697198e+01
4.657051828591396969e+01
4.650526731126861080e+01
3.545405315327207774e+01
4.922159218540441117e+01
4.021281011130664496e+01
4.132824863152342232e+01
5.574188200169290752e+01
5.515371891423448147e+01
3.376381329936136666e+01
3.769855134920568673e+01
4.496541791164509050e+01
5.471110145311379824e+01
3.739568750637696581e+01
4.630471782452128338e+01
2.867941868090761659e+01
4.986284244638307683e+01
4.279185810382254118e+01
4.922665426513793818e+01
4.685190824476831750e+01
5.089462500041144466e+01
4.009395463421498107e+01
6.107275966445875781e+01
5.453089176308314023e+01
5.081672556733037283e+01
4.304432994681412339e+01
5.312059293116789149e+01
5.280086704983975920e+01
4.675085483700743083e+01
4.516915885847335232e+01
4.862031603496479448e+01
5.247696293050208993e+01
3.797562393613394249e+01
2.967730769545350711e+01
4.092373273194783678e+01
4.475312113696595873e+01
4.281398521027249160e+01
3.400877750909380381e+01
3.671066428715229790e+01
3.736272605108976563e+01
4.559820732448562808e+01
5.355717538322475946e+01
3.890788277071460044e+01
3.485573556316357013e+01
4.636718137286865726e+01
5.821049260446687867e+01
4.290092009119141636e+01
4.426388570799588962e+01
4.280106900244291523e+01
4.309827331348841284e+01
4.297862087383603580e+01
4.181624292970748513e+01
4.089106318320987299e+01
4.211302942537758298e+01
5.990908718423730051e+01
4.121375337591828725e+01
3.784408412359189100e+01
4.603800881366292685e+01
4.266921367961469258e+01
4.110500974472872571e+01
4.424675732821323493e+01
5.945858475990368675e+01
4.476079069412394063e+01
4.188186727095490625e+01
4.118283733183548634e+01
5.382821644591518151e+01
5.490032188539702673e+01
4.311178281308031046e+01
4.663315406328234047e+01
4.184178799513411207e+01
4.265458579420304375e+01
4.663626303768337067e+01
4.772311294203698395e+01
3.950708406542251794e+01
4.513435279027705604e+01
4.444331604210260878e+01
4.953088057467015659e+01
4.858904966977355144e+01
4.494174958318578206e+01
4.965549826424389579e+01
4.221358489096923705e+01
4.313251374872648825e+01
4.408067220404475961e+01
4.380607115185017619e+01
4.242037711004724798e+01
3.811114102613673538e+01
4.653263246150416421e+01
4.297973637870032348e+01
5.056189961069276961e+01
4.546447633805035338e+01
4.270673384869304812e+01
5.092873898006739353e+01
3.808872592918086042e+01
5.492506309968747757e+01
4.360338277881616875e+01
4.162673571859389909e+01
3.329003830243234319e+01
5.578615635292747754e+01
3.963691178308473440e+01
4.233607724678090989e+01
3.816011575871112171e+01
4.562484728875499940e+01
3.989084121501901592e+01
4.254543241787353480e+01
4.352883637890351309e+01
3.664806664809825776e+01
4.001683137880534247e+01
4.653001213794812685e+01
3.822733672601441413e+01
3.798424286904948843e+01
4.751470513308868249e+01
4.061063329718705006e+01
4.077233403199250006e+01
4.489737311569287215e+01
5.521690368297474549e+01
4.246058025716525464e+01
5.021567807797475780e+01
3.374497534715651170e+01
3.460511381594385227e+01
4.443585420757570148e+01
4.302433109284837087e+01
3.540024823260305453e+01
4.860352325390859107e+01
4.778411834102500677e+01
3.820250507004750062e+01
4.531647674775699386e+01
3.922982093690429650e+01
3.440616414504944487e+01
4.047727525908243962e+01
5.154697802406511187e+01
3.891911235822335868e+01
3.774130638786088099e+01
4.400848823740573579e+01
3.544218934899554796e+01
4.310667843262778121e+01
5.099609221007512616e+01
3.641291148824858226e+01
4.211442878063767381e+01
4.216191555747231234e+01
4.090526280500097300e+01
3.103864325527527512e+01
4.147576417804966553e+01
4.704212681482471936e+01
5.355471724322553939e+01
3.888365694810037354e+01
3.878964986429342332e+01
4.877338743068670368e+01
4.134310888056491962e+01
5.076231089049333889e+01
3.962216307323525655e+01
3.794562965000831412e+01
4.897921615814011176e+01
5.145844325603866309e+01
4.038052351131450735e+01
3.709126038214617438e+01
4.223230640290422855e+01
4.221334695109002411e+01
4.592945760657636356e+01
3.851377142446716562e+01
3.316996684603807211e+01
3.658697872080739444e+01
3.863608826126193918e+01
4.494129812684739278e+01
4.835907548685560187e+01
3.543577671370685067e+01
4.817002754659272057e+01
4.678649158439288414e+01
4.167796047286855554e+01
3.823142476402107803e+01
3.557444609285047932e+01
3.268845930488129170e+01
3.855677481610502610e+01
3.365245262206025245e+01
3.979108580805078788e+01
4.993541558200405461e+01
4.374276629155208695e+01
4.094289372498510460e+01
4.182875103618363255e+01
4.366210341403135686e+01
3.291833900347734954e+01
3.963046269665620258e+01
4.967429110367935152e+01
3.824775792058953527e+01
4.391651138882772187e+01
5.011198275440583672e+01
5.032055662332589208e+01
4.420915774426486422e+01
4.141804838686442025e+01
4.307860463396190198e+01
4.195633929345562763e+01
5.158369196797552547e+01
4.771794923361996155e+01
3.713134811956700787e+01
3.061292104762187805e+01
4.392861590658029058e+01
4.102986681560118853e+01
3.750670452405979205e+01
4.147499492775430951e+01
4.432016560630250979e+01
3.918569041586225410e+01
4.568607288988484072e+01
5.804700570696787310e+01
4.174732442828258883e+01
3.500967329900333169e+01
3.914381506124351517e+01
4.147897891334071829e+01
5.008357219732241816e+01
4.574399921018328996e+01
4.510266706071687537e+01
3.382469837639054333e+01
3.365196466959381638e+01
3.999318572037297770e+01
2.764541105964278955e+01
2.991058349691612506e+01
5.134692894888162584e+01
4.436737672669060117e+01
4.188787853368935998e+01
4.979974023303947206e+01
4.109904393331800065e+01
4.721508342442219686e+01
4.687191896454421425e+01
5.488499534877543340e+01
4.843976342862099926e+01
3.691059455743257445e+01
3.409043354296527895e+01
3.898087789310550733e+01
3.690668503428677383e+01
4.486228108335957643e+01
4.152778089575863874e+01
4.873161043432256179e+01
3.590029527536704279e+01
3.761180550500245090e+01
4.882536135997094817e+01
4.822520659184624492e+01
3.955069930777256104e+01
4.105961325834763898e+01
4.751610471728896812e+01
4.549674782764714109e+01
3.944961539545761298e+01
3.804387738744095060e+01
4.198372825517809304e+01
4.030929306334240891e+01
3.602461511346963619e+01
4.780841931047801552e+01
3.304195085563428336e+01
4.181447085062904279e+01
4.757267617732154008e+01
4.260359024447661369e+01
4.308888952834387709e+01
3.522353481943163445e+01
4.960141536552595198e+01
4.695490459517132109e+01
4.714664553974910177e+01
3.424655281927419281e+01
5.526536900714613409e+01
4.183420471448933142e+01
4.135880333470947079e+01
4.218808262697575628e+01
5.214496498336657027e+01
4.546443796129287307e+01
4.423311396628114522e+01
4.294700834702043579e+01
3.331343728755179967e+01
4.083190498232025334e+01
3.998510662340490285e+01
5.759812187568051911e+01
3.818005350056947123e+01
4.099324910399406718e+01
4.240662744040918142e+01
4.226792550350683797e+01
4.356780112908063529e+01
4.382241594371428306e+01
4.882024590965043842e+01
4.553890580113505848e+01
2.912983570048105264e+01
3.526555110848200059e+01
4.633292569180716214e+01
3.906232270946441076e+01
4.190092041000531964e+01
5.786807948138937974e+01
3.604605065525896634e+01
4.636012308463724452e+01
4.531863464008734610e+01
4.750730775482434609e+01
4.382850236933796140e+01
3.946050759552104381e+01
3.707098555893747971e+01
4.061602886154756220e+01
4.264825976341402480e+01
4.458870913248702550e+01
3.688200829369425549e+01
4.233141482314225357e+01
4.145032644831243118e+01
4.303196449250731348e+01
4.803701010453269760e+01
