1.389074176659409021e+00
7.500271341454840535e-01
1.482633397895578131e+00
6.387705420206443163e-01
1.091675026714701291e+00
1.190030994051386237e+00
6.266538495579859758e-01
7.880403943613630835e-01
1.345182888435985991e+00
1.203480897312484643e+00
1.427043677418191381e+00
1.440804249051862884e+00
6.316995232105234725e-01
1.941873484599969224e+00
6.189577287832460639e-01
1.148869112997532804e+00
6.784363781352175105e-01
1.141447040376452060e+00
9.599386489340719919e-01
7.364782872583240936e-01
6.780737574691617642e-01
5.590569910457569014e-01
9.923206198040989134e-01
1.160637599717066148e+00
6.870442471904241177e-01
1.488422100252924984e+00
8.377637228196215258e-01
6.332065261723147653e-01
8.369978605483505696e-01
8.244407957798874920e-01
9.283949086542182538e-01
8.300474781702313898e-01
1.018395615067548166e+00
6.654928515407260159e-01
7.023405200440436813e-01
6.022085485641139879e-01
6.137040303356565696e-01
3.683299393693028057e-01
7.335571327892620452e-01
1.108291346780970521e+00
8.328059536388179307e-01
1.820530061171728553e+00
6.822526691357576611e-01
5.339315664045430898e-01
5.312571439518510852e-01
9.354835335709428268e-01
9.258645882579941144e-01
7.644605553911663076e-01
1.102745609239672353e+00
8.455040811464107353e-01
6.879799805490073306e-01
1.784651761882931842e+00
8.072040355981787707e-01
7.615010362271704691e-01
9.025443519683474802e-01
1.304727207090158325e+00
8.859799043486910053e-01
8.187912335463274349e-01
6.364484984622268415e-01
9.228180954065149377e-01
9.892246805628638340e-01
1.609610802980030009e+00
1.194380588115890651e+00
2.221946654219242756e+00
1.061269616786702841e+00
1.382834699656161348e+00
7.635508027898667560e-01
8.179093822652354628e-01
1.259035227909074628e+00
1.038436372106902539e+00
7.394871703607399649e-01
6.404972308248694235e-01
8.590730924005484104e-01
1.965894353625307289e+00
1.032725757176992110e+00
9.666840932852475143e-01
1.244320824017019600e+00
9.293134170411155859e-01
9.228025489649719360e-01
1.001212063855373868e+00
1.231887133987602523e+00
1.526890898571715116e+00
1.030949275189169345e+00
6.772909229411230303e-01
1.155504643738263670e+00
7.021831870120629482e-01
1.120342081228456355e+00
1.075443577082730418e+00
7.170985041403509230e-01
1.405491900049383291e+00
1.052291451438393421e+00
1.130184619231128895e+00
5.510994014649657213e-01
2.224085966230928246e+00
6.591061270288246510e-01
1.148232640089635215e+00
7.129925099866962768e-01
1.360286908190587507e+00
1.049936194226064101e+00
6.859389160101160288e-01
7.152677390927265622e-01
9.236065879905938081e-01
1.230387538666480207e+00
9.774074853746849145e-01
7.055430782508134158e-01
5.708250608067022558e-01
6.054109813872861068e-01
8.971517809190606707e-01
1.231256290912484896e+00
2.002158504230994840e+00
7.930429128800031702e-01
9.676272197087373295e-01
9.579046068999942376e-01
7.846483702041603392e-01
8.717900174125415846e-01
2.344279482850295970e+00
1.639689108816646979e+00
6.863268804501116982e-01
6.952781533356252597e-01
6.662590181565910541e-01
1.176367615518930432e+00
1.670578086726237643e+00
7.880154345880400202e-01
1.086154099075997248e+00
8.502556906730388553e-01
3.565567703750504580e-01
5.281218829445907259e-01
8.967550707006023414e-01
1.030964096966811239e+00
9.943902242866418106e-01
5.635613824688174844e-01
2.433689785964403551e+00
1.000674180400545454e+00
9.472591934722668361e-01
7.930472083050765786e-01
5.759067038499227076e-01
4.871189679075365930e+00
1.179043289648409321e+00
1.795601085407702246e+00
6.019786622397254039e-01
7.512571042437288238e-01
6.603511530632504289e-01
6.234053052609540568e-01
7.813178083410940999e-01
8.583619321221555021e-01
8.126444359771930470e-01
5.548767745090658066e-01
7.685591291292158678e-01
6.264413276059844771e-01
1.249222766303267784e+00
8.941310076962014630e-01
1.373948437387382704e+00
5.919365373749714276e-01
1.016005267295986281e+00
8.641653457506826008e-01
1.316074076591008613e+00
7.530862765561936456e-01
8.601338691945799031e-01
5.103917761082067406e-01
1.390826902326522729e+00
1.722343701810659766e+00
1.476281421598242716e+00
2.231353764346006407e+00
5.713031542523518969e-01
5.299589547162096848e-01
8.294295751245035486e-01
9.116018069450395611e-01
7.603763328700875457e-01
1.874138044910061529e+00
1.300581633170986295e+00
1.863716492181782369e+00
1.025999780512823589e+00
1.018457143257193165e+00
7.860998012769819798e-01
2.638365455747010646e+00
6.995319530792761809e-01
8.281467379272616780e-01
6.431185265956027575e-01
9.233215529708634906e-01
6.030869512651003683e-01
2.585809231367025340e+00
5.033963538641081925e-01
5.916238608892154804e-01
1.197894535697449303e+00
1.702028295992383589e+00
5.819050598708718214e-01
9.788569539391274166e-01
1.281828340150862555e+00
1.154933969305428576e+00
5.116789481892658475e-01
9.295918589674693200e-01
7.064266890841829349e-01
1.335039948203623039e+00
1.014120805249728141e+00
6.920114520840324746e-01
1.568680028443528052e+00
4.621818771543295123e-01
8.233777564495328161e-01
5.496635576305121118e-01
6.512275554076235595e-01
8.480200621343628731e-01
1.399290783142275396e+00
8.506482527922607506e-01
9.417254184944681139e-01
1.539414916996062699e+00
9.792678773047811536e-01
6.985478455126424846e-01
1.077338572211037793e+00
7.662417510241075203e-01
9.173921374461943001e-01
1.712654949298112683e+00
4.711516125044865611e-01
6.856192367950912914e-01
8.872377609681247890e-01
1.811893141830555498e+00
9.174798201302631906e-01
1.486006979229377079e+00
2.168571340671309411e+00
1.113875641552987128e+00
5.593172012876272969e-01
1.161232061807917937e+00
6.850929383190866861e-01
6.920288591794807598e-01
9.146592160847771824e-01
7.352968331189589923e-01
7.779839533942688456e-01
6.991428588839186942e-01
6.179295964257298657e-01
8.434392097657464893e-01
1.100971691550034937e+00
7.815048263176129772e-01
1.009128197384535852e+00
7.823687861697421475e-01
1.057601650846773378e+00
6.487428303353447445e-01
1.107967438998429088e+00
7.291040218153642671e-01
6.495603250021364516e-01
5.456203130362484721e-01
6.328905958407754495e-01
2.356498288045044909e+00
8.403888715669919351e-01
4.422865037797762966e-01
6.246900555546656131e-01
7.855672063491437873e-01
1.277670441028268433e+00
6.161088594593238099e-01
1.823721961041122830e+00
5.034118679007988373e-01
7.259630012684390454e-01
2.420797621486777462e+00
7.446917385124417477e-01
8.319266159331960564e-01
8.417335709113947795e-01
6.990497268679357612e-01
9.636832580042812291e-01
7.078384636624344139e-01
8.947279663098580693e-01
1.175223432632401144e+00
6.432194721783219826e-01
6.416911571504524403e-01
9.301722691372813490e-01
3.764731215804577591e-01
6.767691157927684387e-01
6.337799967905654031e-01
2.168511571803610316e+00
1.239754427021895422e+00
2.407149614852854391e+00
1.407185728444435568e+00
8.044735295496300287e-01
9.548592999824685457e-01
6.454734392858537673e-01
1.911514817436885227e+00
9.602197999183588184e-01
7.804317689973561123e-01
5.097252328245625019e-01
9.766866101385719423e-01
9.570756829186035652e-01
1.176098509287244465e+00
8.950294799228516451e-01
1.452354375979214129e+00
6.107556255473850504e-01
1.676777088143974970e+00
1.621901384609280017e+00
8.709337412987069316e-01
1.166034768592116633e+00
5.843292281936239840e-01
8.706564437171715465e-01
6.876242579201801153e-01
1.095970193070016085e+00
7.113931375602077223e-01
8.995930489321660728e-01
1.125707878583061428e+00
1.415288909536327466e+00
9.089687767987401079e-01
6.334879775063045892e-01
7.465654288108688474e-01
7.676369610314709435e-01
5.670529964296685543e-01
1.066311833878997639e+00
