1.825459221121012661e+02
1.758463804577904739e+02
1.820738038775664620e+02
1.832778536069571373e+02
1.820756113211672016e+02
1.833385919517497200e+02
1.712241804092000450e+02
1.717807284733974029e+02
1.873974060758298492e+02
1.902163670012346586e+02
1.805336696947231303e+02
1.853093366007130953e+02
1.896027988910034594e+02
1.845477715129127603e+02
1.852230019406555925e+02
1.914922758250027073e+02
1.807155554190515829e+02
1.880587900612927967e+02
1.888728649588156543e+02
1.924672814453627723e+02
1.821341305756482996e+02
1.756704226375261158e+02
1.820865805099080603e+02
1.882165011803290326e+02
1.875649947415023178e+02
1.908293550046138023e+02
1.974518174632367788e+02
1.787537762152549874e+02
1.864466518016421617e+02
1.803513879833064379e+02
1.873436027222436735e+02
1.812839164065194950e+02
1.745451151884799401e+02
1.873365645496142236e+02
1.786849322910063051e+02
1.908474805724379451e+02
1.710326693256615727e+02
1.887686117540065709e+02
1.716084255427788321e+02
1.905782696477324407e+02
1.873801894017816494e+02
1.886907215410357423e+02
1.818444400432297527e+02
1.833359138169513471e+02
1.833749677127844677e+02
1.902084384556230816e+02
1.804395502904855277e+02
1.765165173319339260e+02
1.758432527012054436e+02
1.876739050624745175e+02
1.895582505065098644e+02
1.797826990510318694e+02
1.843864729291974243e+02
1.903939352218182535e+02
1.818456804942686631e+02
1.659957958586188624e+02
1.777463894012915091e+02
1.695779144526875086e+02
1.793463530747489187e+02
1.779884916432583282e+02
1.717601128330084919e+02
2.044718193573614826e+02
1.636469930042707119e+02
1.834437391350991220e+02
1.823521518157372441e+02
1.735563872921541133e+02
1.770144339812139549e+02
1.740613542080810134e+02
1.920851405661974525e+02
1.722565748789554618e+02
1.835129556449459187e+02
1.840980581039587776e+02
1.752379455513986102e+02
1.825719027075227530e+02
1.947362660713314426e+02
1.765352003704358310e+02
1.744689548989069010e+02
1.729785890563157125e+02
1.793524875128546512e+02
1.789970146977516663e+02
1.851501598738396979e+02
1.800407426347388196e+02
1.789606885705538559e+02
1.754824019183042196e+02
1.842355729118305021e+02
1.866621781259851218e+02
1.842635298362498872e+02
1.874568482043118536e+02
1.854931749582697762e+02
1.709753136214942515e+02
1.659271652338178740e+02
1.750675228908343399e+02
1.775905594573370934e+02
1.801190171803905287e+02
1.857269570893303410e+02
1.831679360706698105e+02
1.749898712593857226e+02
1.983243318909722746e+02
1.821279384616384220e+02
1.720593608616353549e+02
1.760171635055459660e+02
1.898848764564963858e+02
1.765302430778095584e+02
1.835714605445964196e+02
1.795882367810094706e+02
1.672349405822742483e+02
1.603530256520414810e+02
1.741936149594655205e+02
1.784990765314395560e+02
1.865405827577077389e+02
1.873116614618253095e+02
1.851243297745290022e+02
1.812659048022166246e+02
1.877698618345084185e+02
1.768670255512802783e+02
1.859462714735680890e+02
1.813777101293133569e+02
1.745098819624800228e+02
1.794312670596054033e+02
1.728688773352301666e+02
1.904350023115911767e+02
1.849133798512054057e+02
1.807722054207339966e+02
1.794256307638730732e+02
1.713159956315522550e+02
1.823040994964705703e+02
1.791407859711806623e+02
1.689631374595430486e+02
1.754530738719165299e+02
1.756436623402528880e+02
2.000542117011850110e+02
1.722141808735885604e+02
1.830402350167094028e+02
1.702916179913660812e+02
1.911526456993706233e+02
1.854337804218120027e+02
1.863633851415963534e+02
1.769122615015825204e+02
1.617275481714698628e+02
1.594966862261152301e+02
1.691482923777965084e+02
1.802754124030209653e+02
1.929720564124290831e+02
1.893495196458531211e+02
1.850494271282696559e+02
1.933055251422590004e+02
1.785116737922535322e+02
1.954326220186393641e+02
1.676146907382905340e+02
1.774187040424402539e+02
1.900067674432706042e+02
2.062282079993641730e+02
1.793891079480689825e+02
1.808675558918944830e+02
1.794111858622906936e+02
1.765348158009296640e+02
1.867565752318813850e+02
1.873421819479910368e+02
1.773075129276652149e+02
1.746128735419045199e+02
1.803080464400600533e+02
1.821952940460664649e+02
1.752254952821462268e+02
1.730995142582538620e+02
1.955438917294958685e+02
1.819447760744654943e+02
1.857089322492460042e+02
1.790633301430314646e+02
1.829209038868353332e+02
1.945086340559117843e+02
1.707594511743744192e+02
1.774088194330131785e+02
1.809961668266173831e+02
1.818138333590992204e+02
1.910410496948190939e+02
1.854199407456915765e+02
1.744589907152900423e+02
1.841737473944411363e+02
1.786512320663540834e+02
1.886930179462667070e+02
1.767119203828875982e+02
1.794295491844560217e+02
1.839718641387413811e+02
1.773540954464218373e+02
1.825420654403978347e+02
1.845971083684772509e+02
1.850554135471417396e+02
1.901047415717548574e+02
1.815768546084931359e+02
1.894362518802375916e+02
1.777197098364669046e+02
1.733412745197719858e+02
1.636343453950027538e+02
1.797633565397435405e+02
1.793289802162972535e+02
1.911542251741884684e+02
1.754516659299760306e+02
1.827358287355601760e+02
1.718796966539019877e+02
1.816373273938029627e+02
1.909281083333333697e+02
1.840588777926728312e+02
1.903274661616847823e+02
1.726926526293580366e+02
1.802696726448860431e+02
1.809845320757378886e+02
1.725298107817285427e+02
1.827096305937024567e+02
1.816271903218135719e+02
1.715556908943709686e+02
1.850417579876098557e+02
1.900460754119668820e+02
1.620639058379411495e+02
1.821036601645601820e+02
1.783775378924703432e+02
1.776253134313495821e+02
1.738104179956682742e+02
1.830573555708450613e+02
1.715231375078920451e+02
1.781188053862209131e+02
1.846937730055216491e+02
1.773196209965593937e+02
1.839920840603459453e+02
1.870602445452801419e+02
1.876563842921396770e+02
1.775024788508555957e+02
1.747259790627261680e+02
1.835573568353689780e+02
1.839128294956842637e+02
1.875469412189987679e+02
1.719177639063573224e+02
1.932776046595228365e+02
1.800797712887938360e+02
1.733572792712406851e+02
1.764638336039413673e+02
1.742994183184658539e+02
1.679131605306187964e+02
1.716831815062844555e+02
1.841987526578073471e+02
1.692898965456486451e+02
1.774355843715264029e+02
1.883059962049720468e+02
1.801584708139538122e+02
1.832752509307815387e+02
1.720243430356349279e+02
1.894887338471796738e+02
1.892435205409149148e+02
1.798274681295895050e+02
1.957138253386793565e+02
1.711552604409448008e+02
1.774667650726438239e+02
1.692395309974454278e+02
1.803653670475388537e+02
1.656625918209785198e+02
1.836425156273010657e+02
1.747449166484806256e+02
1.866590947200941173e+02
1.797646096169661973e+02
1.784128179898510211e+02
1.641526603313575094e+02
1.729415513924945742e+02
1.861067674678803883e+02
1.815963015646626673e+02
1.801149214452708804e+02
1.746957033950056370e+02
1.722075863870873036e+02
1.889401434303669305e+02
1.741027371777323083e+02
1.784961091912888378e+02
1.839728074954969657e+02
1.859026080345583125e+02
1.795893896512453409e+02
1.752456058874172413e+02
1.810823342260466973e+02
1.717126117271136536e+02
1.875725261580435301e+02
1.794364947791750922e+02
1.793743012584754979e+02
1.812885513977223582e+02
1.898110870763950970e+02
1.757840477727071402e+02
1.685727180386917325e+02
1.921877084624925089e+02
1.791059335299450197e+02
1.744615427646439798e+02
1.879277568624507921e+02
1.796761860749535344e+02
1.828551649852319088e+02
1.861642751669998006e+02
1.746897377647175063e+02
1.878075220629917510e+02
1.755018546870298337e+02
1.934547928179459575e+02
1.697276018224986558e+02
1.815660966760437702e+02
1.675204074310324529e+02
1.808414382734724484e+02
1.628038768471564879e+02
1.947658996915978094e+02
1.899611763039752930e+02
