2.182226745721355776e+00
1.046086379214612228e+00
7.119206992949378421e-01
1.999467779893459252e+00
8.342371097956600146e-01
1.098907904133258118e+00
9.117617761953124011e-01
5.333779586664328942e-01
2.126596878213220965e+00
9.008509610054942218e-01
8.464248833358767321e-01
7.693181004136340206e-01
1.525966880456770092e+00
8.533951946768218999e-01
1.140823388920427339e+00
1.013105864845711190e+00
7.376140378798571318e-01
5.581066384218384968e-01
9.871596375378763888e-01
8.385616176698404978e-01
6.867765810964413520e-01
1.615907735196463690e+00
6.615441042286487328e-01
1.321175553850134410e+00
5.612720404247893979e-01
5.725161689535172016e-01
6.963237068905315796e-01
5.097335418478654567e-01
7.389127366425011223e-01
1.245011554311440838e+00
1.034061283761135153e+00
1.137184918741124706e+00
6.168641875340424852e-01
8.890135680188084866e-01
1.137592172942588631e+00
1.160131903915423202e+00
9.100195081967690225e-01
8.155066640580842519e-01
1.071895480692436786e+00
7.585389048951513002e-01
1.609476511250273578e+00
8.632825539074927557e-01
6.516148556965836169e-01
6.184205800183086854e-01
1.747693858388302157e+00
2.432054351589204355e+00
1.553835231567510577e+00
6.406457301741167454e-01
1.159125173623508198e+00
9.886499332552134423e-01
8.729081736130858138e-01
6.849926644238120144e-01
8.805602805686802981e-01
1.104727407824970919e+00
7.024956067788720171e-01
7.332696903551892964e-01
6.718033350686959393e-01
5.333221529819482942e-01
9.173834461555203657e-01
8.496004083502149973e-01
8.018299769604265714e-01
1.396775887908324965e+00
6.589879843637905799e-01
8.078408736399660395e-01
8.377574720106231165e-01
7.979943330063160589e-01
1.052631660268040559e+00
1.600208103695643036e+00
1.165687147884096442e+00
7.898183908191229730e-01
7.531966716959317409e-01
1.678613931021513350e+00
9.556189884478631935e-01
5.895807303646891651e-01
1.555987843442980578e+00
1.183479575140720330e+00
7.985901832088501129e-01
8.536280949531299678e-01
6.190729660864627837e-01
7.814363277940514774e-01
7.045977717049423106e-01
1.068338250031733994e+00
1.371929795760841841e+00
1.009714415062663795e+00
6.120614356408136114e-01
9.282062429782165225e-01
4.370191589936839316e-01
7.117285055553985718e-01
7.992701141858790104e-01
9.358320117614237210e-01
1.107827933881289306e+00
1.005643682618219570e+00
9.159468260527424688e-01
2.120446925824032824e+00
1.284604479550627287e+00
1.222926991831720045e+00
9.549418897890572522e-01
1.894133529045261444e+00
1.529641510882427724e+00
9.182294950263550914e-01
8.942704014618746422e-01
8.071995012088371002e-01
1.540491258046065681e+00
9.833172012503984538e-01
1.383354589285846759e+00
1.320438105409865504e+00
8.763406153139317034e-01
5.666470117304861498e-01
1.263533800181666500e+00
1.667495190712462882e+00
1.122316130922088595e+00
5.767845582107413716e-01
7.153612875258062997e-01
8.182465653271367989e-01
4.959123523553163326e-01
9.414788239417692939e-01
2.638299259922416873e+00
1.263167861127419966e+00
1.110941748155636732e+00
6.818845050618050907e-01
6.358625190960262019e-01
7.008152814253550966e-01
1.453269918565243568e+00
1.021869783722414438e+00
9.506239610406589380e-01
8.759910739394181078e-01
5.868560054065420362e-01
6.355556263038942832e-01
1.631950402362449815e+00
1.148869501671347715e+00
8.278505902572976805e-01
1.321220668920630059e+00
8.253208884483781427e-01
7.954301569400524796e-01
9.000853202170702172e-01
8.081605300526832902e-01
8.626486302833269448e-01
1.112951166726332541e+00
1.806115686942378007e+00
1.122562494572537206e+00
7.990092092835849868e-01
7.643588394350872006e-01
1.857849852058704343e+00
6.957117666193564087e-01
7.974086153526080967e-01
1.668155722077413694e+00
9.482713877144892667e-01
1.043088582641762851e+00
7.171313957335343492e-01
1.106355970179579762e+00
9.040321522470887716e-01
9.601126108042409291e-01
6.218661344527268708e-01
6.785572652168261332e-01
1.219767670571691109e+00
6.273131995875357303e-01
8.315350323980386094e-01
5.205599091553774205e-01
1.037201741848115422e+00
5.883823082847943198e-01
5.819523480043784502e-01
9.276818286961014959e-01
7.389253875988451847e-01
6.429347190505408927e-01
7.523523002144216765e-01
5.156667975977038409e-01
1.079158352721011793e+00
1.119127244299495061e+00
4.982375981578519575e-01
4.196238348212188440e-01
5.828857208553868130e-01
9.965602508499024070e-01
1.110499522406177553e+00
1.415148216958103777e+00
8.674248462554747796e-01
6.550448842232018398e-01
1.023251408413735630e+00
8.894971595602735315e-01
1.049880322960581758e+00
8.535898602905518384e-01
6.382106468392078069e-01
1.247943412870671454e+00
2.290016167408870373e+00
6.011696577273570874e-01
1.314708459418758801e+00
4.686492954245247144e-01
6.427114211869595639e-01
7.675985113366815549e-01
1.331686316869354236e+00
5.188351608169553542e-01
1.210461498073867270e+00
6.710009587910150675e-01
5.240437314406646285e-01
1.361810479615136238e+00
1.482482988193802864e+00
6.517310192079427411e-01
1.188844656263271959e+00
1.099893017032440357e+00
9.938457677885230712e-01
6.819698715482779283e-01
7.766559453392687384e-01
8.190446750589536196e-01
1.009563939414912070e+00
5.845399926654071265e-01
7.357571602732252414e-01
6.701167685319920908e-01
1.061150497853236230e+00
1.093061647036422279e+00
8.676545024889845692e-01
9.955662505147336860e-01
1.387300454205074196e+00
1.072149642833113425e+00
8.759393737284953962e-01
9.166221352437338155e-01
7.945166812238093623e-01
1.242558612838116749e+00
6.150729528077477637e-01
1.028227024407318613e+00
6.444633810814871522e-01
6.419727620148655278e-01
7.592858816623191398e-01
9.317632539751953269e-01
1.591057257316545792e+00
9.398999861125961752e-01
9.147833462259490345e-01
2.664407020795024561e+00
1.306535663287436977e+00
6.400209696748465626e-01
1.345515790115746180e+00
1.237629464849082650e+00
1.043772270518788625e+00
5.713072589341261498e-01
1.391550009148295297e+00
2.361602274193920881e+00
8.709911383558880393e-01
7.654137654895677434e-01
1.047534762244345830e+00
7.387770710764440807e-01
6.491943522444024728e-01
1.799924215511326864e+00
9.561868418588269636e-01
1.198021556082704553e+00
1.427656832381498209e+00
1.021801670059566458e+00
1.284200218873533972e+00
1.403130467329916975e+00
9.007991199819334049e-01
5.255159294155246075e-01
4.487406492811371606e-01
8.933173420064571824e-01
8.717123876259816884e-01
7.757016178625569802e-01
1.369495197640410611e+00
7.304803472001024645e-01
3.977083284125758067e-01
1.313740068181437293e+00
1.095038727465723172e+00
1.246124382086669424e+00
6.366060751812364638e-01
9.196267645180333794e-01
1.118881600038566404e+00
1.246134407530093302e+00
6.258149018959963117e-01
7.832841130819191422e-01
9.825217210116298228e-01
6.143483188226123159e-01
7.703212381697486233e-01
1.047890703728331152e+00
6.903780757122628398e-01
1.178197451532066120e+00
8.509240464365841472e-01
7.430467746350006841e-01
1.692867004666051001e+00
1.341551331076389797e+00
6.753552057456220226e-01
7.979907326390425215e-01
1.128757072183410815e+00
1.818235346057465618e+00
1.119086836277146890e+00
1.773661643420863410e+00
1.008362693313936465e+00
4.450056129884839562e-01
1.284457167847141035e+00
5.266863341724222769e-01
6.890499261394593677e-01
6.208636928794225573e-01
1.513526551151129329e+00
5.236430471323606506e-01
9.879059255084463587e-01
9.965361733883961737e-01
1.224311921452736485e+00
4.481468440812477194e-01
9.228983699354316173e-01
9.448225363083597728e-01
9.601573672757791611e-01
1.144722740955746332e+00
9.902153957644086457e-01
6.351163902647651849e-01
2.346555035336532757e+00
8.745837273915519905e-01
