1.365777699319420169e+00
3.176217269049120162e+00
2.669271302765811260e+00
3.923358065954442697e+00
6.085832737360746592e+00
2.496510981718306876e+00
2.767507326955295888e+00
3.779156220059104676e+00
2.431420771995354890e+00
3.054895608637812288e+00
3.766303507954136709e+00
3.690538577199508730e+00
3.753591104246870813e+00
2.886717068900011007e+00
3.862545025225997186e+00
2.510393297416356084e+00
4.385139532008637708e+00
2.523104608461799625e+00
3.292898385719270404e+00
4.394723300020051404e+00
5.387372288368750262e+00
3.332791144367816205e+00
1.828976978482564020e+00
4.068796070023509515e+00
4.445410820881561698e+00
3.740359924621990295e+00
2.312314979334896048e+00
3.327680876803438714e+00
5.109804945394570197e+00
4.175943423920892350e+00
1.554337356522961455e+00
2.736840097114209058e+00
1.791941784826644124e+00
7.178374734861007411e+00
4.088295064754894348e+00
3.934048480590542685e+00
3.363511823078408458e+00
1.896266493473799608e+00
3.125331198150699930e+00
1.430347687701381876e+00
1.779616524797243082e+00
2.241350479657217232e+00
7.130692227472687605e+00
6.691336534279963555e-01
1.882702513419470369e+00
2.773733025780988903e+00
1.101573189126676455e+00
3.044477465706597830e+00
4.804698684934959552e+00
7.682157285614434450e+00
4.134566137123849572e+00
7.383230015014068393e-01
4.652571198678661979e+00
3.631389346854554390e+00
2.984512995678422875e+00
5.938615522013493297e+00
2.983808671772375298e+00
2.670510388083105369e+00
2.044388097275130711e+00
5.230490301146472731e+00
4.281421544471678331e+00
4.745232921255270853e+00
3.093184518537846373e+00
3.652062162415730562e+00
2.997766485957000793e+00
3.658985327699352919e+00
1.994610514540282376e+00
2.991133850480740097e+00
2.132938040159802817e+00
4.581568954973322505e+00
8.563625338789792707e+00
2.468015385865273359e+00
2.924614550240198785e+00
2.431133565609584490e+00
2.943574670660798809e+00
3.055184888975532864e+00
2.731273778945777053e+00
1.924507171226433666e+00
4.636862368037089510e+00
1.462413025888438911e+00
2.636424634839701575e+00
2.048585065360558843e+00
1.926037997643598176e+00
3.267272304396540594e+00
4.243487615271249958e+00
2.107805803937651490e+00
2.500808889576630278e+00
1.438565656163582895e+00
3.930389781180271491e+00
3.644498999464087508e+00
9.229303395223285023e-01
2.466155595734226491e+00
3.112825363331707784e+00
4.457764533110629479e+00
3.067014500082831496e+00
6.244273973840529735e+00
2.082814500885923792e+00
2.593152590678933223e+00
4.522634563296322519e+00
1.805427095753128652e+00
1.820074624510156003e+00
3.078038522173531355e+00
3.155695282756710185e+00
5.235159021713109873e+00
3.883509959122178667e+00
6.156754743621422499e+00
5.529536488304206188e+00
9.469194415900604511e+00
3.047340311893690146e+00
6.513552621006574839e+00
5.109710816062675853e+00
5.593731187684688244e+00
2.287406659328834913e+00
1.903894676084997961e+00
3.874685637606388511e+00
3.170484087763998815e+00
8.518573500333300741e-01
3.238268211580404898e+00
1.380565861045755183e+00
2.543085372309851877e+00
5.175329008938288622e-01
4.344451650046606161e+00
2.698395401583431497e+00
1.480495802862875188e+00
5.106742747766370272e+00
1.448412808438745758e+00
3.675239462933632684e+00
3.275534149961185637e+00
1.327259951301047236e+00
3.939947639785434053e+00
1.683882405193755538e+00
3.837389027779678941e+00
5.524990897232551212e+00
3.986411884459941657e+00
4.231242245329001506e+00
8.461785586331809217e-01
1.630764287808338819e+00
2.489952141211692282e+00
1.995176559171662367e+00
3.854918721858482389e+00
3.847229624690684524e+00
2.495563149809118642e+00
4.780626158237951451e+00
2.431394563000935261e+00
2.551435289375260762e+00
2.525322992657518473e+00
3.950186103449232267e+00
1.017640741111446756e+00
4.012434199170140658e+00
9.955718936852918644e-01
1.114246248562853259e+00
3.641646735855334605e+00
9.735036086892236540e+00
4.018730401550227427e+00
4.105027391062423980e+00
9.436368884514150679e+00
4.174981968405882427e+00
6.468656441466444029e+00
1.792532546284912653e+00
6.599982667013000182e+00
3.070132988360796844e+00
3.661301541906703871e+00
1.886805460362555698e+00
5.630260109210482256e+00
3.973769000236546223e+00
4.062177339183491220e+00
4.368717519202395927e+00
9.835825954122641157e-01
3.903528917374686991e+00
1.696994650013864625e+00
4.737054314343970063e+00
4.908256211402886926e+00
6.276281712566901483e+00
1.719948752816935933e+00
1.343124933071344396e+00
1.633976599435274846e+00
3.235317310739824315e+00
1.804484824279015021e+00
6.653495188078405675e+00
3.801679097147261821e+00
1.589749237520246439e+00
5.163528691401872983e+00
5.955917193187726610e+00
3.853463492814239721e+00
4.846904806895178552e+00
3.049066412435891493e+00
1.931320380045263851e+00
6.275828941408587269e+00
2.724807682641868567e+00
2.781523886655736799e+00
2.077080252762735668e+00
3.612093640354685053e+00
2.830782711801623552e+00
4.865174032809565396e+00
2.583466957774506412e+00
1.396511278985739235e+00
2.685406026165271243e+00
4.706778974332919141e+00
4.630935735260234942e+00
4.676642012134167636e+00
4.982014415428813514e+00
2.829236040479613301e+00
4.137005904159837932e+00
2.952382019539006031e+00
4.137928279785742625e+00
7.656389260688129639e+00
7.793049945827617897e+00
3.571308622946150368e+00
3.692929601288410524e+00
3.316792997345928473e+00
3.442201153274981884e+00
7.301547156360976842e+00
1.000493109209333653e+00
9.960289000533663062e-01
4.128180192424986572e+00
3.595976449781871587e+00
3.065034706215586713e+00
3.308576986321796642e+00
3.705934784794441050e+00
5.589180036146110808e+00
3.799132421517227076e+00
2.646729877522562724e+00
1.402520756372510613e+00
2.711089810067725203e+00
2.737503830027310681e+00
1.248942597764082896e+00
1.757240167002795728e+00
2.348427451015609346e+00
4.808937033374371950e+00
9.113614649175526550e-01
3.294275792293510197e+00
2.591148972120048910e+00
1.663750018182169832e+00
3.010117411576572977e+00
4.878861383200876922e+00
4.507599492546381370e+00
3.708501617316023680e+00
1.627233223682775121e+00
4.035827628061503525e+00
7.762857651607504295e+00
2.359401405288116482e+00
2.157520404096513023e+00
3.382506881643704943e+00
2.963993751498957163e+00
5.532919787613531426e+00
2.803159855031522429e+00
2.495395989971130213e+00
1.954120832782432426e+00
5.416561193952672326e+00
2.402628123856724862e+00
1.782771280454143126e+00
1.191086762328299908e+00
1.429586774757571455e+00
2.016349880884302337e+00
2.266968594436695739e+00
3.222224581941635968e+00
5.360301300822318815e+00
2.811451460164086313e+00
2.040871738978457195e+00
4.304797453568380838e+00
2.817108216985019009e+00
2.063374562533993206e+00
2.568985222057665663e+00
8.492709611855597807e-01
3.426206640194858100e+00
2.747158813388052678e+00
3.232367555276296489e+00
1.592122320617551434e+00
4.001641736052519605e+00
2.334976003970704372e+00
4.216331406842361851e+00
5.343990149591544281e+00
4.252945110051779665e+00
1.917653685819444842e+00
2.195144146657414197e+00
2.301157222384633716e+00
3.998747858083598672e+00
4.021253413327935178e+00
3.150685908625417753e+00
5.250270591937034936e+00
4.445795571574513438e+00
5.435253412232396997e+00
3.637322683002469859e+00
2.159011313947639898e+00
3.798341799418908593e+00
3.311164505709478068e+00
3.950050420055426947e+00
5.255887934833114450e+00
4.533439131623821616e+00
2.972680420599167483e+00
5.223836461302195033e+00
9.478207578635747810e-01
1.575609903278450519e+00
3.761550255191183467e+00
2.260655246443528998e+00
2.553289526621571603e+00
3.892009935612961602e+00
4.486226736600548826e+00
3.132307270695423362e+00
7.858182985075786720e-01
