7.253339660509695586e-01
1.558983277647705501e+00
5.719996284202234493e-01
2.096207575322858840e+00
6.701424584488132608e-01
1.572109888172093628e+00
1.126216494082753483e+00
7.580577502305643200e-01
7.599429818397078762e-01
1.757009485214448663e+00
8.576773684721847868e-01
9.594539514930192636e-01
2.064209597276944752e+00
1.239824911814412900e+00
2.067755852605074107e+00
8.951192651624151342e-01
7.389558759533826349e-01
8.151684718759730774e-01
1.338551731986462379e+00
2.355276821278014854e+00
1.170904221307110804e+00
1.179104879866478051e+00
3.950568629089872275e-01
8.861445771668169380e-01
4.207330282970374036e-01
6.016687499727403354e-01
5.250108595525166955e-01
5.990227020117471213e-01
7.659808202200185656e-01
5.904038130709388099e-01
1.462797625660142042e+00
1.350115973321917906e+00
1.008258618272652507e+00
8.079707336006543006e-01
1.021741642726663235e+00
8.088056290080638533e-01
9.522283855157056554e-01
8.478996329838041079e-01
6.091590968483195923e-01
7.317914993211507291e-01
2.032015112288184877e+00
1.193670481024680319e+00
7.517724219131088903e-01
8.127289100805591415e-01
6.055151047650882967e-01
1.210057400250399429e+00
4.689372148741120516e-01
1.746572996035981928e+00
5.637032532470238611e-01
6.663975733515811184e-01
6.628822441150561406e-01
2.020447105939017440e+00
1.858413544776497561e+00
1.154295783217426763e+00
8.658150644557497388e-01
1.546308073668495098e+00
7.075965558984123049e-01
9.128086462102673604e-01
1.020988683249051787e+00
9.353518665971691792e-01
1.082241978539824290e+00
1.256039532543533177e+00
1.395898163342797593e+00
1.909261469749736762e+00
1.170593361681127487e+00
5.035694885844171909e-01
1.142048305922986007e+00
1.327434841846226288e+00
1.448641064902063569e+00
1.867984677017936468e+00
8.410742964134688693e-01
5.772695161708851774e-01
8.803749489363634773e-01
7.886439123108152094e-01
1.335453192022985291e+00
1.067800554094110677e+00
6.428244705775939538e-01
6.178318592908000895e-01
7.621910776355814710e-01
7.914722467371930748e-01
2.189221653254845634e+00
1.070300520045630810e+00
1.284779652437652464e+00
1.095445609821624755e+00
1.349759214704257859e+00
1.284056315057916287e+00
1.098298278388552429e+00
5.442195217232358440e-01
8.098438199348427791e-01
7.545816959436851823e-01
8.140760084981982780e-01
1.667001995043831286e+00
9.952996577277598567e-01
4.135516479714205773e-01
9.579437463381026419e-01
7.882369222232453732e-01
7.352344800845681538e-01
5.643179130564525137e-01
4.499969770216657450e-01
6.118915824816782978e-01
1.629079147365175340e+00
4.649283033064799397e-01
8.969899564307451945e-01
1.197497487501716584e+00
9.211503776811353905e-01
1.005852182653842464e+00
8.044395308165499525e-01
1.182316565199027059e+00
1.585650516354131678e+00
1.171512280099924475e+00
7.453194276521006856e-01
8.785963610617799624e-01
1.421945564572581588e+00
3.418530921279627766e-01
1.772500652798392862e+00
6.189663872016201163e-01
1.568435795295380020e+00
1.091578824061071096e+00
9.923844731602641245e-01
9.667492935398867004e-01
2.444872897152411628e+00
1.267670517656977358e+00
6.050970315059509552e-01
1.113164575045776816e+00
8.423909349201822439e-01
6.565206943019558095e-01
6.375892563450398232e-01
8.028750531359687415e-01
1.019164299785442873e+00
1.041438581824662091e+00
1.052361533263591387e+00
7.861516171253868368e-01
1.781878789319063294e+00
5.213299850326239548e-01
9.613838511005524667e-01
9.274440713649458878e-01
1.724190491820182691e+00
8.776622712786524838e-01
6.329392129326419925e-01
7.019556830828211913e-01
1.407320736312945852e+00
8.837727757545209561e-01
2.208985360816208221e+00
1.251518142587714655e+00
1.637458672581651342e+00
3.246885554311709776e-01
1.263146027957108508e+00
4.463424853605236775e-01
4.770122397674508297e-01
7.179051079153547787e-01
1.082629527254789226e+00
1.073331064199444906e+00
7.473457504228755433e-01
4.265137556862644286e-01
8.855000369572438856e-01
5.384932607834560514e-01
1.387316866147906058e+00
2.005943574164408272e+00
1.008405013424208185e+00
6.561657066658617143e-01
7.727893131475122024e-01
1.069816176487334625e+00
1.287906112557659633e+00
1.041107847420640331e+00
9.553777305223600802e-01
8.571539280957830576e-01
1.505776616047016736e+00
8.675455077252889335e-01
7.319326674506302366e-01
4.397918418301731691e-01
9.720486231720725234e-01
8.682593779315229687e-01
1.293667070544989972e+00
1.055905600342326833e+00
9.154056926198161914e-01
8.816764558026416454e-01
7.135886870747643052e-01
7.359115160133203881e-01
1.813362254361478021e+00
6.302091357066804678e-01
1.077794414719635441e+00
1.165572915156750433e+00
2.391547268200162613e+00
2.068890191426861591e+00
8.464253678311374207e-01
6.929979648945460147e-01
5.504117047852377098e-01
2.238555877008764572e+00
8.077761619954451078e-01
1.055833966057512452e+00
1.664812557675839688e+00
1.492103875708919780e+00
1.548697193255508253e+00
9.811141473010767111e-01
4.506674647440976345e-01
5.008338513446873863e-01
7.345667866371635712e-01
7.854708480556815697e-01
9.466453823418091718e-01
1.000170569591827041e+00
1.489298386702540222e+00
5.046355905685256937e-01
1.318679540732544897e+00
8.047376903217990929e-01
6.122916754836549291e-01
1.577343882513192019e+00
1.192770145250635627e+00
1.616917624866817116e+00
8.286017390181973363e-01
6.827406448065757028e-01
7.876237857887029570e-01
4.919004823011489669e-01
9.984500700012756136e-01
4.331668218180233509e-01
9.160764338646216753e-01
1.248890354034041028e+00
9.073504225167415838e-01
7.772588394345373297e-01
7.888924208980210295e-01
6.235653500678073335e-01
1.247455155194591159e+00
7.487511171122100961e-01
7.160833737288693213e-01
5.651323619636857698e-01
7.943266896209099093e-01
1.242097911742322758e+00
7.229676052057036895e-01
1.497011318660642187e+00
1.236029709817994648e+00
2.676606411968820876e+00
1.291273161169469663e+00
9.934935763041630175e-01
7.726395161120364063e-01
9.451827698548678214e-01
9.485635075927008053e-01
1.196108712054413381e+00
1.367640647339859017e+00
7.255995537580223198e-01
1.757948940464629128e+00
6.822361004653242356e-01
8.805365177506934149e-01
1.191870965234192115e+00
9.476252315741170440e-01
9.493245053282113322e-01
5.004510295391753072e-01
8.440834290762235792e-01
1.057845332903893043e+00
8.744494554521812235e-01
9.687841644595327484e-01
7.396555922976425501e-01
8.119586587004788969e-01
1.638008127181779461e+00
1.070388077917120873e+00
7.185598664928396495e-01
1.466287032264065759e+00
7.642849723081120983e-01
7.783689249833971591e-01
1.336894280637113575e+00
9.816256767245561399e-01
1.208616255340228207e+00
1.056703768670288701e+00
4.147744764629897607e-01
9.023336122946346016e-01
7.648387617940294314e-01
5.303672750706469596e-01
9.831966304330095330e-01
5.592826520522706790e-01
8.305098859638260222e-01
9.586210925758525958e-01
1.131503324198584126e+00
1.822590891108804900e+00
4.556384603312433890e-01
6.446215923260427694e-01
5.749381022704582733e-01
8.786493609851642184e-01
9.374824923481368533e-01
9.598904935700025565e-01
1.195589026485025075e+00
5.684888301680238731e-01
1.215092992551649154e+00
9.291788230212574273e-01
1.177981731215314909e+00
1.076858365611430557e+00
5.584308681651771744e-01
7.104794403959144855e-01
6.135317263758377493e-01
7.494680326002441939e-01
1.163735574141172124e+00
1.788147546120929299e+00
1.382553794583709639e+00
6.152028951678151225e-01
6.054247722376210339e-01
1.373860465375954298e+00
8.227329318436267247e-01
7.722362148048468322e-01
9.777707950529341829e-01
7.502682087744561024e-01
1.370930571185037472e+00
1.924497463345330894e+00
5.270883494787703683e-01
1.036493888685910525e+00
8.043093983828552007e-01
5.451564659205569985e-01
1.677306236983117094e+00
5.179176467278293616e-01
7.386998236732630341e-01
5.294655168595586714e-01
6.879296401242258607e-01
7.681213448677076672e-01
1.851135635838493165e+00
7.575025136787506552e-01
5.076833883052357388e-01
9.549479465403384326e-01
7.274270946480880795e-01
1.087769094160417449e+00
9.277889212384456963e-01
2.434969475487069435e+00
6.946808621786860760e-01
8.673657410426557357e-01
7.957028752015986584e-01
5.726211583861512411e-01
8.931556131225730777e-01
2.259227536284390325e+00
7.509028085885259829e-01
1.121912778013313350e+00
7.668861595425021660e-01
5.820883049954761468e-01
1.071412742500586157e+00
1.282839358763728566e+00
1.051626673001326617e+00
9.045456283328474623e-01
9.473482934998634919e-01
8.466037585906676100e-01
1.265021898078903417e+00
1.081813531130184414e+00
1.127341117557316474e+00
1.147432476772886289e+00
8.013932494503190895e-01
1.007345851197989361e+00
6.149059188346848170e-01
1.012517747092055886e+00
3.901610456775176150e+00
9.290841959806971362e-01
6.380233038467597595e-01
2.845081072634330965e+00
9.151222942431029850e-01
8.594505159061638366e-01
3.826797802665801385e+00
9.778787157919003326e-01
1.020475054002897952e+00
1.422892386606350756e+00
1.095147230421894102e+00
6.664947194249138951e-01
4.473601186655586925e-01
1.945988043387958388e+00
1.104646752606313065e+00
7.969839497884032564e-01
1.303367449193299388e+00
1.342295021665631305e+00
1.247373043590829456e+00
7.914831573762206585e-01
9.787075172008353752e-01
9.441642009432602567e-01
6.672589953594382228e-01
9.476402442579103802e-01
8.468652725245403579e-01
1.011829048887606941e+00
8.342129264343411954e-01
1.384619385428136784e+00
9.802201008856810116e-01
5.632185088985326438e-01
2.757964116243912134e+00
7.943597219201699033e-01
3.923425171353226992e-01
8.063020922485417685e-01
9.619606956044371993e-01
3.791239299908236160e-01
1.091698479529758847e+00
1.289155522862563297e+00
7.618708883492858464e-01
7.817611547779763637e-01
1.037432255760220468e+00
1.224018920503573860e+00
8.443736889460408124e-01
8.252939162487265001e-01
5.629090168721077037e-01
5.976443488441109952e-01
1.201770867534200926e+00
8.032582935417110770e-01
1.140390655612858462e+00
1.037130553068650540e+00
5.876547802867421177e-01
7.989664029092887754e-01
5.472741982347120171e-01
1.316257452186250010e+00
1.376956526741236253e+00
1.658077732383512082e+00
4.843598632852267882e-01
5.551695402035826676e-01
9.442719538914721156e-01
8.663142319984677986e-01
8.354636086516182836e-01
1.003548846973783437e+00
1.325029429664746905e+00
1.651840484026230849e+00
8.772062454092084405e-01
1.316829812277213296e+00
6.097835810567657777e-01
1.899871592786696040e+00
1.033336112223552261e+00
1.110759198772275358e+00
5.557665046835490452e-01
4.254373175669457496e-01
6.810593052634319466e-01
7.046164248091995042e-01
4.989292996719152384e-01
1.484710401128941815e+00
8.344486164490941826e-01
1.213177540443134639e+00
6.349062333558492810e-01
6.851819204950647668e-01
1.659752592860172182e+00
1.550239217245973355e+00
1.260364668151769285e+00
8.370415809420916897e-01
6.130985130813285666e-01
7.772591997258558871e-01
6.543826602636005907e-01
1.068762450562068533e+00
1.023554987891779344e+00
1.415675537552663954e+00
1.166546169766871976e+00
7.515763121772846000e-01
6.934333815644708743e-01
5.557327748825952041e-01
1.034850993017038645e+00
7.067404792415858950e-01
9.065594472343626586e-01
1.120366541737388477e+00
5.845140184220971591e-01
1.009025407957739207e+00
1.429886808783817909e+00
1.832377173560971517e+00
1.587824504738251541e+00
1.802666968419890159e+00
1.444767512899778117e+00
2.762370625261203028e+00
8.505644941606977927e-01
1.153815707267541235e+00
1.428249765009788508e+00
1.227658475494510126e+00
1.494545577538999082e+00
5.204647325770507260e-01
9.966045291192199285e-01
1.182530840468245303e+00
1.175748984194074920e+00
7.189178631432477928e-01
1.620946222762666311e+00
1.282168882145748201e+00
8.571234344296241314e-01
5.704982289798953277e-01
6.310529208168157433e-01
1.111308978388795499e+00
6.869105724307424943e-01
1.026538175195317093e+00
1.140734353345431717e+00
1.074544967152871067e+00
8.698924329898752861e-01
1.256988419579936345e+00
1.464743164118486041e+00
1.059861987700834840e+00
9.235504349182344086e-01
1.504846999066379309e+00
1.209489283584000985e+00
1.512664712629076202e+00
6.302004898976890646e-01
6.516641578226901599e-01
5.992002946241798966e-01
7.857503699018064669e-01
1.463757220637075918e+00
1.623768812532316641e+00
6.399897896665466268e-01
1.405235581507629838e+00
7.003596581979240066e-01
1.057210101460209772e+00
5.430948554484336110e-01
2.190421330427350544e+00
1.092382710660279477e+00
8.091388405752905078e-01
4.954948733108889281e-01
4.859098187643246525e-01
2.019172212289977342e+00
9.364522428273338583e-01
2.363550837031242136e+00
1.065065757863681073e+00
4.261592691461180693e-01
1.205953080928809040e+00
8.332786202637031403e-01
1.743250157315467952e+00
9.302379714764165142e-01
