8.978705973911547122e-01
7.575198958292909124e-01
1.087682795259565571e+00
1.330515739330998981e+00
1.039026665834851482e+00
1.127563880787595396e+00
6.215423553792887024e-01
1.093733071819209757e+00
7.399147086048117883e-01
1.156029068377333324e+00
1.093203666564035448e+00
7.272522737335935794e-01
8.349347365837237467e-01
5.224888226420048021e-01
8.224797635419620612e-01
4.692808165208937621e-01
6.020339337976430283e-01
1.526676263444648685e+00
1.209490763349160947e+00
7.964284931532518153e-01
1.263090647544026446e+00
2.898221715500378437e+00
1.049369909025677172e+00
9.144365244406892357e-01
6.649713211379620903e-01
1.020705218211784837e+00
1.023948855571338079e+00
1.406893515804606309e+00
1.698169106587682942e+00
1.084491794205292736e+00
8.596440287263379387e-01
1.020636874198096011e+00
6.756590642518481848e-01
5.162899639619428216e-01
1.208204446302594715e+00
6.309527453948635678e-01
8.170362543473193018e-01
1.550513934341060551e+00
6.683289199900409594e-01
9.706966682338626917e-01
1.016560234376751914e+00
5.076610982579179421e-01
1.040020832943851170e+00
9.872240708802177966e-01
9.006109613385007151e-01
9.347524327687652956e-01
7.465061807885960965e-01
4.533997638351699444e-01
9.639809938237117182e-01
1.275675837731220508e+00
8.194927104659740502e-01
9.788362595721887827e-01
5.194918074102814476e-01
2.316466372196353873e+00
1.312931459597823203e+00
7.046195267345636282e-01
1.074514134577951863e+00
7.593637395743921825e-01
8.533042264925582154e-01
8.525877809125620432e-01
9.776036572932473856e-01
1.722389161515201383e+00
6.562784563597302556e-01
4.772774691291691851e-01
5.844054061018872925e-01
7.171634502719164139e-01
6.713171417897828563e-01
9.356936112462154176e-01
9.749052358350425163e-01
8.968338384705816235e-01
6.950289365219441962e-01
1.117944807443347122e+00
1.038282866260855197e+00
1.073298922020209156e+00
8.931277216171037425e-01
1.680988863158155100e+00
7.527192616364432043e-01
7.557822669091148748e-01
1.421707634099851347e+00
5.625972838997561620e-01
7.786552667966275543e-01
1.531658955669164657e+00
5.982381649632476650e-01
1.300466952258651165e+00
6.375998466887456972e-01
1.232302159230557415e+00
1.050494954325137842e+00
7.303444413042605721e-01
1.453492900371686103e+00
9.317185761234170194e-01
9.257658834517332735e-01
7.528079825526029500e-01
8.271742414377893926e-01
4.019426168748561068e-01
5.017306169903242852e-01
6.924091792823739988e-01
9.169426305113805853e-01
5.400860584795210695e-01
1.397316434588129930e+00
1.051482209229267717e+00
6.422387714935955394e-01
8.701803604001887571e-01
1.628422118071007452e+00
9.637818477311096421e-01
6.429207642214692653e-01
7.091463581675252481e-01
7.682350830940450903e-01
8.036540252949675445e-01
1.693333852469654621e+00
5.382832655694437252e-01
4.512632355280329355e-01
5.160714447828834706e-01
1.495802776144274482e+00
7.962920863646596459e-01
6.707846351773898430e-01
7.984857039368595810e-01
8.436663626202703936e-01
7.758631187340501167e-01
9.437339252173815307e-01
1.167847387622009903e+00
1.273603438456553549e+00
1.058058933961811832e+00
2.593281168873843967e+00
1.164873332708459941e+00
5.747001161296256821e-01
1.034330526753948876e+00
5.784828895805973481e-01
7.181789744220750116e-01
6.952008237648173994e-01
1.081745939465305506e+00
9.140627367272347037e-01
7.728840106180150382e-01
6.234511596144878265e-01
7.365039547837722855e-01
1.253093234229768038e+00
6.133778428426568397e-01
7.560846125537766804e-01
7.426948009551055385e-01
6.660470510095811703e-01
1.207565149713455854e+00
2.529491405309029162e+00
6.531997544561681801e-01
8.842082027123752130e-01
6.283474689672841063e-01
8.291897950635253034e-01
7.449374570898235071e-01
1.313818724661171444e+00
8.338424737000865727e-01
6.728344523002193212e-01
1.679615961471978558e+00
6.680362501678412945e-01
8.397918950422997852e-01
8.378633044015262321e-01
1.564158472415189127e+00
1.162217767042630134e+00
8.260145342058062834e-01
8.091889034748787068e-01
1.484402679211497711e+00
6.694647155678947748e-01
1.364800539909289734e+00
8.239395020135020786e-01
8.645655188511972566e-01
8.229659907258348728e-01
6.083412701480782614e-01
9.908588251537984171e-01
7.303636788121360413e-01
6.732518946928576220e-01
9.333057172247291033e-01
1.007952328006513687e+00
1.879295383446121459e+00
1.368262255428040142e+00
1.151739208087573241e+00
8.020530604183249146e-01
9.703650187067917043e-01
9.017764177875073894e-01
6.713563589468920512e-01
6.224864790579286433e-01
5.790381252009942914e-01
1.221223042815807069e+00
8.494575834984650076e-01
8.470680837192743340e-01
1.141631945347223009e+00
6.744541357979328966e-01
7.069853966609359608e-01
5.189642248654525725e-01
1.054464647248666287e+00
7.102965739840634285e-01
7.629099808426572649e-01
5.464669107364740208e-01
5.849239131421239968e-01
7.160175239662391888e-01
5.531756650527402952e-01
8.073512630100680987e-01
1.154121028590462616e+00
5.865677500257212573e-01
1.790453819029782068e+00
9.571670851263535118e-01
1.402861125219894367e+00
1.130492926533019471e+00
6.029664434755311886e-01
4.892325693526848873e-01
7.728129212788403812e-01
7.584481621312265665e-01
1.376804673934597822e+00
1.364687640106280853e+00
6.803405342449200255e-01
7.079339395435677584e-01
7.373619393691989155e-01
5.971649848195881294e-01
6.392279684467607748e-01
1.564428516627068388e+00
1.194392082188439064e+00
2.007140631272495757e+00
5.725442950051057300e-01
6.638527889611570698e-01
9.340852988958577852e-01
6.634045481916246434e-01
9.434888712827510515e-01
7.698506127640589725e-01
1.085108333444537276e+00
8.135769473258182005e-01
6.112096341096637797e-01
6.958878717359410215e-01
1.079635682169241884e+00
5.766173419061210170e-01
1.146502876453121322e+00
9.760671696514462425e-01
1.221713928237766700e+00
2.982195407734060222e+00
8.817659447931460726e-01
9.752184320381399596e-01
1.865560446361467895e+00
1.235894009422650930e+00
6.562697166183549813e-01
6.938841919192864083e-01
1.109800837063313450e+00
5.083183651581171247e-01
1.225261007380865852e+00
8.594008027333421840e-01
9.407056816224438345e-01
1.270506563623700735e+00
8.926151615160328179e-01
7.327938385229531004e-01
9.666161982291767707e-01
2.458665195505355339e+00
6.065890560680419208e-01
1.526674834661718494e+00
5.138918708949836711e-01
4.429107621202022504e-01
1.285162920647594742e+00
1.461034496913744762e+00
7.247161719715770056e-01
7.205155353537260332e-01
7.690258230130769812e-01
8.856208374810201622e-01
5.375051656707962033e-01
6.903407419816407486e-01
6.694275241863654191e-01
5.794548812291235862e-01
1.358497242207004962e+00
7.101539949947215380e-01
1.081368243505181903e+00
6.275955336872339752e-01
8.813517805213889611e-01
9.196760824157630410e-01
1.745197812185488750e+00
2.426355313809011260e+00
1.773322338593518843e+00
1.216312572554549831e+00
1.137133746996823902e+00
8.586320970411079889e-01
9.481235549760410608e-01
1.461340934139355952e+00
8.666574992479271211e-01
2.082136178042637287e+00
9.333094978567824107e-01
7.615251881858501326e-01
7.560544357511255198e-01
9.171136991742663280e-01
1.074780165666020526e+00
1.102388424098559749e+00
8.201051662467326864e-01
7.785467289288759973e-01
6.901674171812134384e-01
1.027650138533066970e+00
7.874926741181659251e-01
5.954798873015233474e-01
1.123152321867167736e+00
8.487874432295773319e-01
1.206426979639278141e+00
8.448362542184498780e-01
7.339265704415591784e-01
1.365035198079306511e+00
7.103511017346848533e-01
1.452350031305244649e+00
8.098593072470680054e-01
9.425190814440405074e-01
1.075041453065057384e+00
1.198172366203704486e+00
7.193690563890169365e-01
