2.609412780425526890e+01
3.467373128784915082e+01
2.524169560402078005e+01
3.472745217642403048e+01
4.165999388552904747e+01
3.900869434212969367e+01
4.007688461903227761e+01
3.371018109092713644e+01
3.875728679243513852e+01
2.569331038141841361e+01
3.459780524728858353e+01
2.848920532937803074e+01
3.249479209342636210e+01
3.678212241980654795e+01
3.189898972682940581e+01
3.369093022406394056e+01
3.640903908820878598e+01
3.617383104489719869e+01
2.786168141461332581e+01
3.636417013660282294e+01
2.872569867493112028e+01
4.627382206749926752e+01
3.076832828402513442e+01
3.076184084914914152e+01
3.495407737372590162e+01
3.253797555138029907e+01
2.383539297953047154e+01
3.038438191024002322e+01
3.256880420533480702e+01
3.091972102845532433e+01
3.381476262022412982e+01
2.718117313223193321e+01
3.949251847280220318e+01
3.076257037550968221e+01
2.634986559098515357e+01
3.123639918476585109e+01
3.008977463966825638e+01
3.329828786060176782e+01
2.953970322356838807e+01
3.078218969128750970e+01
2.830065046875095902e+01
3.203270024813574679e+01
3.272141642814889906e+01
2.801966160908574466e+01
3.853146333189902606e+01
3.568371977026485098e+01
2.873281203790656591e+01
2.882474504797525938e+01
3.932811966144247151e+01
3.536766422368825857e+01
2.984302724613437974e+01
3.531003882712645492e+01
4.190089835552056741e+01
3.595667127084576009e+01
3.856290269108348667e+01
2.367603240452503144e+01
3.222353504009883096e+01
2.181799987387649864e+01
2.932645134768406336e+01
3.641095431602091281e+01
4.014964207817354236e+01
2.542864545043366320e+01
3.504367102707161052e+01
3.082351978327837116e+01
3.484758243804913747e+01
3.436054532762559433e+01
4.050936416996527356e+01
3.104565193907689746e+01
4.126947414469801600e+01
3.672849459459452959e+01
3.017017776200177437e+01
2.984700060752652107e+01
2.506880435162535647e+01
3.756666707587169185e+01
3.209232071872661152e+01
3.734351623313935420e+01
3.518710039251471500e+01
2.657353912385620021e+01
3.174626673902951168e+01
3.191936507202969153e+01
3.728234655264947861e+01
3.109274180606357518e+01
3.996641079815115916e+01
3.144673065138145063e+01
3.495483624935566525e+01
3.667054943649237941e+01
3.128015216023215572e+01
3.071999959139393965e+01
3.527317563992718874e+01
3.485741104025021286e+01
3.080209987893278623e+01
4.067715477539195490e+01
3.743731094634781442e+01
3.157348205968743216e+01
3.796916944645518299e+01
2.945782158319521571e+01
3.660941928381046040e+01
3.803162177647067210e+01
3.887041304677481435e+01
3.358779877258465518e+01
3.943468163986649699e+01
3.656776534848177107e+01
3.875566553910634582e+01
3.552824078976484401e+01
4.786601416881421756e+01
3.367420911796251204e+01
2.899249904632965880e+01
2.408162800740636911e+01
3.187651762826029156e+01
3.357101690353329104e+01
3.728013903891168468e+01
3.292246754161913458e+01
4.118952912493546847e+01
4.316951874967814007e+01
3.417089966863181871e+01
4.309045305966863282e+01
2.879087858128420052e+01
2.689019864517536362e+01
3.462422964557470095e+01
4.102423077240459293e+01
2.960630989372915423e+01
4.649853858570948972e+01
3.494994999312039141e+01
3.413839947055610224e+01
2.956234147264325074e+01
3.890158443747002792e+01
3.028938669547901696e+01
2.910971751868621737e+01
3.505390147341930174e+01
3.220607857294609744e+01
3.815057910488254578e+01
4.198387655993177958e+01
4.341085775251878687e+01
3.230318865563473452e+01
2.601730157130520382e+01
3.667504637517617283e+01
3.608340509845884725e+01
2.891638762529094109e+01
2.865748837554592043e+01
4.158717350704876736e+01
4.107578839085720546e+01
3.558393517281214002e+01
2.732217950361109615e+01
3.543707053272098051e+01
2.999403058835926927e+01
3.253788532554823831e+01
3.758133716256971013e+01
2.724386952696684361e+01
4.445450315202804603e+01
3.830188550136164594e+01
3.009279891352912273e+01
4.004287571290949899e+01
3.076399163500468603e+01
3.336196490911542867e+01
4.284391878149681787e+01
3.629545456991718311e+01
3.616541068511949675e+01
4.176178850728129532e+01
3.421927187058388142e+01
2.774633879499610600e+01
3.660777433554439142e+01
2.888948870499255150e+01
2.699615183068651803e+01
2.775727311591462154e+01
3.190804615601882688e+01
3.073683779217822476e+01
3.827877468664380700e+01
4.330160464284757182e+01
3.617917973150548505e+01
4.337149596279382280e+01
3.307699398285261339e+01
2.846834573123069845e+01
3.451359561222395911e+01
3.967476364152860668e+01
4.156487837006018538e+01
3.370507677051194406e+01
3.779353388281676729e+01
2.315099078247415321e+01
3.894322834022320734e+01
3.212236791300271932e+01
3.180229166499315241e+01
3.442169390477210555e+01
3.159541006226457327e+01
3.679013482980194993e+01
3.042835368392088213e+01
3.273322927684625938e+01
3.380794365246591582e+01
3.823925035812346351e+01
4.085325934676988169e+01
2.883629056634438825e+01
4.201245783310287862e+01
3.597277385383060988e+01
2.904574237879577581e+01
3.348753940887193892e+01
3.332966942962123369e+01
3.124640520729984772e+01
3.688496936403522852e+01
2.683061512907078949e+01
2.804662255777254387e+01
3.653659831953595472e+01
3.179557557723937578e+01
3.320597722752897596e+01
3.907421568434739356e+01
3.526998318929023668e+01
3.882270121990722345e+01
3.229705105257525588e+01
3.434587249626733296e+01
2.698386846367469616e+01
3.649684661808900188e+01
3.584152189451745585e+01
4.188054801590431708e+01
3.097626264898022797e+01
3.239947128033706036e+01
3.623693433819954635e+01
3.525527177131814227e+01
3.380409734621452600e+01
3.991297456861327220e+01
3.062022093594022465e+01
3.736455056031189770e+01
4.429448934674153548e+01
2.847406185088777164e+01
3.077454243832940151e+01
3.508926629939035990e+01
3.161753470254498666e+01
3.887056580045909016e+01
3.136986098313341742e+01
3.263330918565400651e+01
3.061701340981547759e+01
4.066843936330387521e+01
4.050835487192180295e+01
3.273245453440914332e+01
3.088073753123252274e+01
3.638909636811852266e+01
2.646242622146816359e+01
3.514435350168526639e+01
3.410389824405628900e+01
3.247054887128178535e+01
3.537797543966881619e+01
2.845789524737255860e+01
3.175933242705068693e+01
2.531851872750689836e+01
2.610201231610588124e+01
2.616544600209289229e+01
3.406391255841074184e+01
3.405303252838977812e+01
2.580140517860093041e+01
3.649802802920353173e+01
2.849802697506033766e+01
3.961770182204836743e+01
3.153095410482743333e+01
2.833216155138313397e+01
2.661137072262817327e+01
3.416816467797444545e+01
3.174236205002977584e+01
4.020097167975305297e+01
3.407998915345653757e+01
3.566379282275032381e+01
2.897296150575315821e+01
3.212371947571951836e+01
2.891995988093506043e+01
2.664025106806323251e+01
3.827161628563240470e+01
4.507246436514980559e+01
4.059693312673766741e+01
3.495661666990852723e+01
3.995833303782863055e+01
3.719948463053948728e+01
3.715454722058224490e+01
3.292065666728526452e+01
3.337751104272965819e+01
3.874538844655904768e+01
3.000402610685000582e+01
3.385884450518342703e+01
3.219551225966741015e+01
4.090730269801165520e+01
3.208339317674298030e+01
4.337412025066974763e+01
2.801087168618670376e+01
3.717660392109642942e+01
3.914077030779919397e+01
4.521929046086864190e+01
3.068000248577180500e+01
2.880492664959358251e+01
2.991834587545648105e+01
4.812966727905637043e+01
2.919151543930933101e+01
2.861978735815092634e+01
3.152817754456394894e+01
2.667281520836760933e+01
2.609584038957439489e+01
3.414532610109870348e+01
3.194719252893369088e+01
5.012204927123375597e+01
3.529759173675383721e+01
3.896839960094580135e+01
3.220810598064173291e+01
4.071868170825108280e+01
3.245973561957411846e+01
2.879538008855639220e+01
2.620583571873358508e+01
