3.615443528002606044e+00
6.145746180814966042e-01
1.073221173580473975e+00
1.762420643138557397e+00
1.234656979786294295e+00
3.004659486340884200e+00
7.369648733519875705e-01
1.648144494342719035e+00
1.406997208401114863e+00
1.803900977503361425e+00
1.043847071150360906e+00
1.511339304842549858e+00
6.812767103731199869e-01
8.664915241278218216e-01
1.752489246478531104e+00
1.472659858753474271e+00
1.693519126685496756e+00
2.782443961950661571e+00
1.935876870176730602e+00
2.114275563165232352e+00
1.384758982216280909e+00
4.952346125474880623e+00
1.797759815226787072e+00
1.197342409897864002e+00
1.849668214499773145e+00
1.200546701800419447e+00
1.063481639865445194e+00
7.347580238474734626e-01
1.657297679122834433e+00
8.094015784546010339e-01
5.932160958480453550e-01
2.104338881122545857e+00
2.176287601321952536e+00
8.114857680855764865e-01
2.535398363706365288e+00
3.636704008454845649e+00
5.806774860619743350e-01
1.076334987719198111e+00
1.795523110990913329e+00
2.597944627407581919e+00
1.276806961946765018e+00
1.473416999855557075e+00
3.616632914085399775e-01
8.184595937739589377e-01
3.523079432068898065e+00
9.767968398809124819e-01
1.460655237279647967e+00
2.549905905651379534e+00
9.730444711206622799e-01
1.280371832461326242e+00
1.009248836642037350e+00
6.918125474831287036e-01
1.135812016473367159e+00
2.943565872148517837e+00
1.619777121136105391e+00
1.644037646621364868e+00
7.591441655729938010e-01
9.571551348577066465e-01
9.391164068308012203e-01
1.234499424227645026e+00
3.162658094752904159e+00
2.344407846706527021e+00
1.578915029816828630e+00
1.477513024854588908e+00
1.414241142087902414e+00
1.702968128887769605e+00
4.727270067159615174e-01
8.116275681240130435e-01
1.098990911945023186e+00
7.653474862302056536e-01
1.003372280356278790e+00
1.398842806697996544e+00
3.104992819515829172e+00
1.589247696173712088e+00
6.401774219261222587e-01
8.758070092869508771e-01
2.349390125981457356e+00
2.577366970632564147e+00
1.746240773558474624e+00
2.799676863578807406e+00
9.948541167845211808e-01
9.270966881008547711e-01
2.551114062393062376e+00
8.201920581177440939e-01
2.548094652642902247e+00
5.404734748415319645e-01
1.071079426399918155e+00
1.649125252404793907e+00
1.563482140714951063e+00
2.471192698322580927e+00
6.000076398623573892e-01
1.152281986903986644e+00
6.415300875963593219e-01
7.155346647523662673e-01
1.268140307870643468e+00
1.305284929627676060e+00
1.328292017871769648e+00
1.041084282028761354e+00
1.760209107285342078e+00
7.117663736750506898e-01
1.105143272648138275e+00
1.653897113465065738e+00
8.770116879958841372e-01
9.304233087662464596e-01
1.134110927275687297e+00
1.598438728773692974e+00
1.340916947279841009e+00
9.369700140622605478e-01
9.225273072799862195e-01
1.097000977438607583e+00
9.956691468059379879e-01
5.802884989352322664e-01
9.448321496541176590e-01
8.796535446938250624e-01
1.368667690465077413e+00
1.186324176466279967e+00
1.620547783459736380e+00
1.009524298995038594e+00
1.127562194974075283e+00
8.966357534568903942e-01
6.949127785543488534e-01
1.781704020501019503e+00
7.880438937403212440e-01
1.291627951245159167e+00
2.089410061100912763e+00
6.599071101607948187e+00
1.346864061547566216e+00
2.332688196568579286e+00
7.683794004141512035e-01
1.338320320798317198e+00
8.735945651851498850e-01
2.095469376342932843e+00
1.544931451203453099e+00
3.810773484729284899e+00
1.087633412277490885e+00
1.267853960964937299e+00
1.574328182533666798e+00
7.101141878614767311e-01
1.063505085096646763e+00
1.292249877060497321e+00
2.841434979180770704e+00
1.275072986576608614e+00
1.288143671006631408e+00
2.252548966207227998e+00
1.228168638025065151e+00
2.458309632355760943e+00
9.739207115445509544e-01
1.240684021490821021e+00
8.212177205616177922e-01
7.308184164767753677e-01
1.481948443415833649e+00
1.020185700757391123e+00
2.331406792971126851e+00
1.025594508179252129e+00
9.418256646255387388e-01
1.386390649063194758e+00
2.433246465974782335e+00
2.050447972529413576e+00
3.045001021570797217e+00
1.271108401294039680e+00
9.747576804273329065e-01
3.930979352022363926e+00
1.589380711617902397e+00
8.910703147903584753e-01
2.273612830582516953e+00
7.223349481857942456e-01
6.945935861028093017e-01
1.272514439864482982e+00
1.139474125135007565e+00
6.238758452827544154e-01
1.243500837813890536e+00
1.452892777683855385e+00
1.464679837504069271e+00
8.433515556872962504e-01
8.011403938116773427e-01
1.035865650900363200e+00
1.623547871915961061e+00
1.023236470583723801e+00
2.798487521594854588e+00
2.038873911034028374e+00
1.370541212207477377e+00
1.521007749407030429e+00
8.721888452009409765e-01
9.184632132370985635e-01
1.381805974388183422e+00
7.002470781482981188e-01
1.318032403607721781e+00
1.319891972851748196e+00
8.603113562674896686e-01
3.456156398138369390e+00
9.388298135801979027e-01
1.266192048409988891e+00
1.317825568107923839e+00
1.353919906709400101e+00
8.384668593517755619e-01
1.430685992561303577e+00
1.068668527660518786e+00
9.650003718931160490e-01
9.121207787670665423e-01
2.383093351256469816e+00
9.874295093525997657e-01
1.909350127480202275e+00
4.288156657487779966e-01
1.359404865731929313e+00
9.372745061173013426e-01
1.080388887053989722e+00
2.460184977254004313e+00
1.608767557080271748e+00
1.464112797014335721e+00
6.655357565809797427e-01
1.156251036229448026e+00
1.106690763510908670e+00
1.749230110007017336e+00
1.056657867333552270e+00
3.120876450657624535e+00
1.346032272824994491e+00
1.270236084675908206e+00
8.169912440532826059e-01
6.533948001262812610e-01
1.272036950719193982e+00
1.031813222642566696e+00
1.088411952000934990e+00
1.132193729270587923e+00
1.192563072371174870e+00
2.846300916392809022e+00
2.745576383092449557e+00
2.413574239249024256e+00
8.731167707813182188e-01
9.184999977632015700e-01
1.903196725515888366e+00
1.024639900573017348e+00
2.359256832420050021e+00
3.174144642340813505e+00
7.289854484727080752e-01
6.326339420030956395e-01
1.317550004977521949e+00
1.357240096178748745e+00
3.163516053958902674e+00
3.009432658125374971e+00
7.365325998243668071e-01
1.539920394092805012e+00
2.471120842613367952e+00
6.859212038292097358e-01
1.596560259792953795e+00
1.598121016680017048e+00
1.798046859006395382e+00
2.159185441180684784e+00
1.198311618387418065e+00
1.295819096498812772e+00
7.780862549602676204e-01
9.676598913580827244e-01
5.210113490034221639e-01
1.144216146573725279e+00
1.294293756359471415e+00
2.662582467805460595e+00
1.123390621949005075e+00
1.979660430429194706e+00
1.329542638067600091e+00
1.457679681193564614e+00
7.031690859373649349e-01
1.521982388286941434e+00
1.234459386973695505e+00
2.052573320645772359e+00
3.256910548537793826e+00
3.179652499906551189e+00
8.334096309348465459e-01
2.023147739703804682e+00
2.085963068691516931e+00
1.265928484737743887e+00
1.502078688221846203e+00
1.553766217529137350e+00
8.452407057661182055e-01
7.625278153706085416e-01
2.683245571004372554e+00
1.044367955014013027e+00
8.817177654809661425e-01
2.063397088669630897e+00
2.033078497386159089e+00
8.986956903694937049e-01
1.052304916885146380e+00
1.201745532335147360e+00
5.688789408820407179e-01
3.158919009963161884e+00
1.748538526540845961e+00
1.217311942053006746e+00
1.719300686437338577e+00
8.014768400324898678e-01
1.267183809252548921e+00
1.092634398601472379e+00
2.701386937722414672e+00
1.961966301592589446e+00
1.197744051885274885e+00
1.439056705386362323e+00
1.167891268187249310e+00
1.062082315891770934e+00
4.087981780073193683e+00
1.432221724198285751e+00
6.402406319969160542e-01
5.999336800428338723e-01
6.811252845661623923e-01
