2.124997411842126649e+00
1.130561767956816954e+00
6.592038465931079338e-01
2.679897113500288253e+00
1.860619076553784668e+00
4.656650505768490156e+00
1.789978047875463663e+00
2.080217275643373664e+00
1.140937861726629698e+00
1.159776232860738387e+00
5.522335877185107211e-01
1.057109810057359933e+00
5.776579751046345024e+00
2.581198645548178128e+00
1.267586206757753686e+00
1.145833056646363257e+00
2.268905512294760118e+00
1.688526705173629905e+00
1.642076517546238401e+00
1.463883743830812101e+00
2.730233411198843552e+00
8.326550828753723765e-01
2.446621277506537240e+00
1.561014014603548050e+00
2.525451395406159705e+00
2.665018037959014485e+00
2.289143110218622379e+00
2.353106928792441099e+00
2.770447699846063649e+00
2.671956348368142109e+00
4.525654639463420281e+00
1.429945654422966506e+00
2.868853737305181895e+00
1.396130035857609197e+00
1.345456160484271191e+00
3.683197282219501378e+00
2.475860311040616768e+00
4.282495804499194314e+00
1.537231496793293184e+00
2.111060385678952045e+00
5.717778594398564174e+00
1.665998722423126965e+00
6.198727254493052730e-01
1.671763593082230104e+00
3.796485798043609083e+00
3.048932202296883442e+00
1.450289952583589281e+00
4.241130105821104834e+00
2.117676478115386285e+00
4.999786798787847708e+00
5.530445092301219390e+00
1.092191487466939837e+00
3.986131867859734612e+00
3.239793674177169347e+00
9.266110721771193548e-01
9.540871438738621757e-01
2.568714856382051881e+00
1.902064856043154117e+00
1.046502285450936709e+00
1.407556151165705094e+00
2.826636429543621265e+00
3.743085259637996653e+00
1.796543838410459726e+00
1.587306288652805764e+00
3.737966147426180719e+00
4.517303770596120316e+00
1.227905120950122386e+00
5.609441066460194580e-01
1.862434895869529150e+00
7.117740001965061625e-01
1.152625222230209801e+00
1.979396229579232225e+00
1.491234531070841030e+00
1.916428837727412793e+00
2.246629876449935281e+00
7.167949225325667140e-01
2.220649577540249275e+00
1.619362129832698338e+00
7.153390492433836512e-01
1.757615721649367746e+00
1.563350353909582102e+00
1.277576495064595363e+00
9.653493199342303432e-01
7.613712055374728394e-01
8.479384075192371029e-01
3.042688481359265840e+00
1.391514330998413485e+00
4.200737551883638510e+00
7.592483965687575331e-01
7.590174540058320929e-01
9.643274453297341342e-01
1.081292940794906787e+00
1.133569034440147227e+00
1.590056532378734788e+00
2.681960518136349947e+00
6.780680932198693833e-01
2.249281304783832258e+00
1.562221231475893202e+00
3.326710793824654733e+00
1.762091279210978412e+00
1.740849126576689887e+00
4.716851747095297531e-01
2.397103452479730556e+00
1.379021416900211516e+00
2.933180436653124890e+00
9.931060854226425594e-01
7.025999008894292519e-01
6.997336300282979149e-01
2.944161542883707128e+00
1.418085700494361445e+00
2.587126555333624012e+00
1.603040358815135846e+00
5.104920932299412684e-01
2.682454783727423298e+00
1.197199038171538943e+00
4.328865279023476731e+00
1.305149906496655410e+00
2.416001837106903860e+00
9.865876157331019414e-01
1.080801194558776990e+00
1.877930526378711162e+00
3.221487231583178623e+00
1.057128438537606074e+00
3.399502789497071298e+00
1.283318291928289057e+00
6.055725524095473267e-01
2.276154238069342473e+00
2.751118707458471313e+00
4.274059388061992593e+00
1.210979600858091976e+00
2.134935371017781414e+00
2.320606967271149568e+00
1.185184996858660744e+00
4.386231213837302079e+00
2.142634779656991117e+00
3.671670199973287474e+00
3.983068192100724048e+00
2.855318042294000325e+00
6.330284184960669691e+00
1.533605022516745464e+00
2.443373947412536662e+00
1.334415030266233648e+00
1.512494953044127843e+00
1.193472562641848755e+00
4.065230400538376365e+00
7.693294168377967646e-01
1.506712705137122299e+00
1.527758160286778910e+00
2.042400029966465969e+00
2.724707228247305046e+00
2.225595131121937964e+00
1.754792037667934013e+00
2.634929291405093466e+00
2.829300070812958978e+00
5.594927408728220364e+00
1.058160536129102880e+00
8.568384721834366724e-01
2.660895375177629862e+00
2.029014705218418868e+00
4.893980998647249336e+00
2.105791065854881516e+00
2.282441083749755073e+00
1.626895064437713145e+00
6.053000671662307930e+00
3.571297578219943869e+00
1.894322177427503640e+00
3.798457963869779075e+00
1.571145736998219355e+00
2.615754300440973346e+00
1.306851057756692747e+00
4.012879597068652160e+00
9.739915159542994472e-01
2.811039449064590467e+00
1.921380690749679099e+00
4.523856090042965405e+00
2.280817235187788672e+00
1.585062136375588349e+00
6.406118876736227596e-01
9.826565650385868933e-01
3.321607324447747533e+00
1.376763402215911425e+00
9.587580842664006342e-01
1.271692648727698494e+00
7.534345556063548610e-01
2.657564778101691783e+00
1.105604669595974920e+00
1.146321009744338371e+00
1.528264410963039444e+00
8.138137909331825126e-01
2.896143220936755469e+00
5.438403713838101394e-01
1.395805634127037509e+00
7.486766280170554566e+00
1.331144889499491502e+00
2.000544387657893441e+00
1.749568270743813159e+00
2.523272872418391710e+00
1.609754959677276664e+00
2.735103839089217281e+00
4.529176938095689664e+00
1.017133225490103987e+00
1.890754977909260282e+00
8.440463719837333345e-01
1.006562138378827020e+00
7.098128716570298202e+00
1.081616886735635941e+00
1.343132533850302623e+00
2.303406138898050237e+00
6.792718859776845086e-01
1.760998258664714156e+00
1.658389955409726779e+00
1.812239944028867233e+00
1.109835148068287314e+00
2.059857363581391709e+00
9.721402061162226493e-01
2.710411320879375641e+00
7.254732558119100228e-01
1.235624883237430360e+00
3.252021408687914672e+00
2.250191567563063266e+00
1.991169507342835265e+00
2.570369530026268112e+00
1.277260759317936589e+00
3.150931853578679664e+00
9.208494659403626548e-01
2.373440099049020535e+00
2.415429648681876262e+00
1.225673571774246406e+00
2.101433516563660397e+00
3.131634634814962848e+00
6.020193659373429540e-01
2.145889093888072807e+00
2.557529355091308521e+00
2.938185810753719096e+00
3.245628520807652961e+00
1.550249423891605804e+00
2.406924475213922054e+00
3.472034784274840913e+00
2.387401167304463723e+00
1.809371774945206290e+00
1.987114869756000379e+00
3.597434413653495255e+00
9.949274378145260833e-01
1.880542098733225753e+00
1.302087999293054965e+00
3.356421265909659724e+00
4.957635847163344600e+00
3.817614812715587114e+00
5.471676553566914514e+00
3.646731932477138116e+00
2.156428460495931176e+00
2.706669062637812484e+00
1.904746054057729010e+00
1.980313833117127276e+00
8.743732322397164136e-01
3.281927685229332869e+00
1.694551509972502368e+00
1.201900091069093346e+00
3.010856858570613692e+00
1.861929340486727646e+00
1.425970285389722481e+00
2.702289287939689366e+00
1.463028108987658671e+00
3.646443569925153394e+00
3.408117108441942378e+00
1.978066950846603778e+00
2.254519762498744306e+00
1.301976826662768927e+00
8.153597330135067267e-01
1.831062346768199012e+00
6.831275635320860351e-01
1.322010495955439291e+00
1.115883425366326342e+00
1.230031215907430697e+00
1.884867298984726602e+00
1.592685503298637339e+00
1.184409613896913793e+00
1.913100666120168158e+00
3.561136208620329313e+00
1.432956728264918711e+00
2.815365715173568706e+00
6.045724767024922564e+00
4.433450792640567073e+00
1.802478654616475939e+00
1.587716555021447151e+00
1.101386411911993379e+00
3.190058224177217738e+00
9.691577497640910810e-01
1.071199601035535576e+00
9.550437473079357309e-01
3.557289639712801321e+00
5.444821657255786818e+00
1.140789767108000063e+00
2.481503083546905408e+00
2.199502604245940240e+00
4.909342982397285837e+00
2.742533833393320908e+00
8.337670493244948577e-01
4.196459080224767213e+00
1.721166279503234309e+00
