7.323594004673800173e-01
5.449453217897488599e-01
1.193006035139590582e+00
8.286038461476797901e-01
1.741166153307556197e+00
1.159863529906427493e+00
7.065291525180532606e-01
3.171179880948127749e+00
9.394704196845732325e-01
8.633482328880692780e-01
2.117820555899767587e+00
4.869251517801660989e-01
6.855874753192814364e-01
1.109871194175962916e+00
8.984074604860727842e-01
8.970276329952181493e-01
9.156229342418790162e-01
8.661539815655200369e-01
5.636836162237789383e-01
5.367513368835162835e-01
1.262212083116492023e+00
1.202076625772285912e+00
5.284611003161973075e-01
6.687905017704757205e-01
9.584172579626724087e-01
1.518027844523460290e+00
8.016105934247338416e-01
1.067640669646118701e+00
1.719302278271176654e+00
1.775343040507423087e+00
8.085571145569879770e-01
5.846753035506409013e-01
7.043643472750156231e-01
7.246344820412873311e-01
1.103521887109153443e+00
8.232980978925352744e-01
6.366625059931475539e-01
8.468637244058853097e-01
1.094706373280119882e+00
6.071247446945837734e-01
2.656486639626302715e+00
1.321430670619487602e+00
1.629279750670528548e+00
6.585261784231186688e-01
6.839861208651848434e-01
8.486412271760407355e-01
6.441693837402208134e-01
1.194923218547077060e+00
7.324793509576761341e-01
5.462120208614100747e-01
9.150552567732246345e-01
1.854113312344017439e+00
8.319490734116211650e-01
5.710918828818652981e-01
2.179843184681844015e+00
2.454726281501733443e+00
6.298024889182357589e-01
5.450852229751936839e-01
1.897531592016533430e+00
8.149857730966743041e-01
5.941423893547302937e-01
7.758535465265020692e-01
8.368822135728092304e-01
6.707021806483762782e-01
1.138013792074334729e+00
4.740676352214837630e-01
1.024583562644044266e+00
1.315437705750487352e+00
1.093848030586376252e+00
7.401769558135514737e-01
7.282851256825030317e-01
7.237236188502970125e-01
5.680165760462324576e-01
5.464962765826274493e-01
2.174246378867245699e+00
9.402535329793625385e-01
1.236254947973315366e+00
9.377169199822539269e-01
1.664086982151546712e+00
8.417795871076059200e-01
1.476192477313210016e+00
1.036493879856562161e+00
8.496687369739539530e-01
8.393216995702686978e-01
6.112004662167314084e-01
6.648072941713560891e-01
5.060924561489259510e-01
7.278233941526190964e-01
9.506645947666848562e-01
7.398419965031814982e-01
7.960472812290487754e-01
1.322689147140728272e+00
7.209200950170079336e-01
5.580232463082146488e-01
8.953482168803569285e-01
1.509752867009801935e+00
1.151196978948998639e+00
1.010397982002574579e+00
8.740550239204272209e-01
7.005228915951315916e-01
6.372515423547895352e-01
7.028161657989513422e-01
2.919230819901640572e+00
6.043881579670843385e-01
5.900350079349411248e-01
5.899127060360834784e-01
7.404741532441198038e-01
1.014633043775035048e+00
6.302425122995249929e-01
8.953752028038294286e-01
1.689583220628415594e+00
1.562802445745486990e+00
8.147822301983720372e-01
1.230696782130693556e+00
1.052336738594156884e+00
5.909691510215858701e-01
1.121946137685104095e+00
1.579990394492952532e+00
1.037260268874988789e+00
1.000745986445143787e+00
7.139791971696612949e-01
6.406189501299942579e-01
1.290028664208560993e+00
6.921370920899990731e-01
7.731869795172593429e-01
6.942182316078379101e-01
9.489047877668967956e-01
5.511223749599680755e-01
1.393878582810986533e+00
1.709407813894906703e+00
6.264539401643962613e-01
1.426229544548468064e+00
5.169723155568283213e-01
6.957195353078143851e-01
1.684945095346652932e+00
7.946566601604131419e-01
6.065436747356079961e-01
2.020964222237584096e+00
6.107562074007140129e-01
1.996376967680741021e+00
1.162991103478975052e+00
8.054258137730094802e-01
1.241454389690105353e+00
8.304933249654415928e-01
4.703985576473465047e-01
5.591046687361889145e-01
1.278369459949055820e+00
8.730041128324310673e-01
4.340793514174731693e-01
1.036763997801438242e+00
7.581033463809856432e-01
6.333691239867070832e-01
7.854939695241751618e-01
6.944736357116200187e-01
9.048259410404040359e-01
1.219740969074713632e+00
7.633003778639150250e-01
7.824821724549749780e-01
5.595401714690240169e-01
4.270773716316544899e-01
5.445766138283877345e-01
1.240893264555635200e+00
9.976583751638966602e-01
6.367422036448834310e-01
9.099092129860966160e-01
1.251434414837548470e+00
5.803648749262553252e-01
1.097909219013161630e+00
8.169744847334918791e-01
8.293865164010936208e-01
8.606986255910551442e-01
7.845382229573927280e-01
6.510884041307296588e-01
9.722243340213686524e-01
6.614854003688072082e-01
9.871228122258790538e-01
1.243260396127428224e+00
1.814679206211068374e+00
1.457178203697827801e+00
7.389927916231103788e-01
6.480014463043800577e-01
2.361875869521039117e+00
9.830621456225573374e-01
7.377968136522132792e-01
7.531916056259947423e-01
6.860111404835841364e-01
1.347307651683507634e+00
2.162887929550932675e+00
8.057474442737471154e-01
1.081404357018510565e+00
7.021241768727251031e-01
8.000968918920180473e-01
1.072607369045552650e+00
6.840094177654931773e-01
1.244261621788602667e+00
1.792399190856311275e+00
1.192552896313574529e+00
7.067739391669484172e-01
1.472659647107691816e+00
4.970046300160163577e-01
8.925697435713469963e-01
1.441225257761131751e+00
9.360412707437096858e-01
2.152609021505389908e+00
1.358153072301160336e+00
1.238565720621928490e+00
1.139337138215688050e+00
1.092573770822056867e+00
7.027864895423157066e-01
6.076732234760815476e-01
8.738612743084753776e-01
5.114841387712374399e-01
5.598322064048550928e-01
1.053842984666048199e+00
6.075353954890303498e-01
1.359841106822154977e+00
1.168447676474858365e+00
8.485407216943944286e-01
9.365456519691492954e-01
7.847109041745442548e-01
6.980131249206066313e-01
1.010679523397245205e+00
1.134215571482081630e+00
2.437316033291994533e+00
6.670965295541010365e-01
1.539006595023752810e+00
1.124504905492956119e+00
2.202430321703031435e+00
1.553165951771667386e+00
5.699563741258002469e-01
7.442644453397013748e-01
9.677889260746801448e-01
1.202073847914430837e+00
2.625887428951081404e+00
1.424175109442749054e+00
8.704245153420905323e-01
1.364227079061681724e+00
9.699112033771898345e-01
7.786054181873269808e-01
1.092675848331825073e+00
5.796749497551596519e-01
1.071962031836715346e+00
9.100642182254728985e-01
8.566393657623135871e-01
6.168865530804977793e-01
5.525489697470737926e-01
6.344406288066725130e-01
8.407625258381250521e-01
9.448494007502011849e-01
1.021022583340295498e+00
1.192281796952564310e+00
8.366626109961292634e-01
1.451635828084166580e+00
8.193462597916419954e-01
1.532522520956067780e+00
9.318519894842345330e-01
7.092528192561098344e-01
5.888574787859522930e-01
1.000559740353804239e+00
6.171044331706260211e-01
9.457105145602767715e-01
7.387493277708426787e-01
1.274114413445633476e+00
7.876059706848594910e-01
1.187018571393391841e+00
6.406427453896031965e-01
2.138490621526382807e+00
6.693120193683105290e-01
1.013494115001398521e+00
1.614213697361512434e+00
1.198037936254640501e+00
4.861839193676409931e-01
7.276761390051852407e-01
7.468433780849167425e-01
1.662618009075177428e+00
6.766213867684401917e-01
9.277735261511370624e-01
1.011741566099422895e+00
9.925499038115334072e-01
5.848273836115740476e-01
6.922653936602054525e-01
1.386982297211988069e+00
1.574440507090934194e+00
6.939226312000749131e-01
6.332040412143666863e-01
3.233603980794857780e+00
1.092426739155080595e+00
8.979299181787059325e-01
8.222895614219571936e-01
9.776970045005330956e-01
8.404201250473423146e-01
6.163333325875021140e-01
8.221493016686746147e-01
1.235865090803233146e+00
5.388262372921790444e-01
9.133118208302666297e-01
8.059757201489884393e-01
7.392167122795777479e-01
9.685324868621617567e-01
1.109103394060706682e+00
