1.025908918599567787e+00
1.598537214759236047e+00
4.430780592345642810e-01
6.715010044221630947e-01
9.745788925119279744e-01
1.066571776690150131e+00
8.390974440162451975e-01
1.083646725881765249e+00
6.523318432466790329e-01
9.738172680623196076e-01
5.434972002703655214e-01
1.641060680083499701e+00
9.805211374653517442e-01
7.732073599192313962e-01
8.336675989537023490e-01
1.196579833240891455e+00
5.776837137530801414e-01
8.473634051852303450e-01
9.054492081146757743e-01
8.820696383501817062e-01
1.265081266741581389e+00
7.247023977080830903e-01
7.489714551177478752e-01
6.233037792838460600e-01
2.099848246363673621e+00
5.702511634666742601e-01
1.871936386769901484e+00
4.917795997233074257e-01
8.305099650603094963e-01
8.639343384321093167e-01
1.290226888030344021e+00
1.128819767424831033e+00
1.442037088157969160e+00
7.386434169113619275e-01
8.183246996477097079e-01
6.364188238370872552e-01
1.654217199919025605e+00
5.055670947408239524e-01
1.236779474664889689e+00
9.848953840138299221e-01
9.781425280557093371e-01
6.993266761586086622e-01
1.017837821238966267e+00
7.496124703246116461e-01
1.302109191958200851e+00
1.020638874592693757e+00
7.512312619173859840e-01
7.667547788726367664e-01
9.146393271142160275e-01
6.544868322030659158e-01
7.121726928789395838e-01
6.328746302780613453e-01
9.600117161859643700e-01
9.304767268885406617e-01
1.022799250258472847e+00
1.217895290507385875e+00
1.124156758422049540e+00
8.964841473928113480e-01
8.262385181098170772e-01
1.088955028039143791e+00
8.922340233368634133e-01
4.531409117309727064e-01
1.143090127184458016e+00
1.456466796854225532e+00
1.067479543726269409e+00
1.344181923279196944e+00
1.091408068222377459e+00
1.758063731058005397e+00
9.194100466458207110e-01
7.023380576807243258e-01
9.686112813051345194e-01
7.106582879791727425e-01
1.252989194948075591e+00
8.430653924269515542e-01
7.298893857337906965e-01
5.746161943179942666e-01
1.036685211565678166e+00
6.005074374568643014e-01
8.271275330207246146e-01
1.358067713926722542e+00
1.493924800543018350e+00
8.692503500707812192e-01
7.287654965902866655e-01
6.523854041101532220e-01
8.993214862969861612e-01
5.130810142326571732e-01
1.115190739517669671e+00
1.058976161801108651e+00
8.386983997129451307e-01
1.203100558465841630e+00
8.328378864381362767e-01
1.079503403952421836e+00
6.466305339708962041e-01
1.292597807728882220e+00
2.935258813007298073e+00
3.904553410388694745e-01
4.053678706122907927e-01
7.972391514828947034e-01
8.474942291476401657e-01
7.301191610686491584e-01
8.124544860345330743e-01
7.516607551143927868e-01
7.493738799887295077e-01
1.346517600292061134e+00
9.806383669855550655e-01
1.365182091246641471e+00
7.452347452766728830e-01
1.528116976063013110e+00
1.878908243475043260e+00
1.634138883726342195e+00
7.923841264954655239e-01
6.391153342275077698e-01
6.384075765056641538e-01
1.146884103916979258e+00
1.179156505567096058e+00
1.017826103227911672e+00
9.814937513305631578e-01
1.007889029017221105e+00
1.024561373533186215e+00
6.874302922500032942e-01
6.719177787721685169e-01
8.279236537048579869e-01
7.525407963354731056e-01
1.166716865670230696e+00
9.493528485826963070e-01
6.448893191486102516e-01
1.151505353029151912e+00
1.331705134928630407e+00
1.491739695241566466e+00
6.537585797441683999e-01
6.701153336752296852e-01
1.195317660936184190e+00
1.174442564253709076e+00
8.473837628574678593e-01
1.534499295802965735e+00
6.416797906551733321e-01
6.568812966831375499e-01
1.346045852489682559e+00
6.856815764397332646e-01
6.709305994691887598e-01
6.874474763058934235e-01
2.041868004747573906e+00
1.413677379362024089e+00
9.675273517791119771e-01
3.558155264842450816e-01
7.867057878374252855e-01
1.649075012570551113e+00
1.108171305629691128e+00
7.994369789112325542e-01
1.930640630171134076e+00
1.493873973603261796e+00
1.384582085166290666e+00
6.456567684338399005e-01
1.969778319130234268e+00
1.050908378693358181e+00
8.076322821979294853e-01
1.126491641610215533e+00
6.179340033727985793e-01
6.625151605973887969e-01
5.579365579401009967e-01
1.147661032562997230e+00
1.129414737761782694e+00
1.784605405381480159e+00
5.981087932105626503e-01
1.308543056599415388e+00
1.723785214476375005e+00
9.787737350124429136e-01
5.239169920295727589e-01
1.198195356595296523e+00
6.531954322587631978e-01
1.123454458556382596e+00
1.626065123907536769e+00
1.039775960902667107e+00
8.689607916851863623e-01
2.119744806342552579e+00
7.364283882317054220e-01
1.189196208451071657e+00
9.606688967676152435e-01
8.912082279298355614e-01
9.316469912341905912e-01
6.898311324956215573e-01
6.607746361766222432e-01
1.269934659847079539e+00
1.079387091912289431e+00
7.307355570302581649e-01
1.216071092397473352e+00
6.188958456666785457e-01
1.220592560798426263e+00
4.828437640407395870e-01
1.376332665882221251e+00
1.012008581293176057e+00
1.496253917853549886e+00
7.969931259226493703e-01
1.028489894023153495e+00
1.460794016563933484e+00
7.699974839108195690e-01
5.863328287949766127e-01
8.492604332572537551e-01
7.766913915904735122e-01
6.949284707579587161e-01
7.650711339295841462e-01
5.040109662754795883e-01
7.513557556277635774e-01
1.661930038296164369e+00
8.237037912991217459e-01
5.456427695843689696e-01
8.108360294602507956e-01
1.324763060350353960e+00
1.524400110224120697e+00
6.098178584436515504e-01
6.166299114502239442e-01
7.578674385291250815e-01
1.005080646061453198e+00
8.572118537108701641e-01
7.877942213869872923e-01
2.493343681558222169e+00
6.427189112348220545e-01
7.709490819876274603e-01
1.337483438647615097e+00
6.727570292456042100e-01
6.001480722799961143e-01
1.535338570296015170e+00
7.346660694835679406e-01
7.480529443486781949e-01
8.041462309212189519e-01
6.534258222864556265e-01
6.300063077291481184e-01
3.198412701994553853e+00
1.299056180487774936e+00
9.392044680647813060e-01
7.206314572790151196e-01
7.455797751207732249e-01
1.112051863225423709e+00
5.701658883961684410e-01
6.848755493526619276e-01
9.283793314405986985e-01
8.234021757150011833e-01
8.096332801480071728e-01
8.055578807427280497e-01
6.663975785277692632e-01
8.471988803282272107e-01
8.749728943333517917e-01
6.926338097546383965e-01
6.451803349792499809e-01
1.067567114251823934e+00
1.762285795427819934e+00
1.365789305367471673e+00
1.219959734538636376e+00
5.532831404914740903e-01
6.799651970059786832e-01
6.838525877244401308e-01
6.523906552133889036e-01
1.650026649209092700e+00
5.045054314574025645e-01
8.504440586952740633e-01
8.636241868029632673e-01
8.923951821652159611e-01
8.106021881598357570e-01
8.670056385654567599e-01
1.276271646111705405e+00
9.910581589779703382e-01
1.343047884133563796e+00
6.518819860306028779e-01
5.913790414159662001e-01
6.887069963236949199e-01
6.526212227078993511e-01
8.339223763039910198e-01
7.540928012495615729e-01
1.623138196117260623e+00
2.463782652163303943e+00
5.709107530244807993e-01
2.014632090949438403e+00
9.783452639526392103e-01
1.075495909447831577e+00
1.317693562200257018e+00
7.083691876130233656e-01
1.497148923650547525e+00
1.534021645096570019e+00
8.016592119360517188e-01
8.161031695972084110e-01
9.677314786776464173e-01
6.116212149155411115e-01
1.562013151446897341e+00
6.921302576127738027e-01
8.910477907807982101e-01
6.369968339507748878e-01
1.262502556183046076e+00
7.774751663735697260e-01
7.440962167395395177e-01
7.578148198518285250e-01
5.049280977498770140e-01
8.240825632394819245e-01
9.165554226806579274e-01
1.011544567938618577e+00
1.223086234210144729e+00
7.612590469775802893e-01
9.001382605507551871e-01
1.285292847487188306e+00
7.768857618834276169e-01
1.571521123694942235e+00
