6.103854117927958178e+00
1.237935831978940016e+01
1.266566356463560794e+01
1.393687896883899491e+01
1.182369817913164312e+01
1.315304579305461807e+01
6.888433296652126003e+00
1.268736006073810785e+01
8.094079232683636604e+00
8.504845656868470272e+00
8.529118686963677476e+00
6.191652113226962406e+00
1.262882809760306735e+01
9.594962598048644153e+00
5.293160280423121478e+00
1.360641041954105113e+01
1.197386881123673597e+01
1.075415359373873336e+01
9.678621878597057915e+00
1.311180661259461822e+01
1.233211193032890840e+01
5.542266865705941292e+00
1.189960921773502456e+01
1.032327687414710304e+01
1.553699681602773808e+01
1.331014410628959332e+01
1.432399321482847476e+01
7.412640692637681106e+00
9.790353982116570819e+00
1.479727523533175138e+01
2.303765313570936968e+01
9.267238067260384682e+00
1.264932615116462777e+01
1.047282862596920339e+01
1.309606784247441524e+01
8.712139059088450210e+00
1.243000700438708250e+01
1.373574054759572327e+01
7.695634783315669303e+00
1.115265330989076276e+01
8.778694510797416584e+00
1.000923236089530732e+01
6.638604118427409162e+00
1.480636479222571644e+01
1.116259313686244958e+01
1.425516145885578112e+01
6.082743662328384815e+00
1.124673669996667158e+01
9.393869564817544315e+00
8.174784372809892119e+00
1.592022519612920561e+01
7.744860800898608844e+00
5.150845302586660956e+00
1.276450009424288012e+01
9.955536232815546782e+00
9.786976176141534367e+00
1.083532206371873841e+01
1.109459991536184198e+01
8.489742263515516640e+00
9.924610920443363682e+00
7.175973566318547547e+00
1.644397674070354398e+01
1.565541242105903308e+01
9.000267077082348521e+00
2.427259565533258012e+01
1.043473774738309956e+01
1.320304487755847411e+01
1.544910453794283001e+01
1.016852832420528152e+01
1.757088530631071777e+01
1.112226039366838393e+01
1.243099908729149128e+01
1.087125097364119419e+01
1.382933961065781148e+01
9.196553925806664864e+00
9.501153616013109371e+00
1.503525577399294910e+01
6.738972489996940318e+00
1.423722284533952731e+01
1.211025367162867461e+01
1.298361995225613796e+01
8.380934521986789676e+00
7.973632199629221873e+00
1.298962663423459141e+01
1.211451544850887529e+01
1.845700470933497073e+01
1.024991247572455677e+01
8.946951349025200173e+00
9.474942891837484282e+00
1.365813632851618031e+01
1.356333659188389973e+01
1.218131178564748396e+01
1.532840601130492253e+01
1.371995337934284009e+01
1.270422625026819397e+01
1.052177752901731012e+01
7.989502472460174864e+00
1.193237626860172185e+01
7.682898231378070264e+00
1.040829566213347057e+01
1.258737213190159387e+01
1.284753029742564756e+01
1.340310278271581090e+01
6.208587238052630575e+00
1.194830517184438534e+01
7.233275649024348830e+00
9.192772629150322672e+00
1.262721654041106056e+01
1.016038413047060729e+01
1.235203110166935936e+01
1.102768899381859491e+01
7.324691503328523368e+00
9.525248333991454430e+00
1.422810078215234064e+01
1.648105048671979844e+01
9.144582273146768969e+00
1.545722331103464953e+01
1.225984448162031093e+01
1.425973640302808754e+01
1.071362838304628262e+01
1.457580367945433331e+01
1.171043941713691794e+01
1.205854487172069334e+01
1.636685140540735972e+01
1.292974807295853701e+01
8.598335817463141240e+00
1.388035621946653642e+01
1.515825315683085428e+01
1.151567148033048404e+01
1.406433588789623990e+01
1.491916268144585800e+01
1.028213718664974863e+01
1.851766799257990925e+01
8.474197638803559585e+00
1.214803179657813459e+01
1.243904548247146913e+01
7.009970624303863751e+00
1.164793716407845636e+01
1.647033081842036495e+01
1.094165109582307949e+01
1.160916010284919508e+01
9.567878827552183552e+00
7.563314096113533225e+00
1.636406058499266791e+01
1.022374537773161585e+01
6.772831291794775055e+00
1.564494397581551688e+01
1.302918347279279843e+01
8.125542977230196584e+00
1.505338823079698507e+01
1.529952316038755278e+01
1.008694985387046650e+01
1.347397850078019133e+01
9.019722247992262965e+00
7.859504582791970506e+00
1.005937445792284279e+01
1.167756274640049341e+01
1.158438137781337041e+01
1.296531465731267296e+01
1.240069061625641211e+01
1.291093525606349246e+01
6.272226989280323295e+00
1.490310897456659589e+01
2.149441733702918711e+01
1.546447799632205644e+01
1.094472170633070540e+01
1.204609062441188705e+01
1.017330731940315403e+01
1.291053005963851064e+01
1.538866032476766144e+01
1.165491882481741115e+01
1.233390061777265423e+01
1.047597120231767143e+01
7.782552464586808050e+00
8.728866180299393207e+00
1.359849244000579915e+01
1.994104729203366233e+01
1.552632623199285611e+01
9.342283575343014235e+00
9.477969050202762702e+00
1.002891060833821513e+01
1.217376682637479490e+01
1.135156503364621905e+01
1.298071038630924257e+01
3.308064949754550454e+00
1.022021617573560981e+01
1.379241958292531756e+01
1.206735755465101434e+01
9.060382773559659597e+00
7.346702135778042653e+00
1.511205373469752899e+01
1.077496414802855895e+01
1.232125295755633232e+01
1.454615181731894857e+01
1.041122483713179925e+01
1.100101707475907631e+01
1.252746169800227527e+01
1.181533771807482402e+01
9.523783969390404280e+00
1.092386594245873077e+01
7.157886368663164411e+00
4.681432783049610080e+00
1.047124548194381433e+01
1.286553004737532646e+01
6.073450530752835697e+00
1.119171783988907087e+01
1.617808852911859319e+01
1.273787392086156522e+01
8.941060978253304370e+00
8.495644666174834825e+00
1.122178724752441248e+01
8.972156100088255926e+00
1.339972100515485387e+01
1.146633164260060944e+01
6.200452281046814562e+00
1.334586921302214790e+01
1.702121574900626655e+01
1.267454521619162655e+01
1.363962803660847456e+01
1.810655468621497022e+01
1.444432043178478686e+01
1.538023442409154384e+01
1.577541992756757061e+01
7.580789214574939372e+00
9.361615254488771853e+00
1.147652542905379747e+01
1.274087828149754031e+01
8.020737883789132994e+00
8.017619565438470985e+00
9.360244404616368641e+00
1.790402185851575112e+01
6.779462151772888134e+00
2.802848740342133382e+01
9.136170247465891237e+00
1.682515997898713422e+01
1.385869957448106859e+01
9.895606058585380893e+00
1.462998346718356402e+01
1.359370430560649545e+01
1.022525545495916788e+01
6.691146211961259027e+00
9.981849581516172520e+00
1.333089149039189536e+01
7.265363130671720349e+00
1.253306533339241646e+01
8.056902097165659526e+00
1.336183671955099861e+01
5.760870706275027509e+00
7.546631947509094829e+00
9.330390284940742518e+00
1.329577020650600794e+01
6.339757157160087253e+00
1.026692559789993631e+01
1.341482791300530586e+01
1.169020565054067262e+01
9.737174401285304981e+00
1.378621897526270423e+01
8.690195530508699306e+00
1.295210163240992252e+01
8.382186823206938087e+00
8.765472033932084628e+00
1.536178283267439149e+01
9.682142349602173681e+00
8.808987308832161744e+00
1.234876744547139893e+01
7.037928301185929492e+00
1.200938482666661677e+01
1.388979448601402567e+01
1.211693084838944223e+01
7.978263987282281811e+00
8.002475594494068645e+00
1.599689228944038888e+01
9.661912712867447794e+00
1.157258875050151481e+01
1.248305390418832417e+01
1.007653054994131026e+01
1.924098803630682042e+01
1.835526333409985256e+01
8.573359575924808240e+00
9.485116814591942003e+00
1.582042401170849288e+01
1.389281597683746128e+01
1.466019685371080072e+01
8.419318615586163901e+00
1.667310482209235545e+01
1.273504815069230034e+01
1.389841052725957304e+01
8.197955201697469718e+00
8.552413217863977124e+00
7.440785251393013944e+00
1.332050082039920547e+01
1.557523825250702565e+01
1.017034328094657525e+01
6.177191866797858033e+00
1.120124427707201242e+01
1.607849483182458172e+01
6.915677176332423848e+00
9.833204933361013644e+00
8.876058281083645696e+00
1.082378823781300703e+01
