2.837291423230885012e+00
1.325560148487183953e+00
3.501409018576713272e+00
2.853865487965886238e+00
7.262496966650925367e-01
1.038832687896305895e+00
1.389518630848455949e+00
1.568545490843050727e+00
2.580277814741243070e+00
2.235788065871051611e+00
3.810279738705709462e+00
1.942634726981625759e+00
8.717546265533440142e-01
1.815408543320716994e+00
1.849155800798837568e+00
1.348814093612611176e+00
1.911326189752189153e+00
2.252496182938188873e+00
3.245702151947376102e+00
1.120625359798748999e+00
1.038920849695964321e+00
1.521764371431435725e+00
1.368446765550988875e+00
1.376375796847927990e+00
9.928951213525341046e-01
1.025460853103380643e+00
1.259659778027707233e+00
3.264955536727854213e+00
1.043889333603958969e+00
2.969407429811263377e+00
1.685585436881492205e+00
1.075850269582828256e+00
1.207733666571336739e+00
1.213892323544617291e+00
2.455988246764526206e+00
2.723820896873765385e+00
2.088472753678079830e+00
1.351379332980092940e+00
1.461126450850134706e+00
1.286884162663268327e+00
4.984134682584973608e-01
2.410239515400374621e+00
2.293758532002231565e+00
2.639246500207450552e+00
7.892661106342196975e-01
3.464814254135994975e+00
3.496972754425736074e+00
7.232630664510697471e-01
1.124266169521521475e+00
4.167359655000287155e+00
7.906699558546733675e-01
8.887098092744628586e-01
6.500380844093340826e-01
2.227025317040443486e+00
2.115404188756441428e+00
1.814107849890525648e+00
3.186318813545149897e+00
2.445246431738538728e+00
1.305627042209683619e+00
1.608033118189011734e+00
5.656905744725199803e+00
1.515822026769038100e+00
3.484440829397481565e+00
2.169171377099170073e+00
2.439326835661342230e+00
2.587531721697969189e+00
1.352565671229908784e+00
1.109566080410248290e+00
2.590963967343143715e+00
4.643637257180298406e+00
8.726926489136668241e-01
1.431403757506612751e+00
1.298011713241582266e+00
1.641722389849391783e+00
1.328430513479574193e+00
2.771956902933571776e+00
1.448017130093214977e+00
9.914168588211595967e-01
3.967681265649745992e+00
3.664454707206711515e+00
6.625003236778023163e-01
1.834049958658634738e+00
5.015329188904390278e+00
1.115222070804824828e+00
1.908254054138510236e+00
3.740116102296734635e+00
1.498661479833130361e+00
2.900534150186185656e+00
1.633478713492112266e+00
2.541782291865052112e+00
1.083120576475833374e+00
9.625224432085630610e-01
1.770659245880473520e+00
2.281097446517766691e+00
1.220453098376039769e+00
1.567066948429939099e+00
1.440585122956610009e+00
1.222813084934876615e+00
2.046813158226517881e+00
3.099083331069280245e+00
6.832914253741592114e-01
9.072666867351514286e-01
2.774313793549284757e+00
2.287182876285209776e+00
3.270147800072321420e+00
8.747825198166596650e-01
2.246578395523999294e+00
1.479649443314254187e+00
3.040250161940232232e+00
2.923669747594895174e+00
8.939126120064860848e-01
8.091260254054145618e-01
1.640126111855115587e+00
5.595766896170322191e-01
8.308253936731880840e-01
1.452107637750424063e+00
1.445935875308195895e+00
2.013206863313152351e+00
1.444444416221069893e+00
2.029408044583152382e+00
3.003899030617609878e+00
3.175617552826852652e+00
2.240419678724234753e+00
1.382054802693637230e+00
2.270656188283759480e+00
1.915579882544242496e+00
1.855733134159438302e+00
6.311375546225100885e-01
7.192943504206694705e-01
2.338753518919986174e+00
3.407773160622928010e+00
2.056498425073737923e+00
1.092006314762648200e+00
2.426459188789801491e+00
2.458434651913246061e+00
2.270516381852599075e+00
1.920415025718205992e+00
1.731621090512589944e+00
1.810845568409082285e+00
2.965372418557736367e+00
1.518723987352356364e+00
2.022742458136255195e+00
3.147001730003348818e+00
1.409521783581630716e+00
6.778209704476437780e-01
1.403501838984513750e+00
5.600417186215594922e-01
2.141301502726283612e+00
4.153964681634582767e+00
3.925489737115768651e+00
1.325116846675922444e+00
1.824538948450932896e+00
1.203535522262866975e+00
2.256415186097991743e+00
2.157901037771663866e+00
2.771723191656763507e+00
1.531252492267404230e+00
9.407576773490354816e-01
1.712612627640830443e+00
2.357559928868207422e+00
1.610337658177544373e+00
7.426351945417929423e-01
1.896843194670367438e+00
2.023390190628536089e+00
2.448126276937338197e+00
1.551694717888802977e+00
1.370500303563368050e+00
1.120401231466349845e+00
1.554304081805226501e+00
1.184247126351818391e+00
6.664093247505823436e-01
9.135196136467873540e-01
9.514685937625203538e-01
3.049149274634551432e+00
1.413775294540875471e+00
1.685202283969012171e+00
1.813003806832379272e+00
1.156077074399426419e+00
7.114978814889882930e-01
2.271296782631539557e+00
1.939166052293726183e+00
1.917894193749893450e+00
1.594958778444276692e+00
3.602905552633683950e+00
1.097623407214751046e+00
3.563952488200199831e+00
1.123947786850267194e+00
1.567182266593170947e+00
1.424540918415079460e+00
1.719608969047795588e+00
2.232941994591463697e+00
1.064041479860685868e+00
3.056055651947335416e+00
1.461039570500920926e+00
2.477417788760910344e+00
7.213926496412882416e-01
1.194723588607552900e+00
5.591476458018888041e-01
2.116839502861250555e+00
1.197858023211749057e+00
2.355297164891143602e+00
1.703354819549673049e+00
1.149026668208250612e+00
1.438759579991861770e+00
1.308673114043522823e+00
6.261872645995395503e-01
2.578710526702562955e+00
3.813605358938144008e+00
3.218069415336982875e+00
8.483337601063238864e-01
1.036965491521252281e+00
8.895061805454619330e-01
9.143502229416227145e-01
2.480444789037220765e+00
2.386693361116977385e+00
3.042481942876970713e+00
1.931008495312904083e+00
1.767529329232005342e+00
4.593314583716169075e+00
1.421939152645782523e+00
2.124338406919204392e+00
1.017057843664422645e+00
8.052614868465800546e-01
2.592386303781124113e+00
1.960327676159942412e+00
1.510985543168542611e+00
2.353070532893251077e+00
2.354472920355414889e+00
9.017996918948889551e-01
1.032103149304004486e+00
2.691648966430634449e+00
1.027216517050081102e+00
8.612319202759615155e-01
3.479159611741569957e+00
1.923372163398979540e+00
1.456362897098821385e+00
1.907308885167884549e+00
1.043417452038129412e+00
2.421343637194175447e+00
1.319746182857534533e+00
3.877528811786829177e+00
6.848274733712893525e-01
1.364814708042659808e+00
6.168199127958509109e-01
1.340573425141253328e+00
1.338465219961154418e+00
1.765285545662233613e+00
2.637815827586377893e+00
3.276406684728804919e+00
1.766215977803223591e+00
1.124406496060790017e+00
2.577383870229440266e+00
1.746010612563702047e+00
1.755450868111575913e+00
1.502091620654203874e+00
4.630013472060649171e+00
2.744971153954588683e+00
7.339225354187617345e-01
3.438454778886557150e+00
1.689891697484479316e+00
6.943318632005497371e-01
2.111464604599873507e+00
3.031273696415642593e+00
3.481092183406335305e+00
2.882051581388918038e+00
6.178429342373168431e-01
3.039862107430333360e+00
1.304113575018630788e+00
2.424421361477110182e+00
1.315233481564885842e+00
8.347563225339352799e-01
1.606529456026892788e+00
8.699891779112213230e-01
9.569632958890489371e-01
1.432662480590090714e+00
1.745401693123069808e+00
7.290577043770343213e-01
7.851629040897025735e-01
2.212404814894736838e+00
1.655656646785154562e+00
1.263678855469827278e+00
2.286778975205946196e+00
5.539161168456764983e+00
3.283693708740733630e+00
2.869617384232932444e+00
2.330376325138063809e+00
2.008645693772074026e+00
1.117822740171186435e+00
1.469165004409886954e+00
1.047529648607110841e+00
1.309971080567169821e+00
2.870810829312711920e+00
1.660296105843585446e+00
7.249531551648330518e-01
1.708478703514711983e+00
1.159794984257138672e+00
1.943382857758442217e+00
2.076164241269904842e+00
1.616117822870363430e+00
1.476272334836234323e+00
