2.972591023968773616e+00
3.183358780756889050e+00
8.047093596603072996e+00
2.329909302062400211e+00
2.014403592414815147e+00
4.658654731197990451e+00
2.161326614304689642e+00
3.974920003212307318e+00
1.865947469832498040e+00
3.193998623241463886e+00
3.391767917572413804e+00
2.017790304540745261e+00
5.327851931949112441e+00
3.100961322670511944e+00
1.005215499691034076e+00
2.036404912937577638e+00
3.069214422253956354e+00
3.727087788760450771e+00
2.979668236380197843e+00
5.739743363914070251e+00
1.363938209991413908e+00
1.724817896408552542e+00
1.550564239847804560e+00
1.245960971681929097e+00
2.754640340789599406e+00
2.612685796508150471e+00
3.562447206095107788e+00
2.597383724932885052e+00
3.524142086260051876e+00
5.294036786345477807e+00
3.925429218069341530e+00
6.155824251760013688e-01
3.945424401963111283e+00
8.409027464325935952e+00
1.930366033351569088e+00
4.456346841115149005e+00
2.567867387043280658e+00
1.022745267071369479e+00
1.902528974645764981e+00
6.939797143458505069e+00
4.721216952525256083e+00
3.049277408676750678e+00
5.799652741319971661e+00
2.118448671129061545e+00
6.495177727618929531e+00
2.009698374919609343e+00
2.345749951512775322e+00
2.861077558536475163e+00
2.446354266388831800e+00
7.113301509362402797e+00
4.316407581595455234e+00
8.738375854182059976e-01
4.990108125255662941e+00
1.354496438736446429e+00
6.126370952736779785e+00
1.923735152146674121e+00
3.145075981103468976e+00
1.442754793793131096e+00
4.836131539069282503e+00
8.774203914831154583e-01
6.316341150544420024e+00
2.715828315252468261e+00
7.089566727408972424e-01
4.031256176750318332e+00
1.735199379133279596e+00
6.518425100864581268e+00
5.456019942898368669e+00
3.837973727696477155e+00
5.197683826441227062e+00
5.095788322386775704e+00
8.526109659437574040e-01
7.486609249221266360e+00
4.426282393157957351e+00
6.641673762145905435e+00
7.096377422416145109e+00
2.023959634833676802e+00
2.356927320697464801e+00
5.959264551562337253e+00
3.708592137102462161e+00
4.225774237888979101e+00
2.859328724110060449e+00
5.199146638204592996e+00
3.463711298314292808e+00
5.476050083654399714e+00
2.732891354535263329e+00
5.195292667305857925e+00
3.326074946856628411e+00
1.157798846288330852e+00
3.373676095544604348e+00
3.218602286040953775e+00
3.416739291553693825e+00
3.159843734548012595e+00
3.735043521554534340e+00
4.925930698443703015e+00
9.724233272254092508e-01
3.015115222644774384e+00
4.393000906669317196e+00
1.714672219943854437e+00
4.059548911532497861e+00
5.801303015551998676e+00
4.327410188951463788e+00
2.919837055587461538e+00
9.569729285390159434e-01
6.490112273827271849e+00
3.173953768610081383e+00
2.324767237975962519e+00
3.623377398156097495e+00
2.725806006241821233e+00
5.136867362004238657e+00
2.569821321372787626e+00
7.947922316350576999e+00
3.659217868926836648e+00
3.542854018545508854e+00
3.194379043483618119e+00
1.383745955431329167e+00
2.591710222217348925e+00
2.833444281043572932e+00
6.786141178233789262e+00
3.605738463255939497e+00
2.809144089104347319e+00
1.401963506172591911e+00
3.970339328748043517e+00
7.279390679719566215e+00
4.395036960058679831e+00
4.152451635675308061e+00
3.909242086697185758e+00
3.314845243881885395e+00
4.200743056830991584e+00
5.951137819923590477e+00
1.964881698900371898e+00
3.943934272873845348e+00
5.282362304046022139e+00
2.965203667050818837e+00
4.514978383462528555e+00
3.690374747822343870e+00
4.675734943664890508e+00
3.064189346426007710e+00
4.934896097249502844e+00
3.626356925090435723e+00
3.034203129842547142e+00
3.101496388120849712e+00
3.554805923372557963e+00
4.644875192650729012e+00
2.467730259986769425e+00
2.277720769633949871e+00
7.404087264569979787e+00
1.222648820357946864e+00
2.323325823791455136e+00
7.003706712191964279e+00
6.176651561804606949e+00
3.155041278767229951e+00
3.250620543662903206e+00
5.367701574992419289e+00
3.316276451920941337e+00
3.904710601057669983e+00
1.168419351944089746e+00
4.963966499785365194e+00
3.360222129525872514e+00
3.702315760671960110e+00
7.732698841720006655e+00
5.096945184294552789e+00
2.089301617621385887e+00
4.548770330444517285e+00
1.930281701264030092e+00
9.537881286421777460e+00
1.866299249619455036e+00
1.484486661622243853e+00
1.834440328465914316e+00
3.960981078989518789e+00
8.026802398118237036e+00
2.273455615205377534e+00
3.046016586187207054e+00
3.840204051473913971e+00
2.488962527946781300e+00
2.319202057259305949e+00
2.195544826769707747e+00
2.505217614043624419e+00
8.104588555639633540e+00
3.720577033786584664e+00
6.813863308882473824e+00
3.758309912601404346e+00
1.980560956760928359e+00
3.782135482027742857e+00
3.375288537565364955e+00
6.217698550651630462e+00
8.840552188043636406e+00
2.680378196526063128e+00
6.752237937802591183e+00
2.145358202156514071e+00
1.735928210735683708e+00
1.824354294474911820e+00
4.084840554630758014e+00
4.142334954451840190e+00
4.776516222391012256e+00
6.031110403679305065e+00
6.297831743792093206e+00
3.050630761808502012e+00
5.122445457549224201e+00
4.529489061840772379e+00
4.094652400459075636e+00
3.825558831126402826e+00
1.237535507119342570e+00
2.542860157609417637e+00
4.311585168288901926e+00
1.828332357026011268e+00
2.852568436345682468e+00
3.004001194543358455e+00
3.577281982405564165e+00
3.168497377088194789e+00
4.618235637376964853e+00
6.386253793132556034e+00
2.674099375113499821e+00
1.915158818596162771e+00
5.535377466424956872e+00
2.522998754956088607e+00
3.763115591111759084e+00
2.700433902418622800e+00
3.919958404050680745e+00
2.647523388887720319e+00
1.660162950775631474e+00
1.074586911656942423e+00
7.242819865960685277e+00
2.281135144955540373e+00
4.687911091579811895e+00
2.540834493450927489e+00
1.887374198096545497e+00
2.754331685751420622e+00
4.356141013128423722e+00
1.913010528654145004e+00
4.289318284929091618e+00
2.307648331461616298e+00
2.532708983359571953e+00
2.849129489028023876e+00
1.442903462689302474e+00
7.316300334354469470e+00
2.414267104594917779e+00
6.216507661764817172e+00
3.889273142621728407e+00
2.925813936069944887e+00
1.343921657188032581e+00
3.307499345052515416e+00
1.982357416349932899e+00
4.514248996570361605e+00
2.533839758021631638e+00
6.011473533782303313e+00
4.281425213856482337e+00
2.182217718484432023e+00
5.040495471547047579e+00
4.681605568310900800e+00
4.964865490034614304e+00
1.909120174849174179e+00
1.717205400917323210e+00
2.804646667306011310e+00
3.299254280108194326e+00
1.825298032208852339e+00
4.699034203303612323e+00
2.070621521861866654e+00
1.701291983337141156e+00
3.412152138589814587e+00
1.562480329107644339e+00
5.633148643599273697e+00
4.770513886028391326e+00
3.968428123321293466e+00
4.059865425252072946e+00
2.505876982447748702e+00
3.466307119766649070e+00
5.240632915924837043e+00
5.139786312901468257e+00
1.974663925684354338e+00
2.817368612505248393e+00
4.412954894749980816e+00
5.085064259261939945e+00
2.339210415014636890e+00
4.822137189069718666e+00
2.892457668633521717e+00
4.346811993021202802e+00
3.980432244118253138e+00
3.080441004490508394e+00
2.007818743134673678e+00
2.279466052618317029e+00
3.169373827137907274e+00
4.395309882565087811e+00
3.811250050779210863e+00
7.516823290893915654e+00
4.372108652091390546e+00
5.966561959567669327e+00
5.652496810680675665e+00
2.306351804100023717e+00
6.411412127885062873e+00
1.666333287617571379e+00
3.370865294985542882e+00
3.252740733088299585e+00
2.654451202695454981e+00
3.081937710717762346e+00
2.749867093591390699e+00
2.814569590608213101e+00
5.238845777584820063e+00
4.184297839302222322e+00
3.352582229644144984e+00
2.081822802243714854e+00
