1.088320693166272335e+00
1.564465263675085982e+00
7.723645405986013790e-01
8.400434646882938283e-01
1.864581775061618929e+00
5.690953987268477787e-01
2.223674576818224669e+00
2.288840460082460559e+00
7.015445608443179326e-01
1.688947200429896212e+00
6.401399781922129106e-01
1.027066286268900397e+00
6.276523515055796310e-01
1.626864724040407495e+00
9.466590948088826618e-01
7.737869015605924883e-01
1.491995139899625178e+00
9.182353613668610137e-01
6.079649639343299716e-01
3.213400263601879470e+00
9.309957600111052889e-01
1.983776436576612623e+00
7.643798490630780984e-01
1.798485574533912557e+00
9.616398421544630759e-01
7.790302398146595753e-01
1.117575089183544312e+00
1.400615769515230813e+00
1.092907841018205373e+00
1.405649833182275099e+00
8.190759356552833603e-01
1.031313646733876821e+00
8.042852897066751217e-01
2.979422770628227024e+00
8.497303445222190721e-01
1.220782908306989212e+00
6.694254961865404585e-01
2.765592138398584421e+00
5.147097006171397204e-01
2.046257717694462741e+00
6.080533508074239535e-01
7.942693040225911050e-01
9.642059409653742641e-01
9.302340827928036182e-01
1.650188858199800324e+00
1.030845383728045350e+00
5.681062261042130190e-01
1.308113177714540276e+00
9.640568949917761588e-01
3.385898930925840933e+00
4.818651494741097996e-01
7.278015747187189799e-01
4.321990457167534938e-01
1.007132725334652257e+00
9.335500214423912979e-01
9.126348764805063407e-01
1.670062569250144735e+00
8.582943301563585869e-01
6.921442029334096135e-01
3.566416692015415002e+00
6.727167187285165717e-01
1.187760510002577430e+00
9.361689236566465011e-01
4.789112657441461085e-01
6.196474168754312339e-01
7.500490950455767081e-01
7.827450816071047646e-01
1.717126627663174476e+00
8.715150665555058129e-01
5.422289777929888421e-01
6.747169080242022554e-01
1.398678037846580624e+00
6.759927817338166056e-01
7.334808808951116532e-01
7.718465862527973398e-01
1.363291214593926215e+00
9.181461536410440161e-01
8.045064619964729102e-01
2.756760664490348844e+00
7.285095316472334215e-01
7.035566351157116483e-01
8.681085108235877534e-01
5.141734099930704849e-01
8.251858162842434785e-01
8.578032941985357374e-01
6.144086945056304039e-01
6.828949386275658950e-01
1.338385169566409960e+00
8.023096221780803283e-01
1.066709773052673338e+00
1.163291870081343715e+00
1.185737857696003816e+00
1.296300102877341764e+00
1.637204297905903605e+00
1.195030518022397459e+00
2.079947890868243832e+00
1.225502380751918974e+00
8.523664815170255427e-01
2.447033963990266958e+00
1.156805422038556630e+00
6.999258198466219438e-01
8.274984859522565017e-01
2.042606510068297521e+00
1.691853626012487677e+00
1.722626857124075928e+00
6.485413600957479208e-01
1.561201078646158757e+00
6.411775459198348903e-01
1.411820318078249148e+00
2.056906491621879773e+00
1.922524345355888231e+00
8.346748873609178832e-01
5.760594391310654983e-01
8.986968474728310730e-01
1.663672775455502739e+00
6.421430609682512447e-01
9.492232370547184495e-01
8.459567973463740786e-01
8.865352129722731123e-01
8.801873115075540266e-01
6.742710771663330549e-01
7.770866884556335563e-01
1.192203614179062399e+00
9.080121696402357889e-01
1.061332345254061726e+00
2.643229241185289791e+00
1.341076211572812094e+00
8.860787726106666984e-01
1.533956186076732786e+00
6.481036776705353386e-01
7.080977080382148126e-01
9.235661315284070527e-01
7.309963587381450578e-01
2.146592631469121937e+00
8.808528255252172645e-01
1.156681169088451977e+00
7.580166630738249811e-01
5.714152184091014774e-01
9.901669512035776721e-01
9.108968905752251599e-01
1.843968762990778387e+00
9.115809132397773018e-01
9.342872352259899982e-01
1.086711508893131839e+00
6.765942528130455269e-01
9.927847890655893126e-01
1.270586007985951227e+00
2.786462589927547029e+00
1.563773685017817883e+00
2.632804230871958140e+00
1.799989680645734502e+00
1.644271931128321595e+00
3.777501596733735312e+00
1.756266407116914952e+00
1.622264952301222918e+00
1.996595564904588116e+00
1.061141228484347110e+00
1.168743908153884181e+00
1.434956974649894912e+00
2.968600274967909680e+00
2.261879719742633466e+00
1.313333404694712714e+00
8.396166833050313638e-01
2.446666803641448507e+00
2.194284610727540219e+00
7.862151521779475738e-01
1.222929862575975912e+00
7.173851857146290589e-01
1.791199123887518452e+00
8.556836618251432158e-01
1.421623997541190398e+00
1.561392431150881110e+00
1.135363879675313381e+00
8.090229900162670962e-01
9.702210740102620301e-01
5.061810889983159312e-01
1.325234845138018702e+00
2.050811610957540942e+00
1.090579037025698694e+00
5.939531389621873769e-01
1.576850104312649714e+00
6.168017054368969410e-01
7.837394949634518548e-01
8.182077700981746915e-01
8.828772284688918282e-01
1.012336554642863984e+00
1.003222350554271447e+00
1.002142966816159886e+00
1.191631825784562615e+00
6.487269664951124115e-01
1.397492791067284523e+00
2.795470721100683953e+00
9.300874167961209471e-01
7.328765825648697607e-01
7.180198046585710703e-01
1.385237177644717210e+00
5.281260856586594832e-01
1.870443655154871321e+00
6.308656338017216703e-01
8.169652721526451389e-01
7.711355787573609399e-01
4.646617367899024686e-01
9.413933096909042897e-01
1.327389055471137169e+00
1.113062144194816305e+00
1.103001852293700402e+00
1.145100800650977524e+00
8.890006588955982059e-01
7.439862852306576846e-01
2.054891733724712122e+00
7.498845175726295276e-01
8.944171175860988754e-01
7.161315329340308677e-01
6.618445332562327144e-01
9.036501867570223556e-01
1.317571790641139495e+00
9.081608751021781334e-01
9.132760664588122079e-01
1.510972834558448552e+00
9.685816252630033985e-01
6.548137654817541842e-01
1.389267059170929741e+00
2.264282853170294096e+00
7.084777450760953998e-01
1.957007564169159330e+00
1.746499897463731354e+00
9.303633288471074847e-01
8.645550084462454432e-01
7.995307757176222108e-01
1.604428309523389107e+00
1.260082400700123006e+00
1.197510477357226266e+00
1.267877834578389651e+00
1.812496134036882589e+00
7.305633945493601455e-01
1.228704339823694092e+00
1.077811553881909745e+00
7.021898119500300517e-01
1.545783116697999393e+00
1.216387597851583902e+00
1.080715205053096595e+00
1.049145593855436820e+00
6.234502705033692083e-01
1.676877460448200630e+00
9.914649922497016377e-01
1.900549003044113894e+00
7.143069916766571215e-01
1.329860707711200796e+00
1.214231535882351887e+00
6.195299041447096533e-01
6.428665030922399160e-01
1.224327532036918686e+00
1.689994131117891207e+00
9.551624118663957219e-01
1.228611553871404860e+00
9.006950813082555962e-01
1.118481453055348185e+00
4.832754874738439121e-01
1.528009280861249097e+00
6.379357588415927038e-01
4.527321103262137436e-01
1.789480448967890380e+00
6.895506142755859491e-01
1.110354815788003657e+00
8.324092389085249177e-01
5.739613980601642185e-01
7.252102540198395175e-01
1.757409414481091225e+00
1.271073470141320660e+00
6.891025364549873133e-01
5.774065202684789400e-01
7.570251122636839636e-01
7.061137004831051778e-01
1.774482094746029359e+00
7.485074413938150872e-01
2.258170745412765079e+00
1.302963821167642866e+00
8.461186500565758273e-01
1.103055035745191592e+00
2.071186673802308142e+00
7.531837151592618573e-01
1.386870170612671815e+00
9.635945466880785348e-01
1.304352256879157457e+00
9.912607371300521386e-01
1.233311846744526985e+00
8.836264652508455386e-01
5.832114958706330343e-01
7.331727697448252590e-01
1.788123074623491515e+00
1.591060939760474247e+00
8.288431106074169996e-01
7.790210046494704388e-01
8.911505303722648819e-01
8.820349206489708216e-01
1.827138360383806059e+00
1.442478920033195777e+00
9.851223555225961936e-01
1.162649275088897927e+00
7.902963705004258932e-01
