6.968774940695130482e-01
6.230528030637246806e-01
1.086856224112969782e+00
1.097925893695157029e+00
6.733065464012596424e-01
7.012465700331959040e-01
2.013445136920887446e+00
8.811865537687241234e-01
6.210459071461649216e-01
6.962845614757566803e-01
1.172534961063611991e+00
5.900174465210048513e-01
7.114257850339337219e-01
1.081817527202806106e+00
9.210408930670188621e-01
7.810151020109907805e-01
5.695754786717478479e-01
1.001929711776702314e+00
1.272877487759812132e+00
9.070937013522055725e-01
1.203109529056709537e+00
6.888235268687120660e-01
6.972646933167070404e-01
4.786294313358620545e-01
8.563330625559685272e-01
7.486797440443905272e-01
1.723147056656931797e+00
7.173348674694921545e-01
1.291457868687700072e+00
5.944447067538153329e-01
1.745345517759106624e+00
9.566105881686458590e-01
9.342788625846872863e-01
5.706488137740062250e-01
2.014611738788678164e+00
1.641744513710977182e+00
1.340116929196226492e+00
5.972533880603793088e-01
1.053586199121209432e+00
6.861145537194635047e-01
1.103287275867175676e+00
8.027206311381822612e-01
1.356990515083390081e+00
1.521982240578790169e+00
8.586489560482124528e-01
6.697517042359956152e-01
7.473217036227212118e-01
1.351682931009405397e+00
1.271744833600344959e+00
5.748934324760703873e-01
9.090989654526216990e-01
6.348949865204318588e-01
7.945478888801278394e-01
1.451824110044513061e+00
6.430992868049091316e-01
9.392126353872106703e-01
1.752946988791973082e+00
8.022899938113137175e-01
7.239633094463616692e-01
1.214645989655650293e+00
1.311476914645509861e+00
1.174946841670364783e+00
6.133492131802700253e-01
7.755829710849712066e-01
1.282300354149340071e+00
9.626333638697124329e-01
1.281845237972227158e+00
7.865580264567229030e-01
8.925406037157137540e-01
7.736167359050450942e-01
1.618781121018291635e+00
2.522867205422442360e+00
5.803108005853792051e-01
8.382389232548919100e-01
8.522941287167864477e-01
7.155006599986011295e-01
6.605154258301110248e-01
5.047285290621454923e-01
8.011151934776856720e-01
2.087672120665112097e+00
7.179460795611914969e-01
1.152617275168543065e+00
7.035238107531905927e-01
6.504450485994343056e-01
8.220682403846363284e-01
1.429457737208092327e+00
1.680065045611943031e+00
1.479407894299537007e+00
9.877674888043346257e-01
1.082383080919524287e+00
7.959923877975970674e-01
1.386597293183698731e+00
1.033317675421311366e+00
7.205194090117514882e-01
1.070711499581037840e+00
7.705009187427723782e-01
1.422985083820774266e+00
1.719366117638172486e+00
3.593874912648128639e+00
6.968990422740162227e-01
5.146094892413712873e-01
6.470402673468599319e-01
8.143551401008159996e-01
7.297892017833129685e-01
1.778907461849338789e+00
6.763690290195656374e-01
8.977728292151451184e-01
5.616951942929062636e-01
1.308989595746081314e+00
5.953242728688243890e-01
9.836232637998698625e-01
9.656200682274722613e-01
7.286310698956358634e-01
5.747798358561911902e-01
7.092135308086080503e-01
5.891240456186881413e-01
1.812649690416465731e+00
1.268720235280927700e+00
5.145105574123912673e-01
1.137742430107745006e+00
1.027488747864355068e+00
7.730972753713472034e-01
2.445336737551554673e+00
9.383284551532562467e-01
1.006577968101582732e+00
7.958624593463829999e-01
9.501106960581165994e-01
9.626047759953376692e-01
9.874297789997988906e-01
1.335832782236642258e+00
1.203422926227939005e+00
7.941481219494838095e-01
1.509870017702832357e+00
2.270600474296516680e+00
7.756148452969966467e-01
7.838214318844640704e-01
6.985525209177977368e-01
1.422962210212191270e+00
5.957779214639390419e-01
1.189919891470710533e+00
8.771773271045164577e-01
9.434112346814064187e-01
1.657798090754775355e+00
9.016393345781226198e-01
5.590688480578485109e-01
1.467403238388131914e+00
6.250675322150438529e-01
1.537106912787141733e+00
1.039357959322808611e+00
7.022610469067782635e-01
1.280301823636255110e+00
1.669885357428882777e+00
6.007844443485061969e-01
8.873523697215636163e-01
1.297006402894419264e+00
8.591167054403722192e-01
1.183686248178223321e+00
7.321528846665547041e-01
7.849032402212887671e-01
7.468065649783436344e-01
1.760759889816437829e+00
6.911514039286668076e-01
1.052038018154701771e+00
1.462392743739685308e+00
1.568403717995047852e+00
1.444495057766073787e+00
2.433636935103600241e+00
2.040117565346247552e+00
1.895692102205191798e+00
6.587843998723994510e-01
1.013502703594674648e+00
7.670196503900883478e-01
1.932739004830467344e+00
1.086092250123583236e+00
6.953781090071374793e-01
1.101595246115233628e+00
5.328652364922467077e-01
1.470606152452272442e+00
7.805601077392904097e-01
1.104986849952529937e+00
8.195480743986038874e-01
9.203732826702247793e-01
6.141794858887333897e-01
9.051700487848148846e-01
1.188042551965301286e+00
1.031483332055999069e+00
8.678344183185772165e-01
7.873867289887644949e-01
1.367306206406407654e+00
1.709512512764054248e+00
1.174261115368814279e+00
8.102597018222574832e-01
5.475784957532202624e-01
1.804936401708404414e+00
7.550860095686390272e-01
7.557652761445381451e-01
1.553568498827551103e+00
5.607121551858912367e-01
9.269486672192926990e-01
1.764103094652970771e+00
6.803465753030645269e-01
1.109195662663782000e+00
6.583431551753843314e-01
6.538640735252814196e-01
9.233089353222738715e-01
9.131969410475861970e-01
7.999010434956050908e-01
1.495733196099459539e+00
6.910350759700617518e-01
7.332501842446198514e-01
1.334038047604059640e+00
2.213474437798506056e+00
6.514709282253932088e-01
1.132592403155169514e+00
1.415037016000878056e+00
1.055421710322555828e+00
6.751210262608025037e-01
1.486823620189865691e+00
1.277120531032889028e+00
8.623431902506877300e-01
5.312373419391900331e-01
5.511319403212857626e-01
9.173725914004084991e-01
8.325129260061260306e-01
1.583540678973878180e+00
8.789357897586173030e-01
5.587654834460145103e-01
2.133454001739717665e+00
9.933083921333335509e-01
9.908312851132842214e-01
6.396093760118819471e-01
1.011006360764503453e+00
5.669748045341137521e-01
2.243864529789222573e+00
7.605997617634224772e-01
7.180926630061008620e-01
8.307831289169829159e-01
1.373244077249355932e+00
1.000404310911859440e+00
1.650131459534226686e+00
8.357104240975080645e-01
4.833850879163560377e-01
8.372688039752802514e-01
8.613982634015023843e-01
5.867521344695398877e-01
7.436447556664146363e-01
7.661883627876192593e-01
5.455816728472437926e-01
5.171633940539784868e-01
9.832089992358726827e-01
2.009150782531587076e+00
7.438666981396738764e-01
6.621062931619715597e-01
6.149882782815101478e-01
9.093320202148048592e-01
7.818082836013208192e-01
1.140279322600882494e+00
8.134135056691613741e-01
1.967189496240200786e+00
5.105983273500028785e-01
8.587615898757076094e-01
6.295118822306408068e-01
7.487737008564571140e-01
7.043524608746355442e-01
8.449934101381653129e-01
5.801079349295152898e-01
1.314554235337283883e+00
5.345876460473140135e-01
9.474908786143257933e-01
7.305186189418014786e-01
5.336553788225463224e-01
9.782457109659669081e-01
8.709013055693253236e-01
1.041957971284079632e+00
9.905088385305531595e-01
6.528768497778560942e-01
6.409781333891267918e-01
4.239395281761186851e+00
1.734938130321254768e+00
7.196281244410962508e-01
6.403002321772037764e-01
9.309997575507369394e-01
1.470250132432415535e+00
5.232729535871262216e-01
1.574559263559264011e+00
1.053057969648190095e+00
9.554861736102717718e-01
6.703968953317502866e-01
1.410468627755646631e+00
1.175682493858910549e+00
9.689421506422476460e-01
8.824353422124384672e-01
1.988964715962574292e+00
1.094185702311330166e+00
6.808079220881502192e-01
6.372805722440547660e-01
1.068090886938457329e+00
1.074242512327372223e+00
1.091478137370327728e+00
9.102726093651863915e-01
