7.882178319026512670e-01
5.007110087830994871e-01
1.537647500368216624e+00
1.378346752437473066e+00
7.955092988049325964e-01
1.249983280278939235e+00
6.047590580696254881e-01
7.163618764118403481e-01
1.014380532938140123e+00
9.318165910459617063e-01
6.419667805063137278e-01
7.069472947969903665e-01
1.425578661073588771e+00
8.102142846163697953e-01
1.522426921128914978e+00
1.049581457380447835e+00
1.058882580629766146e+00
7.032343311687749843e-01
8.631027038259417861e-01
8.937489824927584703e-01
8.855540512736257419e-01
1.001172958687518877e+00
7.296624789931812627e-01
1.098645600684133639e+00
7.583796531318989231e-01
1.156349611404442035e+00
7.518853843025001815e-01
1.523312043283925554e+00
9.988134259487215783e-01
6.224744071346933749e-01
6.306382098677363324e-01
9.894824428544999328e-01
1.461618798805189190e+00
8.359076054503916664e-01
8.246814697536364314e-01
8.188041264447144529e-01
1.658118041313726199e+00
1.025112162271908378e+00
5.381125683040968166e-01
1.220487451481171659e+00
1.496645974087658537e+00
9.180697011808680585e-01
5.521435507429836020e-01
2.433227561202859768e+00
1.098736435176913773e+00
1.321408714331539613e+00
1.406571919006052829e+00
6.501116048883416321e-01
7.859815202430848746e-01
8.270550208126059566e-01
5.190351081353951068e-01
6.533428716291228566e-01
1.005144132779852706e+00
6.150285251034528500e-01
5.732749213978368674e-01
9.347479648229926052e-01
8.876738663538588092e-01
1.139530810548501139e+00
1.226595754800953397e+00
9.244948011539374511e-01
5.239702453899767187e-01
1.350508252318869395e+00
8.077383719563563380e-01
7.259156457351474412e-01
7.973099682699843482e-01
6.784837198890345533e-01
1.739622749740251439e+00
1.477367093082053051e+00
7.095476275236266561e-01
1.081741812626430654e+00
8.176931503540294521e-01
1.228388214722463845e+00
1.227228377593239328e+00
1.214472420876697711e+00
7.309904671070486248e-01
8.068866482107344140e-01
6.480025423574573562e-01
9.397754704261809255e-01
1.547009553083665390e+00
1.387893585434343269e+00
7.328163950180627273e-01
5.419990069579480041e-01
9.084953574809071508e-01
1.661544382159795052e+00
1.055358952107790405e+00
1.293250130921020480e+00
1.366089363959765102e+00
1.254035517140347000e+00
8.500710505816424511e-01
1.219645726218403281e+00
1.788163128123034795e+00
5.380140495121944477e-01
7.599160262036506186e-01
8.104739718323181741e-01
6.008440067797449213e-01
8.980073811294339015e-01
5.630151985144089544e-01
1.691238465780141143e+00
1.385256991687502381e+00
1.552508850773829829e+00
9.503584038773165155e-01
1.190067888314076505e+00
7.147762606201727431e-01
9.098937908723468970e-01
1.336887288485273384e+00
4.632163842077596794e-01
8.066387700607450251e-01
7.756491168072985332e-01
9.327073057641350751e-01
7.386107581828137425e-01
8.991765177648037843e-01
4.089995679509180748e-01
1.279632407745642908e+00
7.455558998814686422e-01
7.135019142400176317e-01
8.296174091888809388e-01
1.017520169079672909e+00
1.305316973871269992e+00
6.323361664007783878e-01
7.541404822817775466e-01
1.095582565319233481e+00
1.699744006668050700e+00
5.441258847436400981e-01
6.314062526358397154e-01
1.578175073883466784e+00
1.208447103716232540e+00
1.384520967195040919e+00
1.012795451360087418e+00
1.222997333543910603e+00
1.032354868403469572e+00
7.869975651372114189e-01
1.443880425193853068e+00
1.008793935162180633e+00
6.574994932469320208e-01
7.910815666357565723e-01
6.423262583166773343e-01
7.501306479002133321e-01
6.705171662884694683e-01
1.205211265247492891e+00
6.715712346736776306e-01
1.696114773129849818e+00
1.150989734338432768e+00
1.119729719181990824e+00
1.134641883482907510e+00
7.256620764055210504e-01
7.365615849610256394e-01
6.015073735409104394e-01
1.155204010755087607e+00
7.372106212995269692e-01
1.139702205472771679e+00
8.923359670393201659e-01
9.955450897163349300e-01
1.283643018194653873e+00
1.232083326868989692e+00
4.906356392378578568e-01
6.378693017491461337e-01
9.972988926471820781e-01
5.635737990935502095e-01
9.213218857741466428e-01
1.708587866029014801e+00
1.268387011916344509e+00
9.323593808271308792e-01
5.151265424774614798e-01
5.972622473280314592e-01
5.550293252889153539e-01
1.069796173122195437e+00
7.261940468622822831e-01
8.892157067650793278e-01
5.733952200694930612e-01
1.572393654666177643e+00
1.458043593337622124e+00
1.010011470416436463e+00
9.621551172674128738e-01
7.572214859027174283e-01
7.811611174222219400e-01
1.290894360940585850e+00
6.688591257092120212e-01
6.210339160376524559e-01
8.396946323189832251e-01
9.660679273603189898e-01
1.198061427346196695e+00
5.518527690285897069e-01
1.104973959315434406e+00
6.657351758501357519e-01
2.347137710306272051e+00
7.112911150159969553e-01
1.515331862010665942e+00
7.494934107325252892e-01
7.075273310869790722e-01
8.820820843406217415e-01
6.900282476792041209e-01
9.037175237950304529e-01
9.175855541030445428e-01
1.075611162776640706e+00
5.498883252325986737e-01
8.272379536054730309e-01
1.132986918126383413e+00
6.808054686538376199e-01
1.013288171404659987e+00
1.294062076767257041e+00
6.899185831826517568e-01
5.870112192992115174e-01
8.276011959814472130e-01
8.117264957231182798e-01
2.058821925852530210e+00
7.457790907065842134e-01
7.073235200167317105e-01
9.069314211781700497e-01
1.173390297030421525e+00
7.963624313944546174e-01
6.448790821582350841e-01
9.150434362803295807e-01
1.066212715638034991e+00
2.963305128200432126e+00
2.081699959434788028e+00
8.517013289408608134e-01
6.789729909271986497e-01
1.491301424011840293e+00
1.161246979137416035e+00
6.295218147512112727e-01
1.159168816648615152e+00
1.323839203250739338e+00
6.635616017289679425e-01
1.077000589942939790e+00
1.598222174462453404e+00
1.271462261696996388e+00
5.475546354834603946e-01
6.256887829387832722e-01
1.262969554884032064e+00
3.601829312225642621e+00
9.111758332460880849e-01
7.369516503222821591e-01
6.482720473781002912e-01
1.621120362705263274e+00
1.042416765956450719e+00
5.151309196115535505e-01
7.971887761632443503e-01
9.645251479695157171e-01
6.889747337443138386e-01
1.208840501221213781e+00
2.707940590479184895e+00
1.141683181598762697e+00
9.566134628284702623e-01
1.253365155788776830e+00
6.970429386315886156e-01
1.378243396603982429e+00
1.789523176984843422e+00
2.450843615692830380e+00
1.181457062496609423e+00
5.521077059290105948e-01
1.095312864255457930e+00
6.965416804598680844e-01
1.154976412378582840e+00
9.679978519715100038e-01
7.319224684043125206e-01
6.195819230048986714e-01
1.831320220785802588e+00
1.281532947037829828e+00
8.806889196542130316e-01
8.038217520176857978e-01
4.454086436925407400e-01
1.118049821758596574e+00
1.385864059258022696e+00
2.277400717105540373e+00
6.068985214739545109e-01
6.804308016862128383e-01
1.085016199920072477e+00
7.314205667412709833e-01
7.798040255367980622e-01
8.631219358572909117e-01
8.064976745911994760e-01
1.637499878193043434e+00
4.817504323965784430e-01
7.066293021005037867e-01
9.555574145497104377e-01
6.323730936533686897e-01
4.369250173907321955e-01
6.840468836800401853e-01
8.988165856487719818e-01
9.400819230149187744e-01
7.505403374082666446e-01
1.215431495356899205e+00
7.481599795088232918e-01
6.842932339723485358e-01
8.251755719294977531e-01
8.580236063683265302e-01
8.235416771280408277e-01
5.968349990364224533e-01
9.491366549555027010e-01
1.043172486461965587e+00
1.008043015862550629e+00
8.053074405160048910e-01
1.964669277789375501e+00
2.179967288418056981e+00
7.884423901214810959e-01
4.746855142686814411e-01
1.195386914626783481e+00
5.087939095790106059e-01
5.319828132973667412e-01
9.709919234905595165e-01
