2.181533831068205309e+00
1.635771721268110879e+00
3.260983203281176745e+00
2.174790520597039034e+00
1.938569035994001100e+00
4.227047458812604575e+00
6.414729627715187732e-01
1.044736960717617791e+00
1.136392569870890101e+00
1.470303110721799866e+00
1.448689940660863096e+00
2.946444707608951941e+00
1.024980066078789331e+00
2.943643381066304521e+00
1.321809524319836004e+00
1.276309509954503874e+00
1.546345390980825796e+00
9.194377035494829542e-01
1.084942881546724580e+00
2.691249419915115570e+00
2.059767618647099674e+00
1.435322113934511368e+00
3.400862560408665303e+00
1.394524023052806649e+00
1.620995065167667004e+00
1.685315588990932589e+00
1.152976192743320194e+00
6.878980065750425199e-01
3.740279059169384190e+00
1.366341495634016523e+00
1.915131705745257706e+00
2.160511748036554547e+00
1.868632425018292409e+00
9.586856224497993795e-01
1.466366802684450521e+00
9.523513161456956810e-01
2.118868468927587401e+00
8.914677296210307134e-01
3.553102043987953707e+00
2.113681929356901357e+00
2.267507509692724632e+00
2.133512015378393301e+00
1.554420614816435897e+00
1.398463253768084558e+00
1.616488397019484324e+00
1.426011103982602668e+00
1.461188056808830682e+00
1.068295128046776510e+00
1.900809831032641561e+00
2.759871613796874623e+00
1.480874712629300483e+00
2.264515254684539958e+00
8.423650975187810808e-01
3.436481224067204021e+00
1.031007608595210900e+00
1.183760562457231158e+00
1.287641236654435861e+00
1.632550185578684143e+00
1.820646992219961513e+00
2.952250761525226697e+00
1.644296843636991801e+00
2.359250805647725713e+00
1.694292009836082968e+00
1.629404354326496662e+00
2.307230435049683059e+00
3.376891699637271316e+00
2.449924015368219354e+00
1.057737721429149236e+00
2.154689006036889509e+00
1.236737679295198955e+00
2.094701000974555694e+00
1.164424306873299120e+00
2.739253437442411787e+00
2.958106281165763907e+00
2.212617736521913514e+00
5.293031152063620404e+00
5.438144289742510296e-01
9.913998438292348503e-01
1.718326912359117831e+00
9.580164160008685093e-01
1.273248802304734584e+00
2.363454363960484361e+00
2.094514461866407107e+00
1.342047498156597296e+00
1.018203880609679812e+00
1.981170859233634340e+00
3.802249899336906047e+00
9.443826314395570298e-01
1.722582295213890724e+00
2.156089175582535322e+00
1.718150239576516469e+00
1.806568586228476603e+00
6.932041023349949649e-01
1.404792440108338925e+00
9.470267703030421647e-01
2.682835292585795894e+00
7.980858104903406636e-01
1.739231529082875483e+00
1.479361005664919793e+00
1.816787874534180336e+00
3.593222011317043219e+00
2.015179250205493933e+00
1.067860223502866468e+00
4.011344874841558550e+00
1.017490025091602801e+00
1.132322068663069059e+00
1.958745161255808220e+00
5.248761315294983909e+00
3.115087431308696253e+00
1.092301528998686155e+00
2.902430341380599188e+00
3.010172706027051337e+00
2.405895119700266260e+00
9.036599721126236107e-01
6.796185435070024594e-01
7.256223404591869430e-01
1.234688777117664005e+00
1.203256536079243544e+00
1.523579717121814614e+00
3.634534763014936054e+00
1.511044670448337124e+00
4.303872868867674839e+00
8.901344462723301820e-01
1.533152554540199830e+00
9.755489499235798778e-01
2.217617858580253731e+00
1.630867081791127493e+00
1.119458692558798596e+00
8.023188684407258631e-01
2.152348882542855613e+00
1.114827183788370091e+00
1.753017960396485719e+00
2.016812934946538238e+00
1.471112218020285356e+00
1.352159320896979988e+00
1.002340216540565931e+00
1.054860766531927840e+00
1.777519156029308878e+00
1.262051635857605714e+00
6.785302716079362195e-01
1.948219212261635302e+00
3.365685463606767680e+00
3.299532164451390415e+00
8.409974527647749998e-01
1.719497726270603266e+00
2.725333538260235056e+00
9.907706617093237078e-01
3.034173419429865959e+00
1.179385930636590141e+00
1.114989067829031510e+00
1.666764299252201154e+00
1.564738979807139385e+00
7.472127490157717267e-01
2.862938617721730417e+00
3.186417619699974058e+00
4.983165021014633322e-01
1.790859009488354525e+00
2.783365861601583724e+00
2.577000017906681428e+00
1.393242096418251474e+00
6.148420287291994413e+00
5.228456468966125037e+00
1.207427924434301802e+00
1.812205819753219593e+00
5.585782882489767065e-01
2.420133085110127702e+00
1.213520787784842847e+00
9.853023378165312041e-01
1.609502702643015537e+00
4.475053462128304460e+00
7.585621160691056186e-01
3.480731323950857714e+00
2.114241828196522288e+00
5.083230137940842219e+00
4.283341492390935201e+00
8.380978299199606241e-01
2.707431022910494089e+00
2.186888693183218990e+00
1.392289751826402799e+00
5.717917193256737418e-01
1.590367796857630633e+00
1.161861853856581028e+00
1.674040884657928663e+00
6.051644908930989608e+00
1.820748952968752166e+00
1.815095439859558013e+00
1.683232657458215042e+00
6.841843718729411217e-01
2.714324315251870789e+00
9.114499133280183907e-01
1.875205105932014726e+00
1.306097092875876164e+00
7.028563107197206561e-01
6.082236007957526169e+00
9.436120639073765082e-01
2.278059302185941437e+00
1.111736413202882190e+00
4.761306443563906754e+00
1.263204730433069800e+00
1.677686568481113971e+00
1.550147336430847567e+00
2.038453275999420278e+00
2.234066751092392611e+00
1.249801357524356726e+00
3.386078715376863002e+00
2.506926371005083087e+00
1.644126721576894434e+00
3.087238815722973762e+00
1.334649427515159248e+00
4.416769579330491524e+00
8.813423516181170259e-01
2.026613139163187416e+00
8.862098388928217885e-01
1.757212193817687229e+00
1.160685664181437815e+00
2.191385663350930546e+00
3.556780477357332604e+00
8.876253318897829869e-01
1.079190116496905105e+00
1.229452534993119128e+00
1.061846889253659887e+00
1.838816269600782149e+00
5.202602427718963085e-01
3.346572670408534123e+00
1.974575133858662124e+00
2.318439307802769189e+00
2.022738272213926880e+00
8.555094051254031884e-01
2.407761270495813122e+00
1.785688234323467682e+00
3.116611115472416760e+00
1.298365078489761126e+00
8.564350966250926511e-01
5.496850929593840585e-01
1.933177137897797326e+00
1.946500941914784510e+00
1.289327982573790443e+00
1.428487755563287331e+00
3.066161287817609438e+00
1.585356216317064915e+00
4.315430298742071180e+00
1.708932854449647376e+00
6.245854743740639758e-01
1.337640227107288249e+00
1.180029685833720254e+00
2.261170095856196216e+00
1.196474290694966136e+00
2.338442104441111447e+00
6.270292954262346452e-01
1.233054873058159195e+00
8.251702851144958606e-01
6.367035453033159653e-01
2.101667382160581798e+00
3.376651638706279268e+00
3.491959321187176890e+00
1.690906944385091926e+00
3.751097693043563996e+00
9.307927378839740973e-01
1.343253492491343737e+00
2.394436566811776856e+00
1.733106496548404429e+00
1.031932038625977155e+00
1.568079540062507160e+00
1.226603482357050856e+00
9.479432174705035852e-01
1.768129181337273481e+00
1.866442914968846845e+00
7.257841847387200840e-01
1.169367462832990201e+00
1.189318718020370813e+00
2.147208561767878443e+00
1.690896281159393499e+00
1.414400907206571967e+00
1.271621555537711279e+00
1.978763303231507509e+00
1.599853647746753760e+00
4.253216768447906304e+00
3.335733042632216705e+00
1.308321314684941061e+00
1.994070324583585352e+00
7.344426508454955371e-01
2.149016320661571999e+00
9.850279362664837723e-01
2.658149447381999320e+00
2.329180325690162867e+00
3.040006728974368855e+00
3.162870262440657498e+00
1.341512214587524898e+00
1.130996682367044315e+00
1.224546476828430874e+00
1.783103998807824331e+00
3.011988050136633621e+00
8.005607751334432587e-01
2.004796836510049474e+00
8.936755210916758063e-01
8.987053445750121661e-01
1.784587364027480749e+00
1.228313343869293250e+00
5.183811277690502983e+00
2.197381806052172148e+00
