3.411532444552416443e+00
2.114212167166519052e+00
3.575786609336865762e+00
2.017792090885945466e+00
1.751244899524326826e+00
1.078852651392012030e+00
1.715584423418691884e+00
2.478168383175302303e+00
7.292390710766499806e-01
3.029994849993239647e+00
3.033877917064242258e+00
4.315640184206511520e+00
1.111466508786869145e+00
3.203617171343179582e+00
1.806702683015236621e+00
1.806435630944582149e+00
3.529270938738822583e+00
4.084542579861523137e+00
4.671828860418275831e+00
3.335932147323324326e+00
3.894506972320221028e+00
3.374845065479977979e+00
2.031294384315484702e+00
1.959121703904448175e+00
2.220046250851654523e+00
1.280645070168754840e+00
4.009850100180433863e+00
1.942592480440094471e+00
2.908358718525259068e+00
4.222134739782142709e+00
7.230902599001326259e+00
4.304829426475428988e+00
3.550688171062725829e+00
1.957770404985229806e+00
3.897915846929344674e+00
2.375651097936463785e+00
3.485211182004777530e+00
3.584903453486681713e+00
1.265785430070668127e+00
6.267483938018853173e+00
2.872587640064987458e+00
2.807851066578340049e+00
1.165439500341361789e+00
5.515477830826187144e+00
1.274129529786478088e+00
4.681289787418612569e+00
9.037602909378648075e-01
2.078111729864707602e+00
3.031501080603875131e+00
8.622941605124722741e+00
4.476880214756302045e+00
6.039793271299697786e+00
7.512641294294649441e+00
3.641459125696784760e+00
2.286070110584425219e+00
1.341654117748500186e+00
2.168992564933466483e+00
2.388904571851226510e+00
5.508844030023958283e+00
2.955009603225390080e+00
8.235180062788511890e-01
1.101181477159857591e+00
1.994032222418211653e+00
2.098730586888994054e+00
1.461879443289717084e+00
2.891883317683153543e+00
3.392943512870649769e+00
2.813266405319280850e+00
1.061399656235922695e+00
3.328213675548858941e+00
4.739991727123165077e+00
1.098650246999253621e+00
6.260550601565674000e+00
6.796081430298510639e-01
2.901769098073051723e+00
5.271647390767308927e+00
4.659902618151945397e+00
3.580155152435972710e+00
1.287974015625504620e+00
2.524967039177378858e+00
5.617325809452736962e+00
2.869048050005483130e+00
2.729326617039211200e+00
2.645726188132623502e+00
5.036341941854066029e+00
1.829545871011521996e+00
2.568649251112547383e+00
3.229094633372755485e+00
1.867659630580850161e+00
1.510211555643517833e+00
6.553720818937522896e-01
2.020185918538230485e+00
4.138928415453364984e+00
2.662632298875485137e+00
1.525978778512853129e+00
1.176646123081587669e+00
1.908471792965079628e+00
2.928596515896219721e+00
2.540098180572958775e+00
1.284240051395584281e+00
4.632448799734951272e+00
3.473419405768449764e+00
2.088533345817932041e+00
4.559687865951067565e+00
3.848668987333393687e+00
2.179916601930103504e+00
4.611861013814827714e+00
2.382522270037551237e+00
7.753024070916698651e-01
1.329090266444234114e+00
4.989714825229695450e+00
3.396938850938532095e+00
3.914064023308098328e+00
9.641434940914520579e-01
3.537013351354288737e+00
6.681113768552340293e-01
2.287036581598928642e+00
1.367016799150124973e+00
6.012751167552186082e+00
2.798781171627839903e+00
1.946029272707012758e+00
2.919599946907143639e+00
2.605775387068745452e+00
2.229832501399937161e+00
2.228306118428368343e+00
2.422860336888446486e+00
2.139179593381189459e+00
1.470244637434179547e+00
2.556414606543746082e+00
3.199821482112966020e+00
8.981246384015850737e-01
4.947930589572557381e+00
2.847134567354192569e+00
2.200017711751627747e+00
4.334742011623258229e+00
6.478048044675605688e+00
1.994677277085252332e+00
3.312016109255469409e+00
3.684365843855263112e+00
5.079036367690327181e-01
2.845207920974673232e+00
6.292240668959887095e+00
4.420438389491891940e+00
1.742088337356528127e+00
3.060075781315612975e+00
1.328245605481563674e+00
1.583837988791430895e+00
1.012259799414212180e+00
3.164194752966306812e+00
2.775247886178170198e+00
3.159617987955801066e+00
3.902013327570208467e+00
2.815763323885998037e+00
2.375000480651674017e+00
4.555316871865564110e+00
4.075395812475117729e+00
2.220382144533735058e+00
6.762561080492757171e+00
3.995578318820364405e+00
2.067913937383985878e+00
4.099228887779420738e+00
5.685315042778411154e+00
9.191411344578549469e-01
2.800567609046944906e+00
2.414647025410844527e+00
2.316609587616947241e+00
3.864729182863483548e+00
3.554959133785898118e+00
1.816158341616971539e+00
2.709619222086891988e+00
2.078933206914434617e+00
2.700201489898841789e+00
1.352436135991913702e+00
5.161857023262569122e+00
3.644797391214814386e+00
2.473695113392481382e+00
2.127965871450631763e+00
2.651880770243018048e+00
1.775003618885666157e+00
2.257421644243855052e+00
4.787579892186085928e+00
2.787000436428570982e+00
4.077971409419715698e+00
3.454381375884412186e+00
2.317155337975696838e+00
3.355620625553910941e+00
2.646276801913693077e+00
4.697945040801513983e+00
2.397293837868482047e+00
2.207346224560930992e+00
2.455768645698685582e+00
3.688785904085982281e+00
1.226130332204180995e+00
3.461391873454563228e+00
1.153816784123187444e+00
1.398712868999612224e+00
4.555761846228124412e+00
1.088269865952054660e+00
1.482324713582899189e+00
2.120342871232416826e+00
2.123031360453003558e+00
1.316516055421122378e+00
1.568760611516581305e+00
1.674598957441510549e+00
4.164347423881705090e+00
1.976973125741305237e+00
5.021419823385761205e+00
3.473451731646383323e+00
3.327600748998285063e+00
6.041494536009577310e+00
3.074356924144421743e+00
4.491803445426311825e+00
3.295370831732671757e+00
2.783997378178488802e+00
3.510872625039311412e+00
1.552464686762437651e+00
5.608287026003901055e+00
5.491378943445934802e+00
1.556419702319694398e+00
8.972747171887903717e-01
3.645816995092573176e+00
3.092314239209692950e+00
4.571088575775072549e+00
2.284530523454458173e+00
1.936249535516969766e+00
3.492359724425083467e+00
4.179517260300192660e+00
3.298376760555973064e+00
2.343988892139974300e+00
2.421801969548526223e+00
4.351999979894341841e+00
3.713120624209171883e+00
6.709265283619141318e-01
1.782880584915336186e+00
3.103267226585171734e+00
7.328287176801063119e+00
3.955552145881216397e+00
2.416022739148031118e+00
2.389508328944606852e+00
1.845154579242275217e+00
2.816576872438781631e+00
4.024019119688109214e+00
5.508653583266096554e+00
4.233632997085382321e+00
3.267458160202719508e+00
3.946803397508620748e+00
2.240387581024946506e+00
3.232506757331209180e+00
2.874422937781337506e+00
7.863697870013050206e+00
5.605203941215312069e-01
1.977788829628501110e+00
1.768515171105366601e+00
3.664758631430190761e+00
4.828110275715703281e+00
1.963965637913614781e+00
3.276124991427697086e+00
3.885842548801573315e+00
2.152409044392840975e+00
1.119755004910809371e+00
2.998610318885970738e+00
2.163973770180652956e+00
5.547192020868233486e-01
2.289307500759059977e+00
3.509510929438981020e+00
1.232606502609902011e+00
2.932073537603618441e+00
1.426633243275649887e+00
1.566575124431043298e+00
1.322258046931706010e+00
1.941343674540572106e+00
1.172257706232547214e+00
1.516179295318925924e+00
4.459505597600480264e+00
6.520390147207041132e+00
4.283408052902644592e+00
2.809643463683102027e+00
4.056846750065249196e+00
1.429865961753097103e+00
3.256014305634577610e+00
2.681683347720108301e+00
3.012992930555047355e+00
4.896611305305043516e+00
2.676540316789728813e+00
3.441131823148338320e+00
2.983174751381745704e+00
2.291726403866298334e+00
3.817652376381020840e+00
3.983771265565721809e+00
3.263632322323147594e+00
3.356800417100453959e+00
1.665656156793636322e+00
4.193937730303608724e+00
2.951109411209374311e+00
2.337577870083570986e+00
2.046663838166686400e+00
4.114965727703746801e+00
9.957605118289951651e-01
4.563721369523720206e+00
3.182458094833710671e+00
