1.964682314028819432e+00
1.087235342498414248e+00
5.467234550160512407e-01
8.555566986491885961e-01
1.682158195433230974e+00
1.592532171045377698e+00
6.477776709557018231e-01
1.215126268200067416e+00
5.475097512787817644e-01
8.647955414181844880e-01
7.392815478724797940e-01
1.214736577143429086e+00
1.001378014245652093e+00
9.449293975442113469e-01
8.182605593350925632e-01
9.540510255008799456e-01
9.850874219994893988e-01
1.029983307432868589e+00
1.364486590977424640e+00
1.224031669367886765e+00
7.306298771660568736e-01
1.146059448563195415e+00
8.594025340440879512e-01
5.510541748541134544e-01
1.029765526432610878e+00
8.750656198827606591e-01
8.155052465275444140e-01
9.276411860821865973e-01
1.226386985755099301e+00
5.318325591854627943e-01
8.497254332497089502e-01
7.330168715595072326e-01
7.714145697356429299e-01
3.858679834475530868e+00
9.044077347250643051e-01
1.133535607817212965e+00
8.861847125928334901e-01
1.112778077142816180e+00
9.176670610569548359e-01
9.678100209366959916e-01
1.688174624332247076e+00
5.856827229134148327e-01
1.746554496973187653e+00
8.561771681317460470e-01
1.769694324252737427e+00
9.956382513660307909e-01
1.017013086030561952e+00
1.299357378883939429e+00
1.022516449176725351e+00
9.649285316458640072e-01
8.156201929152185892e-01
8.813513436672810730e-01
4.478702739916161635e-01
5.442960877382051477e-01
7.116843487859898509e-01
8.703911710384387712e-01
5.492649302889858198e-01
4.830821249028741105e-01
1.830465665253243834e+00
1.849805273465338740e+00
1.016702325174691834e+00
9.649363065260512240e-01
6.379716210919567088e-01
6.940205970795889634e-01
8.378849224996686162e-01
6.270091321964397224e-01
7.906530676268435087e-01
1.350734071739433828e+00
6.836582011931913172e-01
1.563288298573771273e+00
7.594586574939349299e-01
8.950987411997648469e-01
1.375848484108493919e+00
8.248155303620702261e-01
9.566607731623426591e-01
1.215679292071214501e+00
1.483553854918121084e+00
2.237790907621981074e+00
6.272279017503123999e-01
9.977403514099968396e-01
7.456521722075780678e-01
1.009945184239492200e+00
1.096613470183926298e+00
7.150574886144173137e-01
1.047561456601595831e+00
7.905196250186115048e-01
7.211830456969647862e-01
7.968526077533224505e-01
1.041303361767528912e+00
6.635254566555941480e-01
1.046121617544023996e+00
9.474995546035570593e-01
6.549701001997098038e-01
7.872639391969344924e-01
1.013850077474125921e+00
6.933036014353984866e-01
1.297083655229664956e+00
2.490066259854336383e+00
9.145092662158710306e-01
6.988200075895502072e-01
1.667002862236038219e+00
7.657705456108588882e-01
2.356401421853862477e+00
8.457427993304258429e-01
6.527567353150049989e-01
1.387298456415470005e+00
9.623375194241257091e-01
7.134548747435405236e-01
1.531292599926837195e+00
1.094585955577752845e+00
1.072427431774229722e+00
9.588809715981281290e-01
7.046487570292628844e-01
1.338391140237300547e+00
6.630192556855151187e-01
1.214489614358276182e+00
8.047034476087704391e-01
2.827546747622557088e+00
7.760952908214672208e-01
1.263285361827488407e+00
8.571545027273498318e-01
7.235112557230636288e-01
9.255295588976709675e-01
9.899561831448466798e-01
1.008285806890002689e+00
4.893909622719007646e-01
1.684111064457260776e+00
6.619981994552136539e-01
9.232732491195995150e-01
8.377421699666993682e-01
9.169877747201915508e-01
5.053810585752143147e-01
1.002082120965657630e+00
6.053908833116469212e-01
8.021685933620675835e-01
5.833990534802021566e-01
1.577760136591097595e+00
1.158424014530728963e+00
5.231733445127521032e-01
9.860934790133565331e-01
1.339023618872158705e+00
8.875377724305056892e-01
8.584774745211449787e-01
7.899436084803940217e-01
8.547795610475193984e-01
1.363170071377079351e+00
2.934182122140327476e+00
5.516973579077815160e-01
1.176986156488198487e+00
1.716803867391946792e+00
7.485376910288996655e-01
7.948435158592577210e-01
1.027856038943131267e+00
1.082696063794415631e+00
5.166306616771422222e-01
5.335294482645308589e-01
6.066088815872939799e-01
7.746902888104593154e-01
1.434499870291087609e+00
9.858960572327294392e-01
1.242703189828513910e+00
1.125934331049434522e+00
1.017612159242004655e+00
1.445352084774210066e+00
1.121714630693926740e+00
7.857666729208350187e-01
4.723255368580895341e-01
2.173819963946939549e+00
5.265585137204802368e-01
7.003088220336740610e-01
1.357755493410846670e+00
1.414058730656560403e+00
8.705221120850649141e-01
6.881477897247343378e-01
9.786374085074345253e-01
9.477495200552040755e-01
1.191051337692855094e+00
7.057910310602847348e-01
8.007085113475123084e-01
1.094740830410751320e+00
8.841400398319170240e-01
7.264210451714394612e-01
5.655995910557491957e-01
1.363063682558641299e+00
5.714635558797488413e-01
8.234397406391215091e-01
8.849477296138013038e-01
1.275391502471449501e+00
9.464854724298620292e-01
5.214855020169286703e-01
7.107566592687420970e-01
1.756127052232294039e+00
6.982638128278191303e-01
1.154365181832467613e+00
7.506678946691057730e-01
9.519638531871773557e-01
8.657544791054385680e-01
6.412382881128161349e-01
7.454482256685179831e-01
1.689852877822169530e+00
5.364517641625387023e-01
8.048398547983637297e-01
1.122944054136753245e+00
5.994565591275381466e-01
1.700410620552495811e+00
1.149416744494408782e+00
6.654711657796864577e-01
8.131350200205403889e-01
8.472426413006095558e-01
8.443261782699335027e-01
9.595575208954723045e-01
1.257796822211622478e+00
3.154149151332619638e+00
5.659249249720003094e-01
5.562509920344407277e-01
1.677530264088300305e+00
7.808885919870720560e-01
9.738068281838171414e-01
7.440018914821522333e-01
5.804779187487943970e-01
7.254813709526882759e-01
7.292359765981591968e-01
1.210064985600969756e+00
1.014045959173903277e+00
9.573443026526340383e-01
1.321416433721598782e+00
1.404627312786804305e+00
8.446026330714010433e-01
9.154808222575460119e-01
1.371659466033805730e+00
1.639361472669970565e+00
9.144781270774787751e-01
1.836121724814245182e+00
5.936333159294348016e-01
2.507235068046544058e+00
9.493776473490853629e-01
9.580567856612745015e-01
8.121666700000949035e-01
1.004845102804754919e+00
1.244580321444905824e+00
8.569635501790340282e-01
1.994862746393202046e+00
6.372455960820969656e-01
1.727424905093287943e+00
9.238217030934252616e-01
6.666291056626643119e-01
1.502355685169469712e+00
1.118385368995892915e+00
5.570161388207263142e-01
7.720141040113487341e-01
7.012659228846409576e-01
6.984236681881426101e-01
6.649691449090250339e-01
8.945441687235344830e-01
1.477454213113882364e+00
7.352207269996253736e-01
5.672506638507613941e-01
9.615163131004854646e-01
5.147602789255379951e-01
7.242542217235650170e-01
7.331092083095483991e-01
1.269915232191203946e+00
9.723937063851337825e-01
1.107145874736396696e+00
7.746719556944664520e-01
9.469781907331820126e-01
9.681570555872663908e-01
6.754356475852845154e-01
1.763576873466309092e+00
9.985213481378847344e-01
4.873253345886047749e-01
9.818082063864920217e-01
1.573662720980214091e+00
8.242532683470232824e-01
1.065656553200886814e+00
9.441701650280091007e-01
7.793580429990334402e-01
5.492811597982211191e-01
9.602930791073486239e-01
8.251823566109085517e-01
6.129930651613296755e-01
1.232277702780625761e+00
9.647421225122322364e-01
2.100929934464315973e+00
7.553324450672017631e-01
7.434719168944188272e-01
1.242305229895196428e+00
9.647553104996866580e-01
9.112381081957097173e-01
8.664637911569719186e-01
1.932007873166851075e+00
1.202025332841323069e+00
7.781820871379234728e-01
1.082455624353494628e+00
9.697604411392420909e-01
1.689786870447538725e+00
9.316240236589943269e-01
9.745224430074627131e-01
8.066270812413040003e-01
9.806303652582445407e-01
