1.063883129277323434e+02
1.046586077663448719e+02
9.948905838975099414e+01
1.058910367659605924e+02
9.696952485055298609e+01
9.706215891146553076e+01
1.049632329593320463e+02
1.020300870956916270e+02
8.949321594617704534e+01
9.869421672490578601e+01
8.729234217027548937e+01
1.100503974592952261e+02
9.580778022022532525e+01
9.702589162043842919e+01
9.411087919714991301e+01
9.718960734030882520e+01
9.097264632540249352e+01
1.080175631222006558e+02
9.688954730991764563e+01
9.112742962872945895e+01
8.676101344113178016e+01
1.023848000858463791e+02
9.643850167328010059e+01
9.907328178756135628e+01
9.731562331317940107e+01
7.633297618410540508e+01
8.999337362321763578e+01
9.210987611131768915e+01
1.065898231455142877e+02
9.354362260316044342e+01
9.345973811185470481e+01
9.794477346135866469e+01
1.048964268493467813e+02
9.599236549050378642e+01
1.079361278030163191e+02
9.623738700288649284e+01
9.243979881345057947e+01
9.693792485870012854e+01
9.098660510086403974e+01
9.427336858265958597e+01
1.075564652504598087e+02
9.248628948125364957e+01
1.050734258487134127e+02
8.678626888905839110e+01
1.114137022468530063e+02
9.271703266095144613e+01
8.620604731163828660e+01
8.472175896725782707e+01
9.829696966375510669e+01
1.040589565848387110e+02
9.454559871665949800e+01
9.202880852884332796e+01
9.524766095868287152e+01
9.344439983551306739e+01
9.581351879142209782e+01
1.077722631445889050e+02
1.010033591765911467e+02
9.403817100251569627e+01
1.043274854810405685e+02
1.079656205682659476e+02
8.100563678428775916e+01
8.855017629749711716e+01
9.172705522393633260e+01
9.251307357732838454e+01
1.086939102127259389e+02
8.786622573811847303e+01
8.853077961667746365e+01
1.009538909954924861e+02
1.005475597030996227e+02
1.009529886492631476e+02
9.800802910764305409e+01
1.032813397975034633e+02
1.100186751610679607e+02
9.056702043386412981e+01
9.993108673733166825e+01
1.019600955889855385e+02
1.037998628529074523e+02
9.420836852034690878e+01
8.429235466947852728e+01
1.081039007021756930e+02
9.685372886132499559e+01
1.042108461633903147e+02
9.395652004253243206e+01
8.778208338832129698e+01
9.474923899169125718e+01
9.810504067991811894e+01
9.635317538316375874e+01
7.760294967535564581e+01
7.933972304355506822e+01
9.852945352694388248e+01
9.407436420084908946e+01
9.111632515308750158e+01
9.266779260517529337e+01
9.802123810502352796e+01
8.561933313504221132e+01
9.190419811776745007e+01
1.004611182294127616e+02
9.864882956362222899e+01
9.225649366490019077e+01
9.573150022005663118e+01
9.148382247932585187e+01
9.370388629598282648e+01
1.122200455857319810e+02
9.681393707215212885e+01
1.018337937727588667e+02
9.387632308195857433e+01
1.007020961248398550e+02
9.089211795000628058e+01
9.511820670843118819e+01
8.341590468000184444e+01
9.099968217225494982e+01
9.623742935255883424e+01
9.396605273726596863e+01
9.322768792423849504e+01
9.650022520428537121e+01
1.017748627719323764e+02
8.733284683598712661e+01
9.233256787345834482e+01
8.614525001338942900e+01
9.438864993711658258e+01
8.769001781206031865e+01
8.633656712883654905e+01
1.012430074313490138e+02
9.167559353085512441e+01
1.076669314434721372e+02
9.862094003242631857e+01
1.004663829259200440e+02
1.065360068025730698e+02
8.852396984981596972e+01
9.761437823002579250e+01
9.112471415536215602e+01
9.351598100826744542e+01
9.437812702395876840e+01
8.748171048155133178e+01
8.234058108899098727e+01
8.608217738762736815e+01
1.025728293530999906e+02
1.106458567233553509e+02
1.047844312809057357e+02
9.252217904730477471e+01
1.105079462407318829e+02
9.625811140376242747e+01
9.181227518016216038e+01
9.850858160913446682e+01
9.790174501099913584e+01
8.567356999568561093e+01
9.222486310582281988e+01
9.777002189657399356e+01
9.583137156146378288e+01
8.904541817416486538e+01
9.496783564560578839e+01
1.068966706625657395e+02
1.074360738564090951e+02
1.052271490653583754e+02
9.963231051725509246e+01
1.052601609269451046e+02
1.001914541230264888e+02
9.480883719335773208e+01
9.367226366186265807e+01
9.721615249485677168e+01
9.655969462057608155e+01
9.678002191890935535e+01
9.300850815107932590e+01
1.190520310994100726e+02
8.879886263173280270e+01
9.387706512410953508e+01
9.605770425285597014e+01
1.054101016463617526e+02
1.022513939513892609e+02
1.054577701355728863e+02
1.100947375725482971e+02
1.055234295832195528e+02
1.060399981364181201e+02
9.527850094176518780e+01
1.119838720199233535e+02
9.645425268807905184e+01
8.904995210236825187e+01
1.015973980755232731e+02
1.018551330808628563e+02
1.009759232713398376e+02
1.099919437541724818e+02
1.036449831535205846e+02
9.889566744166403112e+01
1.044822085072325706e+02
9.312967599510355399e+01
8.232037216971239957e+01
9.615546756081674573e+01
9.457949076306903180e+01
1.077220197993980264e+02
9.780928451126763434e+01
8.261179739718743065e+01
9.096390985626383952e+01
8.495261870747837918e+01
1.008248634414028970e+02
9.179214977856297253e+01
9.863382044265037507e+01
9.979698782580763350e+01
8.383736302760345893e+01
9.686849849600146456e+01
1.016923773537151732e+02
1.045974120993567027e+02
9.334911958854425507e+01
8.949768626952284478e+01
1.036655960064958464e+02
9.199171431225781248e+01
9.588528951989839300e+01
1.003056193494087438e+02
8.624954231484974798e+01
1.015209027571363691e+02
1.004528010828076106e+02
8.051483794462227195e+01
9.839798244688739715e+01
8.842597686509630250e+01
9.345489750173288712e+01
9.748826437786338772e+01
9.445310365928160934e+01
9.509377321328044275e+01
9.850471008178401178e+01
1.003587024444237130e+02
9.745762202058108414e+01
1.032876519611671284e+02
9.879253562134753963e+01
9.514510859204784765e+01
1.019410850849432819e+02
8.819628988739050612e+01
1.012672682481946254e+02
1.022364455589750207e+02
1.014464861794059800e+02
9.141031517196179834e+01
9.080337838889691682e+01
9.889610600733209367e+01
9.310693808260748483e+01
8.714248804017867656e+01
8.396350370313130895e+01
8.885112471286136326e+01
8.617799937450367054e+01
9.929173492776571663e+01
8.684790865900430390e+01
9.961571271270834416e+01
9.853330173012321325e+01
9.740276862375074529e+01
1.054636727067394588e+02
1.049225961114788674e+02
1.001410568271647037e+02
8.825925147802281856e+01
1.017900155152079691e+02
8.154909257939117140e+01
1.016103539703122607e+02
9.180674422066709894e+01
8.411531476150018705e+01
1.064005012699967239e+02
1.076429725078355517e+02
8.953727922579476228e+01
9.973110612860796209e+01
1.049284579807138016e+02
1.063291982214318097e+02
9.462769330053161809e+01
9.554243635406973567e+01
1.122557328684544729e+02
1.014744687085136690e+02
9.074431998982228720e+01
9.530482929537178904e+01
1.119590002031547016e+02
9.267312587143086944e+01
1.024835180293735135e+02
1.091597576152662157e+02
1.104412642992870985e+02
9.817588099933654178e+01
8.902461423120506367e+01
9.684813879804116254e+01
9.200732375781436190e+01
9.542858567313029994e+01
8.013259685470626437e+01
8.895988479748139355e+01
8.886840415980702801e+01
1.008028955075187270e+02
8.874510950712294743e+01
9.401712401976340061e+01
9.665388087740367951e+01
8.425517741055453769e+01
9.757582977303876248e+01
9.734678817622756242e+01
8.948298680184457510e+01
1.195602982710371123e+02
9.693706035663096543e+01
1.105648509184124322e+02
8.796145018974287666e+01
1.000809959153919522e+02
9.736533225473823450e+01
9.243051378353499103e+01
1.020395404860253166e+02
1.026937135353198300e+02
9.973439023863359409e+01
9.618964972391668766e+01
1.014718034958278992e+02
1.015923395786862073e+02
1.070321507078273982e+02
9.695244968603898883e+01
9.381626026684195097e+01
8.792684011855494930e+01
