8.994193667159340322e-01
1.911438437106240285e+00
1.376063224612639413e+00
1.265292429877958202e+00
1.558418969931808729e+00
7.656916334904737553e-01
6.269494305334551987e-01
6.927930473892652818e-01
9.063731469145985820e-01
8.058490631628003609e-01
5.902132284947461116e-01
9.151565933949389331e-01
1.106978565806376658e+00
1.159426735108549211e+00
9.552073291106594199e-01
8.521794276546857949e-01
1.750037344740759115e+00
5.531889823500079073e-01
1.303413407505318977e+00
2.407323497714219052e+00
2.228760353810177453e+00
7.698655827111372529e-01
1.382028414061966304e+00
8.155775038334296401e-01
2.605377692083966412e+00
1.849168750581884790e+00
4.951486003113199086e-01
6.816020310744106414e-01
1.012258013622718611e+00
1.232485913214449891e+00
1.171282481420620414e+00
5.958565417407412079e-01
8.322676899647304394e-01
1.318354444292973993e+00
9.404666632965530404e-01
1.341155670549453838e+00
7.767580236143680761e-01
6.390407104813125017e-01
1.168218367573100824e+00
1.313824777175985226e+00
7.695722890464461452e-01
9.847287020350754538e-01
1.906301454791010874e+00
1.232500854949713620e+00
8.418489667110539143e-01
1.372944013818462539e+00
2.870654163824779559e+00
8.467257483035347532e-01
5.032444278535995741e-01
1.153717879420281811e+00
7.998907861553983256e-01
6.900497086036532224e-01
6.619033235473748000e-01
1.403114366746641917e+00
1.101585612224801114e+00
8.567130623079393104e-01
1.603962354792861200e+00
7.079591750168220399e-01
4.579778732967681454e-01
6.378042829663325142e-01
7.546131067663219838e-01
8.828631207956318949e-01
5.664773756851564368e-01
7.661869437125848892e-01
1.328427128827635251e+00
9.403756343390239358e-01
7.998750978589941329e-01
8.206915722832621718e-01
8.118518736884028364e-01
1.412178570417233381e+00
4.787006699095992523e-01
6.875246162948023265e-01
8.091763755318435170e-01
1.101327494672220242e+00
7.735632190147346821e-01
1.262496905643320178e+00
6.471844951824579084e-01
1.113481110593683709e+00
8.161178363406609293e-01
2.159304100721322062e+00
2.003605612377581391e+00
9.459968945309079613e-01
1.617501445936965876e+00
1.349874671686825955e+00
1.128077699628475816e+00
8.643926684469461774e-01
1.341080562968391954e+00
4.715327510073663020e-01
1.127887688234849417e+00
4.025504373509428691e-01
1.045519524841870496e+00
8.700299239380547833e-01
4.237984237461001613e-01
5.907006360073047135e-01
8.086337676953273546e-01
1.742218642075599622e+00
1.838167769516114047e+00
7.875617550916721443e-01
1.526713115450637925e+00
7.939011373534339278e-01
6.934230146014594975e-01
5.569382101151817421e-01
8.763921220365287201e-01
9.052278217669709193e-01
8.968515258860215722e-01
7.989801958584445973e-01
8.158748240980494559e-01
1.391136309444189978e+00
3.382833936842645883e+00
1.390279301547182600e+00
8.101292729574612883e-01
1.089967627239535775e+00
7.616029440738798506e-01
1.615782672731574499e+00
9.910499559889623944e-01
1.011180024211693063e+00
6.602534356514107028e-01
7.325138050740630513e-01
2.330361800893715252e+00
7.110536068884467653e-01
1.191772265364360761e+00
5.650475607026280711e-01
6.814749328037362774e-01
5.763584966057829773e-01
1.894784572274625045e+00
4.948461283795229093e-01
9.543780326166055872e-01
1.025465870361235377e+00
1.263469442942609433e+00
7.034050318819827785e-01
6.559439123396509919e-01
6.258775230591298033e-01
7.320031370923569813e-01
1.938846852464353399e+00
6.908752242592661741e-01
1.156701232615987118e+00
8.616244188094399625e-01
8.904909083962023741e-01
8.910555391165169148e-01
7.042201969338703904e-01
3.466271717978365863e-01
7.540242978492956993e-01
9.204191192237997088e-01
9.040341084804294214e-01
8.975616752208104288e-01
7.483678063748273601e-01
5.029745435546693066e-01
8.595248208643500032e-01
5.674039981514430453e-01
1.021425832711281734e+00
9.208324093862126913e-01
7.187813037889769774e-01
5.044111518510517866e-01
9.776639333278909216e-01
1.150815794189802066e+00
9.505217891875066272e-01
4.760800428995635714e-01
8.271244927241584444e-01
8.362950871360230742e-01
6.071647117230545287e-01
6.127911988995433656e-01
7.616407615852743840e-01
5.246964321477496362e-01
5.417892660352098266e-01
6.199029254011877432e-01
1.619450407328025143e+00
4.161369276762015845e-01
4.486804822317829178e-01
4.679476996626313889e-01
6.669850612167959047e-01
1.694623479544536959e+00
5.382301681192543930e-01
7.724442904536931165e-01
8.284150955177647102e-01
1.754915973445142274e+00
8.967002107391995880e-01
1.317830592832005543e+00
1.439185977559388485e+00
9.070306070523784792e-01
7.465007693764236230e-01
1.375620768008428030e+00
5.558534409549077404e-01
5.899892393379454480e-01
8.327852555896444464e-01
9.777413207236830273e-01
1.094727411268138439e+00
8.670613077728061002e-01
1.941459296077426622e+00
1.256611082211718244e+00
7.666574076588470454e-01
4.612298418365346486e-01
5.720951655167364480e-01
8.469736481160025088e-01
9.551182312636894434e-01
5.008840263436465934e-01
9.464227245622810480e-01
5.455653281952190792e-01
6.465609901182125530e-01
1.082338054119075466e+00
1.163727935467520513e+00
9.648341520111304304e-01
8.010085349505053909e-01
7.828486827682346050e-01
6.430333441919153792e-01
8.047766161824833064e-01
5.656800025491257600e-01
7.550300190446949111e-01
1.142540001729891452e+00
9.233307968097550500e-01
8.700844651250330131e-01
8.188637610876466910e-01
8.194433088732248072e-01
7.223137903176802821e-01
5.838450649151427641e-01
9.433559786070235820e-01
1.996295740036484689e+00
1.709174811402985661e+00
8.098411922102060068e-01
1.101589051327507285e+00
1.093608407805567229e+00
6.532446795980501042e-01
1.051584676477715474e+00
7.793688507197146231e-01
6.954827405306371890e-01
6.590826610970090815e-01
7.396199738119233480e-01
9.669090510070732503e-01
9.787862402618281443e-01
5.391679889756217925e-01
8.418048703961920065e-01
1.149600084176351844e+00
8.036015440180854785e-01
1.624384105283724233e+00
7.875403663335041049e-01
1.284771165763006540e+00
1.084341001769139501e+00
1.275734300426316636e+00
1.463691174554419439e+00
1.189477182168667158e+00
9.236015571808795510e-01
9.409519955122942481e-01
8.359645846005210323e-01
1.380161672253048977e+00
1.560430450664100910e+00
9.286838243769005574e-01
7.218248274566461120e-01
7.800880776399816696e-01
7.152402280826800629e-01
1.333541463463731036e+00
2.783289053924220546e+00
9.186749347094559370e-01
1.196298149102849706e+00
7.756619754753208973e-01
9.068348198879013777e-01
9.520300777970854833e-01
8.205499765888395469e-01
1.056447174371230258e+00
5.835219487094844837e-01
7.353614730257728160e-01
9.921496071185567089e-01
2.188582124426314834e+00
7.000766931993263054e-01
5.995787027897141463e-01
5.536288116314542762e-01
9.511842903764822221e-01
6.729778594203513764e-01
6.173958299411917983e-01
1.999155893673919770e+00
1.284493498227954555e+00
9.148059967081337840e-01
6.535987698939597079e-01
1.472435485119836018e+00
9.326800211221522030e-01
1.081796988505641544e+00
1.100036010442470902e+00
1.275728114878695862e+00
2.309883903819198281e+00
4.790681319709666486e-01
7.032485926570760659e-01
1.406434533488820193e+00
1.442232098319484512e+00
6.371011627825872159e-01
8.106620595866308454e-01
1.826814547099310015e+00
8.779764063040639277e-01
7.002243582257592358e-01
4.501184764257480930e-01
1.411868491763885736e+00
1.236788183514835548e+00
3.653405864083416166e+00
7.351694543790863179e-01
7.263199305148344553e-01
1.266556845800903996e+00
6.747504468627986141e-01
2.005796064425784397e+00
1.086720620348196054e+00
7.529125883736251801e-01
5.862042550269089825e-01
8.027491868880278769e-01
9.337842178114599268e-01
1.015584460596807403e+00
8.845518732758541613e-01
1.676399691379496293e+00
5.900190159361837772e-01
6.948475587225657613e-01
1.026657910023077491e+00
8.413273192573158532e-01
7.042133470832133701e-01
1.010517995676893488e+00
8.375027617617640807e-01
9.002729757629871488e-01
2.344965545982012234e+00
1.619536017838710595e+00
7.720980033748771065e-01
2.401043918469696337e+00
8.922734874217174150e-01
8.737063279573126229e-01
9.031118444939884027e-01
5.367491289645883734e-01
3.821424220923573811e-01
5.065662045125753910e-01
1.376493933666104175e+00
1.540924351069226317e+00
7.202225665229405882e-01
9.979552745178673634e-01
9.854489689266444641e-01
1.475054006267783935e+00
1.075422497424108448e+00
8.227711026727692056e-01
1.090380833039970687e+00
7.749712177649834555e-01
9.282864237122265827e-01
7.201224972203110752e-01
2.536490802813658352e+00
1.465817897317376550e+00
9.864461989846904366e-01
8.348735586194216962e-01
1.096046641207131911e+00
5.663383959926837630e-01
1.016451147237520614e+00
9.399068578485890724e-01
6.856744092462809803e-01
7.662461528345466677e-01
2.150521105999814164e+00
1.492785418241297402e+00
2.461243791690171712e+00
1.170280887378785550e+00
9.573580033015555157e-01
2.500848346978943315e+00
1.405718543460392933e+00
5.562962657553194301e-01
6.845128452758688642e-01
5.681783135314297795e-01
5.868810319834560918e-01
5.479997936489806598e-01
5.265338029208856963e-01
6.279747591651329008e-01
1.518416714677027324e+00
8.095597303967692060e-01
7.921717638404434103e-01
7.751762658797113348e-01
1.405158152260781002e+00
7.625155614306121654e-01
5.361021471611128186e-01
1.360462083261742006e+00
1.124164925875248411e+00
5.910835777262520851e-01
7.393960448752269210e-01
8.655230123991747293e-01
6.020432848631547262e-01
1.083020898107706742e+00
1.169688912262390579e+00
5.771532348604807572e-01
1.269528426991122450e+00
1.168305551060291325e+00
1.413158718437652395e+00
6.160248676648064636e-01
6.772299974204943895e-01
8.837818177529552788e-01
9.293357093258315382e-01
7.832764132115216382e-01
1.150700872999928182e+00
1.565498447272112736e+00
2.338523830180893714e+00
1.319969829719977561e+00
8.048809223014623537e-01
5.390569924259071000e-01
7.775445440987198698e-01
1.809012613505438072e+00
7.712857750258947931e-01
1.526607409220440248e+00
8.100588976437606004e-01
8.044493279719131529e-01
6.565603466287572854e-01
6.560129752577646967e-01
1.175269728083661924e+00
5.600555778624320968e-01
7.596004857954083977e-01
1.212718503149410099e+00
7.849980235832251241e-01
1.338034627975903224e+00
1.283047966402692142e+00
1.209190124806924116e+00
5.767470155532153919e-01
5.237753338845063666e-01
2.438753356085713087e+00
1.289075607275522950e+00
7.616744241870458954e-01
6.232716950614332063e-01
1.128315531360645441e+00
3.104839547742403560e+00
1.605424281154670618e+00
3.975494004356417421e-01
1.008956509478135644e+00
9.093670648680040047e-01
1.240956916506658958e+00
4.452315139760970597e-01
4.985587277958668517e-01
8.917246016345259374e-01
8.262063089668738591e-01
6.316270924810365450e-01
1.583227918940411039e+00
7.956339921836248497e-01
1.160934184526635216e+00
1.514334931793580141e+00
5.486995371444898240e-01
1.502121873664671314e+00
9.004763530884039024e-01
9.180299677046415141e-01
1.289924008570210390e+00
7.343590516928463208e-01
7.399565978366804408e-01
7.361772905199224226e-01
1.272949326146557869e+00
5.692465419673233828e-01
9.685820290363421625e-01
7.129875589965690708e-01
9.160832078679288504e-01
1.049857427969498769e+00
1.430188201153940630e+00
1.181429827593417192e+00
1.462072648987240209e+00
6.957123554562765211e-01
4.177898751277476230e-01
6.983730271016300728e-01
8.457300758558295994e-01
1.066589245650141349e+00
1.126723524514853692e+00
1.069038604553710581e+00
1.124803852440849683e+00
4.881498301990592203e-01
7.595180449338017059e-01
5.947527960697216454e-01
5.791923866519009811e-01
2.074899416643302352e+00
7.387611660744576314e-01
1.118688835655746061e+00
1.869492190838121015e+00
8.352706819819848416e-01
1.472708316397723038e+00
1.260013903380819311e+00
5.718578898834649760e-01
1.029928384604009484e+00
6.885235475367379454e-01
6.218953876344516241e-01
4.675436086508185651e-01
7.540549666577989196e-01
8.033012014407802104e-01
9.374710066004615650e-01
9.337285398720093221e-01
6.068467397222765403e-01
1.787589761419676737e+00
9.697162757189016213e-01
9.705880734709569913e-01
9.785526959199147834e-01
1.232041936934121118e+00
1.991568546707708665e+00
6.262913321104282005e-01
6.808196078160698717e-01
7.172532131652997744e-01
2.695522997795491538e+00
1.253464956221642002e+00
4.944655861476348613e-01
1.412998550654525509e+00
6.897519025364488021e-01
1.556063659075143324e+00
8.873380763876465016e-01
1.123724107920053283e+00
5.491893055827377079e-01
9.023103898309140503e-01
8.596795704398338955e-01
6.369818685037937911e-01
5.893389994638725815e-01
1.124878880822058891e+00
8.141233085176083906e-01
9.076707781623835070e-01
8.517513561209085760e-01
1.381012347510582883e+00
5.121081814299124346e-01
1.890818893602306483e+00
