9.801010658612256066e+00
6.391916151312093675e+00
6.453711102878179062e+00
5.830523412372049741e+00
2.021472694823635674e+00
4.175593888564160139e+00
3.190008196124257012e+00
5.041757713925424156e+00
5.933279816614377644e+00
4.744736981738180148e+00
9.295505101955102489e+00
4.267369312643437773e+00
5.537825827540738821e+00
7.240141254917779712e+00
7.942577093116566012e+00
5.625578451238043343e+00
5.255592960779201128e+00
2.917172646552549153e+00
6.444210205666086821e+00
2.151531676199779142e+00
4.607851490700491048e+00
5.263764860565704140e+00
8.683144981764860049e+00
6.316087548177871547e+00
4.445237858495513450e+00
4.579825377040103618e+00
3.111192351989339855e+00
6.815282385487341443e+00
6.610401975073640912e+00
5.647198247652336356e+00
6.307789174515460395e+00
2.874376870117258065e+00
8.077212572168834370e+00
3.054288316841857309e+00
4.784812460255340127e+00
4.768952921460114069e+00
5.015409662135400737e+00
2.815129952101041777e+00
3.138619687803462011e+00
2.768754481471605633e+00
4.727242113532816425e+00
5.484078158805542280e+00
2.035967440008242146e+00
3.449785296905261589e+00
6.608663987153406971e+00
5.819469809959582740e+00
5.795061774097702845e+00
3.167271552522252787e+00
5.539823773719472655e+00
4.029967101368278293e+00
3.087065988841687592e+00
6.011340046856947339e+00
3.608631839051758217e+00
3.590822362901573417e+00
6.125377788737079499e+00
7.606246013136367168e+00
3.900125817155256858e+00
4.520733685431157056e+00
9.547077760115803002e+00
3.005735907370687077e+00
5.690439182317063249e+00
1.065096768790380821e+01
5.921720712648468776e+00
4.376631767781788085e+00
5.723577290592868572e+00
7.243396194078755457e+00
6.297317864313698443e+00
8.006678424745517830e+00
2.442090878367042972e+00
4.667932504011108819e+00
5.552678510631149145e+00
3.067846497046553544e+00
7.776966695798921414e+00
3.647917821989533405e+00
2.874239900718523977e+00
2.224692087697863307e+00
5.095637312984379719e+00
8.450724542929739513e+00
4.557401654032453564e+00
4.559712520515975420e+00
7.511797476973069543e+00
2.288359132505850102e+00
9.867309206293292334e+00
3.197932081363768386e+00
4.904860546050843872e+00
4.503698943869022919e+00
5.324178669440890133e+00
4.862432849546098446e+00
3.942443044123758789e+00
8.509516022913697242e+00
3.368274813948413104e+00
4.321338564018587292e+00
6.212704337158420742e+00
5.207347437770851961e+00
8.420635340133271640e+00
2.516393440846362850e+00
3.925836679239073757e+00
6.257265984700154604e+00
4.615718144567887649e+00
8.605631223312041556e+00
4.195029338606339309e+00
5.602476761398516025e+00
1.953760029174638868e+00
4.935048425528402838e+00
6.015004549395074562e+00
6.011813102460085823e+00
8.105131205736714861e+00
3.028629787413565477e+00
6.270061172320873233e+00
5.918348522486088115e+00
5.223853127093559756e+00
4.543983544734296665e+00
3.988405731423153799e+00
5.432821696893069152e+00
4.425785899825194214e+00
3.347842766671152326e+00
4.054933289545999742e+00
6.760579038204031832e+00
4.213287227002500579e+00
6.660610759804071357e+00
5.140798714669136515e+00
9.525267870827835992e+00
3.807102589507959323e+00
6.320873604197667639e+00
4.946235833559389228e+00
6.980519030406822978e+00
8.728639568753260747e+00
2.810628436003270725e+00
9.078377945446941766e+00
7.640897464267861317e+00
3.182144981991682275e+00
6.807639407736655990e+00
3.955405297495826922e+00
4.810622351572560795e+00
8.626448921085435373e+00
4.756744241065782752e+00
2.240224125423303292e+00
5.875331533178934862e+00
2.389938527765909537e+00
2.963702451942190841e+00
2.950987555440132137e+00
2.132627750796296517e+00
3.413045934634644230e+00
7.087228119177047425e+00
3.194156859140564908e+00
5.555306941372807117e+00
2.947632449226586626e+00
2.299104384990231953e+00
4.773150687328064912e+00
1.216536094398932510e+00
7.075801078335513417e+00
4.702888544648924807e+00
5.353622498547829345e+00
2.892207283863525547e+00
6.661297914517289698e+00
5.971647527077174722e+00
2.137021536411266354e+00
6.854733549055003650e+00
9.579055190148956456e+00
5.198025411650012195e+00
4.483962709217549580e+00
6.583347605836737948e+00
9.662683823844286479e+00
5.827828870600764155e+00
5.395656301910241481e+00
7.393860074514180702e+00
4.930809750245622958e+00
1.220678382533949113e+00
4.987309085221815153e+00
5.737738756073750501e+00
8.006467899789607046e+00
7.484526106279234980e+00
6.440142832593983790e+00
3.259963163963059518e+00
9.112535383923031418e+00
7.925027051395949762e+00
1.018985581396660933e+01
4.125435460073770599e+00
4.149519599166070272e+00
1.325876362635277239e+01
4.669719021235446021e+00
5.118724336533141184e+00
7.633136285395781151e+00
8.652519025730750712e+00
5.505661754716466127e+00
6.265226098141921440e+00
6.837210966849668559e+00
6.518095048044309614e+00
5.021617991161836159e+00
5.332404717199036526e+00
2.713278802407979917e+00
6.568795962225707719e+00
4.587675451597907461e+00
4.335370894759179805e+00
5.543363403459180994e+00
7.293037415293279757e+00
3.212849504290814284e+00
3.962719085698995780e+00
5.839364220681882323e+00
4.980683747694581776e+00
4.275622830000277652e+00
4.434992594034659952e+00
7.491309730864010419e+00
4.275036710489687586e+00
2.456955560913630432e+00
3.404612416190777147e+00
1.203424156395193023e+01
1.017062161317583424e+01
5.260536798121351332e+00
5.935463438460665486e+00
3.332207523479916667e+00
3.751698206320546181e+00
5.499179894772777466e+00
3.456113069212803701e+00
6.086609096922960482e+00
5.786773488426427470e+00
6.253224481164143533e+00
4.068662930617544582e+00
8.038852475818465848e+00
4.906924626904635822e+00
1.035557829331794011e+01
6.171199436347407641e+00
6.068902594761139468e+00
6.156509488149386478e+00
6.348685574545298138e+00
4.288374994036749932e+00
5.178664515114120626e+00
5.013200026464598835e+00
2.393355102819971325e+00
9.097794427828580055e+00
1.936011156134070266e+00
3.828473929931540010e+00
8.251560220336365603e+00
4.314138264646831367e+00
4.896143253862982547e+00
7.691643678907224668e+00
3.013265086087166811e+00
8.026640486743652048e+00
4.527546555923279037e+00
5.310937139210838431e+00
9.912803162107943322e+00
4.276641388387447229e+00
3.478955162446703220e+00
4.178633858018797831e+00
3.981159759351570848e+00
3.976381948444387859e+00
6.730517924595637247e+00
4.867988000247591707e+00
3.705978210762482128e+00
3.280266652379190351e+00
5.147947537982376254e+00
4.730866848279973169e+00
7.623764771078797686e+00
3.965934641158738838e+00
4.696986164809842101e+00
5.654225543102640472e+00
3.426026062109955639e+00
4.235526097261753442e+00
5.675718905040832318e+00
4.610468333206046765e+00
3.248747027892060490e+00
1.319471423690923295e+00
4.397641630668825741e+00
9.049932878128588598e+00
5.543615508244810641e+00
3.161935249236284218e+00
6.391802892543566372e+00
8.214058201341964960e+00
1.165470156376582134e+00
8.366483195904468317e+00
3.519080547888075561e+00
8.204613889811476213e+00
3.829430386223096061e+00
5.737634535507049272e+00
3.038559814728414299e+00
8.994791385206021062e+00
4.829721803571492167e+00
4.209419940732502141e+00
4.132072025591306819e+00
7.421129320580011957e+00
6.147453407814647441e+00
5.761071785139307622e+00
6.024754770990053743e+00
2.617366598244428300e+00
4.093574399247766671e+00
5.668182110283149555e+00
1.784323789228574153e+00
7.119624645991216916e+00
6.573294618671477352e+00
5.112503321561561620e+00
5.213603160910876611e+00
2.991568421131165056e+00
6.892572829696392844e+00
8.244133292544979952e+00
1.979417563860450535e+00
5.836887056753690572e+00
6.326803003753726173e+00
7.893970443103895285e+00
4.410094106134454961e+00
9.447809812184459588e+00
