1.535550528970913398e+01
2.411981883159078421e+01
2.415993429650222524e+01
2.882646135192059944e+01
1.965118373019275566e+01
2.154967004906289318e+01
2.463506367407320852e+01
1.924880528591690521e+01
1.933605233805798918e+01
2.532535645094070986e+01
2.360138554794083987e+01
9.833516812340940660e+00
1.316185492042784411e+01
2.022598213945068935e+01
1.753705377642792840e+01
2.012002701755505640e+01
2.861638753603079621e+01
2.484461193364159470e+01
1.607352448608633466e+01
3.120496138276918074e+01
1.747571069210275496e+01
2.605264709343534335e+01
3.291062982960796290e+01
3.103377828818415907e+01
2.414974264421450201e+01
2.287882242942255928e+01
1.838647710293152215e+01
1.999168504176921601e+01
2.741371178288903110e+01
2.426932989660381068e+01
1.946376705809818120e+01
1.818931287100273408e+01
2.181048350831406779e+01
2.290267507549370762e+01
2.323438480706657927e+01
2.192004228083260031e+01
1.441097009629698533e+01
2.437404700273762259e+01
1.955755566111184862e+01
2.351624355393247257e+01
2.460141576479602676e+01
2.856404856121619318e+01
2.241027060233286861e+01
2.076755088560881646e+01
1.880397003390610777e+01
2.321582511190841558e+01
2.822222173562967029e+01
2.264807599334608668e+01
2.435987478461069244e+01
2.952252281190958172e+01
2.822814926369856536e+01
2.784686432335512407e+01
2.456914646127946256e+01
2.272544015178569410e+01
1.930386381080054292e+01
2.217559056137775286e+01
2.084802014974368589e+01
2.618508371487146036e+01
3.104235066329984605e+01
2.081604192489121630e+01
2.141114504501313576e+01
2.517033377822296458e+01
2.566030271822813802e+01
2.022114294988823957e+01
2.277346902525347261e+01
1.965187603586439025e+01
1.650423407102519491e+01
2.709934211256098990e+01
2.558214547544054440e+01
2.289394872118716862e+01
1.641079008176699716e+01
1.859624802621582873e+01
1.969699281486719045e+01
2.072102894669518847e+01
2.255601571730453969e+01
2.691438791100913619e+01
2.115247775087963333e+01
1.528352300805207165e+01
2.174051375225814908e+01
2.946941623663587606e+01
2.928743397835902940e+01
2.286785087534447314e+01
3.112625574267376294e+01
2.790836112167669825e+01
1.570799415299644863e+01
2.064929463862478087e+01
2.185009764262139953e+01
2.847067198759263462e+01
9.937650235489032369e+00
2.213813753677015939e+01
2.729343856701232696e+01
2.364972888445896970e+01
1.831257687689699765e+01
1.962374514365439993e+01
2.677497194716788087e+01
3.117576620102899199e+01
1.844968902067649452e+01
2.214397842671603556e+01
2.630081289054199445e+01
2.898290075162385548e+01
2.801930573731782204e+01
3.073649575696409997e+01
2.220517561083150326e+01
1.856012016230315353e+01
2.403560327693210041e+01
1.982986184542491515e+01
1.555816121328469137e+01
2.042342830694597211e+01
3.127120349724395609e+01
2.344079653867963486e+01
2.292316774815718006e+01
1.992485444176788789e+01
2.576183331356549999e+01
1.896008148953987416e+01
1.557279507193863743e+01
2.444706132836685697e+01
2.133222621145609921e+01
2.259337614645037462e+01
1.472548078059164567e+01
2.175806836078772122e+01
2.040492764451083829e+01
2.368912188006857988e+01
2.431107517338772439e+01
2.588629091848017794e+01
2.386579399601767193e+01
1.949690804169941671e+01
2.391224399924070809e+01
2.559805442260271846e+01
2.070291627355013375e+01
2.268026195567419734e+01
1.850398253418116568e+01
3.081398516729500514e+01
2.358897598627684999e+01
1.821859576762600952e+01
1.363631243472676502e+01
2.609973563208284375e+01
2.716157584942381931e+01
1.869453827728608175e+01
2.409734863186297105e+01
3.335483269936492690e+01
2.436004567122594366e+01
1.658997560462293919e+01
1.328326331767333457e+01
2.175894051884882430e+01
2.322763807879777431e+01
2.790230128961787770e+01
1.815532740272734102e+01
1.941361378049749575e+01
1.479734715040147108e+01
1.647918185105692146e+01
1.501392855185292952e+01
2.722468168291869617e+01
2.803495550359778576e+01
3.006019076917188926e+01
2.392407095728557920e+01
1.880141567741204867e+01
1.892216783997255902e+01
2.345294553497763701e+01
1.624053680783208264e+01
3.327682608496723304e+01
2.345751493271093935e+01
1.946053005938179581e+01
2.270754889145887034e+01
3.067758853570229505e+01
1.663934127155600962e+01
2.856776073220611423e+01
1.837613137936660479e+01
1.910906915472283174e+01
1.760081777085666488e+01
1.922238760996681606e+01
1.887671790974289365e+01
1.683036225579578016e+01
2.201111288007469469e+01
2.384611568711393303e+01
1.237631586926005056e+01
2.951634687164574800e+01
1.774138658654246115e+01
1.426284352898163554e+01
1.934717351098096927e+01
2.630905123119724820e+01
2.534753067785267433e+01
1.365772588106568541e+01
2.058994594800304867e+01
2.110529753413440801e+01
2.190901051752227957e+01
1.959625174283507576e+01
1.840460435156203900e+01
2.522808232970015396e+01
1.755221608476628603e+01
2.005400910260427949e+01
2.679435752025704076e+01
2.398370522751907430e+01
1.871423426404713197e+01
2.176857938212178922e+01
1.581565109881793596e+01
2.716638163915831683e+01
2.755271769985708374e+01
1.883060868805644006e+01
2.707216336591759642e+01
2.085950061478250461e+01
2.361315021428590200e+01
2.560774533013703191e+01
1.422307309295142375e+01
1.402556788234394247e+01
2.545902324955216045e+01
1.996694637423272312e+01
2.074751467452149001e+01
2.886557632188674560e+01
2.184565770825198072e+01
2.323905504538791789e+01
2.588013052522391533e+01
1.321843959033036953e+01
1.382403134530363253e+01
2.612908544577908643e+01
2.593713910285109492e+01
2.680723229547624697e+01
2.041578451722327259e+01
2.495139063320161910e+01
2.302230355410446805e+01
1.720839649534065430e+01
2.662727825477313104e+01
2.108517033117287909e+01
2.468845886882289165e+01
2.080814894241413882e+01
2.503177697124932521e+01
2.126643367431751841e+01
2.559954209252835255e+01
1.750800065132342453e+01
2.617729393361347334e+01
2.196518337678703858e+01
1.539552439224732794e+01
1.926840430344833166e+01
3.569941002596227975e+01
2.411134263806130562e+01
2.310951507165488650e+01
1.942984361731072696e+01
2.186095031789546539e+01
2.040066960309728117e+01
2.608492866953903544e+01
1.942783331180295292e+01
2.800193412150279926e+01
2.517899332621765041e+01
1.833309264302999608e+01
2.378798501860527992e+01
1.991292695647110023e+01
2.290369382051100189e+01
2.309962941885919463e+01
2.769638287261265575e+01
2.047581440049010126e+01
2.570023601979972128e+01
2.059294293922410191e+01
2.868391191110306337e+01
1.840775949439996850e+01
2.126225019202092881e+01
2.326024107134442787e+01
1.413947457991321599e+01
1.346356236709857868e+01
2.255983767705330933e+01
2.896577850559465972e+01
2.236750304276369405e+01
2.929067711509636496e+01
2.074554894578209030e+01
1.681653180132098058e+01
1.559809294390520584e+01
2.120630166890497748e+01
2.614594890185829001e+01
2.172231043217824364e+01
2.175684191559108172e+01
2.525207200625230897e+01
2.201001466334815859e+01
2.880560028483942148e+01
2.229348095252233364e+01
2.176617871301489870e+01
2.551880913061594569e+01
2.253832065078123037e+01
2.331665162598671515e+01
2.044929525843517482e+01
2.396290921666884799e+01
1.917082001405915648e+01
2.727560565595402764e+01
1.450273255453150512e+01
2.544637524250020988e+01
1.680262930558982504e+01
2.029160828737996169e+01
1.450758508371689359e+01
1.664112532334760175e+01
2.755261066967451455e+01
2.502379869297497450e+01
2.001822351072530637e+01
1.849493934377578341e+01
2.128412836110557649e+01
1.936201192421363615e+01
2.158351222405135061e+01
2.443255526208236361e+01
2.246013281939160322e+01
1.992838157313957481e+01
3.693372657428745498e+01
2.389941204096714600e+01
2.806437685680906924e+01
2.312330481069316335e+01
