5.726528439914816637e+00
6.079733199622737061e+00
4.946556745020910917e+00
2.180796555286671712e+00
5.420271516176023319e+00
4.756866757750215946e+00
5.942421885928776959e+00
6.031547375588717230e+00
4.670272769249785405e+00
5.135722438549858104e+00
7.957524108116583506e+00
4.987852614899590975e+00
6.420268854579267881e+00
6.001642354225257492e+00
4.758981461171776672e+00
6.680349281685275642e+00
5.368602947142406379e+00
5.101473873417273097e+00
3.989910289803982213e+00
3.689132679136670756e+00
6.045209782502286799e+00
3.563512566862010900e+00
6.086020148910135319e+00
4.653835122303872751e+00
4.402740565947513396e+00
2.361614382459022110e+00
4.751793787934277979e+00
5.035143628788787851e+00
2.682612765559230450e+00
5.961429295736307310e+00
4.675770698212433629e+00
5.101505916074712488e+00
4.605766201824157413e+00
5.169140096630976622e+00
2.648217620071086298e+00
7.509140136999686632e+00
6.357731090738686142e+00
6.184125647006042392e+00
6.022665633215712688e+00
5.854679063435341391e+00
7.138998213270377313e+00
6.265344767400781834e+00
6.883313572780803469e+00
5.538680135873319976e+00
6.975785570256311630e+00
4.865287493804109076e+00
4.028821170223855219e+00
3.259636624766544699e+00
4.018406449605504527e+00
6.333088305586352718e+00
6.169199757593818667e+00
4.271654689898872093e+00
6.670882380600026806e+00
5.748591642715790151e+00
4.038688636937360243e+00
7.456145378823084258e+00
4.492638597967709480e+00
4.099153490373401709e+00
6.564241544654332294e+00
2.080074705137263003e+00
4.406679261150123317e+00
5.665364323311070649e+00
4.390302089316429068e+00
5.831758126973926259e+00
3.723464100336908444e+00
5.748322729249292884e+00
4.497707438775962352e+00
2.556820748068432181e+00
6.396284182302509613e+00
4.542124034450848669e+00
8.015855988930308484e+00
6.678272124049066782e+00
1.602928361503685784e+00
7.136140980408987922e+00
3.026451255333691304e+00
4.637849326772484737e+00
5.058763273593131160e+00
3.940423287297866839e+00
3.582910624069852279e+00
5.986197943407495003e+00
4.092843939794643227e+00
3.002104987129195379e+00
6.631093537107028091e+00
4.455159947041535062e+00
4.324976812055049358e+00
5.868184130519994213e+00
6.533282833207861628e+00
5.331492789945358801e+00
3.890806505930932246e+00
2.254705726591814674e+00
5.395244435091198554e+00
4.186184859094010946e+00
3.428341089516809159e+00
2.846949095584511813e+00
2.692361732669617425e+00
5.219910283168387011e+00
5.494920902585359812e+00
5.972745518884622129e+00
3.384192001900002023e+00
5.550396899068066325e+00
4.232765988976280092e+00
6.478987690104195174e+00
4.447504924652027292e+00
8.050584072253231582e+00
5.857678727165901655e+00
4.144311822361122388e+00
6.440229804385554147e+00
3.237044766023302156e+00
5.943565890757858128e+00
2.077245936248884206e+00
5.523533655331376302e+00
6.911528693449577432e+00
7.853572103768723167e+00
6.279327279740204659e+00
5.893679503182434054e+00
5.687017832257635241e+00
7.370866567679074777e+00
5.463695802933369983e+00
6.315945571773729839e+00
3.286203224122421052e+00
3.396970205288374345e+00
4.070266936539449709e+00
2.158929061695697094e+00
4.492788046842616012e+00
8.360463858253369906e+00
3.220738189284630959e+00
3.893010641509243808e+00
6.932674024577784699e+00
5.369670599331965555e+00
4.076945479311448572e+00
3.916921075045982192e+00
5.480758682156382733e+00
4.250243339744098847e+00
6.240701531353292530e+00
3.210012475836412804e+00
4.651871740036296110e+00
4.666772304420166328e+00
4.907569222295746769e+00
2.468918321907414004e+00
4.722519528845823267e+00
2.618369613077860425e+00
4.786879636983428554e+00
2.850883383350663269e+00
4.593301302245901496e+00
5.757857725961372353e+00
6.424953694958368544e+00
4.317064991017150355e+00
5.957740350369225446e+00
4.998456985642803829e+00
3.935087600406498520e+00
5.834071097307076847e+00
6.418757165055781755e+00
7.479787875727098800e+00
6.155243097165032040e+00
1.719708964458152689e+00
4.156615390857953507e+00
7.410179838937039243e+00
6.559075159664044641e+00
5.100646815159787906e+00
5.990604859466380105e+00
3.882479116078302095e+00
3.336612460052973628e+00
6.137670253213021176e+00
4.011929615183075448e+00
6.359313249461886919e+00
4.311343922492405056e+00
4.617172777103236925e+00
3.820676526776184190e+00
4.377750371331146972e+00
7.505675381287622017e+00
5.968217989313124860e+00
4.772063723788061651e+00
4.275752804113778893e+00
3.007577199210300201e+00
5.246834599184584391e+00
4.520894267946878209e+00
2.766271655553290021e+00
5.414068170468197216e+00
5.193590474271627677e+00
3.444412115983388922e+00
3.382981254155134732e+00
4.204630281237856870e+00
3.262995479672782029e+00
4.128664052235934356e+00
7.813246023743615432e+00
2.864510993040394471e+00
4.168255831219372709e+00
3.771558272401601464e+00
5.184212693332638011e+00
3.121398108014669326e+00
4.991647882119436552e+00
6.474174065827693170e+00
4.051112489906453007e+00
3.576848711048183027e+00
2.678972254647966178e+00
7.275539951238644498e+00
5.181775465278174231e+00
3.725029062176394401e+00
3.680698722837947301e+00
4.830704187048234566e+00
4.519678368552936476e+00
4.752832503145723919e+00
3.949048606818610807e+00
5.408721376734446196e+00
3.594410563146536397e+00
4.242396031526905809e+00
6.621012868583250999e+00
3.754710626102575333e+00
8.240695625460656260e+00
8.862001321741283633e+00
1.952530332126257040e+00
3.473315705470135129e+00
4.256660000315802606e+00
3.238248383708790978e+00
4.242948873109903651e+00
6.082211645155008561e+00
3.159390207196008049e+00
4.734520959066712997e+00
2.646561476354784226e+00
2.773681639874999938e+00
7.044629218606798915e+00
5.659409586235431888e+00
5.093181250861773535e+00
5.685690482346395846e+00
5.960656169942619265e+00
3.858199823314607979e+00
2.876427507520332050e+00
5.055666856946388954e+00
2.291142609839488475e+00
8.707514254397016984e+00
3.869984145352142857e+00
1.368672703606307106e+00
5.486929533558912553e+00
3.676599551803462873e+00
1.700466709935961607e+00
3.160160871809470251e+00
6.016951934087181542e+00
5.107930735230269192e+00
6.599277007931577010e+00
3.328707343538506613e+00
3.340394458830905577e+00
5.871040831433447238e+00
3.899562996431129580e+00
5.732093449121718365e+00
4.955663299027819768e+00
5.152140182586001593e+00
4.745621432572964871e+00
4.280787523155897389e+00
3.732206277070661660e+00
3.385105633397825997e+00
5.222328279722963984e+00
4.433589129407291551e+00
6.244963794290049997e+00
4.539386381567726225e+00
2.795087396901343890e+00
3.782470474531993254e+00
4.420100598683423421e+00
2.334627234315819866e+00
4.360843449961828711e+00
5.307477590466681328e+00
7.015954351020838864e+00
6.442230965402332643e+00
4.341777431577570567e+00
6.740155028327911246e+00
8.359355746083476646e+00
4.189751426257717348e+00
5.697364287955294593e+00
3.394365279963380555e+00
5.326881671833841203e+00
5.551622007676930259e+00
2.303218598350316615e+00
3.234850712409130580e+00
3.555713264495593329e+00
4.178115530853165005e+00
6.316656508262517455e+00
6.015606266475020725e+00
4.197315312299104484e+00
4.418792907712529860e+00
7.252707045996308999e+00
3.735425566084354276e+00
2.462555287411818838e+00
5.359097477290158729e+00
6.769419024691997855e+00
6.226567398436416489e+00
5.200148862175578479e+00
4.158744669614618417e+00
4.684265871735110665e+00
6.262862442263677387e+00
5.391900487483652249e+00
9.650410399170228359e+00
5.251051134413247112e+00
5.679597256858976984e+00
2.732419355276018980e+00
4.087303480759236329e+00
3.152806163999055222e+00
2.785837422934692498e+00
7.158387635451894937e+00
7.618756652759311798e+00
5.071545630223531553e+00
6.527538109085728735e+00
