8.040329742424109583e+00
1.287237451188021575e+00
3.068269060347279975e+00
2.737374307989674183e+00
6.330398223622132114e+00
6.491694453762751671e+00
2.521968355242193649e+00
5.861750866224121559e+00
3.233801853580590357e+00
2.753242821397141604e+00
4.369361605650798452e+00
3.938997046676074643e+00
7.219959656593355923e+00
1.045741141533762608e+01
5.612593606047844297e+00
2.188095466881419426e+00
4.728072627317263077e+00
1.209932115506657135e+00
3.580160127292228101e+00
5.595028486340106966e+00
1.393022041069627015e+00
4.438607310680137807e+00
3.088427811693312819e+00
4.086327920539654990e+00
5.765921200856245044e+00
4.116358055699802065e+00
6.774773390278670426e+00
3.867142482766066980e+00
1.706506716556575043e+00
4.464087163780366296e+00
4.679551759663802990e+00
2.453162558079203581e+00
3.659518578249630671e+00
3.629882982052927254e+00
3.355068867988739267e+00
6.215093599672667501e+00
5.193144939362210444e+00
2.459626911971147134e+00
8.354728231792158510e+00
2.892325887987623467e+00
4.314465148187177412e+00
1.551078165411483800e+00
3.400315167789909498e+00
2.576026987168763327e+00
4.685521155864873499e+00
2.521281767111098748e+00
2.956494434467269894e+00
1.747174690625363569e+00
1.042074910300228696e+00
4.743240068765484985e+00
3.430938510868987379e+00
3.315542416500644407e+00
4.724922163171218159e+00
4.714171194829301470e+00
1.562316558943157574e+00
4.144041889400925882e+00
3.761865825487968884e+00
2.761865586520867222e+00
4.614570618850816430e+00
5.184920096895354824e+00
1.601722149503381099e+00
1.717121130374279714e+00
5.813940134351301303e+00
2.917945813749565076e+00
3.024853912226809438e+00
2.344219208336835170e+00
2.282215408553869285e+00
4.661062236441869899e+00
4.357802635112340006e+00
4.119362935588872787e+00
4.201385761596316826e+00
2.070418346571966328e+00
1.342823915540717339e+00
2.457870252611947581e+00
3.296226454489462832e+00
4.421984164275393425e+00
2.410498341949703693e+00
2.883366878796524535e+00
5.250534144724482211e+00
3.308024962937189173e+00
1.619000584476740334e+00
4.638659118449963259e+00
4.511742696107517325e+00
5.130027180034264056e+00
8.436272609264372946e+00
3.830362526253868527e+00
5.456767855962208813e+00
2.401517109709946585e+00
3.734956310318205741e+00
3.208118401060152003e+00
2.698126724158786960e+00
4.038878700998310478e+00
2.960719897808582690e+00
3.038820707315131653e+00
1.510982864995545016e+00
3.133161479654586135e+00
4.177560372289001123e+00
3.283644236340938605e+00
2.069354016442454647e+00
1.454234690049345469e+00
3.553676382295163361e+00
3.281272699468719800e+00
5.870296070867159877e+00
3.124456926124964617e+00
1.497472374142974960e+00
5.983191744726751082e+00
1.930177424566382305e+00
3.557074923727795213e+00
1.982880761029286676e+00
3.365433317620276199e+00
4.623067183083050757e+00
8.040580724280831149e+00
2.661624048988090685e+00
3.318201722804464016e+00
2.049093897432222811e+00
1.172748731887558682e+00
5.535267083770898822e+00
4.600928893862569424e+00
4.102869489419149751e+00
2.508361218553280647e+00
1.838285788177149715e+00
1.812507934293437151e+00
5.054188904540763971e+00
2.929820993087345116e+00
3.874775492860494275e+00
2.008169136285081091e+00
5.925170345174834985e+00
6.805814559971336664e+00
4.809313857633735978e+00
5.553133142607606487e+00
4.932346128077661263e+00
2.845242405369801553e+00
1.531371614093867128e+00
1.030523705453654237e+00
4.225930419654108761e+00
3.139533636357733304e+00
4.554959746813461052e+00
6.615990328103947604e+00
3.377944739643917504e+00
3.015940509503712175e+00
1.547340845760427630e+00
2.609709919612529294e+00
3.154976372536274276e+00
1.701214238716919125e+00
3.925212330591798526e+00
4.876738651745610831e+00
3.257914986995070983e+00
3.410997772197164934e+00
4.112610476062785736e+00
2.478054898824019858e+00
2.479348572908711024e+00
2.331132132700035164e+00
5.442977876949159466e+00
6.715909247631252299e+00
3.550219111367603819e+00
2.501958362009134795e+00
5.080261219233387138e+00
6.365340838843366988e+00
3.043925338168032013e+00
5.097849816945356771e+00
3.007407726095685963e+00
2.905403179074185882e+00
3.761646484650185585e+00
2.731977454868247168e+00
2.151826397510882671e+00
8.079542853539573244e+00
2.192636465061760465e+00
4.050456680920953012e+00
4.101397708927982499e+00
2.751576475406783739e+00
1.541811248507398924e+00
5.773185731521412123e+00
2.934909633090588166e+00
3.368385873519341267e+00
2.373861591155358663e+00
2.069772913699870376e+00
2.437401499222536572e+00
8.218876355333907924e+00
2.965521657388173082e+00
1.565633289478821188e+00
2.630070719122941103e+00
6.763226847642552109e+00
3.918505971909947316e+00
4.443201391449661308e+00
2.652359774035420337e+00
2.921209807870425390e+00
1.816254316590260709e+00
6.024450271146436720e+00
5.282734797932072013e+00
3.591627154131460387e+00
6.481724544634229979e+00
3.949967309565131757e+00
4.910105481767335078e+00
7.594855954045526936e+00
6.049323282426367854e+00
3.628170332697392197e+00
1.511994078089634819e+00
1.852853397248131806e+00
2.246490894682529049e+00
7.290976610731219054e+00
1.923273984704848782e+00
5.222759546911205142e+00
3.885425869692911593e+00
1.437750533650800078e+00
2.666945246827557625e+00
1.635371795812025519e+00
7.502860759511219557e-01
5.859922561087967274e+00
1.085122609316484965e+00
2.184985263619450002e+00
5.455514101152254547e+00
5.482306360659749522e+00
3.286881220860253805e+00
5.342656694205237145e+00
5.392447795515872500e+00
3.939166820204242914e+00
5.365734306471523496e+00
2.657851507597634555e+00
3.352325290295159910e+00
5.202454302784147444e+00
4.513957592854328738e+00
6.626666211983819998e+00
2.081086579728096631e+00
1.447576920824437119e+00
6.757341199679267163e+00
6.328267256104424199e+00
6.545559646180395319e+00
4.739908402814143606e+00
4.384072615389011496e+00
3.383987361234643831e+00
3.309936768795467277e+00
4.364283595194113907e+00
1.226234730765211278e+00
5.223556980964177754e+00
2.844177188497563513e+00
4.366615293494331418e+00
3.138522099083904227e+00
5.012265642590771897e+00
3.476054921163306499e+00
4.877015413486276429e+00
2.568176342715099203e+00
3.270208491796253725e+00
2.867853467167760684e+00
3.550352513980657765e+00
5.403467893453658633e+00
4.959977239530964255e+00
3.741316894902972923e+00
9.411023811362362324e+00
3.645066721243990671e+00
6.863340072132177561e+00
2.936260458972688170e+00
2.974191158236533017e+00
2.526535667228501314e+00
4.241516388957760952e+00
6.374648951526843632e+00
1.973060092256557985e+00
1.650468811583497786e+00
5.656996283965757932e+00
5.100620068591335432e+00
1.863005573877058119e+00
1.277830660324980938e+00
3.165392885187209515e+00
2.662347436830616143e+00
2.186141976794484076e+00
3.615635978591897004e+00
4.192896217018938998e+00
2.062647915988517155e+00
2.029739563704167971e+00
4.179647482449927232e+00
3.091871712821561591e+00
3.344107239689177113e+00
2.897416058998515620e+00
1.505292489348375451e+00
3.009124581944483623e+00
3.834970709722398841e+00
5.955718427488967848e+00
5.227629792121809338e+00
5.338996809114932240e+00
3.331349992798927406e+00
1.956302687004793261e+00
4.885679878987849278e+00
2.961507570441665127e+00
2.026968885029972078e+00
7.601932083216094149e+00
1.999790582800852645e+00
6.109263124225253527e+00
4.318162928912236076e+00
2.980476385965159736e+00
3.289659785483798782e+00
2.958039778883572168e+00
3.783694176208873383e+00
1.597086804174176367e+00
2.730183599109242021e+00
4.851641010682739008e+00
2.758415803000614730e+00
1.825179148388460959e+00
2.167235477156475021e+00
6.056704924819269031e+00
2.589774532826039977e+00
3.464075173167251886e+00
