7.009542853085491965e-01
1.538504553102141292e+00
5.340913795672573849e-01
5.550521179267731142e-01
2.467961067123356944e+00
9.224187595117318006e-01
8.298411204992172108e-01
4.950968966534359805e-01
4.907680859180836852e-01
5.682122112833613015e-01
8.888786924499025854e-01
6.066317937573045826e-01
8.659263557778386078e-01
7.790911357829924944e-01
7.635325909409751421e-01
8.519889521927885845e-01
1.129636912207800492e+00
5.632195339780590171e-01
8.492268689518448488e-01
8.689783807426212370e-01
7.454636623082777636e-01
9.396896830195710093e-01
2.638520361636890854e+00
1.276772458628490536e+00
6.223316362959306902e-01
4.493390445413369960e-01
4.102607513109142734e-01
1.751434698116370647e+00
1.317617694500252901e+00
7.366390483533478140e-01
2.064522509650180027e+00
7.022749446719723787e-01
8.129646965241905665e-01
1.026173785646657066e+00
8.942989296597744220e-01
8.454037617514617020e-01
1.455559646502913473e+00
7.813333361059819904e-01
5.759457285833038398e-01
1.791600839023939296e+00
1.000872178354089259e+00
7.353672604871064333e-01
8.186118215407054421e-01
6.363889126165853671e-01
9.821127021459057360e-01
9.863700814330748079e-01
6.240660894384804092e-01
2.344417404501712099e+00
9.665740109381233403e-01
1.109197353892290350e+00
1.110276915728427793e+00
8.243050686140225292e-01
1.239020937213279661e+00
8.183837721130041709e-01
1.449140906985094679e+00
8.830878348270539968e-01
8.280937205852709759e-01
7.877476854830646191e-01
8.326258101535886080e-01
1.404288682040893965e+00
1.031917218920382462e+00
8.349120830413311323e-01
6.546997963280626331e-01
4.564579043668071656e-01
5.282809507986550024e-01
9.187249363046166017e-01
1.111570495080749454e+00
7.082111957131652646e-01
6.689600082046363028e-01
8.705510708779634621e-01
8.491214112626679356e-01
2.059503280927315050e+00
7.666771526152061922e-01
9.168090092583822681e-01
7.144915004374758905e-01
4.864949405753453138e-01
1.953836802132867811e+00
7.131831705321624026e-01
4.965124566641546111e-01
1.413748696835132712e+00
9.316168676417208028e-01
1.256016008017446728e+00
7.489191882198336092e-01
1.816813298242725416e+00
6.406632200740425276e-01
6.712916713253385126e-01
7.833816247557641166e-01
4.341373119123789759e-01
1.012012478792941650e+00
1.171801004327441609e+00
7.638545642795290247e-01
1.276715935050505735e+00
1.104903926081690191e+00
6.810167427919583405e-01
1.689700554013985334e+00
1.637331045841907251e+00
8.952406123685014983e-01
5.351988980368064253e-01
5.633328313488583650e-01
9.298297630308198780e-01
1.079687721018312674e+00
4.472443126153941018e-01
9.159452823970718471e-01
6.863042607884037860e-01
1.584794254224583643e+00
9.069548814978475315e-01
6.935261020613689986e-01
7.096500817344609802e-01
5.641847335989816914e-01
6.796054700131398674e-01
5.527962427746820895e-01
7.001891718694680522e-01
6.092986170019494274e-01
1.328160657170375902e+00
9.110401283127025351e-01
6.917663157276418007e-01
5.160584534790486622e-01
1.027860237039048830e+00
5.421000583053957600e-01
8.842660733578888710e-01
8.883995063371363798e-01
8.250190327984511240e-01
1.226182123318434014e+00
2.055357667051898929e+00
8.142972897414032518e-01
1.157816025965869189e+00
7.476959742991854396e-01
1.556999327198778538e+00
7.197896454869276983e-01
2.176792940566433909e+00
1.466651015971966787e+00
8.372975309075842976e-01
1.119370415632979565e+00
1.426870707967622165e+00
1.049444296733720972e+00
1.010045481255376076e+00
1.003615267270320466e+00
1.497349440800012310e+00
1.040367363801354417e+00
7.064738253976993176e-01
1.225408427875782857e+00
9.326516799760395937e-01
1.399278823578461006e+00
7.166138824979471078e-01
9.357173152410438455e-01
1.216179342360928617e+00
9.310593600564778249e-01
7.937992178125919951e-01
1.160742484115425022e+00
1.023927819502519432e+00
1.898726802623519117e+00
1.675561790764338754e+00
7.108463010693966133e-01
1.064942911328231823e+00
7.415384275415436433e-01
8.425014034919831030e-01
7.415457580376986213e-01
1.870103198329789995e+00
5.470940166254764092e-01
8.909166113704155565e-01
7.441033933960777835e-01
9.801284387738536941e-01
1.071401232930332403e+00
7.246179678948548863e-01
1.547092368768482551e+00
8.251336445024913813e-01
8.335436373838562840e-01
8.769808736434249186e-01
9.043724777647440538e-01
1.183688659191908910e+00
8.907605402991488619e-01
7.999590709251549470e-01
8.050790476164420006e-01
1.587613891706573854e+00
9.909492546546291303e-01
8.170052001107437345e-01
1.253387348587413186e+00
8.343585769104258087e-01
4.644786734228802949e-01
7.599074034871868832e-01
4.732082522525600243e-01
8.713978801173646316e-01
1.125212162682011741e+00
2.971391413570681372e+00
1.485044311447047738e+00
1.284434947198044741e+00
7.949396667409881490e-01
1.042987894523551118e+00
1.200024065366967596e+00
1.018701524705561079e+00
1.006241574915441195e+00
1.208016972627443675e+00
1.070275241688756873e+00
8.327844461543160159e-01
1.293887980636124313e+00
1.492484468728951130e+00
1.148867232750233613e+00
8.241634279757474868e-01
1.405121452241723690e+00
7.026693091910648503e-01
7.780108787409847348e-01
1.001215516970587860e+00
7.745731934713133704e-01
8.022805229232488067e-01
7.987586684572112183e-01
6.089645360604468705e-01
1.170268776744362471e+00
8.211758105064175250e-01
1.497315071547324461e+00
1.250326203590315766e+00
6.082743807293544691e-01
1.068485837929873172e+00
7.169363436087875519e-01
1.119922831328445945e+00
7.413891290310860027e-01
5.663490369939648827e-01
5.884000040357164618e-01
2.445203075910114876e+00
1.213572310091898254e+00
8.030723895300516668e-01
6.146231182376861168e-01
1.309699216913851272e+00
8.928123042440676560e-01
5.346494650352895395e-01
1.167206658330351754e+00
8.159460089428102192e-01
7.685081947950151982e-01
5.680932491775538828e-01
4.167368551731470916e+00
6.936370183627801334e-01
1.139620562445122998e+00
2.364663175786867022e+00
1.179269505144097785e+00
7.669431283919821984e-01
1.105613853748521169e+00
8.936598143154732554e-01
6.285550903564878222e-01
1.536839757758231784e+00
1.743458949564278715e+00
1.164598402594579252e+00
5.491395884654310944e-01
6.150401088931061189e-01
7.694499748394896255e-01
8.516925652030551408e-01
7.725890360260967427e-01
6.865312871441160425e-01
6.800149649620418346e-01
5.943343044951523435e-01
5.569363106799052332e-01
7.109185236906525596e-01
6.416617799413522061e-01
6.008601898564580601e-01
4.191658521267430659e-01
7.391135710757016364e-01
8.474771898697260886e-01
6.764602722113454147e-01
1.075740901184890408e+00
1.439643304387809630e+00
1.021995002933373531e+00
8.654767301332112472e-01
6.188448816664393615e-01
7.475293813308460100e-01
6.066303561502610631e-01
6.545918888701078853e-01
1.607071028226660703e+00
8.587650725256165130e-01
1.336275324153720190e+00
1.064714256045466323e+00
8.947418426411386516e-01
9.940293759779472715e-01
7.707560900946088811e-01
9.403352221578351600e-01
1.048609484524231528e+00
1.420387904153692205e+00
6.682351835638250526e-01
5.834563353383702689e-01
9.403774129779730595e-01
1.580862832953423336e+00
2.421714890303376944e+00
1.016462228575810478e+00
1.852023106690302789e+00
7.851886093546648349e-01
6.922558264271214679e-01
9.208275928763735019e-01
5.276554743817235549e-01
8.281771232652480608e-01
9.209864775588925134e-01
1.735061997148822588e+00
2.381357222199073309e+00
1.162729281243908508e+00
9.595765299124628944e-01
6.268807664959525905e-01
7.398603566136526810e-01
5.359538883574715973e-01
1.287792708378241446e+00
1.002140822232374884e+00
1.488848414071036963e+00
1.716742199628927379e+00
8.984887490250402786e-01
1.087431531460590239e+00
