3.429570359101001031e+01
4.450787453950620431e+01
3.339363842097115764e+01
3.859351967217127566e+01
4.222191522396133223e+01
3.634027306947234592e+01
4.455371969991994519e+01
5.243807477355537827e+01
2.952335901618796044e+01
4.387258815906845655e+01
3.495517868265004324e+01
4.515685964902549898e+01
3.712066827706628658e+01
4.583242559406110672e+01
3.676581267207301096e+01
4.453389207101682956e+01
4.281435773943307055e+01
3.861319237747810007e+01
4.380845852756004888e+01
3.886526457759657660e+01
3.952428773867717382e+01
3.454110623846044348e+01
4.431170621891465800e+01
4.837813656942822860e+01
3.459202252000542899e+01
3.419680685140582455e+01
4.120295761715139804e+01
5.848857503574896555e+01
4.195427425574185776e+01
4.737141532438822367e+01
4.324172181785790059e+01
4.373725683750205206e+01
4.263283865556736174e+01
4.698151508651308461e+01
4.302924169983398173e+01
4.539069828387337679e+01
4.063549836933450621e+01
4.331507922327774196e+01
4.321028494128740505e+01
4.089990519398136826e+01
4.284033593883127367e+01
3.728071355357714367e+01
5.031987265263437337e+01
3.295233205868540693e+01
4.779187650564215062e+01
3.611314614025318548e+01
4.577929706897884188e+01
4.961292000127573942e+01
3.900914830678502909e+01
3.491452234689009515e+01
3.105236387858526115e+01
4.041330394958959715e+01
3.607800443195507967e+01
4.892069556228098293e+01
3.979156767341298462e+01
4.149853256076985275e+01
4.402726822129147166e+01
4.012912078402773375e+01
3.635881190922983563e+01
4.423656029202536644e+01
3.365586584610770160e+01
5.197562191621272376e+01
3.115158637034098632e+01
4.792303798450669206e+01
4.523632413928074669e+01
3.898992129175264409e+01
3.796724146817477674e+01
4.454808097445166482e+01
3.518925677163651500e+01
4.443768320362487856e+01
4.364845417553593876e+01
4.139768167895628892e+01
4.139207174010877566e+01
4.438141948556290117e+01
4.098876319372650556e+01
4.485864585229963808e+01
4.413172743795627895e+01
4.559749264976447591e+01
4.816719143523734914e+01
3.611451246613754051e+01
5.178380963759681066e+01
5.929567265032790147e+01
3.782943675890399504e+01
4.454150087940793412e+01
5.187257429206115233e+01
4.276667023242783472e+01
4.644998994955327021e+01
4.451037802861533521e+01
4.614494336238636407e+01
4.818642640354981665e+01
3.291344068011013491e+01
4.404239164354878966e+01
5.119044664410562007e+01
3.812541465053607226e+01
3.901248836878330906e+01
3.521894560099227789e+01
4.493728965411639820e+01
4.388261670644550350e+01
3.800680973160356757e+01
3.858609879931915998e+01
4.690498122258465230e+01
4.325032952161262756e+01
3.734273095267219134e+01
3.058331903231945148e+01
4.135357867032899293e+01
3.397869264049870708e+01
4.486323568463100031e+01
3.965842141669212850e+01
4.111720669523722904e+01
4.491239747231944079e+01
3.669219192041422417e+01
3.673852732073528671e+01
4.012591173652666043e+01
4.242241962769788444e+01
2.951525593200804920e+01
4.477968911433558930e+01
3.703288062559406768e+01
4.066517728442808988e+01
4.416928089569153570e+01
4.258526218510271377e+01
4.080973489074778371e+01
5.807459180997470582e+01
4.104733478672867619e+01
4.290121078701540114e+01
3.276228945009232518e+01
4.908591180863023595e+01
3.854329209236065168e+01
4.734064172832314199e+01
4.496827196816470718e+01
4.624318332830637956e+01
5.094378744968318529e+01
4.564129851645733282e+01
3.573804890260746703e+01
4.045965202982357312e+01
4.573438071774046421e+01
3.385627263887938909e+01
3.589936298244504087e+01
3.946288943555371986e+01
3.032045489623991585e+01
3.445647028147519819e+01
3.596848724796917907e+01
4.010250973841252176e+01
4.945467508509187127e+01
4.266027703204161270e+01
3.259267454584427526e+01
4.177381773562785128e+01
4.581481132583056137e+01
4.064286898257607561e+01
4.700276805282128834e+01
5.422503092983097872e+01
3.943707904899147820e+01
3.742470747493425165e+01
3.975605742716584956e+01
4.428168338617478383e+01
3.289537286060490828e+01
2.810462176239290955e+01
3.790919357572764881e+01
4.174847136182224716e+01
4.357797706363899692e+01
4.727444035061563454e+01
3.550241990814689075e+01
4.192926782388541085e+01
4.027625287125513864e+01
3.808647412510155306e+01
4.055750349122848064e+01
4.648228208692546559e+01
4.194123810861106705e+01
4.068337300774070542e+01
4.026404243809790984e+01
3.739671970402875445e+01
3.668648330977521965e+01
3.678422159103931932e+01
4.337376439431992736e+01
4.395998250373853011e+01
4.209140139246812140e+01
4.323519452273324504e+01
3.319303854306092205e+01
4.917558534545907634e+01
4.372271654712564271e+01
4.303106289353817715e+01
4.065085253063196546e+01
3.996586982363246676e+01
4.265492583856100595e+01
4.065625395701484734e+01
4.700008353121548055e+01
3.598642527484382470e+01
4.960169296684192375e+01
3.334836025609218524e+01
4.111185914259942820e+01
3.467638328599029762e+01
3.611139163254384243e+01
3.442717009996984245e+01
4.089392528623476153e+01
3.349632599444498737e+01
3.851556656803656864e+01
4.073844096869462561e+01
3.767698506104076017e+01
4.161525530925169392e+01
4.384582694882304565e+01
4.584528138526412988e+01
3.485997707951953828e+01
4.852334282415552025e+01
3.934396395963675275e+01
4.770306371030761028e+01
5.557465822743461814e+01
5.115107207203094219e+01
4.454779669530947217e+01
3.744348735653009896e+01
4.635955098915271577e+01
4.431969799758950046e+01
3.920884542098477255e+01
4.683147148885437616e+01
5.174337248753786866e+01
4.745700551641609621e+01
3.599692889824965647e+01
4.880516292142646506e+01
3.590391120994298291e+01
3.463929868214333396e+01
3.443225362564186298e+01
3.299487636833926985e+01
4.099701364403362192e+01
3.550877169515492682e+01
3.496294680527793730e+01
3.942606541161564593e+01
4.063378853578984717e+01
4.130284742321342151e+01
5.330516939735959880e+01
4.381701262110337325e+01
3.342983100991536105e+01
4.203936976126971814e+01
4.535534845099986256e+01
4.483333297498163716e+01
4.557506836326624722e+01
5.133491026170932514e+01
4.198465182476665802e+01
3.558007879421938213e+01
3.671149986806285170e+01
4.512182911649755823e+01
3.743922196238483480e+01
4.743953520143069369e+01
3.634150851067575871e+01
4.192323631819660079e+01
3.717975834506270871e+01
4.140986530102132690e+01
4.303970073117194772e+01
5.283058022824351951e+01
3.191155980771518230e+01
3.710023379291098422e+01
3.039704843094178344e+01
4.492394306173572005e+01
4.012900227034913314e+01
4.998740632316764732e+01
3.480414313751016664e+01
3.666084838178337435e+01
4.125198517668484044e+01
4.056338564624581267e+01
4.375360648329129276e+01
4.436604407863871558e+01
4.903141440882002655e+01
3.435175371461517813e+01
3.401055123449961570e+01
3.408994292382214297e+01
4.265096869418301395e+01
3.671404996150809552e+01
3.036066440111824605e+01
3.952243232227592529e+01
4.639028783377077048e+01
4.511521995780420013e+01
3.783319901168825083e+01
5.027448703243776862e+01
4.418176784894607323e+01
4.176243595279456855e+01
3.863479702547456895e+01
3.425751985148166057e+01
4.489612048872439942e+01
4.148110513406331279e+01
4.871415014041048863e+01
3.894177868053585456e+01
4.834122835317556621e+01
4.317110582375635630e+01
4.642965767380063369e+01
4.598855046180642603e+01
3.998367073950796424e+01
3.910628038485086932e+01
4.931309814086556287e+01
3.674856428041368162e+01
3.614172619870977599e+01
4.033956622211555043e+01
4.075370716854099840e+01
3.377316860516444308e+01
3.614947602421094786e+01
4.882963148307722179e+01
4.208057652519536163e+01
4.347066238426078399e+01
3.116698096832587694e+01
4.004367154745383317e+01
4.355161491958313036e+01
4.388111122581232593e+01
4.493871753184257045e+01
3.436771709256622387e+01
