4.168673370236606779e+00
3.558090037976211928e+00
2.536350796608202174e+00
6.150343413677159532e+00
5.004806530311900481e+00
7.788190771439871263e+00
8.770020606616414582e+00
6.071603522948165299e+00
5.216915368344142934e+00
5.948575792468838941e+00
9.090504561996748834e+00
1.024495083148686803e+01
5.273276673720149965e+00
4.950358718550828208e+00
6.379396200918627358e+00
3.293738562150093863e+00
2.906903468416767389e+00
4.761169301383704422e+00
7.608448728849951159e+00
5.527477926750498760e+00
3.721630421354928497e+00
4.680314439750968170e+00
6.330835296920218624e+00
5.630639533547230791e+00
6.535302817440683754e+00
6.924267410021856861e+00
1.838663136696008893e+00
2.598519871825417660e+00
8.478285798738271595e+00
3.721904387145188231e+00
3.382167360422787095e+00
4.973872461283967539e+00
6.305745005441394824e+00
2.351015918997834131e+00
6.507090369873711921e+00
4.889101196365163382e+00
7.906980769945801235e+00
5.999438145772600706e+00
4.082503227566223636e+00
2.876319661959617413e+00
6.139274902841465043e+00
4.724895661070453556e+00
6.073663128689112511e+00
4.945271388288231762e+00
4.968811176030203391e+00
3.407265351466871373e+00
4.166160751960314101e+00
5.853199652408696885e+00
4.482872900767295832e+00
7.660763878346653399e+00
7.988421181520068970e+00
4.292110200493422845e+00
3.545768545590719967e+00
8.158849213112986831e+00
5.122564372501255292e+00
2.689961548173414485e+00
3.263629883290119160e+00
8.576845966960359391e+00
4.935230776534861086e+00
7.110934456033674245e+00
5.870144637640953178e+00
4.449159801948869841e+00
4.925622963530505771e+00
3.147786602037179193e+00
6.155406902872638142e+00
6.944271743725630053e+00
8.845335861543462741e+00
3.420566496404169765e+00
5.956728388944793728e+00
6.817854360415645409e+00
6.532013285197207253e+00
2.508734820870305970e+00
5.054218605235964112e+00
7.370649360694981667e+00
1.237860013724274744e+01
7.880031342901772540e+00
1.646547207733882967e+00
3.135699606199495282e+00
5.316540903079453706e+00
6.201066332771643097e+00
3.304957906169714743e+00
4.218166872268648504e+00
7.159052555455954980e+00
3.317673145688437852e+00
5.184642679129202847e+00
4.649572678567759354e+00
4.830669530239600995e+00
8.494853423632010347e+00
3.703342114109706706e+00
5.069759770247401320e+00
6.775384522468620219e+00
6.313802446316456596e+00
7.606157829772533852e+00
4.704207997648630624e+00
5.747159610983831435e+00
5.349558005005542682e+00
4.203588355345909910e+00
6.521168623582176416e+00
4.864426548855764310e+00
1.643400107712865044e+00
7.182496619854957132e+00
6.067957726402084084e+00
5.956582106284618483e+00
3.770469190442881313e+00
7.948705221318064673e+00
5.076685283860626896e+00
4.612752778266983711e+00
7.060050060602238275e+00
9.616798565669377297e+00
2.981153750603819930e+00
6.968770756831393243e+00
6.421026345029784643e+00
3.824678404764376261e+00
7.752015905383595751e+00
7.406653952354077752e+00
2.222438918659077167e+00
6.399344196480021729e+00
6.265795746876348105e+00
4.018160024480724957e+00
6.889300530575664716e+00
5.852864895575534909e+00
7.067481267206582984e+00
3.843500428220222975e+00
5.028603484776366983e+00
3.449039834845579300e+00
6.339941309135982195e+00
6.420743633671311734e+00
4.997840322157338200e+00
5.844121292742307183e+00
4.193554040680442796e+00
7.569375679386831202e+00
7.036412821473031265e+00
4.474552411613277769e+00
4.993605055624358968e+00
2.537675135378330005e+00
5.692907635759375751e+00
4.178228786810155526e+00
2.111671319174955652e+00
4.889898527002300099e+00
5.904549316171920026e+00
3.655068904663344664e+00
5.859094866551579628e+00
4.177146822690247951e+00
5.684940958107424613e+00
6.708261677728700079e+00
4.836536616724386839e+00
3.698283121575973720e+00
5.526635243404749431e+00
7.186838628113953575e+00
4.831832430669726897e+00
7.867414677036310700e+00
4.647842205577680019e+00
3.099755752324697688e+00
8.864569888774587625e+00
5.866882581127429219e+00
5.160005619452134873e+00
4.803178484376208424e+00
3.377785733783823741e+00
3.277989499770363135e+00
6.059204081670186426e+00
5.844798941610341636e+00
4.460279490469302388e+00
7.087647481011693174e+00
6.481356124559131793e+00
2.857339173928051146e+00
5.269464463091420470e+00
2.105455008224460745e+00
4.520069021785470653e+00
5.324989253264302391e+00
1.128931775774082169e+01
7.927373978743358585e+00
4.455933438117705592e+00
6.556721504919329924e+00
5.230264766511568020e+00
6.070670227359515891e+00
4.895768917389941244e+00
4.649925222320528739e+00
4.741615502878097743e+00
5.095426071849462168e+00
6.422535299693946875e+00
7.165447005834825411e+00
3.291223300751894509e+00
3.193483888265782777e+00
5.182236115892079553e+00
3.107889096481950109e+00
6.164393619483222508e+00
4.758242129936732567e+00
2.927021265016842566e+00
3.324896424240456394e+00
7.819504308975169238e+00
6.714590686567341038e+00
2.629952167932377183e+00
5.002785630281906037e+00
5.597428384022636649e+00
4.703287285944496077e+00
3.949171998791021210e+00
3.297283234113873807e+00
4.716835884690798508e+00
8.984536391743807471e+00
6.725398098795581703e+00
5.605750745491073772e+00
2.993790887433507297e+00
4.767972481414746611e+00
6.395392606047908046e+00
4.934694315439833723e+00
2.432244771297134900e+00
7.794036912045409160e+00
4.187501896227412423e+00
3.640241853403741068e+00
5.788744074493639147e+00
4.326482412143482392e+00
1.099469752989119975e+00
4.783572481940355559e+00
5.290499794726455818e+00
4.548216364967163194e+00
8.069720334230376935e+00
4.036508828587542119e+00
3.004842631871537773e+00
8.819958793303856126e+00
2.717616976377364324e+00
1.653540916095251889e+00
3.775831568843114550e+00
2.821165290725345720e+00
3.293448211791729641e+00
9.381493491662279638e+00
7.290342079904985617e+00
6.530338205037836019e+00
2.643786644720103052e+00
4.583416191715468990e+00
2.829003432633296011e+00
2.407364742373307998e+00
8.897243505170420619e+00
5.877790304905673224e+00
3.391952451342061359e+00
3.073199369162296080e+00
7.068956526029322340e+00
4.671254039448704987e+00
5.723112811073064243e+00
7.285487411497822308e+00
5.984298529377015008e+00
6.401132852764827241e+00
6.669078240590279094e+00
8.303135775752117809e+00
4.726977670935614384e+00
2.986822950724059567e+00
5.721720842541046181e+00
5.355826968822804623e+00
8.616753584162763602e+00
4.955120340134265611e+00
4.433060491542881287e+00
5.255180235676220946e+00
3.644986401414611166e+00
3.858033223049878835e+00
5.932803671848398075e+00
6.513497956019223878e+00
5.406457854367725524e+00
2.908742416095705163e+00
5.053120563920043828e+00
5.645197602122602021e+00
4.639395063137111030e+00
7.547573685330707605e+00
3.761561899398016884e+00
1.562641941721178318e+00
3.634895569392824211e+00
3.288075554654351862e+00
5.643213527186517808e+00
7.923091923471361042e+00
3.304189944127261302e+00
7.895691619098379022e+00
5.931950855469245276e+00
7.622963453494006281e+00
5.644050832335759438e+00
5.929880240092641586e+00
8.410616267692704540e+00
6.182471815090251788e+00
6.296839624258166346e+00
9.153294428809370942e+00
4.697258215441477702e+00
5.624711456409466237e+00
3.805807884440999267e+00
9.874855543682663495e+00
9.852863026430330962e+00
4.917136646423747592e+00
9.281326438000354173e+00
8.108339677119211331e+00
6.661023638619104403e+00
7.626640452346353349e+00
4.134946864817150569e+00
5.310328808562817748e+00
6.707975072758430635e+00
6.560005195925389110e+00
7.739920641740081209e+00
4.934001617310603827e+00
3.782868900208548268e+00
2.265432753318812331e+00
4.579969113173931738e+00
6.599426020875686305e+00
5.117185700233405576e+00
3.070035707218937926e+00
4.041641834225965013e+00
