4.244464500119190298e+00
4.016081686549762608e+00
2.183733795179468196e+00
4.097536028297658284e+00
6.558660488472239258e+00
3.606227472554044855e+00
6.450474293046323027e+00
5.103382553777414898e+00
6.212203277264933377e+00
3.089217248504039670e+00
6.140696523011436092e+00
2.828513477147770239e+00
4.404783129469870495e+00
8.391592942955741208e+00
5.771538583757000573e+00
5.116246380726307663e+00
5.684177833175699135e+00
5.397313754266004793e+00
6.331591423580293920e+00
2.274816812108528818e+00
4.570746559714552681e+00
6.424608975743203665e+00
3.137456238905185657e+00
6.541108802388575505e+00
8.143634533602986281e+00
2.154298061276013421e+00
3.287968090582395142e+00
1.005510183469440655e+01
4.238398695945596373e+00
7.069898307706004914e+00
5.012892093406801308e+00
2.379019159989595344e+00
3.229731340843148502e+00
7.050279761989155958e+00
6.984996266967090861e+00
6.191539768515106346e+00
5.992498941488933362e+00
2.970426985440267842e+00
9.608015719957009537e+00
2.522302680305797740e+00
5.674037099412352347e+00
4.017465500342982665e+00
5.913926039806272961e+00
2.626728457407358608e+00
6.851947460560249503e+00
9.131031292731464077e+00
7.239259813152033374e+00
5.422768118281166672e+00
1.391882444492258175e+00
3.808641031878317484e+00
5.287275060231604762e+00
3.595350306325446166e+00
3.806946141910813264e+00
5.012776073055437820e+00
1.942430712738855814e+00
2.827141109064064572e+00
8.410186969610965235e+00
4.800042588856643810e+00
7.075067381677812683e+00
5.512515825622185339e+00
4.372745572948012693e+00
3.840095033077971731e+00
3.749243689567161031e+00
8.160449759452951257e-01
4.901816555343067705e+00
3.691615065955344832e+00
3.634354344394000069e+00
2.880907614787357574e+00
2.963105519316492131e+00
3.767857813473697970e+00
5.205660101630762426e+00
5.047873995699959870e+00
5.375256909578921771e+00
1.730314321416476897e+00
5.190938544388562725e+00
6.482841690283792424e+00
3.804286795763256901e+00
4.767128796623340214e+00
2.936755425201414305e+00
2.522651704312957488e+00
1.106164065459010803e+00
6.767419329591714217e+00
3.742769851666150505e+00
8.021247396251478534e+00
5.706576040381454717e+00
5.616349935802478655e+00
1.197697499017398748e+01
8.238994073912394356e+00
3.393991168018116511e+00
4.497440315907656583e+00
6.192619143494742850e+00
4.560981610390464347e+00
3.155743786268259132e+00
2.355268705863754253e+00
4.532419738580957258e+00
1.226372320236341906e+01
5.052375659974614130e+00
2.978515353675095234e+00
2.257182355355063397e+00
5.939478425578723630e+00
1.985586278959151629e+00
7.188470669670019575e+00
3.679654363847835175e+00
2.132671470454333917e+00
4.828147662125735984e+00
2.604712129718662172e+00
4.372035012355203420e+00
4.020306669116131104e+00
1.952888721804941552e+00
5.290345872193248589e+00
4.674460537855682496e+00
3.398336687022407432e+00
8.569608219450138620e+00
3.637814008863004211e+00
4.667417841817766977e+00
3.419947243025802219e+00
6.820459381762783657e+00
6.300615361690800498e+00
3.153449541341098783e+00
2.531696848300184932e+00
4.684917784149168263e+00
4.538790924484364275e+00
5.007064651230582975e+00
6.735418315517349264e+00
4.721017923045899067e+00
3.286947781264665913e+00
3.106144212891372991e+00
6.767263495513821780e+00
7.375270430832345347e+00
2.585861286730761321e+00
6.719821317352836054e+00
4.417741216837274720e+00
4.458949866710326226e+00
6.570190198258181624e+00
3.621707936222235968e+00
6.536092103192309821e+00
5.212634492909018924e+00
1.268899822355786178e+01
8.162368654377734956e+00
6.582478780274240826e+00
4.132031500439727445e+00
5.026052558688085092e+00
8.165726863874583685e+00
8.203601824799584108e+00
5.609507765314028838e+00
2.681571119867005581e+00
5.760289705711793218e+00
7.085674994448938335e+00
3.108349646815868450e+00
4.106272507696598240e+00
3.115357013323186486e+00
3.133902425926141877e+00
2.572783575454771654e+00
5.672519139785430653e+00
3.862251681636309719e+00
5.834772835511500944e+00
8.175851259140001659e+00
5.710789670987290734e+00
9.520009726821646368e+00
6.353459430977697942e+00
7.366145966751040497e+00
5.018780652762156791e+00
3.922949733361580371e+00
3.151005556511154992e+00
4.184310678152205476e+00
5.928852738007215351e+00
4.867532337376053952e+00
2.965110280631035433e+00
3.996363426553658282e+00
3.236497800840606232e+00
3.260461448619051072e+00
4.508412500715412996e+00
6.197635353479124198e+00
5.825943814717991387e+00
2.668472580005704753e+00
2.866224504656584848e+00
6.692804720379514016e+00
4.908624630000895550e+00
3.407773954448148679e+00
5.194554166611245805e+00
8.209230450688821179e+00
5.074612435030904756e+00
3.909917184597306417e+00
3.942562389912391385e+00
3.937744956122611661e+00
6.605456258928499302e+00
8.162127752237655187e+00
4.524601446878072863e+00
2.479591260534776964e+00
5.764324139212492426e+00
7.291198113455661378e+00
2.306823091235868262e+00
3.912790346885822057e+00
4.400616764604146525e+00
3.759049433629921388e+00
1.170190451821425270e+01
5.343230981710060057e+00
3.855126866763352922e+00
2.441196222846129249e+00
4.363723283717857448e+00
4.697912112650952210e+00
2.032818167674459886e+00
2.431803353546818425e+00
5.308500658274278194e+00
3.262804741910968698e+00
8.859879975315875456e+00
2.451276648356164323e+00
3.826052166996742887e+00
4.272189527040669788e+00
3.884853295329226075e+00
6.069760319120200975e+00
6.902968387352680146e+00
5.028674768923230509e+00
4.306328401085276703e+00
1.695458036996748685e+00
3.080863131953520906e+00
5.975514148417182980e+00
6.478414966752844784e+00
8.698190759984795406e+00
8.516886565890381178e+00
7.074435749403970242e+00
5.757124364393498617e+00
1.748821988917829362e+00
5.703149991917124240e+00
3.391961939925449698e+00
4.248366294132896570e+00
2.750704883968562608e+00
8.463318799667877812e+00
3.063287837680208625e+00
8.178087458499451401e+00
3.183416654487421393e+00
3.968719992109610573e+00
7.557588794503971030e+00
6.691025140750028299e+00
1.000373996967971735e+01
3.513998008004489026e+00
4.023216891100085846e+00
4.954118595881976894e+00
3.991641371137058858e+00
4.106453439143404438e+00
6.247863680587625979e+00
4.769648272683941315e+00
2.052037839708232614e+00
2.801041927694990719e+00
4.338807430852679836e+00
8.004351240786647281e+00
3.258524667300280342e+00
4.031497359724398599e+00
6.140975804066980182e+00
4.805599121464418921e+00
6.787564132725374400e+00
8.168234304671143420e+00
4.544684663085198473e+00
4.123688174076922230e+00
3.261006916134295608e+00
4.535662151066460979e+00
3.752397855396073290e+00
3.735196506007751438e+00
4.888825128588548452e+00
7.363072201103541659e+00
5.886910459720535727e+00
7.980922683184075161e+00
3.102791711754379289e+00
5.480599306527345504e+00
3.065192396995644941e+00
2.754381834612593227e+00
2.725907724463402459e+00
4.403523765405682688e+00
4.420804615333103982e+00
6.985199853982972940e+00
3.499763150577813065e+00
5.060600140154926763e+00
3.504956544622069181e+00
7.541995517813436578e+00
8.727628079726827082e+00
7.370111488360978846e+00
6.458667031054619478e+00
3.987021933589935951e+00
6.270144723821341692e+00
5.060380419633483839e+00
2.364027180304856923e+00
3.241818622852151499e+00
2.848551932556317112e+00
6.705116881819135344e+00
4.605279499564866263e+00
5.370573122840643698e+00
4.341684031157162060e+00
4.571017345061424209e+00
2.498664579804823926e+00
4.809390135447263681e+00
5.236076895236212891e+00
4.386461469015114467e+00
4.826118144207233840e+00
5.743662219850953932e+00
6.077217920194776468e+00
4.448669603473127232e+00
4.961424798466493868e+00
3.513031137568442208e+00
1.974859130858246381e+00
5.389012860176117137e+00
