7.313084264733695328e+00
1.538924413152577486e+01
1.124664854643170031e+01
9.950233447607184090e+00
6.775905424346030159e+00
6.942907263842877263e+00
9.407934084345825454e+00
1.082225683926545123e+01
7.086782370609800097e+00
5.916139417124340660e+00
9.971076005857518965e+00
9.088282780170564124e+00
1.124568939049299132e+01
1.252035336843918145e+01
4.264552281581552862e+00
6.475061679135919235e+00
1.437226881254784239e+01
1.027443414133062127e+01
9.650063716103980838e+00
7.760683459426071629e+00
7.030208999928754920e+00
9.865084657727654971e+00
9.816645598532280914e+00
6.137042060323145698e+00
8.993051790589746020e+00
1.440650227245341775e+01
7.645973649731732102e+00
6.563013148718099821e+00
1.046201804478149811e+01
6.219992223513090224e+00
6.982505596955302707e+00
8.947865256372820042e+00
7.934821107289944386e+00
5.434609193567484731e+00
4.753558952640636548e+00
1.103235229833147102e+01
9.441436781512800636e+00
1.049646425063266619e+01
7.412276221836362033e+00
7.993203499556973846e+00
7.158353211780827507e+00
5.652670072495904918e+00
6.362529979972662453e+00
1.062449644118464143e+01
7.553969482326620799e+00
1.291668848214352217e+01
1.022570080403739823e+01
6.803890038941025509e+00
6.104964730589541588e+00
1.311730334601285719e+01
1.091151466594217467e+01
1.018756710230724316e+01
8.497976510532939898e+00
9.523910481685527785e+00
1.185509265331699069e+01
1.070307434630751153e+01
8.018444742093713273e+00
9.031983096231977370e+00
7.121668655339610687e+00
8.276161060201598474e+00
1.440881992398965217e+01
5.975553135281188588e+00
9.609968910514870899e+00
9.063443568787276305e+00
5.790068209160446067e+00
9.818983848418692872e+00
9.272922228882311657e+00
1.519902672200924343e+01
1.219220925473061889e+01
1.206484065362003477e+01
8.803287687332931100e+00
1.288306025322504134e+01
1.191130374889892707e+01
7.870961536052223373e+00
9.475863858018522379e+00
9.326867587712673213e+00
6.504239368618060624e+00
9.169177354916275391e+00
1.158617029098038920e+01
1.135184523726991124e+01
8.482525490549749136e+00
9.171543859037488033e+00
1.161448722013034285e+01
1.083741321142603198e+01
9.507889217919752056e+00
1.098107176704517585e+01
9.241739275035008916e+00
6.381911414866401344e+00
6.684628651471401284e+00
5.818091974590251070e+00
6.764359334149464331e+00
1.115128800957362287e+01
9.854852131387417558e+00
1.043422736215591762e+01
4.680047252284296633e+00
8.396144363374954622e+00
1.124274378488498627e+01
1.016486070868252334e+01
9.841140738609370331e+00
1.177587992819840679e+01
8.141814970425839348e+00
1.195162988875648580e+01
8.445443416946678994e+00
5.912442261890771711e+00
8.256836718181913781e+00
1.132391810309726843e+01
6.470983623790286465e+00
7.380121830192067023e+00
8.148469670229392392e+00
4.649252867257178679e+00
1.156029391013071894e+01
6.291092699694038615e+00
7.129949616239639631e+00
9.181865646556234495e+00
7.180472860734118612e+00
1.292607032844498782e+01
1.086550268016495835e+01
1.138887705078583856e+01
1.013222147766609460e+01
9.297159146643059202e+00
8.364130072841254204e+00
1.239799467134764299e+01
9.269776561891864830e+00
1.158968642853266751e+01
8.615129270750152557e+00
6.641863827019266253e+00
9.400315430909333969e+00
7.752713690128280710e+00
4.529287649395414839e+00
4.827358394044044765e+00
9.112181897919613860e+00
1.220367866243392641e+01
7.139367086244387650e+00
9.623703511383379094e+00
6.036615582912252975e+00
1.210437104721293977e+01
4.485159502324974845e+00
3.799329959305988158e+00
5.945156399737195230e+00
7.231265264097383572e+00
1.189962635603440688e+01
7.498466714426650803e+00
9.693815252714744091e+00
1.025419230540320825e+01
1.032178422910294913e+01
1.027911962687315039e+01
1.322578419429687102e+01
1.319996207069182326e+01
5.435488714359415496e+00
1.082677127917429694e+01
8.073636931905074476e+00
5.180536070991347053e+00
7.220968270700378611e+00
7.877043053526570304e+00
1.074759858707065874e+01
6.506316217015418957e+00
1.026709728677779054e+01
7.955893571220580718e+00
1.015975307689841323e+01
1.152313548423710010e+01
4.227181434528466397e+00
9.836623719940460475e+00
8.418666803567250057e+00
3.788610100384098178e+00
7.762572562874994198e+00
7.250725546668781440e+00
1.051555455160887398e+01
1.110594208900043078e+01
6.897869076683057266e+00
9.774403329290549891e+00
1.086805168387763487e+01
8.304558357702253701e+00
1.094075282479572664e+01
7.926769803307316842e+00
5.538402285622773036e+00
9.721965419987517620e+00
9.439806444407041752e+00
8.925582501554375270e+00
1.197227663367850958e+01
8.316617105184608505e+00
8.282668478118067057e+00
9.172868335543302720e+00
9.485430997262273678e+00
8.766630333678344655e+00
8.382700070836175854e+00
8.071698661448955647e+00
7.473490361611474952e+00
8.225865649357894327e+00
6.118096249921597618e+00
9.760519424894383178e+00
9.379249634232987631e+00
6.265900460697380936e+00
7.660777743711087773e+00
7.357040991254204521e+00
8.389961818242436919e+00
1.024978891333985054e+01
8.086198578640898305e+00
1.006827125155406755e+01
8.015599828505783009e+00
1.130878438138386066e+01
1.145270654425548607e+01
1.139971821614618186e+01
9.868200633515911591e+00
1.093402857418105256e+01
1.212210993179622598e+01
6.585090077842333578e+00
9.888049978587947209e+00
1.266909871403481347e+01
1.226546472980668234e+01
9.344714274382464936e+00
6.500981373642889416e+00
8.378677821932477343e+00
7.662721218093799358e+00
8.221299708927846339e+00
8.171813810207357420e+00
1.373684693646209709e+01
1.076895632132135283e+01
8.749144139886730898e+00
8.320960415150029377e+00
1.032724511397223033e+01
1.087057472323055052e+01
6.987230745809545063e+00
9.245942487917405472e+00
1.245114727081582728e+01
6.617068985481783017e+00
5.464658794521409568e+00
8.150017333498226435e+00
9.777728317664056590e+00
6.309237675748301299e+00
5.747573259368969900e+00
9.096125431223390123e+00
1.215870835404851036e+01
1.148123741445238899e+01
6.592005217833237118e+00
7.583734091693280277e+00
7.841129934320121286e+00
6.503951003797904029e+00
7.544278851086811954e+00
1.334424490615430692e+01
1.017613327093670783e+01
6.660962781834036228e+00
7.467564860282816852e+00
7.888435943145020168e+00
1.004965667437362420e+01
8.615079857882125935e+00
8.280990974045533193e+00
8.266120550758353502e+00
7.238272642141050817e+00
8.714665218387157353e+00
1.330401078680515958e+01
7.572775405680262750e+00
1.022990172112490903e+01
1.274379942217603023e+01
7.986590343535134195e+00
6.152630023830076844e+00
7.045563965363339065e+00
7.489858401320977244e+00
6.495267049815550919e+00
1.171512298778202421e+01
5.145140260750191707e+00
5.456450271275175012e+00
8.204519351947986650e+00
9.477315990650655664e+00
8.036354326922088731e+00
8.682972441862055746e+00
9.812469480485342288e+00
5.533335908410795589e+00
1.325550684372527677e+01
1.100652048236787550e+01
6.477020422723895443e+00
5.177251621238985635e+00
4.828492941002760830e+00
1.151241191677894626e+01
9.869504522362239740e+00
4.151655479539755333e+00
7.563358109851273881e+00
6.179630204068419452e+00
9.291209110275142180e+00
5.455795206490309468e+00
1.026346488105542143e+01
9.704848651861096798e+00
5.877291665569213563e+00
1.141683184350426750e+01
5.489828350806671864e+00
1.075187036562947895e+01
1.009790674829800317e+01
8.652467922285811852e+00
7.615096935303378167e+00
9.092065339749343167e+00
7.601029297996077183e+00
9.563798550463324943e+00
8.566524189661404165e+00
8.146603253817152890e+00
6.739421091607721515e+00
9.103076431547894032e+00
4.558390335555166928e+00
1.183117744649151604e+01
6.263241901389744903e+00
1.159186242241875142e+01
7.050982853595060718e+00
