1.416765675728800078e+00
7.468366820682809104e-01
1.688711124924143325e+00
2.442164513179288843e+00
1.103288126866347696e+00
1.524752956021225625e+00
1.097296024522431246e+00
6.922625497988307286e-01
1.327145473584729674e+00
7.714280012231381489e-01
5.319120830082130214e-01
1.236317317339862054e+00
1.047766899835288701e+00
6.768640674602866003e-01
1.452677211901934440e+00
6.897139679924206845e-01
6.101490586443253372e-01
9.968776930047784646e-01
8.681918217477809785e-01
2.411560651002178979e+00
1.368826915998758054e+00
7.561892101287635004e-01
9.167237581969306381e-01
8.990499428356554246e-01
6.846368606981616534e-01
7.357416350970296115e-01
7.621378803621836617e-01
9.091844388961467516e-01
1.270221569334029743e+00
1.220838049380842838e+00
1.169081248405336781e+00
8.391916111035627734e-01
6.481177379887423928e-01
1.773668712371357037e+00
7.096526142899541867e-01
9.871505209003300640e-01
6.347762285990597997e-01
7.939698819008671471e-01
1.101995384640720888e+00
9.074245412772594666e-01
1.192840901838948087e+00
1.109947420278971197e+00
1.057911212790193067e+00
1.434835095695284224e+00
9.123721346622176709e-01
7.719765500236368538e-01
1.072347195635581452e+00
9.756057451814396098e-01
1.863355792873951033e+00
6.731842011558096806e-01
7.203197721987173452e-01
1.295950302597530523e+00
1.488649487862280463e+00
9.399442719256293488e-01
1.132215516870408667e+00
1.071542230526601580e+00
1.505306552596470615e+00
7.026714243183561637e-01
6.127072444693185682e-01
1.013699825083391515e+00
9.033193914840147443e-01
2.045930084557963102e+00
5.443771178274806610e-01
5.486806066156836303e-01
4.483900059711214969e-01
1.058403963427208438e+00
7.249267501329634822e-01
6.856035218690401667e-01
9.617946146315773381e-01
1.397615544839169610e+00
6.285635396591204849e-01
6.693595619998510271e-01
9.256495732388561049e-01
1.194245171995617749e+00
9.441790743945318587e-01
7.554896672411540726e-01
1.060856105114188930e+00
6.378904253772983424e-01
1.081184193652024783e+00
1.250374805080255891e+00
1.178155839104021219e+00
7.558633690919206449e-01
7.727231277580263180e-01
1.041954361777711391e+00
4.609721852435108569e-01
1.529761096918412555e+00
2.711027625142938824e+00
8.419430485167246347e-01
7.439254858044951346e-01
5.537043029165548136e-01
5.609389355115440567e-01
7.695494855627368347e-01
1.926827602520163829e+00
1.044110703516061722e+00
8.383155003425867280e-01
1.568621871470453621e+00
1.631676681109097693e+00
7.194007325265031616e-01
7.315341389643869041e-01
1.010268292158290837e+00
7.125062655106383369e-01
6.370920324303702698e-01
1.525756521625349249e+00
1.124543683012978024e+00
1.290592319934349641e+00
1.139410362102300622e+00
1.467661364793408696e+00
8.440575113953446840e-01
8.904635111493424127e-01
6.524854656585556967e-01
1.312143951022592514e+00
8.294188283986341226e-01
8.184278295135297698e-01
1.128456000325574804e+00
5.112559753058114609e-01
7.319797427191978567e-01
8.054482305727567182e-01
2.293932029233711756e+00
6.883391882610943036e-01
9.637579179820718878e-01
8.573368491275054071e-01
9.924952120625826213e-01
8.755203439104310981e-01
1.718081648578862808e+00
1.270026197269157553e+00
1.348205009091083761e+00
9.229584139834487999e-01
6.215777431391699137e-01
1.058180360141408149e+00
1.728971778414105653e+00
1.001487938783900411e+00
7.919284928310904581e-01
8.163584835198105516e-01
2.036873087469281529e+00
1.105100692538045326e+00
1.881406648131155546e+00
1.228098778763559773e+00
6.967416603789660101e-01
1.064864838047348217e+00
5.005457485694184694e-01
9.146930392384754471e-01
1.171096763812149888e+00
4.974634503228961835e-01
1.006034381417468815e+00
6.699886062120569141e-01
8.440553981611488288e-01
9.532663879762576231e-01
4.860024604481791854e-01
8.602033710836392011e-01
7.338146939143123104e-01
7.340916797624584822e-01
1.173865464857443364e+00
6.539101430880084331e-01
1.102097954208045127e+00
1.008845700790256927e+00
7.129014985499818602e-01
1.165735635330683140e+00
6.890767821087239176e-01
8.926461046937269606e-01
6.230069523505880058e-01
1.101110321788383750e+00
1.047400823589381913e+00
1.206177902295832327e+00
6.178498851066619446e-01
5.705282313541193417e-01
1.165504199286157672e+00
1.113176636024092669e+00
1.210192494256663975e+00
9.065589958559781003e-01
9.751607831150685968e-01
8.561018576802884583e-01
7.160494535440175001e-01
8.981178044582379671e-01
1.624681763180503058e+00
8.574069327283870834e-01
1.577349145147949327e+00
1.401245379683379699e+00
5.590321489057293869e-01
9.185906566255770400e-01
1.128585209612738005e+00
8.243573068326768283e-01
1.818892554669263806e+00
7.775341151571470988e-01
7.184452305437547537e-01
7.062081425358527342e-01
7.042647766709260182e-01
5.061550343336921332e-01
6.699659039580183606e-01
1.268446114076113851e+00
5.584223780691924821e-01
9.740579607007224805e-01
1.230670102907204022e+00
1.416016925947608085e+00
9.314889329444037136e-01
1.683125334312915111e+00
6.930844313327007011e-01
7.238251495410672476e-01
8.749030003046750492e-01
7.006713817539003131e-01
7.506859764744540087e-01
1.476147991872208687e+00
7.741104296117019556e-01
8.707206921664727428e-01
9.263973269236249752e-01
1.082372541399868826e+00
1.685001691009953007e+00
6.237947464546483856e-01
1.563204398879105117e+00
5.343711552304776236e-01
7.324658756335269416e-01
2.766642584662484694e+00
6.557146709110230898e-01
6.417232898536016084e-01
1.503887830314800000e+00
8.825002459798620968e-01
6.608363592782622309e-01
1.000525213037976258e+00
6.339751566136676564e-01
6.673014097152542012e-01
8.089852456428205940e-01
2.265484348248386848e+00
8.004043544230012852e-01
1.287351056451671916e+00
5.148015660087914558e-01
1.197911600066378979e+00
6.327439000869842234e-01
1.048882531948799546e+00
5.719690502332739346e-01
1.572620298316654175e+00
1.153344325057669151e+00
1.315781420100798682e+00
1.018054800499145873e+00
1.272965332353847012e+00
9.529031454471925677e-01
5.328890170718439956e-01
1.055774329732198646e+00
8.761388141493128279e-01
7.386237460545430622e-01
1.010559473782611351e+00
1.075801558995490792e+00
5.082484402044868954e-01
7.112269475458711243e-01
5.444968997662305021e-01
9.606318966364915113e-01
5.516913096117753712e-01
1.806091529670413198e+00
1.483927210479962788e+00
1.017479924355279675e+00
7.333537687475299993e-01
7.314543157697632747e-01
9.488258913322756838e-01
7.176509396791613815e-01
8.371893717392222545e-01
9.593051183360614687e-01
5.058840020414788752e-01
1.151193250592971840e+00
5.170918514330415938e-01
7.024678209929741124e-01
9.723510124867189575e-01
4.487566934585167644e-01
1.741153407021744925e+00
6.577902876831150936e-01
8.251892824350210986e-01
5.665920482213956388e-01
8.980888085226178541e-01
8.109238467656930682e-01
6.799184854038227144e-01
4.662268732379817870e-01
1.545129033930289220e+00
1.281813780194978492e+00
6.671982836954892804e-01
2.531812000462361656e+00
5.732500360839406506e-01
6.644989840039505768e-01
9.273690919702723967e-01
1.174773816655955816e+00
8.207951874379278978e-01
1.558497219551641111e+00
8.171941406493077320e-01
2.295250974698094470e+00
5.880426989648267488e-01
1.011487265268115721e+00
1.450806368899016707e+00
5.302690567901369167e-01
6.183292052915071446e-01
9.611839282504319737e-01
9.467699745188985494e-01
1.168850323816021719e+00
6.237250171472968896e-01
5.111332746301714414e-01
1.236541418309843987e+00
3.305610391225917599e+00
9.884976510596226174e-01
6.388282249874941421e-01
1.288867985651609649e+00
7.192590201713505715e-01
8.839428229724780595e-01
1.440324704130051092e+00
1.157917430008861492e+00
9.614671525057452151e-01
