3.139754355427675225e+00
4.191305582997844503e+00
4.399923235301699265e+00
4.568944168633453984e+00
3.806091808407112254e+00
3.265396107818927529e+00
8.887586179923616658e-01
1.249945675766784614e+00
3.303540948447583947e+00
1.710584404913885637e+00
3.130522645639450374e+00
1.677323492567857954e+00
3.859160673528140073e+00
8.119696569078035386e-01
4.048177224100723670e+00
5.731939538740147277e+00
2.803637426408723599e+00
7.544545821398546792e+00
6.447571220864691810e+00
2.249890593728403054e+00
2.741677215460312400e+00
2.620270222241949387e+00
4.450031649308093584e+00
1.949743184547702013e+00
3.800521009831607788e+00
1.342944370626070860e+00
4.483943604356917412e+00
5.203121978941314119e+00
7.123303788647457502e+00
3.646138772360361546e+00
2.124012407994749996e+00
2.595439607687241246e+00
4.853816537168047063e+00
5.104629871739973623e+00
4.063381612427262368e+00
2.138813164621058416e+00
4.872448291787680574e+00
2.679416905834466789e+00
4.513160773052992347e+00
2.334869824232958191e+00
2.991714155280244647e+00
3.306091465621333381e+00
2.261765559855472230e+00
4.061948016043514187e+00
4.222889327903160961e+00
1.310170026371405116e+00
4.326607079696755065e+00
3.786539802941584210e+00
6.024016631276790434e+00
1.046554425281820633e+00
3.969942483444410364e+00
4.858335992808588522e+00
4.846905335464559705e+00
8.584411959369672163e-01
1.640189002303702459e+00
2.219346991631932831e+00
9.468548751180735357e-01
5.552798235156146234e+00
3.596974776505799998e+00
2.065294765991613435e+00
1.493297619879988103e+00
2.323884061066242346e+00
3.471058696544076394e+00
3.948241990798166512e+00
1.848130724360042443e+00
1.108321165563409094e+00
2.382446111761665097e+00
3.722638540115238648e+00
2.965852695752020818e+00
2.249594020724429821e+00
1.706580237793540400e+00
2.936208258548903327e+00
2.278552404745647575e+00
5.009796261984217125e+00
3.899009394107054494e+00
4.243029831891832693e+00
2.054348254627141213e+00
2.674905700687531418e+00
3.607772547774655170e+00
3.938720286478649246e+00
2.141941832939386892e+00
3.024502619366790768e+00
2.041420893757134536e+00
2.691838745465285232e+00
2.670632196300547712e+00
5.313743926799883610e+00
3.399006868488641420e+00
3.108237831467940637e+00
2.746270783874683374e+00
3.512785258564843804e+00
2.259656047974708759e+00
3.280915176978876691e+00
4.920273399399913927e+00
2.961713952405426120e+00
2.121510640265442227e+00
1.611922937179341098e+00
1.632803314282943230e+00
2.834437810425793458e+00
2.184878132453287769e+00
1.914432307438259429e+00
3.495102926099260987e+00
2.161825651381637847e+00
3.586565301291969821e+00
1.581181460119627014e+00
4.951256463057909230e+00
1.452631919348741363e+00
2.172201921869746588e+00
3.313196670991415349e+00
3.649799995595056412e+00
2.173896667100005065e+00
1.635087721628910806e+00
3.546988789241565243e+00
1.672749422887056081e+00
2.729132396013168815e+00
1.157945768866869951e+00
3.009739016448192306e+00
5.141733071562863522e+00
4.006963479490152302e+00
5.218078138095731511e+00
3.369296383306346510e+00
1.459249268274562583e+00
4.018717276160535867e+00
4.797910364306808617e+00
2.304190746150373670e+00
3.538615716670266753e+00
5.182499989903862847e+00
4.126247518639021727e+00
1.737060393289799665e+00
3.410794056047059541e+00
2.618453392741788566e+00
1.296374130775118205e+00
1.781837899752448218e+00
2.780015106095435229e+00
4.709132431857134371e+00
2.447593350937029122e+00
5.734290741220688936e-01
2.398555737072555871e+00
3.277833947907965673e+00
1.573809559873939223e+00
5.055626091639870090e+00
5.404840422739765948e+00
3.054407422561429719e+00
3.938571407420647930e+00
4.383564892301926363e+00
1.528759243920714717e+00
4.896946195559715775e+00
4.050041679038650422e+00
3.359176374114615449e+00
9.805812544114083096e-01
6.908003030966182179e-01
3.167057520342622112e+00
2.012674000330867852e+00
4.373987911604839240e+00
2.005448215173010418e+00
3.984788942348335805e+00
6.574053478722015953e+00
5.732704311281376697e+00
4.049717027074533071e+00
2.702584130276378449e+00
3.958975893989136186e+00
1.791989269903536908e+00
2.116970417771513624e+00
2.444438987290721954e+00
1.217759938882722937e+00
2.639647051527160393e+00
4.630160329889052129e+00
3.900353694028050544e+00
1.888066443256380067e+00
1.296140073424304040e+00
3.863271561464139747e+00
5.235494835726413498e+00
3.702161513816501603e+00
3.545383532172925456e+00
5.977405770287767872e+00
3.245711128509203292e+00
3.726096971725344709e+00
3.338788338502487019e+00
2.307243931993700148e+00
3.924368080260338232e+00
1.804499584493146624e+00
1.944821784459943581e+00
1.840995961492740474e+00
1.166861621559615703e+00
2.127947252097136310e+00
4.524476643274573107e+00
2.315646834249673436e+00
5.103716789290653644e+00
5.435908782569524256e+00
5.771481952177209607e+00
1.761670506530873093e+00
6.319280881349212287e+00
2.713090239106897172e+00
3.915337280493765171e+00
3.167093589524311525e+00
3.394916817948762322e+00
3.905779054519165072e+00
3.778958047902793993e+00
5.804492960011482516e+00
1.849221048735431916e+00
4.213653396404023255e+00
3.634362533156381581e+00
4.049539785960061700e+00
2.194638090107558615e+00
5.188815162861451391e+00
7.613999048085098309e+00
3.048842097537993734e+00
1.607726702967663401e+00
2.955745812713471032e+00
1.997245082011900985e+00
4.014872938937329216e+00
4.650345663461782131e+00
4.911456660448841660e+00
4.164581215224927746e+00
1.040454565675394294e+00
3.292606980331042710e+00
2.395360368041605348e+00
1.574367727332576683e+00
3.200850187573081929e+00
4.641035546289418612e+00
3.803645143886893454e+00
1.805396952930629517e+00
1.894490342209496969e+00
4.184245588107649461e+00
1.420338765143857929e+00
1.595542323038277255e+00
2.203374350536425386e+00
2.392551710526032327e+00
3.905484587757704240e+00
2.910608811655380546e+00
2.923125292351861138e+00
2.514930488513039464e+00
2.015364353869404379e+00
3.392134793999259657e+00
4.699992757320488046e+00
3.243677334675492574e+00
7.957012957684565180e+00
4.315554520989393517e+00
1.763994724719116558e+00
2.005453038425290213e+00
1.296945349804136782e+00
2.955522604804622144e+00
2.739095488556072766e+00
2.628263655497692142e+00
4.019534377909527834e+00
3.376470015843179961e+00
1.682677652128233392e+00
1.352773937900032530e+00
4.787318842834376476e+00
1.778103450308959221e+00
6.047012873223758689e+00
5.595508126461422371e+00
1.625028087665692844e+00
4.082331274334604743e+00
3.869989160891416535e+00
4.991617365602518674e+00
2.700662317408194735e+00
4.135373650398782353e+00
5.002135372737199326e+00
8.860138487542059682e-01
2.764353335970573422e+00
2.149173221729321348e+00
2.458289133594958376e+00
2.073281918316332906e+00
2.202863393155841454e+00
3.032615741974018508e+00
5.391018725864320515e+00
2.925795670280418204e+00
4.346353750202909261e+00
2.548955253810496036e+00
3.618854770491684025e+00
3.625356570671139700e+00
2.866344006467009375e+00
2.038654045132144432e+00
5.987247601939410302e+00
4.079771219134540772e+00
4.064096370214604903e+00
4.848045497555821370e+00
3.991991731340382987e+00
1.531677109805789305e+00
2.955271423400569031e+00
3.681769443329853786e+00
3.543027689587859630e+00
3.953176555277820192e+00
3.842963075217905811e+00
5.390291779075250034e+00
3.045993229937800972e+00
3.256750995592067266e+00
5.507689830148050802e+00
2.274730489321985960e+00
2.056069549258404017e+00
2.962793736167174785e+00
1.185415489107557896e+00
4.213678055059165040e+00
1.094806325555754745e+00
5.485572445645673589e+00
3.325019041449068791e+00
3.481666515615267965e+00
2.367766910884689491e+00
6.960760045519324812e+00
1.905179831094760301e+00
