2.522217543974510789e+01
4.082728176741780146e+01
2.310379585656110990e+01
2.432962228336105426e+01
2.983218488741014340e+01
1.928036330549800681e+01
2.792542371659680711e+01
2.483695051923092478e+01
2.587668905652254736e+01
2.805366649571557858e+01
2.052315065182456166e+01
2.574742493064103854e+01
2.363084232842861709e+01
4.346967760361672362e+01
3.228150302492262824e+01
3.108717091918856212e+01
2.703750407381128085e+01
2.091857557205941731e+01
2.836780687540149160e+01
2.733056468692262797e+01
3.704843792807336911e+01
2.570443318591115300e+01
2.492758527896906884e+01
2.873473662353969615e+01
2.237615748951033368e+01
1.857278932727833620e+01
2.102932564562686579e+01
2.357341642505031487e+01
3.169112758581940525e+01
2.167964514191639935e+01
2.203773513585341703e+01
2.351426709654612068e+01
2.625904742646033085e+01
2.393395578225387865e+01
2.819367598958251264e+01
2.362226776960309493e+01
2.633408682664843425e+01
2.945608088137751679e+01
2.921469159688325590e+01
3.206292231076138677e+01
2.393188110739291474e+01
2.832877083690148723e+01
2.841533390795219560e+01
1.666962781481249678e+01
2.852742316281010915e+01
1.992191850865237512e+01
3.799211582460856107e+01
3.575360964914621320e+01
2.103396355441641674e+01
2.855949829748804447e+01
1.851643839102801792e+01
2.870050035931559762e+01
3.592391593168297703e+01
2.190648943297692242e+01
3.356297764801465178e+01
3.498423180483946027e+01
2.749373400622299712e+01
2.662707745921461466e+01
2.282832631950367741e+01
3.682381405176939637e+01
2.529642338500598342e+01
2.043075008898453504e+01
3.345221236437664203e+01
2.181361294354421787e+01
1.831963844789565243e+01
2.358486809396562123e+01
1.974236690057831822e+01
2.173665109453118305e+01
2.711392014909898762e+01
2.750687716983808073e+01
3.217714660017668393e+01
2.945779536272139509e+01
2.211032525617482847e+01
2.710274487984306191e+01
2.558894882552423411e+01
3.154421361391249690e+01
2.240170581786040671e+01
2.383417425910092291e+01
2.748705594754343196e+01
1.465142511043455720e+01
2.037442791151055488e+01
2.067827026308407312e+01
2.745942963954891525e+01
2.101124879714388527e+01
3.183381731826048977e+01
2.568506236087013050e+01
2.115777558371646805e+01
2.771018802435871109e+01
1.959233843275865183e+01
2.349950037073328346e+01
2.561163308320631415e+01
2.122402571344793643e+01
2.732472898486529900e+01
2.295057941344046171e+01
2.946830347637683545e+01
2.413814873300768227e+01
3.167160675765648392e+01
2.074300349944661193e+01
2.801073278364733810e+01
2.966466396922515258e+01
2.415301596392174588e+01
1.981790107369109322e+01
1.980490662470567642e+01
2.322926210207435460e+01
3.009518059040449600e+01
3.127326662954380154e+01
2.586004590097673628e+01
2.774709231144891319e+01
2.431815698317234720e+01
2.399797063546340326e+01
2.488344764056063241e+01
2.678364832383081406e+01
2.452286845460378828e+01
2.241955166689665901e+01
2.825433685677524309e+01
2.894938991475070367e+01
2.722059154375335766e+01
1.816636312514355822e+01
2.798375913707123530e+01
3.071693726838853422e+01
2.313364556139469030e+01
1.824091814599843531e+01
2.413605851635591648e+01
3.181115304566603186e+01
3.587833914385736733e+01
2.425431137019705474e+01
2.976507211068651060e+01
1.962406042565475062e+01
3.189070444862981191e+01
2.436887272416759842e+01
2.705776700523232492e+01
2.428494243623031679e+01
3.235366674988669189e+01
2.357649683283790409e+01
2.917274450897238580e+01
2.195058755996718247e+01
2.545997080945265267e+01
2.146850773441061477e+01
2.822854152788445248e+01
2.720312680366244962e+01
3.030398035267012347e+01
2.364463819968773350e+01
2.114936232853870024e+01
2.837566310842901629e+01
2.280440443033251441e+01
2.576652908982694257e+01
2.840477797836763330e+01
2.126399937407558483e+01
2.806519741769228915e+01
2.667258813717866772e+01
2.098686224834973046e+01
1.912887611794543119e+01
2.283306154073207139e+01
2.367008518503357450e+01
2.800683867722944598e+01
3.019864189368662011e+01
2.439668544436220898e+01
3.256840202571866882e+01
2.483965022214627894e+01
3.252760040450313284e+01
2.308444690306628644e+01
3.014229536778203311e+01
2.384214751015163003e+01
2.265389796991140514e+01
2.307197247948440122e+01
2.251782343812505616e+01
1.582560816729445641e+01
1.749700826804706466e+01
2.894087257052219897e+01
2.373418161930538872e+01
2.340677250757387995e+01
2.323628015159743754e+01
2.437452496771661004e+01
3.614928470743512179e+01
3.462717632258910783e+01
1.809836652888290942e+01
2.786952401117586220e+01
1.686104267528351031e+01
3.131028766247289497e+01
2.450314896063366277e+01
2.973734927784280657e+01
2.087247763923097210e+01
2.845515107617680073e+01
2.701225270624519936e+01
2.623192397536169551e+01
2.992858576803135051e+01
2.729473819707143534e+01
1.826432107284865580e+01
2.428126973878626771e+01
2.518619140977861193e+01
3.451238796147083576e+01
1.961610374077621799e+01
2.734368331649407224e+01
2.964697391492547141e+01
2.886204903776292241e+01
2.236910388688107432e+01
3.144928386394794018e+01
2.971005489803190969e+01
2.347573476212766153e+01
1.536039145313468524e+01
3.110553951678825868e+01
2.571069141106658051e+01
3.162249399786594850e+01
2.830591169391771800e+01
2.130319110809490368e+01
2.461944248890997500e+01
1.484415536920474032e+01
3.307373461353750344e+01
3.250759394410717107e+01
3.419222707483422141e+01
2.960084726676613798e+01
2.521149241143791286e+01
4.045036485773789536e+01
2.385357691338372632e+01
3.035797005431022200e+01
2.758762968732694532e+01
3.665564011383858656e+01
1.909945838661261774e+01
2.930013412545124041e+01
2.550970467610781256e+01
2.721855706135315245e+01
2.620494180977322429e+01
2.892807521328364118e+01
2.090082141994921017e+01
1.915977306311032891e+01
2.645354211433088309e+01
2.446624492260335515e+01
2.162419566905058943e+01
2.454796354641988998e+01
3.764121878273490296e+01
3.229922428511211763e+01
2.124101136411479729e+01
3.009558298210289706e+01
2.363432140058290543e+01
2.392873970892651059e+01
2.580385767270308506e+01
2.638287572084313126e+01
2.799504139315079954e+01
2.479704880576998605e+01
1.862454973214632403e+01
2.412929244572864462e+01
2.660857564324048496e+01
2.634370399938187290e+01
2.187978084552872104e+01
2.609882160181371802e+01
2.857675314829349844e+01
2.236521378045954123e+01
2.422949844781321005e+01
3.685342276136924511e+01
2.455404610632876228e+01
3.066395633651940500e+01
2.640989660910550185e+01
3.007593138247259645e+01
2.926864121410958930e+01
2.808473936039427699e+01
2.747841132480333570e+01
3.081328703476231823e+01
2.223653154757706929e+01
2.464549187604713154e+01
2.673911502764945780e+01
3.348816982340994741e+01
2.198451827471025766e+01
3.539218081928150639e+01
2.420482874859508371e+01
3.033831134780169947e+01
3.383781110069163134e+01
2.935626258767646490e+01
1.977362139286145393e+01
3.278101685380374875e+01
2.600163339677800067e+01
2.389325254214410776e+01
3.029182025817260993e+01
2.121992267303908974e+01
3.143954613943061460e+01
2.618537401911115836e+01
1.569482913966175985e+01
2.500545718453112087e+01
2.728214867963382062e+01
2.760905177776922059e+01
2.136154706877324827e+01
3.002479683021968526e+01
2.977374859355439796e+01
3.481716765615790621e+01
2.666155017400178551e+01
2.925458987591947491e+01
3.194714412583126517e+01
2.093193892499377640e+01
2.513444599060478524e+01
2.032360420053893080e+01
2.828863584488246374e+01
2.192259922932531779e+01
2.075279031307384514e+01
3.501717418378080282e+01
3.163679862692651668e+01
1.564455758466323232e+01
1.887317112950907472e+01
2.828688109324727762e+01
3.043254523598537276e+01
2.428879491897606613e+01
3.245289617379696523e+01
