7.006020282930570664e-01
8.123846901788343011e-01
6.391518385514320943e-01
9.284716675798837526e-01
2.199479605356033041e+00
2.072696071659832828e+00
8.331747078467793832e-01
6.397384054560752986e-01
1.226150146672215557e+00
8.970935606735470635e-01
7.976377658431691442e-01
7.139727748030532117e-01
5.893796363741953259e-01
8.612343578429848545e-01
1.073320428347634969e+00
6.475183555292500781e-01
6.890426118155136281e-01
2.038527335405977414e+00
6.220969094116705067e-01
7.071361064573592481e-01
8.976779907770402467e-01
1.129876114048535607e+00
1.271714261445317184e+00
1.364544763953394302e+00
6.736919079208397720e-01
1.274019012453027511e+00
1.383116962475032352e+00
9.169091485191638302e-01
8.921442492427537063e-01
6.600994017102161937e-01
1.677099337361376064e+00
7.600279157505351879e-01
1.569697120556347469e+00
8.508939691263108784e-01
5.578814318737446154e-01
1.157190921621106927e+00
1.048206038191304312e+00
1.805157811683004265e+00
1.161562737067269202e+00
1.023352489151131861e+00
1.140390607310711291e+00
7.946027673478898157e-01
1.055344091018422636e+00
6.922463688549493899e-01
7.740704933675781607e-01
8.166809812177953098e-01
1.015943003239211162e+00
5.753850392788828483e-01
1.120338165854862789e+00
1.298195754116829637e+00
5.195833940651819471e-01
4.379611041565460439e-01
1.068198390567932643e+00
7.024308703530873776e-01
5.619820940963429212e-01
1.411149895447848968e+00
9.872454138087043418e-01
9.899421891337992774e-01
1.531837207919573673e+00
8.631212340236971148e-01
6.911360739836782674e-01
8.580971986874836865e-01
1.842311729313789836e+00
6.940441627897284693e-01
8.072108653011226265e-01
9.606045967587008017e-01
1.530809183382726202e+00
1.018165509034785865e+00
1.673396947742967988e+00
1.146738312270259019e+00
8.725752304838788609e-01
1.637356502603289909e+00
1.609404751818759083e+00
1.100695009411514658e+00
5.731381500569125986e-01
2.670140813479136899e+00
9.361050633911455199e-01
8.264702336230099755e-01
8.714276113103749388e-01
1.313983280262901898e+00
1.079916674962654755e+00
2.178698623504133902e+00
9.478286660703573174e-01
1.678245443356217725e+00
1.218209679415886759e+00
8.087157674087513959e-01
1.137539425071242061e+00
1.297935526258704009e+00
2.253457666262606462e+00
9.531897792243112510e-01
1.111370495715508389e+00
1.566957682788199691e+00
6.756244773706917561e-01
1.119088086942024329e+00
6.974809721308052879e-01
7.739130995098419952e-01
7.193853070646450965e-01
7.190186813371920449e-01
9.854691594866250570e-01
1.003094067239324705e+00
2.064844828605160387e+00
9.256948859217412062e-01
1.496199981514670707e+00
8.916676463408220732e-01
1.043627543493643950e+00
6.342134593994759317e-01
1.687473310885738043e+00
7.990357434456585306e-01
8.270253061426561247e-01
1.545924863264789284e+00
2.079480396731893777e+00
8.960639892776647297e-01
7.101634576488111694e-01
1.621534996336601031e+00
2.300064817282501117e+00
1.325556183662286003e+00
6.423934297603673960e-01
1.103980432176804305e+00
9.758546026818705199e-01
1.076396754428945890e+00
8.109242354300486566e-01
2.387412724045403944e+00
2.608489831696343408e+00
5.889554679165983631e-01
1.989351600230620631e+00
1.630078679310540180e+00
9.744263756085873585e-01
8.457416865819521457e-01
1.094180973486514885e+00
9.906411797527493457e-01
8.254938983498062433e-01
6.259313861482217467e-01
8.982312144907700358e-01
1.343647965979043457e+00
9.843606343605584286e-01
4.021240460260290028e+00
9.973852760180268451e-01
1.263999156048995820e+00
9.201857187277336925e-01
6.669848384209158265e-01
2.059346129306077522e+00
6.792978599134382733e-01
7.018094495869622307e-01
7.700717739756020030e-01
7.436585056574636088e-01
1.066479161010761123e+00
1.533893671840221407e+00
5.704295062371730340e-01
1.703156031051354047e+00
7.453869233710970210e-01
2.198697546246099588e+00
1.654990023079577099e+00
3.293832278169354311e+00
7.665473398621316381e-01
7.105294238137040974e-01
5.632756179596115631e-01
1.657103201969460926e+00
1.096336744793811269e+00
1.836006267186931495e+00
7.309979268686408460e-01
1.070375936244502446e+00
9.345831440814963420e-01
7.425809964709899624e-01
1.267155046977517019e+00
7.389354866458734961e-01
7.194791794864597856e-01
1.237691963119916805e+00
1.000023303757781701e+00
1.240073605560237713e+00
1.124779985094593870e+00
8.298376337812897185e-01
7.662272598321255845e-01
2.111665269850120819e+00
1.184782120066869782e+00
1.156744725511345884e+00
6.668677658826741572e-01
1.536657014121187714e+00
8.212088147095472079e-01
1.067294929430975259e+00
8.828735617209318987e-01
1.009271355432286743e+00
1.623655499692596704e+00
8.473120501915788472e-01
9.307606374828691909e-01
9.691986442466756779e-01
1.302282865033560721e+00
1.636327746239643721e+00
7.532616289903065754e-01
6.568371079074595276e-01
8.728421067655106613e-01
1.034872171689603881e+00
8.472290787948826285e-01
7.343497742257921734e-01
2.164924256014091775e+00
1.898913051207820057e+00
9.958003719963257616e-01
6.188009036538637542e-01
1.651511062378230754e+00
5.809273773040818378e-01
7.680767557907212106e-01
1.737719465944779440e+00
1.211790872775267092e+00
1.768144534937045931e+00
1.053089087789949252e+00
8.990288428335647675e-01
1.283736462560859604e+00
3.608311079202868754e+00
7.168192818113904297e-01
9.066937709810666268e-01
1.874611025153397170e+00
1.075043082320978449e+00
1.573198407717536051e+00
5.003234082627071588e-01
7.615144486878834273e-01
1.855254047224249803e+00
1.097639423258923053e+00
1.997000184006562540e+00
9.824628095377740955e-01
1.129437889957855434e+00
1.037855649307001027e+00
1.004753429385134567e+00
5.742030257627408485e-01
1.141236180083097018e+00
1.258398417258581814e+00
8.585712646678927973e-01
2.874177521885622255e+00
1.309323773697576687e+00
9.791067672476535533e-01
2.446369198964919889e+00
1.049077263380532310e+00
7.224165766883572370e-01
1.243650394474802967e+00
1.452412449949398443e+00
5.842670964439706793e-01
1.061767537980754739e+00
1.197319404415932542e+00
1.013109686166233203e+00
1.509865937388403356e+00
6.365262297227443078e-01
1.355386457532389288e+00
4.189045446691465058e-01
6.462168866068072060e-01
1.865739119080094044e+00
9.132047667403663249e-01
1.512927215650530899e+00
1.234003598986453731e+00
2.076946501862944938e+00
1.910971816389782640e+00
1.066415472922100482e+00
6.960150322451533755e-01
7.298966514446530995e-01
8.886714303448536301e-01
1.533477367024017157e+00
1.001995902769732494e+00
4.142142722412042177e-01
7.164490570519186363e-01
1.190399938120079604e+00
8.119810050476593544e-01
1.262875978930781296e+00
7.367636863740855135e-01
2.369949091852954659e+00
8.091929262213449769e-01
8.968058417889993583e-01
1.430908669666464350e+00
9.931712048777268098e-01
1.616432575155679174e+00
7.781474368810560316e-01
1.565696999843941839e+00
1.752550596788505999e+00
9.121527853356461435e-01
1.268232992245239110e+00
6.878303510703411838e-01
6.724944213679164839e-01
1.373911688495694783e+00
4.315124365982248023e-01
1.360783125789135406e+00
1.264701521324860911e+00
8.257700854131652113e-01
1.618813177971412109e+00
7.399190447438989127e-01
1.087364097516514638e+00
1.038200375586596502e+00
1.363720180208047861e+00
1.361650780416552076e+00
9.241610631451034896e-01
8.278266303750965172e-01
1.097216862541690707e+00
3.220616026853912572e+00
5.200205191703198837e-01
2.680182504203902027e+00
1.539360952131012761e+00
1.607837376077039693e+00
1.230087542185640093e+00
1.892110155044753883e+00
1.101038708798285803e+00
1.395841503234031222e+00
4.783037559457078425e-01
1.603902056827531730e+00
5.290884238433317677e-01
8.875408943551673646e-01
