7.231468675815245106e+00
5.098883261473952544e+00
7.310797216536296439e+00
8.154133049230857466e+00
6.086357702382265700e+00
9.035798367778109963e+00
3.863605394205756216e+00
7.907577972455199777e+00
5.213641974914055233e+00
8.223818477575235875e+00
9.923366833091828099e+00
3.590705927413995191e+00
7.196309493168899785e+00
4.424681630844589542e+00
9.786278284348284728e+00
8.720469208585274856e+00
8.698587031216142407e+00
6.906434659016532862e+00
3.755986580987840107e+00
7.809009356430930637e+00
3.802603624454486742e+00
5.874586311807543204e+00
5.071572188335331077e+00
4.799035777071606113e+00
7.869356292319602098e+00
4.918649402242482260e+00
6.040588872053750613e+00
5.626559233118561210e+00
3.271600921906032244e+00
6.435962969570044656e+00
1.097963224737555343e+01
6.976187882620929592e+00
1.781010329440672946e+00
5.039309661216637259e+00
8.177600771837560956e+00
5.341071188726052910e+00
1.087240051935592255e+01
1.124198096118328216e+01
1.005926977649686727e+01
4.561311988252899852e+00
3.026465722256695301e+00
7.141579945639837668e+00
7.344471570047391040e+00
3.397467970665813297e+00
5.162072572881467813e+00
9.332619241164207935e+00
4.245153416870651952e+00
4.556572374854695795e+00
3.306756543961612227e+00
4.503136108251598380e+00
6.889260983498098234e+00
6.405887641381935893e+00
7.287121384747796249e+00
7.565937473508928868e+00
9.475850744175815521e+00
4.959253004519958985e+00
2.917033074855438279e+00
2.491865030666894576e+00
7.930364836174388365e+00
7.900449519092821227e+00
3.107801779388724928e+00
5.233251454975700767e+00
3.048087238255094089e+00
5.809524164721391770e+00
5.676206288270705613e+00
7.330167346675141360e+00
6.882546570059851376e+00
4.390100995111613003e+00
7.076837221599578953e+00
2.176800341198994460e+00
3.919700282211646236e+00
6.282114067287404069e+00
6.550158306569558775e+00
4.064954039917678230e+00
8.462911814067140881e+00
9.589331161838300588e+00
2.968794854500194091e+00
6.609142274566242925e+00
8.842505504806718264e+00
3.110346756928325629e+00
7.741148490431092988e+00
3.890876222708744780e+00
4.513806646157510372e+00
4.040021505367795029e+00
8.151087660684297020e+00
6.169731933651273259e+00
4.483187108969772794e+00
3.649735914906564904e+00
5.982150598810671127e+00
6.973306563188459428e+00
6.937892724780620135e+00
5.977646583406962755e+00
5.173536687900960551e+00
3.144125922347326796e+00
2.340099824380701854e+00
6.354556528269823090e+00
5.432346461294793372e+00
4.957161326805429979e+00
4.021386693748598695e+00
5.009807230824294244e+00
4.014519146387683257e+00
8.249783825967348605e+00
6.065859427851054697e+00
2.344859838874762570e+00
4.408653905445026666e+00
2.867649443341225624e+00
9.315222230762689293e+00
5.519760881038235034e+00
4.514558506313337105e+00
5.596309521931967623e+00
4.478302555217032577e+00
1.074023207209723774e+00
2.543642073122027725e+00
1.001443997841934141e+01
8.326948143927227264e+00
1.032516493369824673e+01
4.341991110943697052e+00
7.250325972122070972e+00
8.718560947801009320e+00
7.095796229910845909e+00
9.495705196245042501e+00
4.568609026402310924e+00
5.643754147737189975e+00
1.209840487252029106e+01
5.001647068183108225e+00
4.461919630753653720e+00
6.302814801679078371e+00
3.089160011988716814e+00
5.194087120591591500e+00
5.275556961118727628e+00
5.736166743715267913e+00
9.285211179340683074e+00
2.435773251252098426e+00
2.493190942382049968e+00
5.252235292900964581e+00
5.069208607093169228e+00
5.961043622380149287e+00
6.187814886801513481e+00
5.368355762906189987e+00
7.930112991354532070e+00
5.694233316757598473e+00
5.643604034373327138e+00
4.608663546892201701e+00
8.105101713811929898e+00
8.218792073927097874e+00
3.318400369428502916e+00
1.027960803001076862e+01
2.776050782843684672e+00
2.639495348289581322e+00
4.281439312223048077e+00
1.471989180582340850e+00
9.190921794347538309e+00
1.001674557121733677e+01
5.351049386829029864e+00
6.970033115442993754e+00
2.964962245996269008e+00
5.695900707772635130e+00
6.354149991078378079e+00
5.096475184760947741e+00
6.368294884859228233e+00
5.690891257105002765e+00
5.261275737736769820e+00
2.043977007246569499e+00
6.899195322209339842e+00
6.134589319469385238e+00
4.857567483951140908e+00
1.072328097650835943e+01
8.385617592199645642e+00
4.802322934787409459e+00
5.858719239333081141e+00
6.215745130888871373e+00
5.126571564046328966e+00
7.246164630421244368e+00
7.509918458185881995e+00
4.795428853010490045e+00
4.758965014992999620e+00
5.788318615984182181e+00
4.447494895399120018e+00
5.711644839673930996e+00
4.132990031962314070e+00
6.459259473965162535e+00
3.653364794871135413e+00
3.405920652035513640e+00
4.967086943081048922e+00
3.906949248231958105e+00
4.011312778280757385e+00
8.666058752687966660e+00
3.852404725204768621e+00
8.570958099794665941e+00
5.435884564295289323e+00
3.707738821915969041e+00
4.516580517992212052e+00
4.636653786675747568e+00
8.619463584996722716e+00
6.101540002124216322e+00
7.283805861298467299e+00
3.133953447457440866e+00
3.745678601263028984e+00
4.101434506503418120e+00
4.148705904113991316e+00
6.490913697723954989e+00
4.217401366233721305e+00
8.607707121650939541e+00
5.086554253189188302e+00
3.534243121554064615e+00
6.818374699917635340e+00
2.121970021863881950e+00
1.498215103137198412e+00
6.067248278309328668e+00
4.372491198212510533e+00
6.277568704639484132e+00
2.396420276096886237e+00
7.668017891833797783e+00
9.904391503580454170e+00
4.707370429235603559e+00
4.151860548521844052e+00
3.135967406563891835e+00
4.999009240053511327e+00
9.617037812717416756e+00
6.549722252595040928e+00
6.299802820462979014e+00
7.269234314276503461e+00
2.651126588018700936e+00
7.332121986414428250e+00
6.168262263814633606e+00
5.834562990843758179e+00
7.103857083001335226e+00
6.032004259085240072e+00
6.241614084721980760e+00
4.742824936284963044e+00
7.348300558505831859e+00
6.276889420095054462e+00
6.026828834442651051e+00
5.382515543766557720e+00
6.555919592956551689e+00
7.906155125916182413e+00
4.865299950163032072e+00
6.945535578334286697e+00
4.957529444739548374e+00
8.063390276117161193e+00
7.261363951425299668e+00
3.963503703074414908e+00
4.736456107624174905e+00
6.042379055086974482e+00
6.068700165361139653e+00
9.050789390882375551e-01
6.255383350894526906e+00
4.676642807955282422e+00
5.717619931610601114e+00
2.754968460442896561e+00
6.441706284116008874e+00
2.564506226298350899e+00
4.976567458465495086e+00
6.373431280190124504e+00
1.121856647124501283e+00
6.905050639001605539e+00
5.296903347680878227e+00
6.654478257275866504e+00
5.403089594245359173e+00
8.747048326631450266e+00
3.459769441731775252e+00
9.226828444353746050e+00
6.578120345156694526e+00
5.856263094070760289e+00
4.842528589824687479e+00
6.474395918702366970e+00
5.071923829150987828e+00
8.164839007057178577e+00
7.755838488107788642e+00
5.471505146595275093e+00
4.173239235920789270e+00
5.945102677275648340e+00
5.088617355181682456e+00
2.933841199519853227e+00
9.061774712863687853e+00
4.679454876376174965e+00
9.166052402292169887e+00
1.148277996176566162e+01
1.020321826145720934e+01
9.400568170678424096e+00
2.834760411231004085e+00
5.069239560854004623e+00
5.148888577850962101e+00
4.918638145507451931e+00
5.384065870546938193e+00
4.697466684432265893e+00
6.626020523301400900e+00
6.027169092552297158e+00
6.644529324726015318e+00
3.809695077527117668e+00
1.812641815972662274e+00
8.358035592564291960e+00
4.540492265190586352e+00
7.135685988145320735e+00
4.414044495059390449e+00
3.851425489497377175e+00
3.896684209922892883e+00
3.525540525982969076e+00
4.045529578834962336e+00
7.423844769091872742e+00
