1.129122013394822543e+00
7.005668790401538004e-01
6.015254756941053049e-01
1.078929884635196235e+00
5.227792877535355487e-01
7.444401466301677761e-01
5.314009606725255130e-01
1.342192463520433199e+00
1.210620462821223819e+00
9.216245932190152423e-01
1.043505976385372236e+00
1.195207067081655028e+00
5.625786514481212475e-01
7.171608061204515217e-01
1.003198135106938782e+00
9.297447268820513422e-01
8.843529668575412783e-01
8.505522871374751048e-01
1.551296160848112615e+00
8.710348479818542655e-01
6.200259101779670434e-01
2.999743149391697283e+00
8.809665660432545176e-01
8.764591700289284804e-01
5.404042390432689524e-01
8.202499335543527170e-01
5.250301270938061426e-01
6.180264837078968121e-01
7.241312000477337918e-01
9.367876083117366859e-01
9.018961752209967431e-01
6.429065271458576092e-01
8.982139563752460365e-01
1.316183662451150482e+00
6.047772521793194356e-01
1.256641110967271713e+00
5.859607165197544543e-01
1.053676123664964548e+00
1.482209697480625143e+00
6.127439962787588623e-01
4.500134728079990265e-01
6.924500227097765137e-01
8.196901435905694644e-01
1.255940575568355921e+00
7.684793608516136132e-01
1.030964549891319582e+00
8.330838933537343394e-01
1.161871906546280586e+00
5.003620952996770122e-01
1.140505374535560446e+00
1.637602327002125158e+00
1.238304214491876554e+00
5.386949099893385551e-01
1.084667348841053647e+00
1.459195678381790096e+00
1.417049461900820928e+00
1.527574639151535463e+00
6.762372874608003626e-01
7.972421372185612976e-01
5.229207918287086532e-01
2.407148085716896535e+00
8.352556467368952298e-01
9.865192249170808836e-01
1.035075099034815649e+00
8.510425393446142683e-01
1.797714711716254410e+00
1.681602232446329337e+00
1.140647609057354961e+00
8.799141839666931864e-01
1.313246799066073223e+00
2.006767215421831896e+00
7.317640784246119967e-01
8.511602851113264645e-01
1.285340266233849116e+00
1.887346174088505801e+00
1.228415700270347743e+00
1.460137922999627635e+00
9.439986622998071120e-01
8.710067772029306266e-01
1.156845460350216959e+00
5.994446419819210448e-01
1.475792058471377732e+00
9.125910155814436209e-01
1.272348509345378131e+00
1.132774859894437380e+00
6.315116772928929256e-01
8.733469527119084308e-01
6.108083262874659525e-01
8.365124332460012191e-01
9.616935467217976319e-01
1.215982786576598640e+00
9.240209990893639702e-01
1.235833760795720826e+00
5.358905446800843464e-01
9.242344289110568933e-01
1.116922034905515337e+00
7.568004928905989193e-01
8.183226663549511004e-01
1.701765061045902083e+00
1.438214457679473091e+00
8.614791089832846138e-01
2.136790747803809953e+00
1.020245962747409418e+00
7.445778091102598362e-01
1.793622385391228091e+00
1.051507998454401349e+00
1.061516826920559708e+00
5.029670603995325395e-01
5.506318625842883119e-01
1.116861733120558364e+00
1.138566171932158033e+00
6.618067546607466767e-01
9.187776941699260513e-01
1.001083578513823458e+00
9.325007178217314951e-01
7.062490852928700047e-01
5.909317077501472504e-01
1.968814077949593733e+00
4.700097419213089545e-01
7.173198705662823249e-01
1.376727086036873215e+00
1.650296642165921757e+00
6.675264207721424148e-01
7.731715819562327008e-01
5.434269610213057211e-01
1.105299439635049508e+00
6.745212338967261356e-01
6.764298517187795623e-01
5.052287355677036462e-01
1.787398243695184297e+00
1.184444724595564269e+00
1.160188894499301071e+00
5.211204550977461825e-01
7.727136286843745427e-01
5.498560901375123544e-01
6.355384142965146976e-01
5.628000938608087589e-01
7.337552697127266432e-01
1.734676707283476782e+00
8.352725435890759886e-01
8.481421473089544305e-01
1.222546416135851022e+00
1.606066037835756299e+00
8.419264838938801399e-01
6.825504522991463485e-01
5.783528363573963160e-01
4.807975831614694218e-01
1.164742589677316031e+00
9.034725834600026984e-01
1.063075998603729255e+00
1.365027727899736254e+00
1.319658149634316713e+00
1.205642341436966802e+00
8.795510607910611567e-01
7.975675774310243549e-01
7.329673752162575440e-01
6.277287754359504035e-01
1.417398395818505685e+00
9.360518111788345141e-01
1.048874699720588666e+00
1.659681918197216666e+00
9.904237662813755172e-01
1.603631039873270270e+00
5.687722243844703929e-01
6.992054018510355240e-01
1.509174601983258146e+00
6.305463036878572458e-01
5.675764745884751550e-01
6.399670211332604275e-01
6.453717728923780150e-01
1.072774070800215362e+00
1.679755441192077869e+00
5.933730608826851549e-01
1.878810178752780002e+00
8.515471148007972557e-01
9.680984117094860730e-01
1.161827979677674927e+00
1.530057010555358810e+00
7.058732530563429641e-01
2.895301376118847081e+00
6.161793188725441794e-01
2.536244159296979106e+00
9.522200560825466731e-01
8.086387324730154313e-01
5.733773426367850812e-01
1.456380848689344143e+00
1.173161686028228123e+00
6.077009433128072180e-01
2.389943656077012868e+00
1.761426587190225268e+00
6.244496059798240184e-01
7.440219548597039045e-01
6.411096990477576085e-01
1.235746735499584137e+00
7.605505813062940490e-01
9.024474389851135925e-01
4.846346593514433421e-01
9.340341252187430721e-01
5.006977479813918830e-01
1.224979616597725807e+00
1.135269981136522111e+00
1.020277926672849667e+00
8.445977460332407816e-01
5.708168498335639551e-01
6.369093953714757284e-01
1.486163013670911859e+00
1.049439696305954461e+00
8.239555771550217678e-01
1.892538955469882156e+00
1.336397313716233270e+00
9.934739652470271354e-01
1.483792798686431436e+00
5.454714842195170776e-01
1.594469249383148934e+00
1.587224294025986637e+00
6.234441343103984678e-01
4.981984680125045029e-01
9.083051572884750513e-01
9.023344850965467900e-01
4.960345713346961949e-01
8.671776597079122739e-01
8.709311449223375856e-01
9.257275922591851058e-01
7.084275739731089594e-01
1.273806899988214170e+00
7.782171962627123518e-01
1.154389351238474193e+00
1.420811015370245123e+00
8.305436549996989548e-01
6.615261777253911291e-01
5.775200516519816141e-01
1.888397140610616365e+00
8.889147400343568872e-01
5.722248891566052986e-01
4.536504934688951884e-01
9.101464492006723361e-01
7.972052723293767684e-01
4.624188041943777527e-01
7.404312593052475577e-01
7.218424684477345865e-01
8.668707046333693489e-01
5.917496881019544963e-01
8.196298914128242741e-01
1.489571128063507999e+00
4.577785723139323748e-01
8.708905487027842618e-01
1.140774022658293640e+00
9.944996391263721813e-01
1.627291384621829096e+00
1.002876096115538074e+00
2.008358055801528597e+00
5.870865704596248680e-01
8.605864533067451028e-01
6.606926941818876964e-01
1.474053353674725342e+00
6.266203675700771081e-01
1.351451458029606423e+00
1.239786382799006770e+00
6.845583413753015822e-01
7.285637745000069776e-01
6.121213653703009294e-01
9.836545763928004060e-01
9.381676954037710958e-01
8.092719482993923075e-01
5.599896706737238494e-01
9.586061953433901994e-01
7.918805958592068928e-01
5.815942932695093992e-01
6.816421173416965518e-01
7.097725360412763251e-01
6.265569014934943004e-01
1.174185176507843709e+00
1.436531597220112477e+00
7.999375965849150338e-01
1.162860728188450654e+00
1.269348526974830138e+00
8.212651691497018236e-01
1.400178470998349578e+00
6.528274750781228875e-01
6.007783465019456148e-01
7.686761556485247615e-01
6.425525991104149570e-01
2.519969781079514526e+00
1.021185036006872382e+00
1.082498852453417149e+00
1.240133657787705790e+00
5.047361759385676772e-01
1.073957361347636308e+00
9.656002733135807814e-01
9.154987281968620660e-01
6.634082597279595817e-01
1.034414909960680529e+00
9.540666436364261260e-01
1.029074815452325264e+00
8.460314584849714103e-01
1.090126396189053049e+00
1.250921222987432246e+00
6.572745806328346152e-01
9.778852044877778260e-01
5.464272064930634221e-01
