8.937798451285420498e+00
6.372827120265989187e+00
1.012277838055864088e+01
1.120200844146373953e+01
9.488074517944722786e+00
1.243836272449919633e+01
6.448667985528505397e+00
1.228557310641595279e+01
1.249406884605415513e+01
1.058893243365217351e+01
1.406793392523857200e+01
8.892692695008456383e+00
1.203880769587352972e+01
7.481164221839621931e+00
8.199413745686312538e+00
1.519325811738905507e+01
7.454360511433367087e+00
6.639412192523775680e+00
9.376349923288263000e+00
8.196770721349446731e+00
7.399368743739376697e+00
7.301334312234305735e+00
1.087365937462567800e+01
8.671971651207501353e+00
8.069735573449635879e+00
1.122517201550749810e+01
1.006645957521884860e+01
1.283038626573071461e+01
5.770094884886637132e+00
1.353957501750661763e+01
1.363400607724895508e+01
1.419584431194395790e+01
7.393884149044196441e+00
5.131141168434834476e+00
7.116683310140464513e+00
5.367443655395284452e+00
8.976253964537644237e+00
7.125192970453103847e+00
7.281778223391376592e+00
7.771489079553047574e+00
9.908233561787728405e+00
7.759735066795692582e+00
1.135515889855805760e+01
9.585767077827391347e+00
9.140592718646649573e+00
1.700942127548898952e+01
9.143024937781042638e+00
1.237066741974333262e+01
8.335602234143827616e+00
8.433694422437117311e+00
7.459958611689215147e+00
1.217748231667340342e+01
6.504613354867865738e+00
8.440571315248838857e+00
1.283245579706361639e+01
9.723825727820450737e+00
9.351887715410464708e+00
9.068685392747847018e+00
1.156799742105734197e+01
1.468624204397092647e+01
5.823071404503205706e+00
1.175130434448374039e+01
8.412625015132206840e+00
1.392003624231677961e+01
9.327391460459477202e+00
1.165273635758532755e+01
9.177627581749570496e+00
1.328541231054044403e+01
1.982167734379635604e+01
8.508174178646777719e+00
7.704195152838206440e+00
1.107738223913431241e+01
6.087218884070010105e+00
1.106840551663754546e+01
1.222768767854862304e+01
1.592041847409579880e+01
8.659568541025498334e+00
6.008280084501760321e+00
9.026273160750466928e+00
6.448423533902290394e+00
1.052371757652484696e+01
8.590651331923361056e+00
7.493489501731247060e+00
6.592973840662079255e+00
9.985399639163897945e+00
9.280255688675197234e+00
7.936726390483511473e+00
2.011967563221592314e+01
1.120511116842237342e+01
1.265076885045418997e+01
8.530985060445024359e+00
9.606187424433247912e+00
9.096093984253045051e+00
6.746151750174326445e+00
1.078603020103623145e+01
1.177791127958217565e+01
1.727179202078526288e+01
7.538593523545525699e+00
1.081081147887838512e+01
1.320954650605810166e+01
9.292157277532371751e+00
6.801478164471039811e+00
1.240462843623476452e+01
1.022593828025970986e+01
1.102407301640494452e+01
8.320297711422412590e+00
7.337468655078199120e+00
1.005900473452498289e+01
8.560690487001217264e+00
6.055454301938349992e+00
1.492387900552449054e+01
6.051392869919808071e+00
1.493831803943107417e+01
8.793493658889982356e+00
6.936926361429289756e+00
1.190499091129127684e+01
7.282420676480315436e+00
9.523930629454342878e+00
1.361553762726378380e+01
7.489517813760118159e+00
1.236850465405541044e+01
5.651211390259657463e+00
1.605577813884440275e+01
8.475111767610540525e+00
7.500320377340488065e+00
1.181296772086746572e+01
6.782130878874345292e+00
1.041740270511333399e+01
8.520027642508553711e+00
4.048738788689452583e+00
1.153387485505550814e+01
1.066301610060903116e+01
6.374318819939275294e+00
1.637924205998625027e+01
7.575131907605011428e+00
1.460193322121957671e+01
9.704820010502137606e+00
1.562686679012854007e+01
1.128026899253723769e+01
1.309869773949310812e+01
1.333802120064529362e+01
1.128189168726025216e+01
8.001827903439110656e+00
1.510489599203070377e+01
7.937498051406041810e+00
7.789709559171691389e+00
6.488144025372588608e+00
7.553477739870689156e+00
1.024683740680455912e+01
1.058330452250822340e+01
1.063454258291426768e+01
7.491102920171863744e+00
1.268848657590482176e+01
1.322289530427571513e+01
1.640978527643832052e+01
1.408156587979062735e+01
1.006016169268187177e+01
9.539374816862835615e+00
8.959693061761131005e+00
9.280605789731263044e+00
7.359582425451820953e+00
8.452718547818387052e+00
7.295586157860534549e+00
6.640413259416136249e+00
1.282341092753098089e+01
8.104547292176137674e+00
6.372733592003585024e+00
9.807625807081864266e+00
1.193624164123593445e+01
1.001018750291561865e+01
1.613372092205172592e+01
1.374058780224404508e+01
8.406244786621812182e+00
1.247153625305683455e+01
1.122882472074564930e+01
1.204984760876113370e+01
1.286592627716288284e+01
1.088619903306528158e+01
1.240659565309855417e+01
1.742179458285712812e+01
1.369528864442059124e+01
8.844767306443095833e+00
8.544687203564663491e+00
1.128999223949282360e+01
7.291009003858954785e+00
4.848773676799697618e+00
6.907272332574709850e+00
8.871831372468493626e+00
7.349508539414459918e+00
1.756546420454253976e+01
6.466184503856375443e+00
6.964449753083446382e+00
1.320140941801899537e+01
1.222985764554512045e+01
9.909465922106310387e+00
1.500347656661531914e+01
4.247420735677432724e+00
1.435288259939962963e+01
7.090501067477648078e+00
9.306584764217848971e+00
9.880807498521411603e+00
6.012296524879196191e+00
6.577587208860875556e+00
1.399540803708772252e+01
1.033724240719801735e+01
1.006991541125832690e+01
1.448300424119626229e+01
1.251043173674470488e+01
8.305253404637300108e+00
9.473452751434209063e+00
1.001938333111304047e+01
6.785268304123731831e+00
1.105705872234210041e+01
6.311890923281811006e+00
7.369466605391369107e+00
9.325900144922711021e+00
7.990899043495703680e+00
1.075275647069754115e+01
1.303211071776525110e+01
7.921805355875641830e+00
1.441540113918757271e+01
8.522253967874245717e+00
1.276727628598568209e+01
1.202800656622370745e+01
1.357771126989116262e+01
1.248129053732888849e+01
8.872607415106703144e+00
5.670026826516216367e+00
1.324940337349915609e+01
7.086967180187826898e+00
1.022338763215260649e+01
1.040019036740700642e+01
1.030471168564763396e+01
4.839007215406596174e+00
6.760806532550861725e+00
9.715787624602242545e+00
6.354421055153973263e+00
1.553755207076651779e+01
6.691784862754855290e+00
1.410541093910890886e+01
7.621807376809519141e+00
8.217520079431903213e+00
1.427965932643988545e+01
1.228117707927775015e+01
6.766731141767692748e+00
1.031638525088754399e+01
1.009580431989424198e+01
8.873366031973047185e+00
9.919950899306295256e+00
4.859229377786298265e+00
6.947756119796009600e+00
4.934770755308425016e+00
1.228365227394324499e+01
6.685714120968321517e+00
9.771133727625070264e+00
1.357064871705687459e+01
7.848310029465171311e+00
7.738591799865488063e+00
1.368189427649845413e+01
1.078330144065309604e+01
8.291438507236478017e+00
1.041739918279530386e+01
1.383099290658776148e+01
8.552534730930478446e+00
1.025732769657789056e+01
1.032488315145759650e+01
1.179819837666292059e+01
8.902153709639193835e+00
5.623372911361456339e+00
1.139173479608462536e+01
1.623398658436070718e+01
7.695042769556752482e+00
1.103560820354154792e+01
1.333763090958422559e+01
1.389823943955713581e+01
1.321316449641028612e+01
8.531163852157188643e+00
1.061175816640439074e+01
1.197658299796785109e+01
9.781715506693101858e+00
9.535525418128232289e+00
8.436846762661344812e+00
1.167781690267362649e+01
1.141815031515750078e+01
1.242265427767255659e+01
5.842936986000721866e+00
8.994099660468814150e+00
6.293299707682277422e+00
6.695659639201614333e+00
1.100660701989424339e+01
1.460810794580728533e+01
9.848077516463593639e+00
1.216328814602839792e+01
1.010217163462194989e+01
6.659970816570512042e+00
1.428860345309721858e+01
9.436751351409695232e+00
1.194702359397107827e+01
1.549929017880122828e+01
1.010046809366989429e+01
