6.116820191197816392e+00
2.898221871180452602e+00
1.756867130252327547e+00
3.531952073440215667e+00
1.881716511004344339e+00
4.486098405745241990e+00
5.505096890067422422e+00
3.398540152145399507e+00
4.289617227202978889e+00
4.748521818689014573e+00
5.539632463016152641e+00
8.872311381031334765e-01
5.872730053939748451e+00
4.976201136538349168e+00
2.467604729175059131e+00
5.088057577729622416e+00
5.892073506256650717e+00
2.092837724485850703e+00
2.572821609624419192e+00
2.098013992739693023e+00
5.539101940964767934e+00
2.149617841286302955e+00
3.195518093376941149e+00
4.918291811487556231e+00
2.798250308661850649e+00
5.007208721007740060e+00
3.111307773059395210e+00
3.119194117360941654e+00
1.489874776776863419e+00
5.304633848791348250e+00
1.154442960206795155e+00
3.693091310876352562e+00
3.790982156882205079e+00
2.894169438952804541e+00
4.435417590412940037e+00
3.120711294845730954e+00
7.390767046018049236e+00
5.905891335805470987e+00
4.546920364734706510e+00
2.565570987603539521e+00
2.005811803264601956e+00
6.915942513216500664e+00
5.570650577972521056e+00
7.908044387189375746e-01
6.119327901315791962e+00
5.611326439981159986e+00
7.806138612953101408e+00
1.425746488819307434e+00
4.450300327216354823e+00
5.461819868110421083e+00
5.133362457356701825e+00
2.974774362354242641e+00
2.068466500514907214e+00
2.327174530520360829e+00
3.556767526824468284e+00
4.835589205597349505e+00
6.955045750925744841e+00
2.740951834318630542e+00
8.720306402232383292e+00
5.695030075098861388e+00
6.418394160553427596e+00
7.120773392435636451e-01
4.187563053629898668e+00
1.541270565559449635e+00
5.344152895527785496e+00
4.853148097414454298e+00
2.627199859029361040e+00
4.497921654371975997e+00
2.697630621260918460e+00
3.057728235977906994e+00
1.346304835611012329e+01
2.651072451365790617e+00
3.688025623260678731e+00
3.910340593786298946e+00
2.651358564739212831e+00
1.954740037321389678e+00
4.364648836828563638e+00
5.811296624262059396e+00
2.061860997697025688e+00
3.645200032635588450e+00
2.762363199630363475e+00
1.438466390546618401e+00
4.655095447131014197e+00
8.850797387004178063e+00
3.304982813713616796e+00
1.002046982250800333e+01
2.574081193169236670e+00
4.602072536688242010e+00
2.045789778709083961e+00
5.881892895632083729e+00
3.730916831192488292e+00
5.507096355983098768e+00
3.816739059244053323e+00
3.719316959175094528e+00
4.348214608528354397e+00
3.227189860148549361e+00
3.433743967702857169e+00
3.435235994712874330e+00
6.981848347776296926e+00
1.331293392696329070e+00
2.003346585185211914e+00
5.127325349756067574e+00
3.029652765581750007e+00
8.536739652935393607e+00
4.737695656606480732e+00
5.452292728667861077e+00
3.298324132577818979e+00
5.463663058937976658e+00
5.519724562126596901e+00
2.135101391911932378e+00
5.308790146695615775e+00
4.429574336549252145e+00
4.101513469902243081e+00
6.770312817094078284e+00
2.889940667371244665e+00
2.568157662701636035e+00
8.053182067771938790e+00
3.326510867612824107e+00
3.663375301631721648e+00
2.841575699567246094e+00
6.706612248042246094e+00
2.234205577262053044e+00
4.988006424411143058e+00
4.153427351270573276e+00
4.744376667960624516e+00
2.183151909149861236e+00
2.983802751018481469e+00
2.833913615137185094e+00
6.651494141570326590e+00
4.427467175033650726e+00
2.834172172058585737e+00
5.877811021588555285e+00
1.233384337606924674e+01
4.327426754018921962e+00
5.439644721915454895e+00
3.480227731755863640e+00
2.925289753400585724e+00
6.835231109245524905e+00
4.251886313866635625e+00
2.719480080993147642e+00
6.944295864774821858e+00
2.417278755707243487e+00
1.657477127849909415e+00
2.753442105103201865e+00
3.479006967662757077e+00
6.185982359063185498e+00
1.427687994332703880e+00
9.591941459033131778e+00
2.087644759759442525e+00
2.732261814513187392e+00
4.584072952073982243e+00
6.258617927997856434e+00
1.384271227042209507e+00
5.260923479498380573e+00
5.195107056566713233e+00
4.879427076033219457e+00
4.934601953646271078e+00
4.026619258292479131e+00
6.808746797372904780e+00
5.765217413860569629e+00
3.201375265748631183e+00
3.126632241107484056e+00
6.190868740104503942e+00
6.832070675974078355e+00
3.024574806540162974e+00
3.445168444470637859e+00
7.166243073576686662e+00
6.454397064244401072e+00
3.842911252345748263e+00
6.585846198189562628e+00
1.696771957127914066e+00
3.018154041347978378e+00
4.117095722646605616e+00
3.243034249459170848e+00
8.611904209512241115e-01
4.582680542558506431e+00
3.607957320111093047e+00
1.685361361153963067e+00
4.198450004144874903e+00
4.308947212043869435e+00
6.123912035985627611e+00
2.539317820854001262e+00
2.355810889252715867e+00
2.998959742708653398e+00
4.525601422712156818e+00
3.355060054954725590e+00
6.397216486028608706e+00
3.436734719712716934e+00
6.693764295566007050e+00
5.445172570902744091e+00
3.649731077163108850e+00
3.107050063887025981e+00
4.436000585715366817e+00
2.028195743819456887e+00
4.068616063701640861e+00
2.883204471359089638e+00
1.747508381893440266e+00
3.396396451706422681e+00
3.063272202214474049e+00
7.573333849749929847e+00
4.161505477204852532e+00
3.337677696544211869e+00
3.059702301698473903e+00
4.401709803310859037e+00
2.906075153706914715e+00
5.512836806283396562e+00
3.752683630093642808e+00
6.379039041883741490e+00
2.004008930761022711e+00
3.854197964152229705e+00
1.462938515682109530e+00
2.775873164998067022e+00
4.101743576616432740e+00
1.677112830351922268e+00
2.321682218469829806e+00
4.137765939661520953e+00
1.477456019895114769e+00
7.509159651669435220e+00
2.096336752171747975e+00
4.087989896550103808e+00
1.133043412319440257e+01
1.577831623027184271e+00
9.327386020545646028e-01
3.729509127139599478e+00
4.697063212511724650e+00
9.479075001510405940e+00
5.784831342202665816e+00
3.588059892723072686e+00
4.891767445817967186e+00
2.240832530595609828e+00
1.997484577081237056e+00
2.688929958476220516e+00
2.169204186850965499e+00
4.540210753570423918e+00
5.122035225499098843e+00
2.223499135488918199e+00
7.203512737185058690e+00
7.059425005820890497e+00
7.198419401868366485e+00
2.452413925720254628e+00
3.464090509917081118e+00
6.348274969585100180e+00
2.273362682231726772e+00
3.111640237837875578e+00
5.292734679636432737e+00
8.749507356321885254e+00
3.584982841893196159e+00
3.877853979806880069e+00
4.141644681676467599e+00
7.936393179103748530e+00
5.551702514674178524e+00
2.589426945741923003e+00
5.805031113487046035e+00
2.511400350223015110e+00
2.509960109815252860e+00
3.659640302129345990e+00
3.584348762447495673e+00
2.070542355209138208e+00
3.605723135370280108e+00
5.546628442074413634e+00
4.593260981104737795e+00
2.344257796277435357e+00
4.663398329870653392e+00
1.779970896429612814e+00
4.210565822765589772e+00
7.980900657345157967e+00
2.633112032172526540e+00
3.226623110331892086e+00
6.823990371223858986e+00
2.998103850770909240e+00
2.788913664651709201e+00
4.385987758086837829e+00
7.413058231916345164e+00
2.512041392861238620e+00
5.897104628900327938e+00
3.323779196889769860e+00
4.890136622475075079e+00
2.200601577513115359e+00
5.332802739067616038e+00
1.859824005189989471e+00
4.086718452695255799e+00
7.062404959542736727e+00
3.654479663068350259e+00
4.744121612512794073e+00
4.828890560913518648e+00
1.892007826199367360e+00
4.502376967430486765e+00
1.711636783933743855e+00
2.985378242784620717e+00
3.433032957798088702e+00
4.014546142047297650e+00
1.684255565004856292e+00
2.967263803214731599e+00
4.993616158193963095e+00
2.920337111832039589e+00
8.676858220023717649e+00
8.894659662012871948e+00
2.114171572723317460e+00
8.287614172853803751e+00
2.558711615785739024e+00
