8.351594429723131441e+01
9.248804518373785299e+01
9.101420518318803943e+01
9.129872970522735898e+01
9.322098563112919578e+01
9.430831088120702077e+01
9.998640019235587317e+01
9.210985683363696808e+01
9.499899385632171800e+01
9.650484379612294106e+01
9.174194496083551087e+01
9.599272227001287661e+01
8.788272820527137696e+01
9.074974590207116876e+01
9.541034086268186343e+01
9.234240184271688179e+01
8.859684028622062613e+01
9.057043921018561150e+01
9.371294007527569647e+01
8.506247191696942878e+01
8.791495122829296349e+01
8.306916901599265657e+01
9.192953643053095902e+01
8.692831250501195939e+01
9.921851671456377630e+01
8.857468803705036464e+01
9.047982539764137755e+01
9.349379072402210511e+01
9.370573880447946635e+01
8.021109831269711776e+01
8.569258877714536027e+01
8.956978557981553024e+01
9.054527360254610358e+01
9.328495885103242813e+01
9.262545276690570972e+01
8.870607747369223262e+01
8.733593687597692679e+01
8.865370051779756011e+01
9.558467776659571769e+01
9.671465572005888589e+01
9.052984353087302338e+01
9.099596368732908047e+01
9.842509931990115035e+01
9.089329488209318697e+01
8.748170061383133600e+01
9.311507481198584912e+01
8.622173257409326652e+01
8.760535095482090640e+01
9.179644922445082500e+01
9.589040727767519456e+01
8.195224129855385797e+01
9.760244628395457767e+01
8.722649830415338101e+01
8.432651997024642299e+01
8.282708620795605725e+01
9.160007858994893581e+01
8.198488840141580170e+01
8.943400041740378015e+01
8.041283264845138490e+01
9.413229808235027463e+01
8.489401587892184864e+01
7.997827269871915234e+01
8.886473802058654314e+01
8.160632161614576319e+01
8.578942017154655275e+01
9.302771795963785451e+01
8.939829758478379063e+01
9.716693383232518499e+01
8.629277492435561214e+01
9.167848833255018803e+01
8.701134981614214325e+01
8.406734868639618696e+01
8.460991103041745021e+01
8.249226776706440489e+01
9.490494354986869041e+01
8.628391487833282270e+01
8.920153914522597915e+01
8.696155765733007570e+01
9.521951414108880840e+01
1.005288767083831800e+02
9.266137362531202371e+01
9.199937108987381862e+01
9.157909270851305905e+01
9.552905099333625571e+01
9.178597895544912433e+01
9.193211178646738801e+01
9.010503597541288912e+01
9.266670876699994608e+01
8.946055885314387979e+01
8.816483259977458431e+01
8.042587322121612203e+01
8.617583790235934771e+01
9.571944900962235181e+01
9.848580165701430644e+01
8.544148662249297388e+01
8.431874054494331006e+01
8.237828476070450279e+01
9.135082930117768285e+01
9.118806977737787633e+01
7.850670106442031226e+01
9.516775127494511821e+01
8.531225478562799935e+01
9.257440119602424033e+01
8.170385333396123428e+01
8.915735336865866145e+01
9.095157304734918569e+01
1.057699056467284606e+02
8.162981981623276795e+01
8.523275286262696682e+01
9.228818451184599780e+01
9.686937987068617417e+01
8.063471817370437122e+01
9.902329937303082374e+01
8.657923068232695130e+01
9.188936939943343418e+01
9.363399796948894505e+01
9.364554720600501980e+01
8.807611109446243347e+01
8.119688296836056907e+01
8.326681082978130632e+01
9.032100055604193756e+01
8.942231675779814282e+01
9.344365272409478962e+01
9.313971139294426393e+01
9.444761224013127787e+01
8.196328505225875460e+01
9.314529726163739554e+01
8.650006477794829607e+01
9.516964095101324972e+01
8.690880104853536636e+01
9.630389284318870580e+01
9.265852730611459265e+01
8.558200571290022651e+01
8.545016748753504032e+01
8.829852203526466781e+01
8.920751820823197420e+01
8.396141524875503137e+01
9.338602741108650207e+01
8.045905578411108650e+01
8.923627098466276664e+01
8.871109628884339315e+01
8.818631055396214435e+01
8.795142967554910740e+01
9.952895393411263569e+01
8.235625410394534640e+01
8.689419528117468872e+01
8.746791786185598028e+01
9.639657126708050328e+01
8.826501552247330551e+01
9.242286762026715508e+01
9.234603701395394637e+01
9.415642284736074430e+01
9.340438882709612756e+01
9.572716660679205347e+01
8.990024438718185706e+01
8.695726612501954378e+01
1.004218274204678920e+02
9.347021784692178414e+01
8.805580724606262777e+01
9.718235129475337430e+01
8.903551875401740290e+01
9.465304738205934143e+01
9.285360469549431173e+01
8.678035626218076004e+01
9.754959642892829663e+01
8.630370745089344098e+01
9.529836734723738800e+01
1.016478162002082115e+02
9.375974888858782208e+01
8.799075895810256043e+01
1.002627014792205671e+02
9.515431969546730784e+01
1.038077793855860165e+02
9.286580940777427884e+01
9.247483189928767899e+01
8.845713865453082292e+01
8.631455234053278502e+01
9.204743423209519904e+01
8.032564799779754594e+01
9.364839658580098103e+01
8.637254751496681138e+01
9.087998117084600835e+01
8.675004668795116913e+01
8.949463573372653968e+01
9.027870099847282859e+01
9.484720520343437045e+01
8.389141114700719015e+01
9.426118901011113849e+01
8.335703701575503999e+01
8.805139622162950275e+01
8.589589947479043985e+01
9.718543610623062534e+01
8.912332199152029943e+01
9.480255443106412372e+01
9.538918642396492942e+01
9.822296904751179625e+01
8.242276388893706951e+01
8.073499018102977232e+01
8.814879373126103701e+01
9.696445044676998748e+01
9.004356101507676158e+01
9.071268535875071848e+01
8.631879192979738491e+01
8.884484065455563950e+01
8.652871052815143571e+01
9.395955809620338073e+01
9.708299076481678469e+01
8.907420721389374307e+01
8.953335270741038698e+01
8.576864008926298766e+01
9.902076337126814565e+01
9.397400655635922817e+01
9.492559282815702204e+01
8.201488714120904433e+01
9.290607176083423724e+01
8.769578678016742401e+01
9.115308676776032826e+01
8.567261212971553164e+01
9.014128416011897116e+01
9.580165141270649087e+01
9.428618729753166861e+01
1.014165203695693407e+02
8.635695295843356689e+01
9.923801878788367503e+01
8.677189763972562275e+01
9.427112209075431792e+01
9.609426443383495098e+01
9.831831937447194036e+01
8.321556359176324236e+01
8.498756222938907001e+01
8.585609501000803334e+01
9.154145528898885686e+01
9.207886881465111628e+01
8.982925459855128736e+01
8.972789256554600001e+01
9.647305293287615768e+01
1.051528386266410138e+02
9.076773115020550620e+01
9.036212645259304566e+01
9.026157687348108993e+01
9.287771173585854001e+01
8.711083044323984836e+01
1.001916934818148235e+02
9.233016283486510645e+01
9.092910694765875235e+01
9.352435247632830340e+01
9.581222961565192975e+01
9.512960510745438114e+01
7.893823099476840355e+01
9.457834460780098595e+01
8.384301225901020871e+01
9.655582099678223074e+01
9.033254123097653121e+01
8.897564543472034870e+01
9.590756810529134668e+01
1.028710498622730398e+02
8.626652969314358188e+01
8.242314777310274110e+01
9.994653736757931028e+01
8.707555325409472857e+01
9.106614888352933690e+01
1.000467235935334287e+02
8.841310898465914647e+01
9.000158836666004447e+01
9.521540896274237298e+01
9.297463964889821852e+01
8.685227203214857639e+01
9.881647768574549673e+01
9.386425104204572278e+01
9.239689043869795171e+01
8.364675986959268528e+01
9.441388258809894296e+01
8.544891576609158790e+01
8.537497544849512110e+01
8.762494556379553501e+01
9.391052137989930770e+01
9.687385959757722276e+01
7.916866513484704626e+01
1.006466920359100072e+02
8.793210373301269556e+01
8.800693323301749160e+01
9.926587438086505699e+01
8.838350727163420117e+01
9.285728639738978529e+01
9.543338746796766259e+01
8.874796765974741675e+01
8.971557121546413782e+01
9.465957417486349357e+01
8.758071818791324858e+01
9.190980488058043818e+01
9.019632244006952249e+01
1.004490394080117426e+02
8.515141667075748444e+01
9.169105307008426564e+01
8.955107026228861855e+01
8.457321860037929184e+01
8.653744199996650366e+01
9.526887256984375085e+01
8.553459757442900013e+01
8.690101901203819068e+01
