1.369008371703323679e+00
8.159926404911642672e-01
1.828753525340357511e+00
1.422497398539046554e+00
1.869565238936485185e+00
3.437363081660123498e+00
3.545904966233264677e+00
2.463907111688647955e+00
1.594251022099450577e+00
1.293840627477565786e+00
2.444046458262445931e+00
1.260300562912972877e+00
1.816729582611460891e+00
2.009171966940348941e+00
1.940522048392208765e+00
2.073762233317279158e+00
1.730635143646683805e+00
1.344577933964441030e+00
3.058031907933183469e+00
2.558711302722981085e+00
2.718379264091366654e+00
4.188287874542514722e+00
1.416493856428836740e+00
1.735615323926433584e+00
2.300847170781289197e+00
2.881208469835356833e+00
1.241747515549482372e+00
2.303896835428670187e+00
1.921892362433859081e+00
1.660705381384979251e+00
8.987929916065392488e-01
1.015339593428852938e+00
2.554376677762977721e+00
3.248113531166861190e+00
8.747489865454138869e-01
1.515601102035354586e+00
1.295671719825019164e+00
3.305260491573976278e+00
9.851963582790689289e-01
3.450983806460059089e+00
3.665550133993675352e+00
1.222020377599559504e+00
2.509601024914581036e+00
1.364591764833008147e+00
1.903553994551736128e+00
3.312881541797454421e+00
1.257709566861600958e+00
4.957332594390200242e+00
1.024037556420939854e+00
2.036592813181821171e+00
2.883469419767540565e+00
1.891863803302489933e+00
2.547392698108716935e+00
2.603402823709216385e+00
8.712877727680159445e-01
2.291303460518930635e+00
5.175918881470395583e+00
1.419410518113593200e+00
1.840146565881536578e+00
2.009941605054106351e+00
1.468730238947333788e+00
1.620395899666232875e+00
1.324644950941151755e+00
4.537217688030588114e+00
1.829231853168016286e+00
3.247936142951142635e+00
4.141234617362898440e+00
1.280664453989060814e+00
9.016165227698992313e-01
1.496201385405752982e+00
1.283670994811201060e+00
1.106034317180476068e+00
5.515081478994973141e-01
1.077123570360690508e+00
2.583628543971200564e+00
3.544448969332321120e+00
1.945394417150326127e+00
1.838102651823358080e+00
1.484409643975579396e+00
1.377105438797064929e+00
2.131169682458267101e+00
1.539818311859841860e+00
2.955394460511052479e+00
1.362197721630204583e+00
1.689246431442684493e+00
1.026186391740859127e+00
3.423104546338705756e+00
3.104516951351678156e+00
2.564267196137616001e+00
1.160389274074126398e+00
9.411273877685981670e-01
2.323670808742566152e+00
2.816874061765402004e+00
3.825963216707972236e+00
1.674715176134799810e+00
2.356275522616554596e+00
1.494490380590469236e+00
2.281122643758671575e+00
2.328012110827215597e+00
1.351308351790643458e+00
6.255808412398851104e-01
3.233063464648933127e+00
1.037961892113694606e+00
2.336093298977763855e+00
2.228638289108535453e+00
2.324430937762052007e+00
1.566439124426563856e+00
1.418630016254488480e+00
2.442911586743274910e+00
1.857859141352919297e+00
2.393789517359580010e+00
1.845743187694224074e+00
1.117965204997187545e+00
2.444998284830631086e+00
1.933127136128965917e+00
2.175057559293197329e+00
2.254857482983770645e+00
1.346774341278735854e+00
1.276870262965933644e+00
1.478493540394160366e+00
2.087365520190736401e+00
1.086919116307377919e+00
2.347728517222376521e+00
3.520940179423074579e+00
3.182142660696783754e+00
2.698805672071921791e+00
2.032993508919206604e+00
1.151340295532529590e+00
1.417425394336869537e+00
2.605383892004428326e+00
1.221543068650451369e+00
3.412322024001597232e+00
2.710676053185958168e+00
8.176894774667766708e-01
2.580173544956545051e+00
1.169845772627932323e+00
2.422852660029929606e+00
3.373859636401344009e+00
1.672907522956867954e+00
1.465035124735320382e+00
1.653778132313943550e+00
3.049998634540210141e+00
1.139501290188307925e+00
1.442428902149971215e+00
3.306630230646568691e+00
2.681828616410071309e+00
9.258500884174398760e-01
9.648923645560032458e-01
1.552735711276879815e+00
1.165448259264938224e+00
2.819994979543264613e+00
2.451572661174905132e+00
3.477521618772129397e+00
1.234276186067425840e+00
3.725239951126443572e+00
1.531497603352650616e+00
1.984424793456836422e+00
2.261538677924814333e+00
1.024173362178821378e+00
2.088328055015877815e+00
1.700438547017880442e+00
1.770756927043413587e+00
2.214020631526760763e+00
2.441290314813681306e+00
2.603802756651239392e+00
4.224014948152334803e+00
8.704714075732613576e-01
2.036774204335587424e+00
2.831052324776698548e+00
1.351015631033282371e+00
5.916252812014073381e-01
4.699117267737694670e-01
1.955390307184818655e+00
9.768044704504602604e-01
2.687064679042006965e+00
3.308823111564047181e+00
1.218328776947541048e+00
4.542411951577168594e+00
2.994532496760482942e+00
2.634314366747750658e+00
2.145085027712014814e+00
1.184986546962601972e+00
1.170050679014203343e+00
1.842422455131899728e+00
3.110338248942811301e+00
2.004442445898008796e+00
4.218455123590300282e+00
3.469491331387195565e+00
3.901488845963274610e+00
1.767927698069973408e+00
9.281766386996442852e-01
1.493296674312652561e+00
1.893329606578920687e+00
1.513581087272894310e+00
2.435181882222618999e+00
9.831934256762320246e-01
2.605101655636574698e+00
1.138396586684075951e+00
9.671086827812300779e-01
3.075467006119273705e+00
1.676695940025825449e+00
3.113159190202004822e+00
2.971794288463865286e+00
2.084534219181453096e+00
1.375884878507786402e+00
1.585227800684906319e+00
7.095618847079069313e-01
2.531615551791096319e+00
1.459079746005457423e+00
2.979942973189678046e+00
2.750193730004307113e+00
1.082811642640813421e+00
1.947362672033263076e+00
2.047420107081296514e+00
3.214638057347734446e+00
2.209047801646136566e+00
1.281150068133372733e+00
6.975840865382058054e-01
3.046793038517469743e+00
1.979661181930256086e+00
5.219045193395873028e+00
2.864809494161039360e+00
8.654130970675271151e-01
8.299272273687146040e-01
2.125566014921696389e+00
1.722775167399467122e+00
3.862125497817830322e+00
3.273150357769215368e+00
3.940642985222047479e+00
2.351146052826925459e+00
2.164505698716614468e+00
4.482355705472711449e+00
1.068617352914476681e+00
3.643283937983418319e+00
2.887763449318608178e+00
6.425760876698325852e+00
1.090444837264714417e+00
9.376385841020113965e-01
2.219117227774427992e+00
1.888333692032100997e+00
2.453730167333874501e+00
2.196344640787519786e+00
2.039021049868475099e+00
3.049949741148382909e+00
3.277453012137671706e+00
1.753031861723209683e+00
2.863808124671100686e+00
3.283927954155895890e+00
1.447359818383012975e+00
1.780293465452498003e+00
7.080612676115990434e-01
2.126432555341775554e+00
1.888496184442656434e+00
1.290862853262636945e+00
2.265986119963077527e+00
2.137294929264924814e+00
3.261011678297887073e+00
1.617256466021486538e+00
8.473957191488515894e-01
1.822364553702469525e+00
2.018490955520188201e+00
1.968645428404027120e+00
2.245816546940758496e+00
1.025623097278028473e+00
3.839869424121686858e+00
3.018874341837002540e+00
3.287010492000587814e+00
1.712119311046523373e+00
3.045263126653778407e+00
5.514271345807294722e+00
2.660001794060157021e+00
6.714411316805465324e-01
1.257649240567083160e+00
2.435948070955181510e+00
1.961646178509923955e+00
2.522677916476599780e+00
1.755391769419226700e+00
1.108602239444336446e+00
1.509251690100965160e+00
1.266859615501869207e+00
1.511044002943235487e+00
1.333102030185630893e+00
2.001478735929374864e+00
6.001680858189611945e-01
1.483309483236331383e+00
4.694360854694315854e+00
3.591751273689207213e+00
3.925153688228472770e+00
1.844915172188256847e+00
1.925756944828509898e+00
1.576123136342066244e+00
2.288018302533140425e+00
8.605572989008368756e-01
7.017173761505717255e-01
1.682221536624458169e+00
1.077961598897722473e+00
1.223540059969610461e+00
4.354428316594224135e+00
1.089464529255316227e+00
2.173761397254115213e+00
