1.447994125518763475e+01
2.145846556276009665e+01
1.897472224008608421e+01
2.194946724541803817e+01
1.679662147810005024e+01
1.934474207484506536e+01
2.000291466808742769e+01
1.549117591563772400e+01
1.928570439685740112e+01
2.193132474704451340e+01
1.981526944929793288e+01
1.509333504495169720e+01
1.591144886526181246e+01
1.624760070337385898e+01
1.723861969034068764e+01
1.849339777799530893e+01
1.798766365044103210e+01
1.844515233849920577e+01
2.016542420130496893e+01
1.855345226761907185e+01
2.145939896232696853e+01
2.143114622539880543e+01
2.088880587069458983e+01
1.786920400987964896e+01
1.747883800905120211e+01
1.827575997957290710e+01
2.075800415798586585e+01
2.053580544488807647e+01
1.724265969773036744e+01
1.484465635358653302e+01
1.695034665084358849e+01
1.474701776393058594e+01
1.807591410742501381e+01
1.860668457553106592e+01
1.968564351815606983e+01
2.143972860671015113e+01
1.930559421266486453e+01
1.896461631328457287e+01
1.895253263543170874e+01
1.738768910431625514e+01
1.987473315888981062e+01
1.984678877664742913e+01
2.013988695906420645e+01
1.776257562304975579e+01
2.270454986999323665e+01
2.038833296008072793e+01
2.148413762870386634e+01
1.823496696840300402e+01
2.119165194404336461e+01
1.436730560626640596e+01
1.922581676841167919e+01
2.051337882611305119e+01
2.051731177516401772e+01
1.746327412097874188e+01
1.894097345091578077e+01
2.128112392727863877e+01
2.026386201788845298e+01
1.960512833485008599e+01
1.930642083757625471e+01
1.889691872285545315e+01
2.182070107165342421e+01
1.813088373490515082e+01
1.910466185385244131e+01
1.700648168944897520e+01
2.042808523033981416e+01
2.090231508716940922e+01
1.889951963034073046e+01
1.875203513449929105e+01
1.633349090763132949e+01
1.964719098849380430e+01
1.456906419964625243e+01
1.810539644443652563e+01
1.926844185913011032e+01
1.840648593329281013e+01
1.232684604009057239e+01
2.184505777050051378e+01
1.693138498985203455e+01
2.308419307229204520e+01
1.873881585412912898e+01
1.697440088201393493e+01
1.993134987244595280e+01
2.038889750543362567e+01
2.109483872823717832e+01
1.567950438531201662e+01
1.590735366102029857e+01
1.701743850410055003e+01
2.061285942532861526e+01
1.776873789765121003e+01
2.156140669056967596e+01
2.011460680597774342e+01
2.157217711796475257e+01
1.647326700742707928e+01
1.562575047433535147e+01
1.926487834550271572e+01
2.206713616284561752e+01
1.949673988619128551e+01
1.995871493863672796e+01
1.449324561417997970e+01
1.782658584796801904e+01
1.473601137433937858e+01
1.989811537712247258e+01
2.137153875222353960e+01
1.846684746914705499e+01
1.741214136163867110e+01
1.602280776006511331e+01
1.964785417857358496e+01
2.014804779737199070e+01
2.063061764891533656e+01
1.902910409840697525e+01
2.287479003457544735e+01
2.067280418034878053e+01
2.015883702514530640e+01
1.789203531400208291e+01
1.871793715885108611e+01
1.713494329877501698e+01
1.530480706849816563e+01
2.005224780129203310e+01
2.209576664167382631e+01
1.573035746368689836e+01
2.291517844543312066e+01
2.117140410097349346e+01
2.079279205875141656e+01
2.079729062512495830e+01
1.580704965139239349e+01
1.970079966631531221e+01
1.850852283001052712e+01
1.885011253880796289e+01
1.551603730150795535e+01
2.140171074632860382e+01
1.345775740025080580e+01
1.979903122482322431e+01
1.586383425268563663e+01
1.834143391679551627e+01
1.730430390896261983e+01
1.841142886568701442e+01
1.816444228110236025e+01
1.811680287775703491e+01
1.432501670847927322e+01
1.949968190816561275e+01
1.876494625308578179e+01
1.543181112348180939e+01
2.292391178287071085e+01
2.395486750294686473e+01
2.062039519619358074e+01
1.841007760544254168e+01
1.735532122902588981e+01
2.035673613237111113e+01
1.575874380889630011e+01
2.242852680347399286e+01
2.135759323712822777e+01
1.690772078126314426e+01
2.085247964343204075e+01
1.997331078520874215e+01
2.010957596075950704e+01
1.794910670475833925e+01
1.513184528349597180e+01
1.758703486680709460e+01
1.684433810428243561e+01
1.833632843794493539e+01
2.087303454718207618e+01
2.108840176112658327e+01
1.693457513508515078e+01
1.958319710874505404e+01
1.796377357442351652e+01
1.772933783942802322e+01
2.012710997955896630e+01
1.814728678762574532e+01
2.126027036029624284e+01
1.831081688065496849e+01
2.046610252706648581e+01
1.896007114103232638e+01
2.166521113529146803e+01
2.021741003654421576e+01
1.679475965679414884e+01
1.435227046634855341e+01
1.579390879514351553e+01
1.589895923092697672e+01
1.991142885142328467e+01
1.463611592752858570e+01
1.922482014686877605e+01
1.555499316055214543e+01
1.691267518512904999e+01
1.957077988597639973e+01
1.846306806410095547e+01
1.912832303592136185e+01
1.796213459958853065e+01
1.942875426789360205e+01
1.684124544125942791e+01
1.830987926865894622e+01
2.182371470305966099e+01
1.844319876422825644e+01
1.936861265518562902e+01
2.074422495427596402e+01
2.098890729672413613e+01
1.938239017432947975e+01
1.271059100366533379e+01
2.014493840519402568e+01
1.713857799296122053e+01
2.326840390815875281e+01
2.023126251812939103e+01
1.887786089099470388e+01
1.664557202105375211e+01
1.904141615129067233e+01
1.583397885865191412e+01
1.816982872770091006e+01
1.920163427811403167e+01
1.769732347706171893e+01
2.164068161981503380e+01
2.085879670545735465e+01
1.858895965058763977e+01
2.271877788900093620e+01
1.795710999517745421e+01
1.628293940656785921e+01
2.027171666424926499e+01
1.944002596207429079e+01
2.139778906886363785e+01
1.126027931593414344e+01
2.051516152853887576e+01
1.734841708706764507e+01
1.893442207097698571e+01
1.676265970089079360e+01
2.068663981921289619e+01
1.758922431171006551e+01
1.830219060117190821e+01
2.154199095350083581e+01
1.722060173328721788e+01
2.053839675741703985e+01
1.819451712613688699e+01
1.554515127817324505e+01
2.114718017267281880e+01
2.228826545383039814e+01
2.072062063605493165e+01
1.503240870443343802e+01
2.076838829383083862e+01
1.504666516224689943e+01
1.853132463399066410e+01
1.795093613278801215e+01
2.097310141243248793e+01
1.781553761460341789e+01
1.377218696675708109e+01
2.143325088053378735e+01
1.663930563122935169e+01
1.962011292188511291e+01
1.689573589464075809e+01
1.916141135998010725e+01
1.887934617327109166e+01
1.855998114400005505e+01
1.903038782669753815e+01
2.213828383493883223e+01
2.105308421719825063e+01
1.885347236174704832e+01
1.633076291425494020e+01
2.080907157013485431e+01
1.612673111454098773e+01
1.681825231314818581e+01
1.659217941547100139e+01
1.833746409858213511e+01
2.073275085960245789e+01
1.839345608018091838e+01
2.039069899592822921e+01
1.883591596635098497e+01
1.960921108855739448e+01
1.622468564645603806e+01
1.997890774990466412e+01
1.762457551838722125e+01
1.550821026237519717e+01
1.845963143066272139e+01
1.900823737431052507e+01
1.737380565386258624e+01
1.811412818631584898e+01
2.250003702965544505e+01
1.671059774926798269e+01
1.756292601577543522e+01
1.499315746153895113e+01
1.809350102463231025e+01
1.612715603014788712e+01
1.947604327885393971e+01
1.577538907715704042e+01
2.025174099407200146e+01
2.423578995795892865e+01
1.725312466743793394e+01
1.960355769735929954e+01
1.450100562016856998e+01
1.747493522794756515e+01
1.530170789344341920e+01
2.034146745065033812e+01
1.918110938720117176e+01
2.043365299353775910e+01
1.998230718512525428e+01
1.771201048449432491e+01
1.509043906577453953e+01
2.218228810652226457e+01
1.736819822046322059e+01
2.066181359127464745e+01
1.800032247460242374e+01
1.787465453959786643e+01
1.857634071880584514e+01
2.238816592486942980e+01
1.954432099894833641e+01
1.994858989952530592e+01
