4.754743704158983952e+00
6.381500592165371799e+00
5.630014284918586576e+00
2.996047277099957995e+00
7.203760700058680300e+00
5.884622543742865197e+00
1.077243451064138435e+00
9.908428629444189895e+00
6.023704275709275358e+00
8.116655701683416879e+00
3.630560785076177854e+00
3.124364007220467698e+00
5.828256092839632529e+00
5.211560031528742698e+00
6.472644792105537448e+00
4.168486995121645222e+00
3.379572647584046408e+00
2.423790437597482139e+00
6.384335167380142728e+00
6.643002721785942200e+00
7.633253651076108426e+00
6.831399130491861982e+00
5.800999133323795576e+00
5.038298664358906720e+00
3.169365456705376172e+00
4.518690102676708342e+00
4.987564154702171848e+00
8.390012105353861216e+00
6.955057408721065926e+00
7.831558956239724978e+00
3.006880718562184640e+00
2.073742754704295255e+00
6.693161592654174541e+00
7.282430407530173788e+00
6.217236573844099112e+00
2.211925346876006948e+00
8.857492318358270111e+00
5.483605656088872848e+00
5.990472762454380984e+00
2.009303480802424158e+00
2.041748265773100535e+00
2.057132284838000036e+00
4.900383774627950828e+00
3.440780092972746562e+00
2.661573289526382613e+00
1.857453793861873814e+00
8.775463099212796436e+00
4.041993173282740770e+00
7.178786253808069340e+00
5.134718395465442065e+00
3.019179816115702408e+00
3.519955460388910051e+00
4.088035380576055644e+00
2.646238226474811661e+00
3.763128444095602987e+00
6.279284091950907865e+00
6.729757595371262724e+00
5.262699089634827132e+00
8.460650619798787631e+00
1.040567388909546054e+01
5.726579166047556235e+00
6.293121712185992145e+00
5.462534577623177512e+00
5.806712093127800678e+00
3.144073388097037736e+00
5.519714210284511147e+00
3.096487524333174868e+00
5.131489056198716092e+00
6.302018300736448531e+00
7.088081789642393993e+00
3.005308711848169168e+00
2.347178971067068520e+00
3.513089716875557045e+00
4.232043211094834056e+00
4.180817839420027049e+00
4.654649218501831776e+00
8.752631594158357231e+00
4.299019343127844728e+00
9.756291338712962613e+00
6.587352985899505242e+00
4.267550148720040681e+00
4.926716179223735281e+00
5.676883957250702828e+00
3.346123726581902602e+00
5.474024468405704447e+00
8.774227449368293463e+00
7.909888090969126040e+00
5.377563664507526653e+00
1.898532526279924637e+00
5.337536142616735368e+00
2.530406778723484518e+00
2.802713713759341640e+00
6.791729654146986483e+00
3.401107747772224688e+00
3.593485964232273844e+00
3.883064301184750100e+00
7.446473502799617172e+00
9.255907201276651897e-01
4.808372291291549416e+00
3.268923967575506406e+00
3.137004269412535518e+00
6.545804010171210940e+00
5.189960424537509276e+00
5.472029549730301312e+00
4.627551045207281000e+00
2.726814510837584304e+00
4.760326205420495782e+00
4.176275064877053467e+00
3.315433208207696936e+00
2.298772599560857444e+00
2.909206873969757634e+00
5.219047441052294012e+00
2.943515570544874116e+00
6.221347836534008913e+00
3.993126121764692726e+00
3.685309925219053540e+00
5.028652349879506822e+00
7.904050346989627052e+00
1.888603479904105598e+00
6.873119073479837304e+00
3.892219950162253195e+00
4.950121578789222987e+00
6.970458310306511862e+00
4.418616907472327604e+00
9.280782444635779171e+00
6.481112426023673656e+00
4.831589661225050847e+00
3.325737474434139695e+00
3.025144546134024726e+00
2.169340626969993746e+00
2.607268209940167392e+00
6.703404252651729678e+00
5.502185023433522559e+00
5.187553850592976801e+00
3.448970845594766299e+00
6.257162282021171862e+00
1.710043022079804409e+00
2.937879742148652884e+00
4.248114715172568445e+00
7.274693018522182975e+00
5.100712568903483124e+00
5.869174006553431688e+00
4.718376796216330327e+00
2.314919464586656872e+00
7.264064401635162760e+00
7.765165201598214217e+00
7.898973947706553922e+00
6.840285945468154161e+00
4.607586789714865461e+00
6.720822640943594273e+00
3.219782302311590350e+00
5.776276963682535737e+00
4.066745346090467450e+00
4.826563652527813275e+00
4.381250873660438749e+00
5.169726900154359761e+00
6.762092736059294396e+00
2.647017086834011934e+00
4.972432356856228530e+00
4.537183400346783912e+00
9.191679655166826279e+00
2.301619101136647583e+00
4.665733947180792818e+00
4.198685194040593593e+00
4.471778519203183144e+00
3.649006937160791164e+00
6.965441684035837078e+00
7.977077332210902760e+00
3.383014756737372952e+00
5.835589503253656218e+00
5.204634956230309584e+00
7.721660641773410383e+00
6.246568918545119864e+00
8.281333078646822443e+00
7.111380838615444233e+00
5.524024395133751320e+00
7.146729134926331106e+00
7.369535853479940890e+00
4.685596955812217246e+00
4.121586456590882186e+00
3.888986465237274981e+00
4.818020300342197082e+00
5.282112785378807018e+00
1.087086336867197645e+01
7.600062684300068483e+00
4.234134008680371153e+00
5.652479708151920690e+00
4.596991653952514412e+00
6.150036916654588737e+00
6.437564074453476337e+00
6.008384897665398405e+00
4.027884631711772911e+00
4.853420057191359938e+00
4.046316858665556460e+00
4.339957302488156365e+00
6.787547447370754661e+00
9.898653261023735439e+00
5.620543410240292914e+00
5.900984992777209115e+00
3.155536188768358841e+00
2.358694991250554818e+00
3.784135792582849156e+00
6.233148729921749620e+00
4.010200886312745183e+00
1.937079244338699047e+00
3.042810405800809193e+00
5.015091150706492584e+00
4.956782949780915715e+00
4.653624815486152144e+00
4.355239766811825675e+00
4.814407416860650990e+00
5.014115045016055205e+00
4.646953872549008047e+00
5.083995041292558525e+00
2.111786340586509603e+00
3.361068044623644724e+00
8.377952889611897547e+00
5.490459011110987220e+00
2.396251349066533809e+00
5.099433954043812278e+00
1.181481348158123090e+01
8.700991301790114818e+00
6.205108888455607818e+00
1.929114474667233292e+00
3.766204012104947374e+00
2.236236912075557193e+00
5.485400313692531782e+00
3.410656924787852429e+00
3.138650084760785663e+00
3.874817441431036791e+00
7.371502648474185015e+00
6.290202853944355965e+00
5.477595922896894010e+00
3.178550684018139005e+00
3.748028505896502605e+00
6.172244600192081876e+00
4.808842916091878195e+00
7.682457423809050390e+00
4.940354578743586522e+00
6.568075576560652884e+00
8.358425459881896558e+00
4.361752942246574172e+00
3.234274514385674149e+00
2.902290955321900956e+00
6.353031510736594889e+00
4.878083973733339462e+00
5.166296593134121373e+00
3.683509203276190913e+00
4.487688803809259497e+00
2.891645693539555584e+00
7.442680753140460403e+00
4.188366815159231926e+00
3.036741910183732518e+00
4.563476357997804378e+00
5.216149797565246438e+00
4.329821202690622428e+00
2.882285080958387535e+00
6.716067111287171265e+00
5.343480189876114395e+00
4.820855656702380365e+00
6.397879760620278411e+00
2.892747224324823563e+00
4.247935701082405480e+00
6.403595810476347516e+00
5.752839335047305269e+00
7.765146851992249744e+00
4.990782877815266971e+00
6.422353731777289632e+00
3.710424748824017183e+00
6.654077292996939619e+00
6.813619529129518071e+00
2.581867418577667106e+00
4.870067614525781963e+00
5.279865875393720209e+00
7.458895828678210549e+00
3.870704898262435023e+00
4.364545687708819344e+00
3.892630258141954069e+00
8.260471787761735740e+00
7.808877337653648887e+00
8.434125806963479022e+00
6.686582637461515155e+00
7.719443306903831292e+00
4.831992971978766427e+00
2.095321416654039925e+00
1.313254358524636567e+00
8.470607491554133617e+00
7.413264434580718820e+00
4.928543282707518181e+00
4.105218039154730825e+00
6.400266793699171508e+00
3.929120934481628691e+00
4.793712342597064691e+00
4.502227203928383936e+00
3.768787063598188158e+00
3.965416699990280680e+00
3.697937619222657180e+00
6.201291338562504585e+00
7.174657323989041657e+00
4.362302032915401639e+00
