3.008516302053953240e+01
3.046328913487633727e+01
3.395633256009778478e+01
3.142011493860784199e+01
3.071201631878284743e+01
3.347244854011132276e+01
3.378773364407962987e+01
3.180482266612762743e+01
3.569375112522330795e+01
3.140044456157458796e+01
3.266180912527931923e+01
3.568724469795892418e+01
3.300350561342886380e+01
3.373224388866131562e+01
3.217913530745032347e+01
3.244724517575968292e+01
3.306268821341618036e+01
3.434793303452554625e+01
3.072034195330410000e+01
3.098173622693605367e+01
3.135335145174120441e+01
3.575650144371267203e+01
3.327310724667751884e+01
3.144228639300127881e+01
3.243374740715238858e+01
3.206754145934645095e+01
2.971481317616771278e+01
3.176807381219554927e+01
3.382449058208194970e+01
3.177631522623390126e+01
3.293256013920618841e+01
3.342921187937141525e+01
3.644555545115413508e+01
3.156990802374274452e+01
3.214347400963145418e+01
2.960025741075979866e+01
3.248318985208378251e+01
3.350154358576232028e+01
2.810285500249664992e+01
3.217982882634773034e+01
3.178186500420679650e+01
3.133059824538922911e+01
3.234444255572869054e+01
3.023107356279305691e+01
3.416865226328681615e+01
3.308384958565230249e+01
3.348101385180640932e+01
3.174572153971772437e+01
3.253801523935549511e+01
3.243157847294703799e+01
3.175123017234961509e+01
3.106977979006116186e+01
3.310239778707780545e+01
3.148487597244093550e+01
3.075045168641690552e+01
3.228814888080061252e+01
3.314125228780469001e+01
3.310497117870466610e+01
3.232029128872160584e+01
3.280842945838583091e+01
3.156006744512147222e+01
3.014672826792333638e+01
3.113110005524423585e+01
3.107865166387577815e+01
3.333245117906692201e+01
3.195604428783472883e+01
3.301171968672853296e+01
3.232382379702964670e+01
3.511833499205883413e+01
3.187374753566673746e+01
3.561834503848336908e+01
3.357987816621128019e+01
3.137685893833786821e+01
3.717073963122721381e+01
3.360921947180849401e+01
3.242385555406377051e+01
3.662628383569487767e+01
3.086409173103719539e+01
3.139355737798805279e+01
3.453687102396730069e+01
3.219264312773209014e+01
3.240925060656380907e+01
3.282159147090704465e+01
3.220070719416943916e+01
3.491263675287142121e+01
3.294329459961141282e+01
3.288992767071308521e+01
3.267239918147207334e+01
3.462567893349571335e+01
3.362030707310424305e+01
3.231163749051754763e+01
3.415674900747279708e+01
3.302281916918742866e+01
3.294229035792904625e+01
3.038060661891426051e+01
3.627732977257009850e+01
3.341202343153459253e+01
3.293309870863113531e+01
3.053326044723912602e+01
3.222394121575652548e+01
3.326828892776740787e+01
3.105297991534881064e+01
3.218405295151625722e+01
3.019611835311554060e+01
3.538591802842151424e+01
3.282251504296142031e+01
3.095572204665233684e+01
3.077287719431822310e+01
3.497371798436506651e+01
3.431834224919878551e+01
2.866639940482631488e+01
3.306525563861047345e+01
3.449632749934038145e+01
3.208104741632735113e+01
3.041358351432606710e+01
3.189532566957770143e+01
3.179114934285880878e+01
3.319838244861349352e+01
3.432439374054558812e+01
3.406086725401030435e+01
2.912437043354151811e+01
3.110967958685384005e+01
3.341527187252742692e+01
3.417489662513259674e+01
3.458930489193639346e+01
3.247238139923111078e+01
3.576918240566639184e+01
3.374635635895663910e+01
3.225603331976795829e+01
3.089013845130021352e+01
3.211503656600382328e+01
3.277880806887900889e+01
3.251917570369614197e+01
3.205499352669658464e+01
3.538825912148039521e+01
3.493655287514375374e+01
3.310489721106441863e+01
3.040160316171269272e+01
3.205418459340265258e+01
3.120820151354207894e+01
3.159485893514648680e+01
3.392406869021786520e+01
3.166340443360334689e+01
3.365253448807445125e+01
2.947792893395140013e+01
3.334428194405924728e+01
3.102753778250102812e+01
3.714787243135445038e+01
3.293926126665156318e+01
3.041102774298705214e+01
3.397088789931821395e+01
3.171917651143540340e+01
3.277942863901706971e+01
3.363840594143260176e+01
3.377796306715308106e+01
3.398900971105236835e+01
3.500296744911577917e+01
3.431138709136303078e+01
3.441736611383887379e+01
3.275993664989839260e+01
3.263399040790559980e+01
3.404300755676669610e+01
3.362136763320852140e+01
3.087330814132779011e+01
3.253563800438967490e+01
3.293791525849732693e+01
3.128569300744815962e+01
3.268094134639611070e+01
2.968814192024837340e+01
3.283308375958108627e+01
3.340449466543496015e+01
3.091458055000772731e+01
3.160559340891333946e+01
3.461004545202518301e+01
3.454570581033900112e+01
3.108434788814429695e+01
3.646062959540422810e+01
3.215237589975028953e+01
3.549353157839452422e+01
3.278145854386151825e+01
3.179199497022031906e+01
3.338941385778552728e+01
3.428879302703742837e+01
3.036859339349513576e+01
3.098716507216073168e+01
3.338911802572460630e+01
3.058203879671293635e+01
3.080207706696169723e+01
3.394372214538910981e+01
3.317604248937817601e+01
3.192343521092573866e+01
3.364899307487134195e+01
2.996372455022072856e+01
3.691466244037873423e+01
3.307549896000156053e+01
3.298634540519621083e+01
3.137931209488623097e+01
3.380037755199473537e+01
3.136718416218180394e+01
3.189628960466432517e+01
3.599284397580266415e+01
3.197508119165442508e+01
3.482974875626275235e+01
3.428230947390554917e+01
3.432686880872556401e+01
3.176502489780543570e+01
3.221493302968151085e+01
3.141512081278751012e+01
3.143789863241999427e+01
3.183099619841192052e+01
3.151636304646430631e+01
3.327850653147590521e+01
3.290693869592607257e+01
3.275443441372981823e+01
3.103416497223336989e+01
2.979324669365424683e+01
3.115325657416135741e+01
3.479652231383183647e+01
3.129440197284357694e+01
3.167647911004372929e+01
3.138102181669243507e+01
3.254684869560183813e+01
3.282485069018965618e+01
3.090810719724549926e+01
3.251037863126135363e+01
3.219044820488484504e+01
3.670707761185524731e+01
3.344553321388181644e+01
3.414784326779545864e+01
3.030970243102699513e+01
3.280444145802616873e+01
3.330489212073090499e+01
3.225586802560620470e+01
3.496910407419047573e+01
3.133998994287428275e+01
3.176662535122160591e+01
3.028683086589258977e+01
3.199888417264109464e+01
3.521998957045884282e+01
3.210727346394648407e+01
3.286159745868951632e+01
3.498870296313801020e+01
3.352117349723473438e+01
3.014392376831159126e+01
3.302124140642951033e+01
3.152821412802963863e+01
3.576613091367528341e+01
3.516393748719369938e+01
2.866313692164205662e+01
3.141058105189766536e+01
3.083876423137873601e+01
3.145506468238441755e+01
3.170974998073673135e+01
3.177643160303516012e+01
3.275395414385194925e+01
3.074207820051219642e+01
3.116748407337390603e+01
3.298084570713358232e+01
3.324615172715670042e+01
3.149574614198079914e+01
3.448414975864235288e+01
3.198681574488878709e+01
2.946070068819082621e+01
3.098940338781480008e+01
3.213624275214223047e+01
2.971361960351703502e+01
2.961345614034856055e+01
3.061463847819505446e+01
3.289287544039360256e+01
3.286765583359476750e+01
3.154343673755547073e+01
3.080165981483272475e+01
3.451044589950648600e+01
3.008717843050324703e+01
3.130744498592425984e+01
3.509528591191823921e+01
3.462546297129459560e+01
3.222878510516964923e+01
3.074500624020337014e+01
3.075091080683607103e+01
3.074784425398110699e+01
2.928315029786289259e+01
3.076089940926245703e+01
3.498062331431570726e+01
3.219443244917427904e+01
3.148534680577403932e+01
3.105347933895832568e+01
3.177753044188355247e+01
2.893209758487487804e+01
2.983500139669798301e+01
3.289310741296972651e+01
3.384652642346951268e+01
3.302649987163683676e+01
3.000671735180538136e+01
3.003547297382198522e+01
3.527756967191464099e+01
3.418204522823899794e+01
3.238310981772601593e+01
3.219480437458575750e+01
3.328573103493042851e+01
