1.788086660456817301e+00
3.078647663616576935e+00
4.128856778607738143e+00
1.605997560107848665e+00
5.348476428751015810e+00
1.380583305964590890e+00
1.896737007314905465e+00
1.986396634168756004e+00
2.989845878844420657e+00
1.963943907588282523e+00
4.321310798805932052e+00
3.674704480015674957e+00
4.081281491979567022e+00
2.372456490507903304e+00
4.490519870880429920e+00
3.509526653258791207e+00
1.901455632125824247e+00
2.154975540916010068e+00
3.576216480781010176e+00
2.407656863164275407e+00
3.289798228368221888e+00
3.355276400372508849e+00
6.719771424418407690e+00
4.300515689967741473e+00
3.170556781522750445e+00
3.665896495704945579e+00
1.052452997761597508e+00
3.399381141283493779e+00
3.441201793365851191e+00
4.473379531551922028e+00
1.575380038105493652e+00
2.656867202432526387e+00
1.494256624624549890e+00
5.100420135450646875e+00
7.613195108107876585e+00
5.759925570150076446e+00
3.964933142957407508e+00
3.974063846800635513e+00
3.031695427549419009e+00
1.564333745385593444e+00
2.337230266896177522e+00
1.453887274403688368e+00
1.682008027692358576e+00
4.843498876857888824e+00
2.271115768530733714e+00
4.315580277370106188e+00
1.653116115623997961e+00
4.674957542503392460e+00
3.226035686739137098e+00
8.953104466056022170e-01
5.135986135430199440e+00
5.158874713292322944e+00
1.960148912902011098e+00
3.017664993661190120e+00
3.229337044454815064e+00
5.847796490611180786e+00
2.591004294809550412e+00
1.548248704395099873e+00
1.469029832236908195e+00
9.354533770410217164e-01
2.871587988783832923e+00
6.630046500853122859e-01
1.327981557635814269e+00
1.614449371219979223e+00
3.662394271021176095e+00
5.513661452247121453e+00
1.714746205104062060e+00
1.754873477409659266e+00
2.144974554916309284e+00
2.812103598558847395e+00
1.543310327730824438e+00
1.679321241122770481e+00
2.201221347707206455e+00
2.155565642789217584e+00
1.011146133714679429e+00
3.682062989404715214e+00
2.959242347307664112e+00
3.211442118573506921e+00
6.887702667825985614e-01
2.470020226627698268e+00
2.869378201885564028e+00
2.098662351610216970e+00
5.012149493372369813e-01
5.356557872303510770e+00
1.588908374892546771e+00
1.042357537691021907e+00
3.482388129350217909e+00
5.947348096055266709e+00
1.183860223933117961e+00
2.630929007741084735e+00
4.915562087130986413e+00
1.145186614483993282e+00
4.964393086095767238e+00
4.635521846725296768e+00
3.780649055067809794e+00
3.812532929167920859e+00
4.401005774035232854e+00
1.410660755278781986e+00
2.507140470525893949e+00
3.834469122784122330e+00
4.161864975685382717e+00
1.876510486905644370e+00
1.722959938563940696e+00
1.313866738957855329e+00
2.908296869296909559e+00
2.295043324911913984e+00
5.181650607645918782e+00
2.745385686017898674e+00
2.079471903804449351e+00
1.440610992247639999e+00
3.681106384895714623e+00
5.782700075064773237e+00
5.759522874170963647e+00
5.714987801812560164e+00
2.279052771997938542e+00
2.446375703120792888e+00
3.237620449286380708e+00
3.000280161404387691e+00
2.903632619495406519e+00
2.858851712661159006e+00
3.703828105087104472e+00
4.997045701653761718e+00
5.164287796150218712e-01
1.539451857653067135e+00
2.573255968383188819e+00
1.376077420532079376e+00
2.267995672211323921e+00
1.531312802721802369e+00
1.816868983714135188e+00
6.030591827982361153e-01
5.978889388147385020e+00
1.735840880369865724e+00
6.264220145259877803e+00
1.417461948799686677e+00
3.236352538081155306e+00
3.600198655384105439e+00
6.663998907940267280e+00
2.650430315566871808e+00
2.350907508304006299e+00
3.052573934892487628e+00
1.673847453007984321e+00
1.414435157049874103e+00
3.498431460882333699e+00
4.082739342562173412e+00
3.211299577224855817e+00
1.956760855370127450e+00
2.237893419612377865e+00
4.283854507188169514e+00
1.464440825417878456e+00
4.661705537882331996e+00
4.150871760093040486e+00
1.769482620540835827e+00
2.934100119785081340e+00
3.258599226126833948e+00
6.278842417771270057e+00
2.735823943980178363e+00
5.086458544060159959e+00
9.836833776148258268e-01
8.987816022423966711e-01
6.749624124711042228e+00
3.479331057086244350e+00
2.830013052026700393e+00
3.633639786319491805e+00
5.336545313786985822e+00
4.694855172746475347e+00
3.294850612906824683e+00
1.696551688380557366e+00
3.058448829955090265e+00
2.248276399263034797e+00
1.927648932998517584e+00
3.971384818635224079e+00
8.086744631412027262e-01
3.589218118790686418e+00
2.748736164038494856e+00
3.021755126654622536e+00
1.794359076021989852e+00
2.886607229150623510e+00
1.197066206678662370e+00
1.677685656752842425e+00
4.086561150740045889e+00
3.469206939998364714e+00
4.816578234270468606e+00
3.086019176085595728e+00
7.593833663717636240e-01
1.677060842188007106e+00
3.385044757183805153e+00
5.623764133957255495e+00
8.141949184442420773e-01
3.277086356206194928e+00
1.676665411636756309e+00
2.239104518647915487e+00
4.419595820989871804e+00
3.485216662374952534e+00
2.712153602924995521e+00
3.511345131246125906e+00
3.345194208085086274e+00
3.742567758851739868e+00
1.876381581898024731e+00
7.366191599178040228e+00
3.299995657001474125e+00
4.092015646447658916e+00
3.612564224355796050e+00
2.223971916687931039e+00
2.481599640475946167e+00
1.151564458226988386e+00
4.929831875744128844e+00
1.089082870658724334e+00
1.691350472339855360e+00
3.278609635452103710e+00
4.341724042092093505e+00
3.497835946893678383e+00
5.708824735338561274e-01
2.895971833323963907e+00
3.553453776140046649e+00
2.971908745605404079e+00
2.907831399530407257e+00
1.509943140241363446e+00
1.503221735161321737e+00
2.175339373108213792e+00
4.245555906059139240e+00
7.977822841327948389e-01
2.522022260781683567e+00
2.739207650871682276e+00
1.315442732067889198e+00
4.651735389191526515e+00
3.266674051938176060e+00
1.639021619365240934e+00
3.071096873441251596e+00
2.556577082498236120e+00
1.891092230532977814e+00
1.250124589209335113e+00
1.019117095665472927e+00
2.165861277136538643e+00
2.836928243202976763e+00
2.429836224618397988e+00
1.533000242504207078e+00
4.422511119816417313e+00
2.236955444989910724e+00
3.736208714015283761e+00
9.483667863187994485e-01
1.695080222763544198e+00
2.712130136167033800e+00
2.697640213337511916e+00
1.145301703660582815e+00
3.214535104947295441e+00
3.248436942160878527e+00
2.142906765413346459e+00
3.275413495239148709e+00
2.568521686919992497e+00
7.370728745945027693e-01
3.601676145080984437e+00
2.338346220680626253e+00
4.036450305225995017e+00
2.627095626390119065e+00
2.990269909505679724e+00
1.460241292255170631e+00
2.210294379136027665e+00
2.844972024155041357e+00
1.653501376437745529e+00
5.232758036348783559e-01
1.923378110182816236e+00
6.355381027869091426e+00
8.949561648925187241e-01
5.466562187524518279e+00
3.016387174581883546e+00
2.909325670322086221e+00
1.850964285158996914e+00
3.039722034265447626e+00
5.525948521402146874e+00
2.393228347819197577e+00
1.380163067758340967e+00
3.734294515601473741e+00
2.653388930607770924e+00
1.467516661238148945e+00
1.048490661115583977e+00
2.169257178178003898e+00
3.329328132786560257e+00
1.096973233164502792e+00
1.495898113875109736e+00
1.931603334207842693e+00
4.636542247777230230e+00
1.107479384433998959e+00
4.617678072188252436e+00
4.554005280681162837e+00
2.980737391727657393e+00
2.763534522238783708e+00
1.787567952291972295e+00
2.755395991095269448e+00
1.070937329847125197e+00
2.957865956731874579e+00
2.411955138613098626e+00
1.636866726736042832e+00
4.894116333508886640e+00
6.092950575705993188e+00
1.220179953582189114e+00
3.291089124962322643e+00
4.694943090471306313e+00
3.344702205678097062e+00
1.644939624873652528e+00
2.734865232067326346e+00
