1.590574169830837548e+00
1.117179867278296213e+00
1.017210369460344266e+00
1.705230980051457568e+00
2.512331691110044840e+00
9.189099509203547678e-01
7.705336206668897958e-01
8.020804528115349497e-01
1.160263129119081027e+00
7.439225563820548448e-01
2.288461523235490347e+00
4.724536991943319442e-01
6.773158989319774115e-01
6.509883781508012390e-01
1.502033007961441902e+00
6.138860800358209024e-01
5.394110554724668161e-01
8.973881346220391464e-01
1.123917592660728770e+00
5.167784423921711889e-01
8.923422090178090293e-01
1.016303822122760048e+00
1.579552921496894191e+00
1.084212485940405868e+00
1.771128211861118018e+00
1.493068699102569230e+00
1.124037335252977332e+00
1.236630112875555243e+00
7.380122482758771918e-01
3.566712295428803969e+00
9.747269803966428503e-01
6.107459799183787563e-01
1.515284266560387394e+00
4.974274480827435285e-01
1.116825618873021897e+00
9.588117117609442630e-01
5.734726957127962432e-01
1.061893624696989002e+00
6.667699747548213596e-01
9.614542881968489718e-01
7.271638008622447469e-01
5.634472680803119804e-01
7.459087032829400110e-01
1.078776810264946873e+00
9.431478416619611949e-01
8.040684847222550058e-01
1.193695172637651014e+00
1.129555945999514144e+00
9.095408462000785788e-01
1.017282079847277476e+00
1.205882558823576645e+00
1.027028266195802120e+00
6.347773059406787155e-01
1.587897581230543809e+00
9.979456460589399835e-01
6.534318292363874292e-01
8.079958126458770540e-01
8.959283361776502197e-01
7.048090483080863278e-01
1.502496450175136999e+00
7.445845454473489777e-01
9.871202900261870639e-01
8.057837650439176880e-01
6.114746925498540930e-01
1.141133989746333288e+00
1.443460305914892938e+00
8.957550087539037920e-01
8.290346715172249858e-01
1.007883385786791486e+00
7.156063079705158314e-01
6.758300785741796490e-01
6.137778079041279478e-01
6.627941137472598276e-01
2.112503863558510719e+00
6.855090520409753418e-01
6.859760642434389322e-01
8.607693099268902692e-01
9.019825781028855127e-01
9.171825806748429288e-01
7.588000366041817157e-01
1.085967762036869955e+00
6.221531160945268368e-01
7.303307180599170056e-01
1.774890968717758089e+00
1.118862471449261653e+00
1.291064155380405198e+00
9.157378017981216978e-01
8.791477350456162743e-01
1.040366044621872765e+00
1.075378303482681597e+00
1.225326993794737973e+00
1.217604271760045931e+00
9.179928043762947132e-01
9.683341359618730104e-01
1.203648571386335187e+00
4.626720462072174134e-01
5.907198013777964496e-01
5.818879391581843752e-01
9.173229499461124092e-01
1.278997035097854340e+00
1.169795266362878561e+00
9.233958447431275252e-01
7.686919041124768981e-01
8.374167841952817604e-01
1.065021037691247896e+00
7.650288882539860724e-01
6.850152766438161178e-01
4.217475395571846919e-01
1.528858000930914063e+00
1.448676072967123085e+00
1.991037064073504670e+00
7.859023161761414800e-01
9.833535583045425188e-01
5.999575990619802068e-01
7.703521998564570872e-01
4.803362494130067328e-01
7.821107744010953322e-01
9.084727433657031614e-01
1.015687459686630323e+00
1.462879019557472349e+00
8.250972205019472261e-01
1.163569683650552911e+00
1.635738185705358338e+00
1.098331442469332675e+00
1.022848443668735952e+00
1.082148350877332854e+00
1.258658406654701301e+00
5.887554237838420468e-01
5.619663599658359932e-01
1.455607608787768514e+00
6.707601597396286586e-01
1.227561189143230980e+00
1.608699067008681149e+00
5.641398439303595413e-01
8.088287924340783475e-01
1.080743530026297083e+00
8.363395891003474469e-01
5.374760028002912859e-01
4.559999086992307382e-01
5.715135959079292727e-01
1.173948677795977558e+00
1.653179778742019934e+00
6.903537523250137253e-01
6.652911233889510223e-01
7.252517937923438351e-01
1.206052984071840584e+00
6.385965191267033436e-01
5.980496316172007054e-01
1.053099275775341903e+00
1.219379946919288749e+00
8.554596222299327701e-01
5.984536236031703371e-01
9.501647031407591815e-01
1.391025646192365128e+00
2.168941961368650695e+00
1.147248711605184823e+00
6.993551293770521315e-01
1.444516227541866815e+00
8.653031463907250309e-01
1.020842279538685116e+00
1.005237193399797446e+00
1.129604938409957349e+00
1.149712980283226882e+00
1.004202226692897382e+00
8.206036168775464601e-01
1.011045419105774945e+00
1.072367639771011349e+00
1.097357146502176750e+00
1.188091231170837370e+00
6.053203660708762479e-01
7.768186606340088396e-01
3.981087980166635454e-01
1.033717261313099156e+00
8.666336032515266075e-01
4.768570504478968908e-01
1.061791349906346937e+00
1.062020238322950005e+00
1.090872387365082297e+00
1.427391503149387342e+00
2.340033114063557740e+00
9.122642621930547868e-01
1.286832054254690716e+00
4.264767356114572694e-01
8.218481360530833779e-01
6.285626629882546945e-01
1.174580242536915620e+00
5.924265967788664433e-01
8.785810008452964448e-01
1.095763882528706823e+00
1.075786929065093211e+00
5.867113189066627266e-01
1.754911843481942846e+00
5.855638052926789294e-01
6.796375854691915075e-01
9.322922037247134419e-01
1.005552857550203960e+00
1.041478252089985901e+00
8.546394018049039421e-01
1.072312133506924781e+00
1.027682378460435642e+00
1.091779159066098348e+00
7.439550359190958417e-01
6.919329487043512916e-01
9.241428388700286822e-01
1.510809946849941410e+00
8.847576866504111015e-01
1.804623435711750989e+00
1.820693369439547737e+00
2.101748970983271736e+00
1.036254292654346099e+00
1.304515451863411890e+00
8.951425284090194223e-01
5.443485765485185368e-01
9.324128294369128378e-01
1.045490125384808344e+00
7.411943094161269618e-01
1.406286056644996174e+00
8.696979041506769370e-01
7.535271920945387780e-01
1.035959598498340073e+00
6.475047893787536646e-01
6.699955592132496029e-01
1.803435906117669019e+00
9.372190337511747682e-01
1.007712133214312633e+00
8.778660249531590187e-01
8.626295390933077512e-01
2.098676513250363307e+00
8.011291665085653602e-01
4.897761373592999790e-01
7.999262084523413030e-01
2.346410724909731904e+00
1.367571432835051226e+00
9.328933446917840877e-01
1.650389828055986108e+00
1.110830209687426295e+00
4.489149575703840767e-01
5.014693219067243302e-01
1.028740636193873348e+00
7.484471846726962196e-01
1.030969492336192062e+00
9.350618891900134289e-01
7.507934326391246804e-01
1.094232025511573614e+00
1.200183211569839870e+00
6.382790768941341009e-01
7.640567885152851346e-01
8.232019536841512775e-01
1.222285167352709756e+00
1.047181608659981444e+00
1.168373633978166071e+00
1.013063449551912187e+00
7.103252186854341899e-01
1.116465601916045491e+00
7.051523537645075779e-01
2.112728590185240840e+00
9.673842554612063216e-01
1.220067280360257911e+00
2.353350260671450922e+00
1.090401026498773795e+00
6.465674830756575897e-01
7.005072155015487079e-01
8.053654173547021289e-01
5.917107375222414589e-01
5.678491539526419052e-01
1.008123018632727463e+00
5.562068694180317685e-01
1.084691702802341950e+00
9.172648008669970210e-01
8.162211404153500993e-01
6.663432390727885846e-01
7.143645491603483055e-01
9.734232171901939790e-01
1.330488925802141509e+00
1.248513475967830910e+00
1.518315913232863412e+00
1.163365106901805390e+00
5.825481169088781996e-01
9.655319997538343024e-01
5.750957514876184895e-01
5.694296158729804658e-01
7.750717256723868021e-01
6.758168613283482840e-01
1.573988913174869886e+00
4.513112844094708365e+00
1.111321624426160559e+00
1.519667705071435559e+00
1.438300957599756957e+00
6.208364030576413173e-01
5.788983005714104513e-01
1.200342109381027367e+00
8.634699667259655431e-01
6.171066700798480964e-01
6.575274450691026562e-01
5.412451604240409164e-01
7.037323497455136856e-01
1.327128275987965011e+00
1.062804146627155832e+00
6.306785053733038326e-01
9.976607668633360460e-01
