2.399227804333673220e+00
4.528178987449581250e+00
1.461639301714316552e+00
3.118890011321116429e+00
2.752872082595622771e+00
4.639605709700234115e+00
6.710185477216435324e+00
1.252321334454025603e+00
1.670021218318999745e+00
1.389998263818007285e+00
3.147709876634771309e+00
1.218762419970763622e+00
1.084243673170618871e+00
5.543618167609374758e+00
2.474581285221062021e+00
1.796534294019141775e+00
1.908005963107645586e+00
1.939108698576980094e+00
3.189353540965015998e+00
1.196957842882271583e+00
2.213692000558163286e+00
2.391667882063074124e+00
1.929431660536691684e+00
3.105964041412368370e+00
2.845256483791758662e+00
8.131738191570386798e-01
7.527964458120665059e-01
2.196391591403953125e+00
3.868388007128099382e+00
2.540321019635503497e+00
1.746121160274717310e+00
1.815226827930959574e+00
7.807278232455062694e-01
7.172720266876313477e-01
2.516896789037092130e+00
1.302674868000875286e+00
2.221892529341138456e+00
2.390385339644726770e+00
1.445291552843382066e+00
1.156626060567950365e+00
2.220882511490168909e+00
2.999146409053105256e+00
8.750707446192526051e-01
1.744708853830980289e+00
3.161538300636699717e+00
2.397222662060554565e+00
2.836092964307622033e+00
1.791889427592297857e+00
4.419712733686225192e+00
2.741109055171039977e+00
3.283447426741859410e+00
2.450256051705931970e+00
7.801423810308463214e-01
4.496432901638229396e+00
1.933312589283171290e+00
3.530055096796578251e+00
4.085123869373832761e+00
1.180056593878413107e+00
2.440142580779107284e+00
2.928603281053375973e+00
1.012465084275635085e+00
3.289131852574303405e+00
3.676243319149623101e+00
1.098864029299790657e+00
3.418918745216492638e+00
1.398464489743938666e+00
1.632919295412981420e+00
1.735753191887016600e+00
3.230523854815070983e+00
2.046703742046176888e+00
7.292645137740325634e-01
1.560161492994680099e+00
2.907424236517070160e+00
3.151485642991845637e+00
2.058304756110701295e+00
4.064996527579023855e+00
1.662146886697392301e+00
9.476262072442637185e-01
9.565267560357821885e-01
1.362399238444673477e+00
1.120577978180267165e+00
1.731318318311977134e+00
1.688804816521547680e+00
2.813980911245768102e+00
3.648150198159245239e+00
1.344203303252390791e+00
2.479380578563611159e+00
1.311299279611150226e+00
4.792349534401422417e+00
8.863903528710740387e-01
2.482092705792293241e+00
1.991357804263155451e+00
1.664569217666694412e+00
2.859325537075654733e+00
1.944161934664968783e+00
1.255072052596865939e+00
1.452160689384819126e+00
5.108278563992208809e+00
1.999488827164207061e+00
1.288779829547414213e+00
2.712031711949538071e+00
3.351392995241954775e+00
1.583637098864655979e+00
9.286658703274568438e-01
5.990106897787090823e-01
2.679951411177816656e+00
2.854842310784015513e+00
1.315362398891409157e+00
3.324138482742513112e+00
9.689846740619763032e-01
8.656698706229533080e-01
5.149494535649238536e+00
9.653759236463131943e-01
3.146419094828496466e+00
2.094221904419230729e+00
2.610044786050476961e+00
2.418639505726414729e+00
2.262300398175491889e+00
2.030609839907794978e+00
1.570073952337505130e+00
5.478618394350053933e+00
3.954883299342042413e+00
1.364833104733499392e+00
3.804973806537971903e+00
1.383354012995645643e+00
6.920356995841385750e-01
1.919617365780554197e+00
6.714231567432236147e-01
1.761335407680985288e+00
3.149503676968959276e+00
3.888996674884833915e+00
9.848408699535518007e-01
1.819154146263859628e+00
3.930774081995107583e+00
5.678733774578011761e+00
1.799673639693598615e+00
2.991506151350785458e+00
4.811602107959570773e+00
1.448301614206700449e+00
3.114151316243610079e+00
7.839176602079322986e-01
2.138135640015432326e+00
3.345999833856707184e+00
2.942583345269406347e+00
3.807705953627701589e+00
3.054748675943783631e+00
3.752740591659691205e+00
5.132593477084777867e+00
1.415282445247961762e+00
1.079145002311388879e+00
7.455225901207040984e+00
9.252797643378385395e-01
1.424503892223655255e+00
1.035672397964681135e+00
1.049932795393644813e+00
6.258810815800820437e-01
3.776229307142609848e+00
3.533432537884853897e+00
4.560724091657735180e+00
1.815926458879620453e+00
2.764716627275220162e+00
4.447051588397063604e+00
3.016971650118409176e+00
2.987303194613554425e+00
1.304765877813010011e+00
1.670153785525080314e+00
2.048546453768206987e+00
1.499499181223054478e+00
1.664774892066964052e+00
1.020019632383921460e+00
5.437589328366879471e+00
3.116744393054528661e+00
1.781299327754754858e+00
6.689978332570204467e-01
3.514237794281726224e+00
4.142407054249938270e+00
2.266435046017946764e+00
1.923952051681246056e+00
3.682669992884512133e+00
1.224130788803418524e+00
1.845852123275718348e+00
1.524174871068724180e+00
1.695519711376349603e+00
6.640089810179904184e+00
6.188214587168111569e-01
3.411321076195362068e+00
4.777445448335997824e+00
1.578962254790488684e+00
2.432360302875099300e+00
3.686471305286864730e+00
3.715379705312405356e+00
5.277259381449770359e-01
3.415190213905296091e+00
1.479108567981954225e+00
1.283679955518142846e+00
2.423267058077522407e+00
1.516823616260798868e+00
7.159421611582091893e-01
3.377945309404466023e+00
1.437044369425504176e+00
1.357422123533686964e+00
3.299426594313445982e+00
1.076331086884078303e+00
1.809710129755278896e+00
3.803069476182357356e+00
9.279580232558807262e-01
7.702119979096296865e-01
1.548236566786742818e+00
1.809436330446279939e+00
4.227955294648750417e+00
3.278677743600027394e+00
4.083978626520977429e+00
1.251237713130002538e+00
2.642127844929904601e+00
3.000485206624760259e+00
2.933307910037966870e+00
2.479587923816104489e+00
2.994096963617004281e+00
6.251709482896676828e-01
1.456904862575068238e+00
1.938789856021546854e+00
1.277842003725886855e+00
3.043402803534058787e+00
3.117441219410514552e+00
2.459034846091527005e+00
2.230512799430385051e+00
1.314763892019236602e+00
4.220192367239469888e+00
4.103382631418343252e+00
8.218351344492341726e-01
4.563264870944551355e+00
3.475608529023839210e+00
1.232387126986290049e+00
8.786270493237384738e-01
3.807264486842365070e+00
2.620010507407343425e+00
1.180082001048852858e+00
1.372668252236573405e+00
1.543358375911158431e+00
1.710980971893277580e+00
1.442846971607153916e+00
2.062545104153069797e+00
8.423167092678364165e-01
9.370206411290153969e-01
2.055262194506202178e+00
3.197105351468159107e+00
2.598778804982167845e+00
1.908425465171640356e+00
5.047155002800393753e+00
6.666350183570115107e+00
3.068148779851192387e+00
1.856030945989059822e+00
1.887746396723116282e+00
2.989929978813809175e+00
3.521780157874057959e+00
3.142498122454967291e+00
2.529653891738874005e+00
1.646425746442571780e+00
1.600937160711298990e+00
9.204261421382743391e-01
3.702173387941591454e+00
3.649537706264625481e+00
3.722830147682563151e+00
1.883723853199343212e+00
1.530324687625619129e+00
2.393411570333108251e+00
7.066938168023146893e+00
1.583713156575942804e+00
1.213646139355737175e+00
2.117627162267214480e+00
3.278070615199751181e+00
1.022627665518818896e+00
1.815319223231335988e+00
1.518429030426508453e+00
1.811520559631251581e+00
2.833657133057240429e+00
1.925475197574112673e+00
2.622643786190001602e+00
2.667827480136428786e+00
2.322446338726361414e+00
1.856260576806555873e+00
2.479925322100459795e+00
3.550486024742131264e+00
1.831366985853303708e+00
8.452961355559716061e-01
2.195326978131362683e+00
2.837269178332903596e+00
1.998023941869042197e+00
1.215351420612093669e+00
3.248530752769110297e+00
1.114234216762425955e+00
2.832272240888689563e+00
4.970929705280504152e+00
2.438694496754359786e+00
1.712793422137896426e+00
4.187490475145239976e+00
1.712316560741341975e+00
3.341984932506405048e+00
1.355793527908976781e+00
1.100134119740067362e+00
