6.420078645467776068e-01
9.634745436845447708e-01
1.096180459067705115e+00
7.114738051142216468e-01
8.061342390535152225e-01
1.227435695036747321e+00
1.235441132252357965e+00
5.868237503450207670e-01
1.204681649745656280e+00
6.508229490409698226e-01
7.692967842756420760e-01
8.219439509695579682e-01
1.087369990250995233e+00
1.417534794583053426e+00
1.144338161177031132e+00
1.129657506477364404e+00
6.566871308545372266e-01
7.838870675756520745e-01
1.340353984449840441e+00
9.772297601892505625e-01
7.208247134886868190e-01
1.700307128029907133e+00
1.092217908519886649e+00
1.670748596874137348e+00
1.265686939246709164e+00
1.138121511529291086e+00
1.020158036272421631e+00
4.445081842096046953e-01
8.467610329056600715e-01
8.032008770273227904e-01
1.190394085362965315e+00
5.443474890961081947e-01
8.612703658876817991e-01
1.029006682281517371e+00
1.226359897810757049e+00
1.118208131599640609e+00
4.853035626490850851e-01
1.048519831898314214e+00
6.719237864131275551e-01
6.383917905117956204e-01
1.569323129557137042e+00
9.288387863866787164e-01
1.574924804555245306e+00
1.048296119768041379e+00
6.917889628300581961e-01
1.105407819716118345e+00
9.355358052111542033e-01
8.813442615557950388e-01
5.982502235179225636e-01
9.408219144356031460e-01
6.612431713068662731e-01
1.045013840300979879e+00
8.247961111943001855e-01
1.075213315966805583e+00
8.315821756366473805e-01
1.074554549936269199e+00
1.055744428625992937e+00
5.144057792162556320e-01
1.029607098334077486e+00
1.767890757688945991e+00
7.618742199479922039e-01
8.066124877905876955e-01
4.294127909112971375e-01
1.727964109394494407e+00
6.900689066835312691e-01
7.978600167975141710e-01
9.183112896319866048e-01
4.825862246868267702e-01
1.709343135423202042e+00
4.470069031547617144e-01
1.054065356498123718e+00
1.077190261603158561e+00
5.318028672988376337e-01
2.033725258008462156e+00
1.047405938497756317e+00
6.146396145538997047e-01
1.264350220073920950e+00
8.089465105470730055e-01
1.190726917848187405e+00
6.221520526706676435e-01
8.284171256735171074e-01
1.609842539733130184e+00
6.088174631101421763e-01
1.709506794671150631e+00
1.883346862105271802e+00
1.039529124986157571e+00
1.654474741590356457e+00
8.134267925228569895e-01
6.739837746889890679e-01
8.388580917450992880e-01
9.147450107628218863e-01
1.100233310955001542e+00
5.755314598499062795e-01
5.412089153099316485e-01
1.003182973781577392e+00
1.325052359894957066e+00
5.544330295681579868e-01
7.668762994413417244e-01
8.558049322723807473e-01
3.504090457124318991e+00
4.164481905634411785e-01
1.280388277515519313e+00
9.091933477648184159e-01
1.669172761611078304e+00
9.977721197372718676e-01
9.922872173483100466e-01
8.629887529536351964e-01
6.509103351204550414e-01
2.326145837992530829e+00
9.050438183252992319e-01
9.489138584493748141e-01
1.114972339715755156e+00
2.254615355422217693e+00
7.700649753673317610e-01
5.656188690742955938e-01
1.359701451605873190e+00
2.407138561326935378e+00
9.989812904684151063e-01
1.910135799923710964e+00
1.010564671433032968e+00
1.017755089000727420e+00
8.762930588169947077e-01
1.907367696230091392e+00
9.265484884646074670e-01
1.197524498635842871e+00
6.942806506094817420e-01
6.015041331578705464e-01
2.565447247761633243e+00
1.219853362652063122e+00
7.799316722974234395e-01
8.123670769919436596e-01
8.664423898726804074e-01
8.473461340887472604e-01
7.362486051223303685e-01
9.283889849962636553e-01
6.180904021988549157e-01
6.591528097355816573e-01
6.680931978233811686e-01
8.575471360479278715e-01
1.211346279687226302e+00
2.286533735371262921e+00
6.399664770128991043e-01
4.623951966911976630e-01
9.081885130157144603e-01
1.212704875770738377e+00
9.568876165512425480e-01
9.203607047709861932e-01
1.929585242242562559e+00
6.973150141358674947e-01
5.297047728390134047e-01
7.884408597095622362e-01
2.808535894014370093e+00
6.161217898401395443e-01
1.101431799718118887e+00
9.245266974736855436e-01
7.197457345737436896e-01
1.212016527145816758e+00
8.297929460041750804e-01
3.962373431970689919e-01
1.442647433843701865e+00
7.497107844914502328e-01
1.568492142807519141e+00
9.499466331997753477e-01
7.804876767375802382e-01
1.248867625727703379e+00
8.458007897300623412e-01
5.662519601985872564e-01
8.326508064825548505e-01
8.314641424068508480e-01
1.002909895900274906e+00
1.634183834633842647e+00
1.247654577555507904e+00
7.540778063301221135e-01
9.984243300427765311e-01
9.391873689539526060e-01
1.641156602839460410e+00
8.426862449295975388e-01
5.778529103191498706e-01
1.952058866027386541e+00
9.873564530666691930e-01
1.059530827757906302e+00
8.665712390426116851e-01
8.653365527144880609e-01
1.785484767217410118e+00
6.095747350257550989e-01
6.977775273551406476e-01
8.394476294872134092e-01
1.223742837199822686e+00
2.123697597759754974e+00
1.073289729855557928e+00
6.595323632911911371e-01
7.683219053668765008e-01
8.068634926490331205e-01
2.787394117241300595e+00
1.790766069875087352e+00
7.793571931011527010e-01
6.842646332064459269e-01
8.961770647498947806e-01
1.535420562700628766e+00
1.054831159879666247e+00
2.746022853958947518e+00
1.109309400198191353e+00
1.102125640483678781e+00
1.068423632671623880e+00
6.353848152463905663e-01
1.014388159325971372e+00
7.563952349453683111e-01
1.821046799970496677e+00
1.130961311529343982e+00
1.162879785304348212e+00
1.501405157141832980e+00
1.092734499848020846e+00
1.255769979693744265e+00
1.050502819927259246e+00
7.779698386935016696e-01
9.123427112005016992e-01
9.001596064145550580e-01
1.235892488185556859e+00
3.946453825627139200e-01
7.890010400545554026e-01
2.277641210987672249e+00
8.644817706029466198e-01
8.874006104541035667e-01
6.737142070992307996e-01
1.002196146633548501e+00
5.527659876938129102e-01
1.216342234982564108e+00
6.538127621960857505e-01
8.082044371760390700e-01
5.985244530051543332e-01
2.342138933612854856e+00
4.970730538734395854e-01
4.895945778109168645e-01
6.889976062179602456e-01
7.133027210401189366e-01
5.568156200836466008e-01
6.460471466566435339e-01
7.754283246949483788e-01
8.961605541282968712e-01
8.518998765981583565e-01
4.662269165340404697e-01
1.107605671804301029e+00
7.865435418122459499e-01
6.191927192691338844e-01
7.272889260399081346e-01
7.359287691658894515e-01
7.920730696764092249e-01
9.536296500916568997e-01
5.172916244453326096e-01
7.935801136550865165e-01
5.996466875212262959e-01
5.429691447987876618e-01
1.343496349201140472e+00
5.922738388738285620e-01
9.157324494954643956e-01
4.392735874481769609e-01
8.991313545223930115e-01
6.821382229937544839e-01
1.293479729802869072e+00
9.156895994211625700e-01
4.838600983034046510e-01
5.570790700556016439e-01
2.153261935086945744e+00
7.398817247225154548e-01
6.273982305793396330e-01
7.350117609417258224e-01
9.643773588778438155e-01
6.715256075036654115e-01
8.345224027287468926e-01
1.329144689630675336e+00
1.506670650733997086e+00
8.222169891262988140e-01
1.325379485536693380e+00
8.451901830401197246e-01
9.883356413159298803e-01
1.006205441671094603e+00
8.566107218275293977e-01
1.202003838644407185e+00
1.033509308492686074e+00
1.799612011267876399e+00
6.628163306081579220e-01
6.778125255504103830e-01
5.309472093682396920e-01
6.939399903722927032e-01
1.169474667519759370e+00
5.063388380995679228e-01
1.192724905990345308e+00
9.914815041553066699e-01
7.505282846083797255e-01
1.169450710678975103e+00
8.562659713666836980e-01
1.346296298141813841e+00
1.130132014777447624e+00
6.268748522092193465e-01
9.192269203047300774e-01
5.841965189585907048e-01
7.241692745318527580e-01
8.021548584394888604e-01
9.139713511996028217e-01
1.181026882048726634e+00
