2.769503745340056255e+01
2.606959807197857160e+01
3.018790679068140648e+01
2.965239891842021791e+01
3.299887133677328421e+01
2.544283770726156746e+01
2.352735483920805493e+01
2.612691928235330607e+01
2.692802692378668539e+01
1.871444565216944866e+01
2.879192516337073826e+01
3.189716755459346587e+01
2.218223408896029269e+01
2.783948697206851719e+01
2.960595436423730220e+01
2.990652430946185802e+01
3.166616229341791211e+01
2.586647341589327453e+01
2.719470794584074369e+01
2.601215507297236940e+01
2.474021930489427490e+01
3.065934685258586612e+01
2.727465782913279213e+01
2.747026178788159001e+01
2.728279962772667133e+01
2.414495113754010447e+01
2.388978443427825482e+01
2.937753067253190409e+01
2.464676533050926821e+01
2.422162195773448090e+01
2.311750880425173804e+01
3.092580873873375680e+01
2.964781903326698043e+01
3.004700161366486100e+01
2.697187637252816828e+01
2.976009011001540827e+01
2.917859202599671420e+01
2.368194183306362177e+01
2.751521067429221645e+01
2.904516582205835107e+01
2.790997623069892342e+01
3.225485937879928144e+01
2.693797582507375310e+01
2.810536144456703767e+01
2.901837358587462035e+01
2.667471989186086034e+01
2.636682727460019748e+01
3.285331016531111459e+01
2.462479922203405636e+01
2.767811177493836539e+01
2.876751658364637265e+01
2.217045268366691957e+01
2.656947819076392747e+01
2.734934870223287007e+01
2.464977426772745872e+01
3.140665314877684011e+01
2.445905263009100139e+01
2.571762771618878318e+01
3.191475649411717086e+01
2.676834351043241611e+01
3.145627179119241745e+01
2.574283971883503952e+01
3.188525426712472566e+01
2.841230421516424443e+01
2.603397362269716098e+01
2.617784996818627263e+01
3.198508483882150344e+01
3.087918947275156611e+01
2.600005309207361748e+01
2.467668875318515731e+01
2.724064437544577899e+01
2.342003782191499184e+01
2.593774671159784617e+01
2.774900409927983702e+01
2.934098792304097003e+01
2.984042998407177549e+01
3.298395204025340632e+01
3.073819345780136203e+01
2.935450178150627210e+01
2.843533790831669705e+01
2.696573791206945003e+01
3.217230432239216498e+01
2.539038300482337007e+01
2.155718222937105111e+01
2.824376042442807133e+01
2.970344372030124092e+01
2.651384311803351324e+01
2.910023761167123624e+01
2.261959829369321895e+01
2.997317451157445234e+01
3.189600897586203843e+01
2.789868765394351868e+01
2.800743649358246401e+01
2.044163345294033007e+01
2.770720001385275921e+01
3.739856359708369382e+01
2.839752195940650381e+01
3.611535692564291367e+01
2.128231074832962122e+01
2.682189597429360006e+01
2.688683548136719281e+01
3.081467957344193564e+01
2.852325930306955470e+01
2.827408160831342698e+01
2.691311981758977723e+01
3.079655699627826593e+01
2.976609203807511150e+01
2.965297303154215669e+01
2.524736450295112888e+01
2.581664711109128163e+01
2.817965243591321922e+01
2.830203461631908368e+01
2.288090216114507669e+01
2.832476701719791023e+01
2.305035447409832727e+01
2.470257213449320233e+01
2.602594890865459831e+01
2.724894089281740506e+01
2.857246729575456357e+01
2.581890094864521146e+01
2.183714906912536335e+01
3.123672285556508044e+01
2.874664597202060889e+01
2.970035553283134178e+01
3.197234043817712390e+01
2.757738086999616201e+01
3.061616810566261648e+01
2.921142803673682309e+01
2.679480929611268536e+01
2.635062152559670778e+01
3.558193813006616324e+01
2.448359391845606226e+01
2.325184850764008715e+01
2.936394091755654756e+01
2.518940356037315098e+01
3.125329073219164755e+01
3.033873197542055777e+01
3.060163673248269234e+01
3.143253553769523378e+01
2.474231700304524750e+01
3.148649822966278222e+01
2.311084379951806156e+01
2.720800213621641106e+01
2.279362672018940827e+01
2.517844711215204612e+01
2.950308076587733908e+01
3.269394175200127250e+01
3.197903052447092165e+01
2.599613970614006675e+01
2.830922118053368308e+01
2.875570364971177639e+01
2.728046901242287348e+01
2.973690049884285003e+01
2.818366716872036548e+01
2.745989910588007632e+01
3.155303371225672393e+01
2.336114085699249188e+01
2.957323357044201728e+01
2.499503082586971203e+01
2.611917520616747268e+01
2.690800942755586789e+01
2.238014420326000220e+01
2.917807293561404336e+01
2.954221127764269639e+01
2.587806253804373569e+01
2.874831072284202094e+01
2.715213215412700265e+01
3.015096602052725316e+01
2.836518278461164755e+01
2.757226336521393151e+01
2.860743542785662541e+01
3.148455060260796401e+01
2.912832097290716149e+01
2.908962291800248323e+01
2.708546005814831759e+01
3.081173063636531140e+01
2.841960728225922495e+01
2.749301265578545284e+01
2.530543368863133580e+01
2.704507745370211325e+01
2.511898214015509367e+01
2.918194250438964588e+01
2.592475328001417267e+01
3.134704784200465255e+01
3.516503621144848069e+01
3.169603111617488977e+01
2.867199022556342314e+01
3.004353308934797084e+01
2.800810456299168649e+01
3.247731761995396482e+01
3.034997277032631402e+01
2.936375280076020289e+01
2.593644127261793386e+01
2.862366678584488611e+01
2.672894037956992364e+01
2.131449177836335807e+01
3.207411566571307304e+01
2.748622268736948726e+01
2.667765444477702985e+01
2.950636230422293593e+01
2.494401927952369036e+01
2.924613909397215750e+01
3.200204596519341038e+01
2.612145336883252966e+01
2.204962678985426194e+01
2.969139712713737822e+01
2.825777422805565564e+01
2.313432513884007946e+01
2.653972727133086096e+01
2.645192008254677063e+01
2.849795552235595864e+01
3.308744566123194630e+01
2.732472028166865741e+01
2.645882198763904825e+01
2.992730708644824844e+01
2.983111790065073521e+01
3.135685056867543707e+01
2.885022912273590379e+01
2.878104824361891190e+01
2.825833013846698094e+01
2.520843773679134614e+01
2.794490478607648853e+01
3.170572587839606626e+01
1.883351730778201372e+01
2.412469102766747397e+01
2.946870433634771658e+01
2.822064880469264381e+01
2.699777319687346022e+01
2.603477723425164569e+01
2.565763893740115265e+01
2.762532854552771866e+01
2.956700552910117707e+01
2.383519127849939068e+01
3.037217329427682344e+01
2.487986584731648776e+01
2.507143273453138121e+01
2.937583638892679971e+01
2.955473194485064425e+01
3.241042783971401064e+01
2.993356598799928037e+01
2.617459065390497130e+01
2.967586673236691652e+01
2.990003243033017455e+01
2.767607137916276727e+01
3.173512238377027472e+01
2.894222268565702549e+01
2.807916320731677473e+01
2.893923489234188295e+01
2.732414429131588918e+01
3.114604426138783921e+01
2.375047960777560263e+01
2.780081090269192856e+01
3.386809131850974808e+01
2.731254599673642147e+01
3.150315656167621370e+01
3.295370733665720309e+01
2.783764237808632203e+01
3.122734156148893447e+01
2.621368108724997370e+01
2.984193835185175203e+01
2.596428301575522468e+01
2.954091652035108240e+01
2.937206490006906989e+01
2.803936190644310145e+01
2.286070414330666623e+01
3.084951042375266539e+01
3.476819596624635977e+01
2.737655540165674495e+01
2.824965564468524093e+01
3.001718058372152242e+01
2.608031979050139881e+01
2.625980003028616849e+01
2.747616218586036041e+01
2.634490687807105758e+01
2.199834836140082572e+01
3.221961453698366284e+01
2.876046774506886194e+01
2.580685464408358953e+01
2.575305796721754348e+01
2.547347221764930580e+01
2.740042744840565092e+01
2.853684620244464298e+01
2.937424227281073286e+01
2.633052061517790676e+01
2.938009351161072402e+01
3.258979283029097473e+01
3.033481819059758067e+01
2.953532707599154961e+01
2.820908037007137281e+01
2.683306014223969882e+01
2.872857753487362231e+01
2.647849552351937064e+01
2.521587995162377638e+01
3.187799644948011135e+01
2.895044123892368404e+01
3.327641618970229587e+01
2.543900929948219769e+01
2.436612351526748199e+01
2.728703246764477441e+01
2.697820351480752166e+01
