3.068176175911446091e+00
4.669570836726999907e+00
5.368901195544409255e+00
4.346428391472523245e+00
3.310517234823221688e+00
3.037695445906840153e+00
1.777370016342960879e+00
3.695138246486719069e+00
1.278544417659770893e+00
1.641870844738337665e+00
5.212583727336713935e+00
3.499998317528770109e+00
2.094394427823144333e+00
7.259682564777764746e+00
3.721234828492810731e+00
4.334370420420100345e+00
4.424662143213863530e+00
6.851292389415462480e+00
4.036381521739828671e+00
4.963182835339875254e+00
4.784514186849613715e+00
4.075879745920443220e+00
3.221144557265522845e+00
4.395941687068694037e+00
4.338031293245213860e+00
2.437295093702826154e+00
5.458880483327525290e+00
4.327143699444980562e+00
3.108623576677401079e+00
1.581915192954770788e+00
4.208116567071166436e+00
5.054764084388661871e+00
3.540419359577935854e+00
3.968284702741197822e+00
2.729383156020326773e+00
1.444248318693196698e+00
2.498385861095193228e+00
3.971528047203840117e+00
7.777313323533161515e-01
4.319340196264196408e+00
2.164012535626308686e+00
2.929143284758294996e+00
4.132806555093411660e+00
6.937342826652145078e+00
1.623421038596542409e+00
3.467946547666678647e+00
2.966105330905243864e+00
3.742634263180368848e+00
5.324146273882529812e+00
7.256316954869723723e+00
1.934141137076345940e+00
2.322520258620893951e+00
3.706854229387397393e+00
3.113051303201991082e+00
1.717518773388563069e+00
3.746463550183788183e+00
5.516979150619236272e+00
5.233147977957829156e+00
2.699225169208400388e+00
5.882411966943927872e+00
4.042960698890907700e+00
2.926761153541185045e+00
6.021006732605399314e+00
3.162981829665916234e+00
6.143233916640909342e+00
6.143165690946606361e+00
1.639354415951655985e+00
2.926876377033254428e+00
4.930182305191954661e+00
2.198204738918688950e+00
2.808720641763866155e+00
6.871999510846202419e+00
5.429654873927174386e+00
5.222483562348051223e+00
4.239962575524080179e+00
6.661509901959075997e+00
2.423406466879750809e+00
3.647444258975681031e+00
4.616311411392983288e+00
2.664877127223559405e+00
5.804197455790272464e+00
3.064770312354100135e+00
3.808573975736523121e+00
2.341014694276166708e+00
2.569744048418822313e+00
5.366459100439048058e+00
2.718110008387903953e+00
5.169700344733528574e+00
1.634945178747236438e+00
4.346713191777344498e+00
1.956656104886328018e+00
2.254250605759537063e+00
4.718807299791713206e+00
5.569245157331521590e+00
3.855722342720058204e+00
4.251567642998627328e+00
5.908697360460332781e+00
3.948697178833816768e+00
5.827476307976294123e+00
8.773362458854000678e+00
6.604426448017767015e+00
4.498473958628506963e+00
6.216603315347322578e+00
2.346619308789497982e+00
3.026904049531562890e+00
3.508592994325811176e+00
2.577644846005457957e+00
5.342258681188448932e+00
4.773625420548753162e+00
4.591196446774142181e+00
2.734674126649158321e+00
2.551305916082780012e+00
4.164228504107525985e+00
1.737429628232681766e+00
3.754129291462397600e+00
2.849758480759059687e+00
3.659033174639317210e+00
1.681380391355038029e+00
4.879365882492975537e+00
1.937813361266302437e+00
4.492804197890261975e+00
6.254830745870730624e+00
3.490623526297021328e+00
4.486140229316283090e+00
5.293210113637467629e+00
7.311745407756677473e+00
4.167427757462755622e+00
2.446885462759235796e+00
2.122977643903535494e+00
2.674879366720239293e+00
3.321011839064780258e+00
5.437147115706079781e+00
8.938333942943305743e+00
3.514922103112454899e+00
8.052470297057643833e+00
2.257801521484259055e+00
6.419492668517662537e+00
2.732301859103116293e+00
3.328649748585071233e+00
2.394763294102746354e+00
5.005629841722949891e+00
1.893797615372589283e+00
3.173416384555365788e+00
4.075625024879293790e+00
3.547435488432193917e+00
5.395599279112954783e+00
4.686786520126598354e+00
5.121877337124656648e+00
6.937529227764766659e+00
7.659480577440994864e+00
4.482592459342471969e+00
3.127437100719392848e+00
2.558982067466548216e+00
2.610597101780144147e+00
3.563156240585128032e+00
8.880895342505660039e+00
1.201057329449495059e+00
6.629690081810832858e+00
4.953232372268074890e+00
3.199969437333929356e+00
2.122832499130203665e+00
2.762952394100532949e+00
6.092424908406340656e+00
3.358786434316145986e+00
1.861926961316084261e+00
4.839464830351430713e+00
3.578094971072818264e+00
2.561235984835780410e+00
3.020813726156747592e+00
3.582407983009242347e+00
7.177928920022510262e+00
3.005708473601642616e+00
1.227084287417591124e+00
7.230097716411881592e+00
5.383252847737552749e+00
5.237215104424373990e+00
3.221226982281668594e+00
3.303350671153425733e+00
5.188553767986417320e+00
2.312887107308625456e+00
2.528082057820017603e+00
3.053981627737953009e+00
2.460611496121654973e+00
2.152016582489213015e+00
1.931933998814449049e+00
2.419247453152624239e+00
5.494895970141574715e+00
5.530418186636603117e+00
2.578104938760171994e+00
4.637980405761867431e+00
4.525975588671006911e+00
5.939145631015744442e+00
5.366183304542505361e+00
2.969915597148202746e+00
7.496753436603128762e+00
4.755531732449501447e+00
4.141856568743948586e+00
7.122504576247919772e+00
3.472031724774172101e+00
5.083752383741203751e+00
3.753860084861336155e+00
4.556155846893390482e+00
3.980028240360896863e+00
2.210233065000978492e+00
1.080614849696069690e+00
4.882064688393185747e+00
4.330019633622306685e+00
4.691474268593183616e+00
5.184235547609855388e+00
3.773016709517732270e+00
4.978246191063657733e+00
3.711335376087401272e+00
4.061087793584571060e+00
3.366345454099498813e+00
4.034055738562087434e+00
1.660693271990124398e+00
1.829595313374299703e+00
8.866741126099334735e+00
4.343459999402163874e+00
2.810253144452428131e+00
3.727968537492239776e+00
2.604218126562453328e+00
2.826175440909984626e+00
4.232084375896064010e+00
1.791092058540016740e+00
5.138830926460939530e+00
5.499890736508699973e+00
2.167619853378810468e+00
5.136789978616915775e+00
2.191966476696534105e+00
2.385675948086099840e+00
2.245024405927161126e+00
2.139349854860812084e+00
5.270891054355721472e+00
3.902493612465675721e+00
6.209595490709076238e+00
3.588305219475887764e+00
5.057513861666558697e+00
3.214088492692700694e+00
3.665677879985940635e+00
3.576438059423939997e+00
7.790843998916024304e+00
3.256642568902216706e+00
2.161819907199306279e+00
9.281755675719768561e+00
3.765090386986634563e+00
3.409819293878847191e+00
5.047029847823227833e+00
7.347708635526358556e+00
6.874883067607211906e+00
3.614150016584303238e+00
5.106085335997171626e+00
3.436887771479727238e+00
1.860534341121172330e+00
3.485374848563868255e+00
3.107403752748905124e+00
2.177144402949001467e+00
2.249389245661288061e+00
2.546068384751797975e+00
8.942266099462178985e+00
3.766192349775363102e+00
6.183538962005656003e+00
3.273790704143161978e+00
4.660452628633198202e+00
4.606116618079121316e+00
3.830739893375605831e+00
3.879437349246955602e+00
3.330323181983193326e+00
4.760412641226793973e+00
2.796410948618550218e+00
3.087510144625034592e+00
5.873545050180361216e+00
2.508304113415313008e+00
5.362331788937568788e+00
1.348652540005935041e+00
3.764791196894599068e+00
3.492318830205508817e+00
4.648391224492320006e+00
1.333731363314514029e+00
7.975743819311078120e+00
2.488139596410159360e+00
4.710338109572674625e+00
3.027558174873756336e+00
2.851225785956458925e+00
1.300432778143926216e+00
5.662853794535206653e+00
1.088898117235273189e+00
2.315780803722329750e+00
3.158088990170919708e+00
2.574860207041044458e+00
5.203261244767087845e+00
4.506319945205422783e+00
2.024885173328216936e+00
5.734046272051703141e+00
1.944219321165918224e+00
6.038735804845423161e+00
3.698123585305793437e+00
4.519175787781076536e+00
3.400657517881958025e+00
4.317200429827094510e+00
