1.916287356289672728e+00
6.546075335849534937e-01
1.410396716462319455e+00
1.847297459228697480e+00
1.016964614724631177e+00
8.703218313657021810e-01
2.044490402187415512e+00
1.439781676757238893e+00
1.203301790872140398e+00
1.650812481397829101e+00
2.328103422814737478e+00
9.359412032990910291e-01
8.393594948453798610e-01
1.087894012314359005e+00
3.552816392783179733e+00
1.658342132106888744e+00
2.578211348004753933e+00
4.818519401346592623e+00
2.326526293387188637e+00
1.252332118751995571e+00
2.478787199402478603e+00
1.276166793153301393e+00
2.306897558155491801e+00
1.462329230124341795e+00
3.049662054997313909e+00
7.480243696142376830e-01
3.465652657029321571e+00
6.160948599524486147e-01
2.930458803407909318e+00
1.162922070316602774e+00
2.856417827015522715e+00
9.628932360862009210e-01
1.416820672057406361e+00
4.016438659603938532e+00
1.203021299911205100e+00
8.432126855539729959e-01
1.848215909044334415e+00
6.004422935888266144e-01
2.514869701033883853e+00
1.052052854772599577e+00
3.305177613778819357e+00
2.348477590759317835e+00
1.134098340178944619e+00
1.730228845542048921e+00
2.246145492295939405e+00
3.770957284476899041e+00
1.714350009069547154e+00
8.397928281881754664e-01
6.749318571792126686e-01
4.690159901081957017e+00
1.183957839093115583e+00
1.334220397777547973e+00
8.726741261766718383e-01
4.278439929991595392e-01
1.359101348813157584e+00
1.192860879056291790e+00
9.449909167036891766e-01
1.465617731981257776e+00
1.007158734241698328e+00
7.276766065652915394e-01
1.301755794162474666e+00
1.079084518732330578e+00
1.897799690065418154e+00
9.083301061974949908e-01
1.294415882649472493e+00
2.177376482270990454e+00
4.241427651713573610e+00
1.929264014345563938e+00
1.131013707051244266e+00
5.436601817374957513e-01
2.022599540410443542e+00
1.947666300681845097e+00
1.801483666004232820e+00
2.813424214935065226e+00
1.176417530553825364e+00
4.287277520300920131e+00
7.516360235650122457e-01
2.007728487702806319e+00
2.172249094531983005e+00
1.544644666984835935e+00
1.132281738064498056e+00
1.090002832943915534e+00
1.113329497122605538e+00
6.647458559597141381e-01
2.158913164032953969e+00
1.265447131571494133e+00
7.505369413485047936e-01
1.610998477444714361e+00
3.260766606130357292e+00
1.272590742898882743e+00
2.044460430950369556e+00
2.770697368339788191e+00
1.077911089001329037e+00
1.734528977275038075e+00
1.253631903865642716e+00
1.776225514778017267e+00
2.041865359290775395e+00
2.120257923025908653e+00
3.173817707894913909e+00
6.774775858462057654e-01
1.053368743805861651e+00
1.536032099158467945e+00
1.767723151142064131e+00
6.608268141165524190e-01
8.422850939441621776e-01
2.751239971185132749e+00
2.878799844851102296e+00
1.788379296249127615e+00
2.727823391521005725e+00
1.078547115834295633e+00
2.327816956552707151e+00
1.805971560046394142e+00
1.633518018399741756e+00
8.159234493668656718e-01
3.111206326582483861e+00
2.890573156925269060e+00
3.743572167772504233e-01
9.718824671220892553e-01
1.948500296527393205e+00
9.432210409320085365e-01
2.432226663765868491e+00
2.547493503599778997e+00
2.359257328905605355e+00
9.226634996693614532e-01
1.173423672690970809e+00
1.483718664020975186e+00
1.835977925380609665e+00
1.728316347938246844e+00
1.090385072142319611e+00
1.123403918893281173e+00
2.658478554380877767e+00
2.154598063137305619e+00
7.266992501861188058e-01
4.485547086949334350e+00
1.431870087415073600e+00
1.018594566564522630e+00
1.256014200941410142e+00
1.612809439042879989e+00
3.171066043030198678e+00
1.086548239703117646e+00
2.695750382013843094e+00
1.053524128754118605e+00
9.120221665337693295e-01
1.597887158860362256e+00
2.819749817895409016e+00
1.350180215133437001e+00
7.587213501088502232e-01
9.811647530810724271e-01
1.892470705867673297e+00
6.246011391822987591e-01
2.144300333790337909e+00
1.700776042736377613e+00
3.188148253025056000e+00
1.458061013263377781e+00
1.585948612265500879e+00
9.654319009452160261e-01
4.374677357607540173e+00
3.578205745500206092e+00
1.570897904128327527e+00
3.122958452782578664e+00
2.344834255865587025e+00
1.077620314388552547e+00
1.479318456136122339e+00
1.038243901312684514e+00
6.902761427227682711e-01
1.708847732021316457e+00
8.360391680053547159e-01
1.140333098452100513e+00
8.013304280455399997e-01
2.213360934751949838e+00
6.897410740698821652e-01
8.206141247555633900e-01
1.110733026711395066e+00
1.633992924698655758e+00
9.026728998360739054e-01
8.504462949975049035e-01
2.039210609986896294e+00
2.781235062134616243e+00
6.958533941203477458e-01
1.678725268723561870e+00
2.056975209497603707e+00
1.213072862715300904e+00
2.296549421667090307e+00
1.018544086652719116e+00
1.292093208916481384e+00
1.037191896812189373e+00
1.478667909551476978e+00
1.548820821679346427e+00
2.055420187803483234e+00
3.860113881482005294e+00
7.334671724192786124e-01
7.782467687854032201e-01
2.334744779412599947e+00
3.150006589932674572e+00
1.702961199713110441e+00
2.831567917297068693e+00
1.551974685695577616e+00
2.497181651348922227e+00
3.411394390842158675e+00
2.593528028558917509e+00
3.121790585840325871e+00
1.150226679405481400e+00
1.495275563896303561e+00
1.366209774786885989e+00
2.200214482783897640e+00
1.219106858200201593e+00
7.349248007810800232e-01
1.483106783680065321e+00
6.432780904661861143e-01
6.295547417418628777e-01
3.729306882576255866e+00
2.688600340049501103e+00
2.042326931851911276e+00
5.602295793957049463e-01
5.461898621236409568e+00
1.960968610381449873e+00
3.154563688492460383e+00
8.160122690592124250e-01
8.891465351606051559e-01
8.076179426014634677e-01
1.115188910036241765e+00
6.382572467304244990e-01
8.235553314428398775e-01
3.470158865512041668e+00
1.415914477994454801e+00
8.425720056726696550e-01
2.261146959363035336e+00
1.132412744188508125e+00
1.672611940586035351e+00
2.003197176230961496e+00
1.676511770160372894e+00
1.999306653670080314e+00
1.043513966041053509e+00
2.739430032989219832e+00
2.208815575701096545e+00
1.101798049077334030e+00
3.020632167108460830e+00
1.308177897203551154e+00
1.503561484143323801e+00
1.861582062910916990e+00
1.313243128067494769e+00
2.099139704711614929e+00
1.022932310230105113e+00
1.146090761926138679e+00
1.915037864474200546e+00
3.938851441363970807e+00
1.469883416762995498e+00
8.965169887648624103e-01
4.173244600644186342e+00
1.965594085740360208e+00
9.408750397345055916e-01
1.544418532610455808e+00
6.683408152722578599e-01
1.049553703536057814e+00
1.072459061930444824e+00
9.386343813110716860e-01
1.915858048868392727e+00
1.490012949993985369e+00
4.326640569789578450e+00
8.971894494168272116e-01
1.800763251806908771e+00
3.334474698218264699e+00
8.313635115721899060e-01
1.175068577690470351e+00
1.713896785772241360e+00
1.096289599779892487e+00
7.970414080410161972e-01
6.985346867187028908e-01
3.341902136671481394e+00
1.042021062123662301e+00
1.958401396356577173e+00
1.383398809068222102e+00
5.145507792724053342e-01
1.033941945918579464e+00
3.907553202230416467e+00
6.960339982702967720e-01
7.877374672424661828e-01
1.032900573747385531e+00
1.228308461371028004e+00
1.417050099184140599e+00
1.993858926487387162e+00
5.873533057902625698e-01
1.619945689339884254e+00
1.489458124644933212e+00
3.342503598523289821e+00
2.364037578418263674e+00
2.221266409201497982e+00
1.740360489328615312e+00
2.303737527079017244e+00
9.770564961504092372e-01
1.697246438293245507e+00
1.048813730636588115e+00
9.301039243943112211e-01
1.777919765732981272e+00
1.017743614238890704e+00
9.078697593300399937e-01
7.607267458488325973e-01
1.669721120372049228e+00
6.252896235832360317e-01
1.326007717118675489e+00
