7.374287878422440379e+00
7.808247272479311718e+00
5.953910018715800945e+00
7.851062497481239078e+00
9.586290256592858938e+00
6.752231046815479587e+00
7.738359901055541279e+00
6.934418432977696334e+00
2.578234297528990027e+00
7.527691602703772134e+00
8.691983829928211946e+00
6.527530367500032682e+00
7.728463759579738301e+00
5.265131920017077860e+00
5.713347736017972522e+00
3.383772245781791366e+00
5.346413562912493589e+00
7.134485249225920533e+00
1.045897953290729276e+01
9.322371038972502078e+00
6.048033005152113617e+00
4.442355028557438246e+00
8.498308214241655278e+00
5.167194885653733749e+00
8.357508159184231289e+00
9.376113725017070522e+00
6.945871196455933649e+00
1.183429258164180808e+01
6.060796081699268534e+00
2.886510865957115257e+00
1.019278518222180274e+01
6.741251102114207860e+00
9.427546908827245886e+00
7.503968529349079652e+00
5.670852927898846652e+00
1.372347670323596525e+01
1.100337755619417557e+01
4.798786690203215244e+00
4.607389739920684235e+00
9.030699941078982107e+00
8.974544882251567657e+00
5.519259761535428410e+00
1.012359512810265194e+01
1.008094396972632900e+01
1.244563150782153826e+01
9.602059663669891165e+00
7.179718500333111209e+00
1.165626055088940660e+01
7.836803398212026650e+00
8.240436415892572697e+00
1.066908895619207698e+01
7.514158908763126199e+00
8.036925522371959119e+00
8.779110318578325689e+00
9.916903371366213804e+00
7.710036575005298154e+00
6.730578753663015057e+00
7.081967061284307974e+00
1.229692056535240674e+01
4.918953394017753666e+00
4.015476964183086750e+00
6.708929852879133904e+00
8.463435430113792179e+00
6.840196980968074492e+00
7.403060148728826562e+00
1.004849195501384607e+01
9.840612204198436075e+00
6.921101754461923328e+00
9.128053024633169699e+00
1.153387970992266176e+01
6.872935823395822652e+00
9.997420692553539823e+00
1.042296972497618590e+01
5.297113878315993674e+00
8.780523368360283243e+00
5.596288045249695919e+00
5.152533574040494280e+00
8.819769535557716367e+00
7.927375823187777115e+00
6.338436211233210216e+00
3.340059274981298287e+00
8.014759543447443235e+00
4.833490599895537976e+00
4.914173367586374575e+00
1.039574730430185845e+01
9.004692451419936461e+00
5.942660566716713610e+00
7.904344279458210387e+00
3.271225346816092117e+00
5.682690580106402933e+00
7.557081604329719760e+00
7.942604168493535788e+00
4.814812980798459208e+00
4.862813821469149644e+00
4.773982545442461145e+00
6.623216034626876692e+00
6.843629241995181189e+00
7.734246019630589331e+00
4.777596804088545035e+00
8.148387508782805710e+00
8.133728844321558071e+00
4.835519964581138197e+00
8.177526341991644188e+00
5.755978762988634756e+00
7.345306166427644889e+00
8.006670874795309700e+00
5.036587091401433014e+00
6.088542529269848735e+00
4.617604121851367260e+00
3.201610308611493316e+00
1.041022624243564820e+01
6.130719042532498442e+00
6.406439832059160011e+00
9.014511939748542702e+00
8.961881190068517355e+00
7.742429333055337537e+00
8.577831992409123529e+00
8.645222284641773669e+00
9.717369174466229609e+00
7.229039931591722201e+00
7.952052149864006658e+00
8.169897735419533902e+00
7.619299805094845723e+00
7.826139030508870498e+00
3.896004773685058264e+00
5.734186644299390068e+00
9.852424129396338159e+00
8.997009427465384235e+00
6.582033240900083904e+00
7.053504977132011078e+00
7.627503870344256143e+00
3.502417341568599518e+00
5.539604301211878301e+00
5.664714709573885898e+00
1.005013851729238183e+01
7.179104023988817751e+00
4.338192502866743183e+00
6.767605633230378004e+00
5.769441923435316255e+00
8.258474714651992343e+00
4.462635449391336273e+00
5.786634235255310621e+00
5.323000587670358996e+00
7.383776693971482175e+00
7.391307328940259325e+00
6.097261884581600455e+00
8.191691295419149199e+00
1.128439737936180620e+01
5.548767449963547982e+00
9.117582864418992017e+00
9.098915156310001251e+00
7.723527877194764635e+00
1.108496215849114819e+01
4.968218492308595025e+00
6.487100523385586293e+00
8.025506634161517994e+00
4.013797346805586308e+00
9.093803996276944801e+00
4.616332353629020169e+00
9.899001047296581035e+00
8.086189016147642405e+00
8.930855819808703799e+00
4.299181107550826830e+00
4.356858702568270125e+00
5.802434584460650413e+00
1.229241509346072370e+01
7.522682652702935791e+00
6.510595487036854756e+00
9.780145063237094760e+00
3.383041945005964557e+00
5.892267148671864518e+00
7.054628568729712335e+00
6.725038132709783234e+00
8.157653583896287586e+00
6.360216475391917257e+00
8.779282608288911049e+00
4.771453154300303368e+00
1.055766565675815549e+01
9.870187604196575037e+00
1.021316015837795632e+01
6.765094590556898879e+00
1.028202577430593223e+01
6.288997951190451907e+00
8.836185724229066452e+00
2.218238667049297508e+00
5.628877126963950595e+00
8.370005470028894834e+00
3.816399227730351118e+00
1.251553871020270847e+01
7.938764746941287420e+00
6.114841945975348025e+00
1.097024839382016026e+01
5.457599983955613077e+00
4.983537121398243563e+00
4.869324189057633312e+00
9.013750940287275526e+00
3.995659939767114643e+00
8.247726931141697193e+00
8.751613052714228402e+00
1.033915549452232518e+01
4.366180209893252950e+00
6.497487713926975772e+00
7.870839971704926441e+00
1.346017327439788502e+01
5.773447959249576655e+00
5.859917448034399179e+00
6.724443046301027849e+00
5.226227149420871854e+00
4.816209477971498565e+00
9.476241523334564931e+00
5.236242507970954030e+00
1.224263630409892833e+01
6.591998281950727900e+00
7.457452330412079000e+00
8.346314112471327817e+00
6.931778340051113929e+00
8.604847518476978152e+00
5.916407288479005544e+00
5.682499533527628266e+00
4.741419858792785824e+00
7.620342746723961724e+00
8.088077932816831961e+00
7.675817830500921701e+00
6.748481657655760024e+00
9.238567747246861472e+00
7.892390202229631058e+00
6.732160801956859508e+00
1.145549432290851577e+01
1.010807002339516991e+01
1.363896537485292448e+01
6.257520725095541358e+00
1.177704881672079473e+01
4.851803145568208464e+00
7.109548442456847361e+00
9.402615641368230470e+00
4.346183701633721697e+00
6.621585904627599994e+00
6.070900541589565158e+00
3.784347154574781324e+00
6.235991576249688251e+00
9.513379114279421955e+00
9.321999559119074519e+00
5.472568167535318828e+00
5.230526124106582131e+00
5.756485194821987506e+00
7.259862272710775777e+00
4.317591957707706207e+00
8.244035997898514267e+00
3.834752530519694336e+00
1.124737028349408519e+01
6.649224392702100417e+00
6.509230252011484197e+00
3.950214520831012432e+00
8.258410426901921397e+00
7.494862055865366024e+00
6.396185451473090922e+00
4.623433664920292507e+00
7.471538387426164718e+00
4.953542451425993143e+00
5.118252186536213166e+00
1.092559146029075734e+01
8.022360114925886521e+00
7.030133476583174001e+00
5.174720333657845117e+00
5.756952714362662427e+00
6.304730538554963459e+00
6.737325465256691182e+00
1.073820832041725204e+01
1.012443162054192136e+01
2.139240305988014956e+00
8.868742015708292570e+00
6.962109874306883661e+00
3.976892020345123679e+00
5.011051787630488086e+00
1.086378354909470367e+01
5.790093718081011254e+00
6.061689017158385262e+00
5.100650686439059278e+00
7.689726212928593263e+00
8.741915026156863888e+00
9.402820432350349478e+00
5.607732142890112570e+00
5.683188060794657659e+00
4.379492464005892316e+00
5.577418996541105400e+00
7.529171746905198859e+00
5.039389069620438200e+00
8.779655705126430121e+00
3.995700277627301844e+00
1.252925358347664009e+01
5.592493133507777436e+00
8.932553061154884233e+00
3.796421368150493247e+00
6.571902483117004756e+00
4.841201082276799461e+00
8.319203123989201032e+00
1.063165260160598891e+01
6.439634478333601919e+00
1.562790130173964265e+01
4.893542974838118731e+00
