1.465836782325777321e+01
1.587402021963176857e+01
1.606085775536503490e+01
1.695382884373362842e+01
7.768312515701761178e+00
1.345425548740155008e+01
1.173584034313917712e+01
8.257457934545541889e+00
1.129515236586166793e+01
7.882996570453333796e+00
9.238304740486634969e+00
1.402130097381462548e+01
1.002109734794181506e+01
1.290756770092906081e+01
1.927956757663433862e+01
1.054321603327334600e+01
7.094042083771949336e+00
1.004759184245796000e+01
1.444141347022683775e+01
1.317684870992610868e+01
1.519678902504615969e+01
9.864486232079975991e+00
1.841435371921004815e+01
8.322323816197989998e+00
1.288914277147256726e+01
1.189072447382592124e+01
1.206656749579366483e+01
1.048600783965859762e+01
1.006729887475562890e+01
9.931366699948286580e+00
1.510753816643228831e+01
1.463202583209384322e+01
1.052860242847467198e+01
1.333812509363029619e+01
1.185395896720616626e+01
1.313702512396524291e+01
1.230781600209447468e+01
1.142215433550390458e+01
1.407640823799588148e+01
1.669576947696432256e+01
1.790771498889248647e+01
1.120965753953833044e+01
1.637204392555970145e+01
1.474985371292385494e+01
1.528867241310249447e+01
1.110332451058447845e+01
1.402378933805593597e+01
1.585306742969142313e+01
1.265970175393622554e+01
2.048462800371233428e+01
1.989520687175366120e+01
1.459222367104568541e+01
1.238657987187869836e+01
5.670457599020488182e+00
9.126812034250814776e+00
1.320956172829372122e+01
1.890194674513389117e+01
2.102650627989972065e+01
1.193886093635279977e+01
9.117791869991219045e+00
1.409758897533917121e+01
1.498015148112885697e+01
1.226415450832304188e+01
1.626892339879132976e+01
2.298323180863268078e+01
1.659628905845536551e+01
1.253974317404746053e+01
1.468538675876447996e+01
1.024786920515133559e+01
1.311260159611631515e+01
1.457817668805009959e+01
1.469532157962479602e+01
1.320723913368666480e+01
1.369148695671692906e+01
1.646454117602438316e+01
1.393450249925040474e+01
9.713221921155078320e+00
9.254300203317159301e+00
1.025308723200502747e+01
1.105590012759067697e+01
1.386964957600152637e+01
1.766257975299287963e+01
1.633545627446708082e+01
1.609510906406982045e+01
1.591542617948553406e+01
1.716038107687629832e+01
1.605146917439490295e+01
1.425703409324076887e+01
1.581780392286746029e+01
1.847083104051491986e+01
1.112506257349375183e+01
9.114198727465952388e+00
1.185462341289066757e+01
1.207846507264718383e+01
8.810905402099821870e+00
6.738211181564662589e+00
1.490186558088101876e+01
1.288539495676572955e+01
1.370213228015867735e+01
1.063257053973098110e+01
9.022744809244743536e+00
1.559712631011152340e+01
8.326224304341183213e+00
1.344385433537354579e+01
9.669847822295395190e+00
7.058120565919192124e+00
1.309620929514056975e+01
1.538274693489140432e+01
2.129890312238642736e+01
1.598731122758865553e+01
1.529100581952796567e+01
1.445119992239392381e+01
1.276510735086643678e+01
1.108956470133404792e+01
1.732390636673863327e+01
1.269023461052086965e+01
1.198924312161791939e+01
1.448374556203573782e+01
1.415544164532426485e+01
1.429569918799217376e+01
1.064251371645688948e+01
1.638346260180293612e+01
1.356803355730016669e+01
1.070391978555490553e+01
1.793003214343023544e+01
5.756136235222157893e+00
9.461893337511837032e+00
1.552336826927887969e+01
1.785016893801881821e+01
1.663523198081898968e+01
1.178924378186285438e+01
1.491640329309720947e+01
1.210510540420192704e+01
1.404385796283336063e+01
9.041857871155775328e+00
1.627129940920479712e+01
1.096252097403968939e+01
1.165152483169431363e+01
5.143742656889182641e+00
1.586563994487246276e+01
1.587939070797610519e+01
1.912811749079561352e+01
9.607312100638266017e+00
1.073889025923404361e+01
1.160223979167646036e+01
1.272673132809505425e+01
1.505838662834112185e+01
9.110260254259744173e+00
1.117556320641209133e+01
1.414450204394429278e+01
1.877676434068027689e+01
9.844607905828093308e+00
1.832462200907513150e+01
6.325010299198709163e+00
8.982045586844135343e+00
1.222142118856104531e+01
1.555560753687723619e+01
8.553368625621418531e+00
1.736877036594021817e+01
8.906175580725530949e+00
1.774590074913755799e+01
1.120580607875684898e+01
8.449892782553693138e+00
1.073058221127556777e+01
8.257325803695859889e+00
7.602463448076685282e+00
1.530405877506121470e+01
1.218499129178795926e+01
1.228252150607452364e+01
7.659460273776279138e+00
1.450372559406657835e+01
1.418483373471657849e+01
1.389288857927849286e+01
1.210118805719751300e+01
1.823006580027449530e+01
1.426154340077250282e+01
7.896425274408651163e+00
1.942471881328497574e+01
1.080200138776845442e+01
8.548934641359752007e+00
1.309095059250758553e+01
1.038322825641124680e+01
9.966509821494950572e+00
6.799869278809325124e+00
1.172999038078578771e+01
9.651446575171217290e+00
1.062823727533242391e+01
1.364426959364727665e+01
1.511649047612887919e+01
1.554475339143629142e+01
1.957327714036312116e+01
1.107623647597939076e+01
1.679348614320835864e+01
1.945056051152798915e+01
1.244533451577986227e+01
9.529111334026767466e+00
7.044109898896709687e+00
1.319888354226770844e+01
1.401479629225612555e+01
1.106484504753543519e+01
1.541811375139581841e+01
7.380069531011302253e+00
1.651891334649524623e+01
1.068568114495957211e+01
8.524479510423939033e+00
9.537706530570009278e+00
1.513352373843780541e+01
1.157684736639619949e+01
1.594257631792371654e+01
1.433520525906342691e+01
1.076497248088226044e+01
1.632456750205852813e+01
1.376928416573059977e+01
1.060874527444454607e+01
1.094374555462403364e+01
1.821213554715550487e+01
1.573316933622785285e+01
1.126614920626867900e+01
1.172703794778387909e+01
1.554798083913410878e+01
1.842122106187739661e+01
1.559300577064669469e+01
1.745183222346896557e+01
1.320530660773343534e+01
1.500372431222340630e+01
8.955922268658261132e+00
7.701070908092590983e+00
1.243346693796897817e+01
1.346923013143352499e+01
1.616385235154996636e+01
1.548258259419643679e+01
1.510376049209305371e+01
1.171582287471525063e+01
1.556819530813246111e+01
1.370405413918558502e+01
1.004391244327882760e+01
1.148861006908529880e+01
1.411557500624219941e+01
1.917884186740875663e+01
1.570784050106177965e+01
1.168730821898477856e+01
2.002524749438573437e+01
8.278630424320047254e+00
1.426160258205094600e+01
1.566933193072103059e+01
1.362379324728282093e+01
1.045174251056899628e+01
1.785045280877401908e+01
1.740027437788751996e+01
1.604748713315671793e+01
1.930009078767302455e+01
1.453775084621470981e+01
1.906741295005816283e+01
1.218197126574214373e+01
1.430443703276591627e+01
1.678619403745851457e+01
1.422372688106381133e+01
7.616686636134709865e+00
1.045241116543813220e+01
9.072049974306890974e+00
1.407915219259582074e+01
1.410615653890720722e+01
1.224631707940164560e+01
1.225707196432681734e+01
1.077927383083270740e+01
8.398773136476647139e+00
1.008136551254348490e+01
1.589829927663340037e+01
1.285117301395182920e+01
1.355326627845257192e+01
1.205788691789079436e+01
1.432626918492752566e+01
1.287672452939098378e+01
1.076974163388038264e+01
1.466258208648563155e+01
1.781431400479502258e+01
8.882257933877070855e+00
8.604194594489147363e+00
1.061007867033559826e+01
9.246121813474426077e+00
1.078600050233691299e+01
9.928372518440863104e+00
7.709174832238216979e+00
1.905674965826624856e+01
1.907247760824882121e+01
1.239284956495661305e+01
1.198998839361152235e+01
6.573874266359171159e+00
9.534561050321224585e+00
1.637804802034026963e+01
9.688936383240660533e+00
1.184946239133638102e+01
1.097448891726599918e+01
1.926266193417636785e+01
8.200800417379644713e+00
1.425230651335105492e+01
1.431265376047381110e+01
1.591739998780276366e+01
8.510314186715552509e+00
1.194731633550907546e+01
