6.725645005829739009e-01
5.307218814085877812e-01
1.155491004220660090e+00
1.792440917737711636e+00
1.849178930598051496e+00
1.089075085197689585e+00
9.855071482048369802e-01
8.877360454586892269e-01
1.543599446191902480e+00
1.502091127145354754e+00
9.335062598164057812e-01
2.422108685581117360e+00
7.814870587980891070e-01
1.025343377732454542e+00
7.052991477990437907e-01
1.139842714281269265e+00
4.637341135726717134e+00
1.670175145622742940e+00
1.023223590396018734e+00
7.109659752618144868e-01
1.535138691175539805e+00
6.819991152699035331e-01
7.602342580140662998e-01
1.425937223127236697e+00
1.209517120765679188e+00
2.365650427793005495e+00
1.127914649026997562e+00
4.832691583887820386e+00
9.977155169972433679e-01
9.591511124974591018e-01
6.656069621363102096e-01
7.570525961287147831e-01
6.858854780766391324e-01
8.324060981008313265e-01
1.475969572480376968e+00
8.492925638460810944e-01
7.431701422467639206e-01
3.299940642696113091e+00
1.346424829833816839e+00
2.446280494629231583e+00
7.855517015196180619e-01
1.370627171524344767e+00
1.363203241444730596e+00
1.256994601644848775e+00
2.832533967445373335e+00
1.490356257096319359e+00
1.960003089258520070e+00
1.310438293320481229e+00
3.424758167317769164e+00
7.494359707659361547e-01
2.096869648460501612e+00
8.475165188428434027e-01
1.421047862388501448e+00
8.118580628247303865e-01
1.811056081876372126e+00
1.273074182244921193e+00
4.057163418164891233e+00
5.635100848246260563e-01
9.450711202655330823e-01
8.710983963394524077e-01
1.675680544390804938e+00
1.737432706102654656e+00
1.397022897784117035e+00
3.039755722562121232e+00
9.000215133477047491e-01
1.081381245087667198e+00
9.259620745399574915e-01
1.221440435297309390e+00
5.999807569049800948e-01
1.770164722166144733e+00
8.050450140279931110e-01
9.826325137213347549e-01
7.255524754785731556e-01
6.200814278564359405e-01
9.321311808348574646e-01
9.872453308154079954e-01
6.463718908399209706e-01
6.527283177082974230e-01
1.066994452142453698e+00
7.550616392760752804e-01
2.214043362593379527e+00
2.661133729748796473e+00
1.130837470397160871e+00
1.888767742466129329e+00
1.486596688734561189e+00
7.047200464890284177e-01
7.625821382589296205e-01
1.124739527076875856e+00
5.710350058740815138e-01
1.101616686642756360e+00
1.129872909288794025e+00
5.365653424841040353e-01
1.417986061119087760e+00
8.519497699744174035e-01
1.049805538175562658e+00
7.851831948767239444e-01
1.136407721002652416e+00
2.874818722735096532e+00
1.733870027473186859e+00
9.507329006310096808e-01
9.500835580940407699e-01
1.925942719646854817e+00
9.757148282505928583e-01
1.035771569927955493e+00
9.914696258218786973e-01
1.045284641480056065e+00
6.953477344365239787e-01
1.375786400158104383e+00
1.271244403664324896e+00
1.816209136496751420e+00
2.743346509151387558e+00
7.685690801607218958e-01
8.331916029327574025e-01
1.432703886791599324e+00
2.329841683148611953e+00
1.656403210137614934e+00
1.710396711904002665e+00
7.864577268572703339e-01
1.876195614778693788e+00
2.380420896100288619e+00
4.620845170988710504e-01
1.697765174826893597e+00
9.882605816079510497e-01
9.515602068308075534e-01
1.432443844505303376e+00
1.413077141207017107e+00
1.702429237298279663e+00
1.047997597935474978e+00
5.968545510770958407e-01
1.734057009591361442e+00
9.744136553895019759e-01
7.927779163744257396e-01
1.693790956584932061e+00
1.937944799648319671e+00
5.751682336718557664e-01
1.267062686331464016e+00
2.134068232308164781e+00
8.757060413691415413e-01
7.034025482368947424e-01
1.430592155400064680e+00
2.230940935013704607e+00
1.147946420787866462e+00
7.983900311565187424e-01
1.096786560749936523e+00
1.104156097640851542e+00
1.721241886472623328e+00
1.056570355475788814e+00
2.091366374829199959e+00
9.419849304736539475e-01
2.791116828327221189e+00
1.457941645754130988e+00
9.440198121503571294e-01
9.195117485994980244e-01
2.038015138017485128e+00
3.032922892804975845e+00
1.852481323067457497e+00
7.625010063707001740e-01
2.603884686852622199e+00
8.532385547912731960e-01
1.013023843162260462e+00
9.369912242154393445e-01
1.249991295107720113e+00
1.627544419931680419e+00
1.769303688882987835e+00
3.002895929199398406e+00
7.944976718539761285e-01
1.514836916413111467e+00
1.166614324763116661e+00
2.162267403410564892e+00
2.552098294947360735e+00
1.156289269111267393e+00
3.918275051357351657e+00
1.316557528181190539e+00
8.842935011598039852e-01
8.867911453558353641e-01
5.868983849348037296e-01
1.150843607505311006e+00
7.181128326561789788e-01
2.771681310318667713e+00
1.038763821105759710e+00
1.459086896814048018e+00
1.274286773907666648e+00
1.570529453834859313e+00
9.900173667872821381e-01
2.276664992746052718e+00
1.201407233681650366e+00
1.249388283541846167e+00
6.486502608564305161e-01
9.255786718523374423e-01
7.054482625028294374e-01
1.091947578562320276e+00
1.831219141879350643e+00
1.379975049017560629e+00
1.206824260106478475e+00
8.019527339901709739e-01
1.584662876620577032e+00
1.186736202762251668e+00
1.081449296518713687e+00
8.532070747434932212e-01
1.011783147487907764e+00
7.635609528848993355e-01
1.076363996576709781e+00
6.778276684834760868e-01
7.589649843775131410e-01
8.692894227796993389e-01
1.648106521530859903e+00
7.930789907255068050e-01
8.820776446441438434e-01
7.541043602669859069e-01
1.631675211785513113e+00
1.058161888623537550e+00
8.959406030428795908e-01
2.426738521143361638e+00
1.727599150822514362e+00
1.084559475548516172e+00
2.045344284119926304e+00
8.529409393073313916e-01
9.693751460841094625e-01
1.017202088036380792e+00
9.723016721481523295e-01
1.098255825838914346e+00
1.041155327306342304e+00
1.940324826988494289e+00
9.588602435794469914e-01
9.183503128921245429e-01
2.126484202323590811e+00
6.429926909781845668e-01
3.671836662475758128e+00
1.231801803481853863e+00
7.086535527109670829e-01
8.470266183735087884e-01
6.532864457067993902e-01
8.181931622654696756e-01
1.514534998343470606e+00
1.808850610247745294e+00
2.370872184998875642e+00
8.075961267615283656e-01
1.170632754972923184e+00
1.988176802141792265e+00
5.715552474038222419e-01
1.866052321877827103e+00
7.626689029330503411e-01
1.029752948800652490e+00
1.544181557288164974e+00
1.457350578414230879e+00
7.985692807215841738e-01
8.349514648461802135e-01
1.119243971461940879e+00
1.077920439724862511e+00
1.131169447652086157e+00
1.459460174776229469e+00
1.982162713598903281e+00
9.034591364299940919e-01
1.598536043958961317e+00
9.705225977952124383e-01
1.285897342438504731e+00
3.029127157793644720e+00
1.593361063618087714e+00
7.365150262147446281e-01
1.240951657315380707e+00
8.697252300032002337e-01
9.839950726903339273e-01
1.313516480138720022e+00
7.076235420829924960e-01
1.352239529846520627e+00
1.398761259871231566e+00
8.300905993498509661e-01
1.406872247858662162e+00
2.418220377935019094e+00
6.023185701623456900e-01
1.558269461575094494e+00
5.904944976507745524e-01
2.933611869742149381e+00
7.644910614273895400e-01
4.820594379898755499e-01
1.090758491273696729e+00
2.483723862775890634e+00
7.459488312758835171e-01
1.464691763492822485e+00
8.474270357076859606e-01
8.857571570211557610e-01
9.685403671916535950e-01
2.950148268301524102e+00
8.880103844404908520e-01
1.145609999438277571e+00
9.432209723432858350e-01
2.886782046090895282e+00
1.749590125793991202e+00
6.517077018702076563e-01
1.341434716297639884e+00
1.370845987488278794e+00
8.462040508847957776e-01
1.213984221776804429e+00
1.284909277776798309e+00
8.109086201685484774e-01
1.670028280857334124e+00
5.287129577023766958e-01
1.127644631999243474e+00
1.756575279360055086e+00
1.437431106790413748e+00
