2.893951267206085731e+01
2.008403315628504515e+01
2.383188866591607891e+01
2.606464255523428619e+01
2.518538775324885748e+01
2.669347803842133260e+01
2.429008757152463005e+01
2.200997882944945871e+01
2.942711714960025660e+01
2.694991563337169183e+01
2.696079063155328370e+01
2.167797757276280635e+01
2.700891723072142270e+01
2.788693982886900713e+01
2.299845901568456341e+01
2.059213066245350632e+01
2.240769042598742189e+01
2.164969421441442421e+01
2.443339333461109320e+01
2.709262194344571029e+01
2.677850619707725954e+01
2.343185777125757596e+01
2.356089782896942353e+01
2.500671714531751633e+01
2.560851861604031043e+01
2.724324464529613721e+01
1.934906989141719791e+01
2.646364296747420397e+01
2.056263313320053143e+01
2.269451913666139831e+01
2.525096543154207396e+01
2.744042506333602915e+01
2.271293959301224064e+01
2.154956033199452392e+01
2.182992517413087441e+01
2.122239820457202342e+01
2.764349860684228588e+01
2.308270395704163036e+01
2.691853173225909046e+01
2.634982897021933823e+01
2.282152885267731079e+01
2.043643443384534208e+01
2.128430066506187401e+01
1.930523966778789813e+01
1.507694933681169047e+01
2.640095910203953622e+01
2.148917107573229757e+01
2.774030408165832640e+01
2.280691364508806274e+01
3.004047865844835030e+01
2.528458268121465835e+01
2.256175761212909592e+01
2.206797002236533345e+01
2.478670838402915422e+01
2.866723732516046752e+01
2.605169696837906201e+01
2.084166722425507956e+01
2.094374442539964321e+01
2.504367358551374068e+01
2.377797016536301200e+01
2.610360486850237294e+01
2.368121343172484572e+01
2.169062658836917379e+01
2.602422929719508815e+01
2.245147788039360393e+01
2.189767692960858625e+01
2.321183316777588246e+01
2.783943371063357475e+01
2.159788389804171160e+01
2.484520144562608834e+01
2.216818294694504132e+01
1.950951463624033977e+01
2.572375276361939811e+01
2.296497952245335483e+01
2.914552119196750724e+01
1.893758466329010659e+01
2.485261973876366071e+01
2.654125822237843479e+01
2.878646837808299352e+01
2.361851855216839269e+01
2.612378384404400933e+01
2.666024492698229409e+01
2.545532960001252221e+01
2.240298423954114071e+01
2.740191300129548324e+01
2.046831124788406697e+01
2.981305762456974762e+01
2.134200192382431638e+01
2.456600096062958372e+01
3.049791156238327972e+01
2.143566862381834781e+01
2.410583731647110994e+01
2.397128817287261882e+01
2.265069392380326008e+01
2.810971834258908331e+01
1.884007590005959187e+01
2.755101943172636325e+01
2.624582058522507921e+01
2.013043299243290818e+01
2.410507256850693025e+01
2.152356242643039508e+01
2.229605913382773252e+01
2.969303564115876171e+01
1.893770819402500649e+01
2.959720197515560614e+01
2.231701898699951414e+01
2.642673232093894953e+01
2.849693816400327506e+01
2.055700404416090166e+01
2.410034724801585782e+01
3.096786740696537166e+01
2.074237400410067877e+01
2.178028858130849343e+01
2.451783375934586573e+01
2.539466556136478204e+01
2.582786816231446636e+01
2.535178157487083794e+01
2.614150110474255229e+01
2.618007210354314296e+01
2.201594843002985868e+01
3.259759954634665036e+01
1.889117481361637729e+01
2.059468889420857707e+01
2.342502254124401517e+01
2.104848301851041725e+01
2.146321359924781191e+01
2.652365137742908274e+01
2.206283618164651372e+01
2.371575675443085984e+01
2.563936760648218893e+01
2.348084018837383979e+01
2.106040583269823685e+01
2.607626633767723590e+01
2.654921174621748392e+01
2.308959063516186205e+01
1.834004712037158669e+01
2.236764119166283749e+01
2.601969761546447302e+01
2.224755294056853927e+01
2.520651460283689715e+01
2.243816176771363402e+01
2.576324895972458862e+01
2.465749055146600810e+01
2.639436248794304163e+01
2.211126366324616299e+01
2.188380109428197073e+01
2.249829064952837143e+01
2.730793460618622603e+01
2.787849033062370907e+01
2.145152030534594800e+01
2.357214987080114099e+01
2.756539486597201716e+01
2.509710914904611201e+01
2.893105807579811284e+01
2.451672488689378326e+01
2.154153220830757220e+01
2.208684547339839455e+01
2.808453604898216582e+01
2.417390591078235218e+01
2.379926342440049680e+01
2.445888728530983158e+01
2.531043411997106674e+01
2.378021971676463409e+01
2.755895999732553747e+01
2.444306370710587828e+01
2.482951229876298882e+01
2.550625231290139538e+01
2.511641980036397825e+01
2.281061252655407401e+01
2.724579034665912758e+01
2.465376788442688749e+01
2.692348343957512924e+01
2.475852034142312519e+01
2.356815317115401953e+01
2.327966940131231510e+01
2.668750390854926380e+01
1.817314118870218564e+01
2.731884190061612472e+01
2.530113684671586682e+01
2.641987664886151776e+01
2.433450330610900991e+01
2.373154256672077622e+01
2.278123844943012699e+01
2.216257728131838789e+01
2.535565236750954554e+01
1.889027631760606596e+01
2.382097899807443397e+01
2.454562218944381868e+01
2.254594007674506173e+01
2.628997315530456902e+01
2.123955372349443138e+01
1.753469176682126829e+01
2.361242210416150300e+01
2.367760026665263595e+01
2.302972262830378014e+01
2.085295098919119638e+01
2.780595650838509414e+01
2.025341736174722485e+01
2.626681080850204708e+01
2.287324916421647814e+01
3.182962522672324823e+01
2.478441870875639452e+01
3.090126051313853495e+01
2.482879290745418643e+01
2.422266370405892744e+01
2.648789626937724151e+01
1.975268773990461213e+01
2.561119040824561566e+01
2.915368645458449492e+01
2.550131138435346401e+01
2.282146732549139756e+01
2.700650261392161511e+01
2.594728111366013934e+01
2.633996262920783593e+01
2.639665255792102272e+01
3.047452449279624531e+01
2.359304911898489365e+01
2.516582452876083664e+01
2.014122504552766202e+01
2.387641084793836299e+01
2.764150559543905317e+01
1.985429987773956029e+01
2.453727101983079706e+01
2.081182801200316490e+01
2.605258575552790035e+01
2.496848689459638138e+01
2.225318935547673860e+01
1.960717188004019818e+01
1.933905148370062577e+01
2.147581633943636703e+01
2.399532076832793592e+01
1.960035977004311292e+01
2.507267804012341372e+01
2.510198424569514231e+01
2.485328283322588661e+01
2.208832536983591766e+01
2.183078976826478623e+01
2.451500545053628599e+01
2.144930873745887823e+01
2.822128185946415257e+01
2.128122779105696694e+01
2.549103748044207762e+01
2.389531152359031552e+01
2.465967524383110288e+01
2.387337365704129866e+01
2.182657363076738122e+01
2.783248583103650020e+01
2.203041568282139195e+01
2.625496597738202809e+01
2.266602749748246026e+01
2.689074987344747569e+01
2.485214916707998611e+01
2.452161395551719281e+01
2.354658632122328044e+01
2.521791183561565930e+01
2.802338824656376914e+01
2.340132801912790228e+01
2.312138631722550741e+01
2.656431057235322157e+01
2.002799634887241353e+01
2.580899799210223833e+01
2.303275850458836871e+01
2.407324252866905567e+01
2.556037744173739767e+01
3.064880174755833764e+01
2.380828680731826452e+01
2.573492049422763017e+01
2.420487387522304346e+01
2.900492828221459263e+01
2.391456245888846865e+01
1.935662902126659546e+01
2.659717840121381016e+01
2.015229470289845537e+01
2.422911667243949907e+01
2.425671903554854936e+01
2.318758249496345414e+01
2.000786843263039216e+01
2.646828892176617387e+01
2.250774945391422932e+01
1.873778221123865606e+01
2.098942063196197694e+01
2.003055287233362947e+01
2.669579576024296230e+01
1.881921644372497582e+01
2.204393779270631981e+01
2.069798249468440332e+01
1.906161398337694379e+01
2.421037306156709334e+01
2.467221523902887270e+01
1.925875160920436358e+01
2.526475553678641361e+01
2.195654365235212069e+01
2.383001425461548806e+01
2.711108992399958240e+01
2.847402333410221686e+01
2.896030888311198126e+01
1.936064046724671428e+01
2.053325917271870082e+01
2.522506925399520483e+01
2.287505519730907011e+01
