2.229283601578610430e+01
2.115511922803910139e+01
1.453751779790313847e+01
1.498939575993571438e+01
1.691708607445325896e+01
2.302479194371410287e+01
2.670377286353994606e+01
2.024256711065521586e+01
2.647584028806370426e+01
1.623919340670853373e+01
1.762392807204619416e+01
2.390024764128270718e+01
1.662507112242504093e+01
1.823474079963349581e+01
1.896461827298198344e+01
2.879345838343191843e+01
2.308759633898646868e+01
1.977871555129081926e+01
2.175884059927865266e+01
1.672438350922597650e+01
2.343240974894765571e+01
1.297135902575232080e+01
2.223449827197109485e+01
2.220370780068760652e+01
2.303064751845717950e+01
2.661551202159760265e+01
1.158982501136515886e+01
1.759525957949200503e+01
2.293636448682063644e+01
1.609695739530491565e+01
1.930702383672966960e+01
1.689318202886172315e+01
1.964349611634455428e+01
1.626905362310989389e+01
2.112244452234043024e+01
1.973304716617564480e+01
2.816760444753704462e+01
1.967480979466577296e+01
1.629375925940972536e+01
2.757401105837656630e+01
2.302108018369174047e+01
2.321998730835318980e+01
2.458714997429462201e+01
2.774967535231692040e+01
2.633555010123996709e+01
1.716712093797946892e+01
2.450995568102858968e+01
2.223125184185023429e+01
1.813676190591750625e+01
2.441314489879331617e+01
2.084951910386234530e+01
2.127189820066895720e+01
2.261969369214206438e+01
1.941444391829179494e+01
1.992113855100658171e+01
1.632629029946000543e+01
1.792276568046209562e+01
1.725563630124984371e+01
1.889977343838588553e+01
2.090800726017493716e+01
2.570074022190307517e+01
1.796891916689796531e+01
2.230870428969402397e+01
1.344029848362235491e+01
1.746548414879466549e+01
1.883066534761831790e+01
2.648275449658314784e+01
2.398186391755647406e+01
2.620934981481149961e+01
1.654039574806342117e+01
1.338530165287491869e+01
1.822967565764392006e+01
2.287693769457996851e+01
2.150696986600003768e+01
2.657831277280526550e+01
1.663394939890415358e+01
8.691291093590244543e+00
2.555542649248027942e+01
1.119674919027018412e+01
2.429660593510972433e+01
1.773926773171862692e+01
2.170887660379895223e+01
1.682765782639671315e+01
2.928521661975485912e+01
1.611386263106569317e+01
1.717769530405193734e+01
2.297653028693436639e+01
1.843261317922285514e+01
2.091151690242931593e+01
2.063000315979704524e+01
2.313923036565185498e+01
2.064958921698643124e+01
1.865219139577147089e+01
1.699370444597609620e+01
2.184474559217186851e+01
2.123607856215500789e+01
2.202468241587516928e+01
1.947015851969445421e+01
2.419003647769357457e+01
1.408602456557122728e+01
1.878678754978837873e+01
1.463667150597001765e+01
1.489651404457143968e+01
2.018796248884550337e+01
2.165039221396060398e+01
2.291559239099732892e+01
1.383697625229048711e+01
2.281453799974130092e+01
2.091663837302731110e+01
2.176790964419961227e+01
2.470610836210376604e+01
1.327163329074219789e+01
2.683813263296392648e+01
2.384374772207770121e+01
2.188021521019359739e+01
2.710750280262665513e+01
1.241902195918948237e+01
1.750608165021762730e+01
1.434873493455666527e+01
1.746221774355366918e+01
1.697761435698743782e+01
2.158299747484476683e+01
2.489428843764437360e+01
1.629529757441456539e+01
2.179688337652581254e+01
2.552263363868643609e+01
2.602060598986297890e+01
1.461873081335516211e+01
1.814664677557033556e+01
2.786670710574197685e+01
1.955633021786688630e+01
2.120536260621776847e+01
2.793564186032959995e+01
2.000734800270808478e+01
2.303955720817650743e+01
2.052426528953073159e+01
2.263763445562982923e+01
2.837085748451104550e+01
2.426872209196982055e+01
1.998683156718926668e+01
2.442964824802515622e+01
1.323492291709655255e+01
1.609006769571395523e+01
1.833700061274304360e+01
1.363388870307371725e+01
1.530797327044388112e+01
2.776020564002197943e+01
1.292017600965928459e+01
2.133739511913555376e+01
2.476002205107849363e+01
1.534452498065920700e+01
2.115640493551404688e+01
1.952598526323122030e+01
2.164527953981417596e+01
1.592944675982377589e+01
2.111074857081671041e+01
2.153905318360674315e+01
2.088709521022016702e+01
1.841336736340735669e+01
1.884167454445363532e+01
2.764803318132916843e+01
1.712399880486690051e+01
1.949263630195550334e+01
1.499143015125262579e+01
2.344279303057076191e+01
1.857981547332950711e+01
2.196016344991403102e+01
1.638595390437843591e+01
1.927910327295616355e+01
2.200818449545133859e+01
2.038890772971242527e+01
2.375484405220289474e+01
2.082479388756335226e+01
2.264774258214072944e+01
1.899384183115526170e+01
1.826012691206133809e+01
1.835834337804403305e+01
2.212495756679013326e+01
1.666738908120618490e+01
1.598636792178571042e+01
2.157031716402348209e+01
3.036885342744804106e+01
2.459295142177560933e+01
2.400403464683371269e+01
1.578802082776067373e+01
1.639503940895603407e+01
2.005891071416141358e+01
1.613325764222317105e+01
2.536149159234957295e+01
1.818096724104894690e+01
1.253462387244019993e+01
1.561132827327671180e+01
2.408799643602440099e+01
2.237993795675377839e+01
1.529638818033933312e+01
1.890705291271291699e+01
1.942030012038011932e+01
2.176407857207701468e+01
1.851170764457820894e+01
2.686819323348463584e+01
2.217122135376910563e+01
1.942741278167718377e+01
1.464144060373287104e+01
1.814479516631413958e+01
1.335143099267592071e+01
1.907875911402842206e+01
2.923492355963804457e+01
2.003246198641953413e+01
1.885038877851715000e+01
1.843420977912381176e+01
1.444326525560722452e+01
2.144750985097564566e+01
1.566299685624109905e+01
2.057516330661690418e+01
2.026284104572577505e+01
2.668081607295050617e+01
2.334559154378767332e+01
1.555971216769253296e+01
1.841316773365166171e+01
1.743692741090915632e+01
1.703380809509077665e+01
1.682454136983972504e+01
1.863434905918562379e+01
1.841348675107371946e+01
1.950692152776743171e+01
2.042419098752217721e+01
1.561040175794902041e+01
2.321193512334646769e+01
2.167582024883558489e+01
2.445645892814063771e+01
2.099911785897525007e+01
1.413625882137514367e+01
1.561742425419977387e+01
1.606901386751916760e+01
1.989473746349317551e+01
2.310719445000662375e+01
2.320937009354685898e+01
2.347405678237547733e+01
1.510579221635832425e+01
1.570934153179607762e+01
2.590986179570182912e+01
2.708708845601149307e+01
2.230063233024822367e+01
1.706167533401032088e+01
2.011329459238419304e+01
2.451587766142124636e+01
2.028476904318083740e+01
2.018530717816488007e+01
2.381166340225745515e+01
3.062707787251966707e+01
1.819979613832319387e+01
1.512470938117289343e+01
1.434199692024851913e+01
2.187827551274578752e+01
2.499881681622477814e+01
1.827309632807832429e+01
1.995779573247045136e+01
2.143187031535325104e+01
1.774933792092717511e+01
1.649622596226988591e+01
3.269906960047966749e+01
1.799734498142587213e+01
1.612569053568631716e+01
2.447926833188389040e+01
2.210006504012963902e+01
2.187964025988925343e+01
1.753571293402932341e+01
2.183297682170309173e+01
1.886728144088981907e+01
2.147311811042381180e+01
1.483797194280176868e+01
2.903871908656554979e+01
1.422937705481481707e+01
2.217483831468697986e+01
1.537214895160210304e+01
1.891282423316353700e+01
2.748348708432797949e+01
2.181207798363659478e+01
2.626918322829523689e+01
2.146167315115558338e+01
1.789668488342627839e+01
2.141052807266524383e+01
2.059529194886365033e+01
2.173059030986759055e+01
2.312143429429216823e+01
2.296153910006452392e+01
2.186669166837500100e+01
2.561107549814405715e+01
2.267564928139492864e+01
2.208516998033959666e+01
2.875352146478028104e+01
1.508625815188623953e+01
2.189768952036702032e+01
2.039369600949649097e+01
2.502239533935169291e+01
1.864329260281484935e+01
1.805436859987609921e+01
2.184100573465834216e+01
1.911021300443542970e+01
2.220733443939523255e+01
