6.843895227508948409e+00
8.293964223312626061e+00
3.555075752917344900e+00
9.019360849119244961e+00
7.194533679810575677e+00
8.638597774939590579e+00
5.639993207373291462e+00
8.989267722615258194e+00
3.898396809828033938e+00
1.212048759625088934e+01
5.100512433061211937e+00
8.393236052501809041e+00
8.358688989231565003e+00
1.355550491526200219e+01
1.029454162733043177e+01
9.560476650042348368e+00
1.064214106523361103e+01
1.112699245503067402e+01
7.196168689800407137e+00
8.583089877464901818e+00
1.094533433174765413e+01
6.890616489155430457e+00
9.126410299688849648e+00
8.469003231726658143e+00
1.037270161220964937e+01
9.108197970293803181e+00
8.731089407959295556e+00
9.688608147140595150e+00
6.335584178520815790e+00
7.112963525205181270e+00
7.481705463114062482e+00
6.469046697608545671e+00
9.835421309805971291e+00
9.638079146430444055e+00
6.159483950949151243e+00
1.090486291598510427e+01
1.748451419933532591e+01
9.000978600600022972e+00
9.784135417198355000e+00
1.296771520820493073e+01
1.497892435708134151e+01
8.129206173395223445e+00
1.017460770293500794e+01
6.629721367512010133e+00
8.958796716983577824e+00
1.204421889675640678e+01
1.231570713335984379e+01
1.162568466977649706e+01
1.060785431202776685e+01
9.421134657037168125e+00
1.109536745864612861e+01
5.395893112390176327e+00
9.107919148527328090e+00
9.661015564907264874e+00
1.202936008853299832e+01
7.782320175153776276e+00
1.058950711744548911e+01
8.766981056896261393e+00
5.635852347790138772e+00
1.598381331010533835e+01
5.509171102221351646e+00
6.341856049904142090e+00
6.860103763336494076e+00
7.886179840947270314e+00
1.133736075980937841e+01
1.286529992587612448e+01
1.450672786059054076e+01
4.226378277711223319e+00
8.043632174034607729e+00
9.762230665533136786e+00
8.050043839201897811e+00
1.087003135196563264e+01
1.113277340799892379e+01
1.200980081719611192e+01
1.043991683253062774e+01
4.581825891940799700e+00
7.221584560786334706e+00
4.615204821370141985e+00
6.554517728727328851e+00
1.023018466683562977e+01
1.494766029280066100e+01
7.763157015452093468e+00
8.345501304763022432e+00
1.005616947703781783e+01
7.754843813031977007e+00
8.168577832581890519e+00
8.422973521799780983e+00
8.486288736091720963e+00
8.915230832657794480e+00
9.092910355622246144e+00
1.004430657729654186e+01
7.660282005886129397e+00
9.149433743614519443e+00
8.465030716813901179e+00
7.987239512210182468e+00
9.627951168705704887e+00
6.415058116808945776e+00
5.374041983890037955e+00
9.433510139345951728e+00
9.003888385543245221e+00
1.499105000555706013e+01
8.792147050689219867e+00
1.522634038240767751e+01
5.509188476915367616e+00
9.657712836920394395e+00
1.392543147159091177e+01
8.435430989040856531e+00
7.780695402275528139e+00
8.768659248407990603e+00
5.359832078959051671e+00
7.561998982256287860e+00
1.006455048828073728e+01
1.297383979848887314e+01
6.818094963432486999e+00
5.047397346640161153e+00
5.955564406539812339e+00
9.211329123835401589e+00
1.411366267744074499e+01
6.440917272022201878e+00
7.940180775439799277e+00
1.230948355450042797e+01
9.706762088583936077e+00
1.512798059558379116e+01
8.974428425835775158e+00
1.153546763174693446e+01
1.123119645974146508e+01
1.282324330119461031e+01
8.009851694887615281e+00
2.873132106726556501e+00
6.791013316869354277e+00
5.232698160756271477e+00
3.547999678966787140e+00
1.010071210774449746e+01
4.115852980810337236e+00
9.381192708887260423e+00
1.061652213146936852e+01
4.963679865990696882e+00
9.070996132512822996e+00
7.580389446252428165e+00
1.050627576084986359e+01
8.888017147752554692e+00
5.035907691788516161e+00
8.208393925346264552e+00
1.142418152086660044e+01
1.118025863380915652e+01
8.621925640589807927e+00
1.230077672505974284e+01
1.558758209499751324e+01
9.965839802979431283e+00
3.715055634312121047e+00
1.753759046687536838e+01
9.929959620558523881e+00
9.894493234275067550e+00
1.018032536086430007e+01
8.053909451409589693e+00
7.427376395145270926e+00
7.574504729832006511e+00
4.839477160758707264e+00
6.432124137023778943e+00
5.816515375178122227e+00
9.465290425910501071e+00
8.428350374504299580e+00
1.316990889747047788e+01
1.008686077954101812e+01
7.701572728529608725e+00
1.020758146982116976e+01
1.071165047082804378e+01
6.285677884224219802e+00
1.254675751234732495e+01
7.954386669396449783e+00
8.781814728344626175e+00
1.225225556009984551e+01
9.208858959523432475e+00
7.643636105591915531e+00
1.045082825372776547e+01
9.225258715458096503e+00
8.947960542160251052e+00
5.843383561262213810e+00
7.464798457804505460e+00
7.986108333783610291e+00
7.811478898729067311e+00
9.766631040861856405e+00
1.037600845650548465e+01
1.096311374564300500e+01
1.014095348595773771e+01
8.798411579787970282e+00
1.902722509901685655e+01
5.435096002750915645e+00
1.251215189635539105e+01
1.109588524343892679e+01
6.555453503353149358e+00
8.052595393028136428e+00
9.467412867982689662e+00
9.524500857408234822e+00
1.053333838496174124e+01
6.613256932402872046e+00
7.225794456900605844e+00
6.888376121875944058e+00
8.559676966241767104e+00
1.139418495585340452e+01
6.907436108224601412e+00
7.490113753736374669e+00
9.262232323951348434e+00
8.410656400348383244e+00
1.293333955591594986e+01
5.258597764695039700e+00
8.235881882077752181e+00
4.748891853666169283e+00
8.483264386078861463e+00
9.268578623344117418e+00
1.231066262966729496e+01
4.948166470784292059e+00
1.467996459451106439e+01
1.129711932782148232e+01
1.545772198423796517e+01
1.351299827602262482e+01
6.597961663559464007e+00
1.285579598769568044e+01
1.245035005103420112e+01
1.012424512576991376e+01
8.960194598065463367e+00
8.329558025611389027e+00
6.766510392895134451e+00
1.320911037549816314e+01
5.806007935224974048e+00
1.163650575996314807e+01
7.875723300474542832e+00
7.336094818397428163e+00
1.203667512568490672e+01
1.047266162018533464e+01
8.884796987775525068e+00
8.516286930378374365e+00
9.259686155697062659e+00
1.167786502286418227e+01
8.367115007400197868e+00
1.026574225795751261e+01
7.836387593031347798e+00
5.104077467790643752e+00
8.180755632033989144e+00
6.669079875726295015e+00
7.524218587908259259e+00
1.154197292547925002e+01
1.049518058606533621e+01
5.416414369864572365e+00
1.166854122659589166e+01
1.834144656862749301e+01
7.717984133958093906e+00
8.240722322293207114e+00
1.046741730410460391e+01
8.845562486281062675e+00
8.077658946097432846e+00
6.610092143466139269e+00
7.968663447410238021e+00
5.634428461174832314e+00
6.676813510717632738e+00
6.402665511773802720e+00
6.941996760650321896e+00
6.772758969110743266e+00
1.242263780727586386e+01
8.316729416198613833e+00
1.149668070032156741e+01
1.462476191490512534e+01
9.547050785116601546e+00
5.455801715800073559e+00
1.062394115628226210e+01
7.636207882666047553e+00
1.636814212260405199e+01
9.413622884139474678e+00
1.198366779203174382e+01
8.393576977240883252e+00
1.094667322894186157e+01
5.631828114149954878e+00
1.139704397008511982e+01
7.514933322149365935e+00
8.059050449601125266e+00
1.118309950202347380e+01
7.810898329320200340e+00
9.251461417691015043e+00
4.726463910113265499e+00
1.032941638124611217e+01
6.584043766107289919e+00
1.093841198896934941e+01
4.038284218294790229e+00
1.191064103811431885e+01
1.238450304653446921e+01
6.947672154217300999e+00
1.439492505944574141e+01
1.454690596686920578e+01
1.055139805774654427e+01
6.606371275660795739e+00
6.433407678037583288e+00
8.539946146962794415e+00
1.045991828883814989e+01
5.182726928249153708e+00
7.915200654392434920e+00
5.087061909093096190e+00
1.188477059728572094e+01
8.509672124648117730e+00
4.444011385104065681e+00
8.192246325361312032e+00
