3.712464519004458730e+00
1.992044579111151403e+00
1.529663379498229503e+00
2.297072305521711932e+00
2.654811437972574684e+00
4.426888651644675043e+00
2.063240590558436782e+00
2.552460717476753072e+00
3.071971871907795304e+00
1.245849216004620175e+00
3.980277571811730475e+00
2.785462021601297078e+00
2.699366573913348777e+00
4.167509573672883327e+00
3.581089044443031000e+00
3.464807926190847098e+00
3.157773901482777035e+00
2.130055249850680177e+00
2.952384554369416048e+00
4.382603195127431128e+00
1.896900183102419035e+00
4.464689759164194527e+00
3.829269009633037513e+00
4.244462220248878204e+00
2.050102730191524891e+00
2.931588292290175701e+00
3.801137131297481098e+00
1.773737433280502040e+00
1.946009165267404084e+00
1.981275364183356924e+00
2.916430898710036246e+00
3.936153580912503003e+00
2.096087576257468221e+00
1.567640612712054349e+00
1.119418703564991402e+00
4.770502569672448345e+00
1.267735100006004201e+00
1.955663127006360025e+00
4.339152031353158634e+00
6.207801723367460056e+00
2.536456106340183592e+00
3.308213230271651817e+00
2.278164361971809271e+00
2.352248917417732788e+00
3.115345781751767795e+00
6.658614230409326318e+00
1.904329482741620394e+00
9.259955250792165637e-01
2.689092069187640544e+00
4.316491266732637833e+00
4.743709745728128979e+00
3.845795131955482837e+00
2.166398416047551123e+00
3.184037526681780417e+00
5.088455559254003724e+00
3.152046725370565738e+00
4.546821055821876456e+00
1.131193579182846021e+00
5.473855394482006531e+00
1.217972120545529835e+00
2.246403427439852774e+00
2.068471172990235196e+00
5.034480242867249267e+00
3.974839108135124643e+00
1.106668453557364096e+00
1.880658785531124755e+00
2.285935283707575039e+00
3.360203961334473188e+00
3.284065114071366587e+00
2.711031329862842565e+00
5.238822348058179479e+00
2.362286140972807313e+00
1.007872782013710111e+00
2.727905802368410182e+00
2.042897729900741588e+00
3.628525950763801688e+00
1.375078859145618004e+00
6.113506484235704086e+00
3.009360962312418231e+00
1.932289741738139055e+00
2.056899051238915810e+00
2.186390179725047567e+00
2.106644160301615720e+00
1.689086346040668873e+00
4.327451109600232826e+00
1.710571361749840369e+00
3.685016106994717600e+00
6.783035600702747026e+00
2.126596329415503472e+00
2.813297097171136407e+00
2.906587680284729025e+00
1.629787864809691289e+00
2.583927966946618859e+00
2.938908105015097583e+00
4.958068523852819709e+00
2.931500321819896282e+00
2.976802252180090314e+00
2.704813547158025244e+00
1.143941337977006922e+00
1.717753938188823826e+00
1.795715539303533559e+00
3.628936887186919424e+00
4.060498004635197056e+00
4.642103731040551295e+00
4.678963305520178473e+00
1.278658299851333613e+00
2.428192570903609404e+00
1.685974329341792144e+00
4.220539872215603339e+00
2.912126889505211924e+00
7.196611860162413166e+00
3.569762452802253350e+00
5.322125011189475785e+00
4.025869212004166364e+00
3.720269571671288134e+00
6.231943084267060895e-01
2.424512547049789468e+00
2.224527313962274100e+00
3.449173420925593092e+00
2.168734561131053340e+00
2.375791396059728111e+00
8.767131318705341236e-01
2.819083843663243272e+00
4.727689578933662595e+00
3.869233689157849376e+00
4.790434081653536680e+00
2.335905020504783103e+00
2.843457291855384650e+00
3.736993703845966852e+00
4.737192326300682765e+00
1.138226487954041577e+00
3.430970946736064064e+00
2.290519810061650396e+00
3.881117465849565740e+00
7.375577290636460281e-01
5.939868868211891417e+00
3.784513458468431235e+00
1.888160872323385808e+00
1.305675356930374953e+00
1.694155372012918104e+00
2.284633617085395141e+00
3.940478339961833054e+00
2.531929192074001023e+00
2.563436098187286571e+00
2.463548750727455605e+00
3.280166759805932308e+00
3.129642410947926834e+00
3.291959845778555938e+00
3.103964080474812981e+00
5.396306958708270152e+00
2.014766550763345432e+00
1.313279515555136667e+00
1.817000059326926209e+00
3.291798984794342076e+00
3.813657871545511391e+00
2.068200224014048683e+00
4.696690605618261571e+00
1.284940374237146354e+00
1.156105541649233182e+00
5.887685339697345199e+00
1.376858182167465916e+00
2.831901744863105641e+00
2.051940052744846810e+00
1.887666337637788905e+00
3.313488615130421699e+00
2.781033844765256280e+00
1.956552472499321960e+00
3.183980464391769516e+00
1.800429510250371345e+00
2.658087346988140087e+00
1.869863751230717241e+00
8.432419158492631128e-01
3.254843495432492073e+00
3.594432242867052096e+00
4.875789089805900645e+00
3.178433896002607284e+00
3.860607091673621927e+00
2.322713186120170192e+00
2.709342525983390093e+00
4.453114820424184828e+00
1.630877996176288924e+00
2.553619095070198686e+00
2.570810976685162785e+00
3.260195508342558668e+00
1.792232405532737882e+00
3.239477809744546910e+00
3.083480182205769360e+00
1.785755159626072786e+00
2.517201818192845497e+00
2.456475099639898740e+00
2.233349737693045345e+00
9.502482997770800299e-01
5.975055105055515625e+00
4.209627431874268133e+00
3.877353013771517976e+00
2.070395587748802502e+00
2.047604236492125640e+00
2.946010899689339713e+00
1.053052694261323419e+00
2.774607947241295225e+00
1.302667429757055517e+00
3.172554518076987407e+00
1.619705644071633976e+00
3.452620980110959081e+00
3.076558904882069179e+00
2.262426969871801141e+00
1.188027954904918415e+00
1.737672691915183254e+00
1.465569794580423135e+00
1.548759132969311114e+00
3.596910755810197813e+00
4.831778883073633679e+00
1.352074569954330396e+00
2.798507856729058219e+00
3.024178939772076635e+00
1.861014838231041191e+00
1.809574389530983485e+00
2.624328899794278858e+00
5.267923538488926916e+00
1.734850157652598757e+00
1.900757696176452960e+00
1.868967062026761994e+00
4.049526464576178597e+00
5.821785879221387461e+00
3.118703171025693610e+00
3.395898337063055994e+00
1.397884478211151915e+00
2.235868452608685608e+00
3.599368424786137499e+00
2.716897650253992325e+00
5.045051084021108245e-01
4.785498380596653334e+00
5.258779244431265099e+00
1.034083495182151369e+00
9.126331241046140574e-01
3.623356608625996955e+00
4.286342732145915768e+00
3.639594977339350557e+00
3.701830559761784656e+00
2.794545113423975380e+00
1.048065945046250835e+00
4.457889148991948325e+00
1.942753279735802252e+00
2.109502899181443514e+00
3.138889286311034255e+00
3.431437164465674705e+00
2.941976349511349564e+00
3.129792315430384164e+00
6.563471724694150966e-01
3.819382703450825201e+00
1.767695059797826707e+00
2.672132358100036686e+00
3.936955449567333787e+00
2.471926899717554083e+00
2.428120733239008899e+00
2.758118035104089927e+00
1.903910957742070975e+00
2.653777661041619940e+00
4.657503883908804987e+00
3.213987293759569042e+00
1.423931500408211814e+00
1.659418788927778055e+00
2.278565294727181723e+00
2.669685556254464576e+00
2.780507943754135347e+00
3.197405405771775566e+00
4.897642912730771236e+00
6.318710650574999477e+00
2.691044277011617414e+00
4.541912593214036065e+00
9.461703214873306012e-01
2.695487277706944074e+00
2.148136648128389670e+00
5.880906963379681773e-01
9.200267384836484652e-01
4.789531209524390043e+00
3.708162007196168286e+00
2.287761902670861769e+00
1.141949024677764379e+00
2.045852897328499509e+00
4.568379385784548496e+00
3.247729278895839400e+00
9.891510566795338466e-01
2.236403634188389500e+00
2.744636163995585409e+00
1.854488761024666088e+00
1.229554721195101230e+00
1.540750956978669484e+00
2.185019417987764889e+00
2.301232524080482289e+00
3.048920539718840583e+00
5.356258304068631126e+00
3.170446509245113287e+00
1.089386086567292411e+00
1.300417137590017536e+00
5.415957352893445709e+00
1.703372412465331776e+00
3.436319212661843814e+00
2.165470798852203504e+00
3.436637484539181830e+00
