1.681927789867072534e+02
1.524106944427117298e+02
1.464722606090173258e+02
1.768084049634938424e+02
1.614269981232900193e+02
1.681704338152139258e+02
1.664377705554065869e+02
1.601381680181237073e+02
1.661268704890065635e+02
1.546111908601612583e+02
1.352555680668795617e+02
1.622688517692322705e+02
1.639590052851766586e+02
1.481493118979694259e+02
1.618362970816672259e+02
1.543986327306467956e+02
1.563658753694372194e+02
1.593457533926408303e+02
1.651543979523566179e+02
1.592217561607122036e+02
1.443520320323383714e+02
1.544224461532296573e+02
1.560269161199767325e+02
1.524062310522908774e+02
1.646279732221918266e+02
1.696934343111121848e+02
1.621959440372366146e+02
1.635163523384276232e+02
1.604845390622504908e+02
1.563114572258704129e+02
1.567503436630611873e+02
1.498387953766643079e+02
1.612694508329903726e+02
1.638087382074753577e+02
1.498902488664126338e+02
1.676710936037848398e+02
1.588334230537668077e+02
1.598109108211546356e+02
1.565713088188707331e+02
1.659835952414059079e+02
1.566979396026167421e+02
1.644604550018408702e+02
1.540140700764199835e+02
1.559954708750518932e+02
1.493189034413665865e+02
1.509865745865414794e+02
1.486422331503103180e+02
1.525643962232150272e+02
1.468530954346734916e+02
1.529589899142418119e+02
1.694051131123734422e+02
1.649255445591453224e+02
1.373654751713748396e+02
1.637275852831386089e+02
1.575632603767003275e+02
1.565755792764871899e+02
1.672457816025430759e+02
1.665894014219629469e+02
1.620036679956963042e+02
1.608869917347158776e+02
1.632039417687335288e+02
1.426155175903305690e+02
1.581707103728746517e+02
1.567716898453007559e+02
1.627604355442676081e+02
1.752671629117984651e+02
1.477308489966196987e+02
1.565018150784252100e+02
1.593734544103334372e+02
1.575805473932183816e+02
1.432528505650405748e+02
1.574271868379335046e+02
1.441260097032385659e+02
1.661114115257690855e+02
1.613439949093124426e+02
1.613778515415617960e+02
1.380546587562801051e+02
1.615822845485745916e+02
1.422029973478516922e+02
1.516593862541632802e+02
1.536427873702915861e+02
1.565336400340778482e+02
1.529825337881077303e+02
1.604158831432500847e+02
1.570676760823980374e+02
1.660228747317090097e+02
1.612367661963296257e+02
1.651480190574156097e+02
1.604776943999780485e+02
1.436501926119358927e+02
1.642145646927081089e+02
1.579019402251736608e+02
1.517792842657995891e+02
1.580299055889708200e+02
1.595545776697841234e+02
1.593856065433815274e+02
1.738480595319837505e+02
1.651162991553792097e+02
1.468766816632934251e+02
1.489628139697453264e+02
1.566825283014067338e+02
1.521583970691402783e+02
1.527893727191804771e+02
1.684918833888560528e+02
1.502343006642501848e+02
1.495602537264539649e+02
1.553065292211536246e+02
1.550876362419596148e+02
1.604810168841181905e+02
1.584021949594610703e+02
1.556193627806505617e+02
1.499417026484138660e+02
1.600062918591786740e+02
1.661780052254192981e+02
1.649598120255942320e+02
1.641710354662770612e+02
1.620206596652778614e+02
1.685622773475835743e+02
1.531725770315654529e+02
1.453017943070987599e+02
1.484380635205303065e+02
1.590536661599214483e+02
1.507767075759118995e+02
1.604739729583166650e+02
1.553401967055702926e+02
1.612694869001521738e+02
1.563378498049149812e+02
1.677141451534176610e+02
1.576673008500978881e+02
1.530494427511378888e+02
1.512432265005554086e+02
1.488494741374391879e+02
1.569954929203796041e+02
1.610828522586228075e+02
1.571639386158208538e+02
1.453782569725325402e+02
1.482223334003965363e+02
1.684269249644475792e+02
1.522506822598285225e+02
1.539133906235022948e+02
1.402373398517448777e+02
1.486648227016522412e+02
1.630461926968735042e+02
1.642644024315914919e+02
1.536489253068739060e+02
1.546750520402870848e+02
1.568255118204516236e+02
1.576144315457350444e+02
1.551435760613070158e+02
1.483478334486236463e+02
1.485182459601550704e+02
1.709590746214999513e+02
1.571206602609962886e+02
1.687078448058538243e+02
1.526780252230207395e+02
1.480556321132470998e+02
1.506581911307853261e+02
1.561057374321100895e+02
1.536965929997589342e+02
1.545434527111635816e+02
1.573283730640676765e+02
1.556838242598621775e+02
1.340721595359181322e+02
1.614632462160050466e+02
1.704698450407159953e+02
1.504781798868573617e+02
1.766271852354829832e+02
1.614302957480639407e+02
1.606247745949284536e+02
1.493548703091553591e+02
1.508600315529406544e+02
1.413560687742595690e+02
1.379245370677235485e+02
1.503512785887673999e+02
1.718585343291542813e+02
1.506261117233334801e+02
1.539067503655291773e+02
1.589319211907908880e+02
1.504830905787359541e+02
1.455787783230475725e+02
1.558549217652296477e+02
1.512393990974961184e+02
1.540140874842662129e+02
1.496126099256018449e+02
1.566361640940351094e+02
1.611623261663993389e+02
1.582973470149395894e+02
1.600460326515385816e+02
1.596200414942419172e+02
1.483505870575692995e+02
1.439763477090717743e+02
1.665747961872876886e+02
1.617302836155393209e+02
1.561791639823201194e+02
1.543633137529355963e+02
1.569005715112060670e+02
1.603907309040437781e+02
1.492795276591018023e+02
1.541987153795801930e+02
1.551788348718534962e+02
1.614414809185656736e+02
1.562530816065143995e+02
1.538909489302083671e+02
1.632299741313607910e+02
1.583550728643527634e+02
1.515510661051664556e+02
1.692564499718816364e+02
1.575383351448820690e+02
1.467487840249089004e+02
1.688005720934477267e+02
1.664504018365348941e+02
1.425412489979427448e+02
1.523699250087051382e+02
1.536979649195577053e+02
1.493845491078554915e+02
1.598177417502862454e+02
1.530154920729204377e+02
1.562310764834492431e+02
1.748808792790921132e+02
1.640474879090105560e+02
1.612265919983146887e+02
1.446339217591264514e+02
1.596208348510854194e+02
1.756571983267359087e+02
1.460496476463050328e+02
1.679770423620118720e+02
1.670562809775803998e+02
1.513884639099941012e+02
1.597014759651060274e+02
1.498211317106623710e+02
1.586421271417671619e+02
1.598448624352840284e+02
1.653167228952761150e+02
1.537425438996754110e+02
1.530269401020512419e+02
1.434862243857702424e+02
1.599634684747422853e+02
1.503788011681652961e+02
1.658573550183057819e+02
1.553597099084807951e+02
1.575045161880658497e+02
1.521549276418208763e+02
1.557553466514528395e+02
1.614459567888324614e+02
1.599481940616720976e+02
1.502323411494952552e+02
1.364582554271321158e+02
1.666848950886834189e+02
1.646885393916607541e+02
1.544518454667754952e+02
1.481856537984072020e+02
1.401190766312747940e+02
1.463231275929722699e+02
1.406679273832201318e+02
1.613937233046309530e+02
1.485470565804639023e+02
1.530455625326587494e+02
1.521724468040706313e+02
1.442431265165528487e+02
1.633519797301974563e+02
1.660560662488872481e+02
1.621432389433394690e+02
1.625779114691852669e+02
1.626647744581059669e+02
1.523419223066811128e+02
1.606528820021437411e+02
1.643829033294381077e+02
1.674237614436306671e+02
1.543717838425021114e+02
1.622448913454258559e+02
1.577982157540376988e+02
1.508601888509821549e+02
1.599641933124962634e+02
1.541630965251507348e+02
1.474227367299729394e+02
1.619113449070929107e+02
1.616998542171137103e+02
1.566400102568295551e+02
1.543497481948761560e+02
1.479384380891534363e+02
1.480564782363539393e+02
1.617654072237498326e+02
1.549467933782349576e+02
1.671685068160429637e+02
1.538758132877400158e+02
1.705324350734714756e+02
1.522359671065014766e+02
1.715146847763756170e+02
1.590852724246994399e+02
1.598103787392175263e+02
1.473313652484540341e+02
1.563117330761316452e+02
1.463625089318314565e+02
1.565945586751700205e+02
1.599169308969705412e+02
1.632432373520615272e+02
1.525267457231335015e+02
1.592957808334842582e+02
1.676806198039442108e+02
1.584599726907483728e+02
