3.301357157879966753e+00
1.107291774111225813e+00
3.316196021285470419e+00
1.866965145941099857e+00
4.045233727591681649e+00
1.186110892562842745e+00
5.917959492475609595e-01
2.633148676638540131e+00
9.079740249943046848e-01
2.301796375312545440e+00
8.438174603944244012e-01
2.090083143588776338e+00
1.682949185800080238e+00
1.075161385658966351e+00
1.221518506082445388e+00
3.928490041721217185e+00
1.530823986806750359e+00
9.468550808739600866e-01
1.423143993362109727e+00
3.982029390084686149e+00
2.542801527876187517e+00
3.030597428939442395e+00
1.655332955085883517e+00
9.660335093109999605e-01
1.934264488459384479e+00
5.400188308463932607e+00
1.673132642701556705e+00
1.119109389096716534e+00
8.675153782823122883e-01
8.625421498989591651e-01
3.983554622573937554e+00
3.153286534363271443e+00
1.939376199072543328e+00
2.073029622989006615e+00
1.242599709345467263e+00
9.998547116547215063e-01
2.019663202473599206e+00
4.462482627936830148e+00
1.230473684685197133e+00
2.314635584898674381e+00
1.028476586151684469e+00
5.456763188068773474e+00
2.681467085713482579e+00
1.397033855167544303e+00
2.713744358589337935e+00
4.267852783692598351e+00
1.231147231876789538e+00
3.930711275911070501e+00
1.959203071704558319e+00
1.953636409142785801e+00
2.654642014629159608e+00
1.733483145514238322e+00
1.555172031298813984e+00
9.123871377981320752e-01
1.852446324941455780e+00
2.905936599636688378e+00
5.788111262653536926e-01
1.821500796718815485e+00
7.859340639907032022e-01
2.068072000839747293e+00
2.268462033608304562e+00
2.189665004371363466e+00
1.842498705575706941e+00
2.464919600459208215e+00
1.441032993519769656e+00
3.553378255493067073e+00
1.382893654643619463e+00
4.483322184650583964e+00
2.283175305318300818e+00
3.036825194730615074e+00
4.332084051229202259e+00
7.415697049762528525e-01
1.896779290362091031e+00
8.983242751590525543e-01
1.927774638463511270e+00
1.446960010053240264e+00
2.623225561035633646e+00
2.135125149413500178e+00
1.573329322158129484e+00
2.853170618680486825e+00
3.680823505191555434e+00
4.583182732053015407e+00
8.168544629856819839e-01
1.080363441905863198e+00
1.540556974885199049e+00
1.670527693976958439e+00
1.463826206764565985e+00
1.844262929948813357e+00
1.975004111509638838e+00
1.574657161106359560e+00
3.278026203817355100e+00
9.277183945801038556e-01
2.002699671177002649e+00
9.766829598380812882e-01
3.277850984655215072e+00
2.630238901452196743e+00
7.507085819953641659e-01
1.740070890782114743e+00
4.987329565349076788e+00
3.026022269079308380e+00
7.978492447652131281e-01
1.006129348719563721e+00
1.884099393037583337e+00
2.136295350596028708e+00
8.138923852594630581e-01
1.280728944887771670e+00
1.195602677082962639e+00
1.086600693766899051e+00
3.217436191256086708e+00
1.280729147827315284e+00
1.751661810471392577e+00
4.184949376769445450e+00
1.221518951032929179e+00
1.475171784418356724e+00
2.609983067681198587e+00
3.431839984546202871e+00
2.168040270131919467e+00
2.619884105084032910e+00
7.651526864501455583e-01
2.063210161077765559e+00
8.036069079968432005e-01
6.856175282180000385e-01
1.795390827863925454e+00
3.161514754740593514e+00
1.267983819846316251e+00
1.005254359990174429e+00
3.129086027691235561e+00
1.806305225031769712e+00
1.515450660317049003e+00
9.067496824112168952e-01
1.044759309816259973e+00
1.843547761677511332e+00
5.615360050362446787e-01
1.671022323618168270e+00
4.493444500437859368e+00
2.002083932200289240e+00
1.037999172871570508e+00
2.849635139282245433e+00
1.257287905131509342e+00
1.703793334542131221e+00
1.838795640953596155e+00
1.855125309375153853e+00
1.910694404515838940e+00
2.632233630671534819e+00
2.874887019469008820e+00
1.091465021794556511e+00
2.616131720846587516e+00
2.108883786680598948e+00
2.607840823637488814e+00
1.132314992737629922e+00
2.661733974912291245e+00
1.538657442824221233e+00
1.523048030346078052e+00
2.168701356746531861e+00
1.425178524992573692e+00
1.247147553642910411e+00
2.465620299958066308e+00
2.891458552666508641e+00
8.940639423354896920e-01
2.488592945717118976e+00
1.322018357173489145e+00
1.556114284563728578e+00
2.870243984255670622e+00
1.688450269515356039e+00
1.153761474860730329e+00
1.048729097583089853e+00
1.637628598133049174e+00
4.189461581173686611e+00
1.911611222268184473e+00
1.603128338710809953e+00
1.819616352514194624e+00
6.705166347420069561e-01
2.336126107122859175e+00
2.432941529284984750e+00
6.161903330386566680e-01
2.157541837993520950e+00
1.954498983289892022e+00
2.244505655807463196e+00
2.856813274274438985e+00
2.694105507848624459e+00
2.762467853464134038e+00
1.116197662297334636e+00
2.183311622562106535e+00
6.850849905275087082e-01
1.345240596709128766e+00
1.328577239211343075e+00
2.341057480131479185e+00
1.128533933825757396e+00
1.628436958086921571e+00
2.071494433207559549e+00
1.023885015555971778e+00
9.231910206800139074e-01
1.512350728167553671e+00
1.912297220044412605e+00
1.177102574491935227e+00
2.925275263879010268e+00
1.246787737771215543e+00
1.248507849322413987e+00
2.461363813926126465e+00
2.305386892324449821e+00
2.569674657920531402e+00
1.544326077225239180e+00
2.223608383260742283e+00
8.881674683336213683e-01
3.017518508935165489e+00
1.316167730196405428e+00
4.739477897795167038e+00
8.875898377397266614e-01
1.500376951347604848e+00
1.455218829862149788e+00
3.407046867141610313e+00
4.104979661574668981e+00
1.416794341626410603e+00
2.491949023817164655e+00
2.138739486302002391e+00
1.621270691689745247e+00
3.115778356030369345e+00
3.280769540762134895e+00
3.322794115636623857e+00
6.920648157968745107e-01
4.886036286946155549e+00
2.583444097557579866e+00
1.398119184416369398e+00
2.208329635761530074e+00
2.982503630832016306e+00
1.692233017873479684e+00
2.887216112715497829e+00
1.139872318908609294e+00
1.733009092773291959e+00
2.050274033489681624e+00
8.606829527968660187e-01
1.317736827340177497e+00
2.882315707294761165e+00
1.270629251538021531e+00
4.169174071858538611e+00
4.698650422512764990e+00
8.181991806691355507e-01
3.285870667216308938e+00
3.218419395299240815e+00
1.635570836178949827e+00
3.425770091469744649e+00
1.420219654455394220e+00
1.133575518292479156e+00
2.190907793451199570e+00
3.016892666881634710e+00
1.570096172607741591e+00
1.140681455674400047e+00
1.751073593876507184e+00
2.731822329222135082e+00
1.707783835345471957e+00
2.958973973200928587e+00
1.472721542614414902e+00
7.018096624986229770e-01
9.414728121572241148e-01
8.219356550370114922e-01
2.168309907382901969e+00
1.103718602532901105e+00
1.226952325046090531e+00
7.550757394539093781e-01
2.285830426977257801e+00
9.417584942370743617e-01
1.474522014380026169e+00
4.667949419037624725e-01
6.098809216130026023e+00
1.000770176652478360e+00
1.059538331756238350e+00
1.408891277185355673e+00
3.111041040268429647e+00
1.632815120076835935e+00
3.248097394988977094e+00
9.627202299858736989e-01
3.292930416583814246e+00
1.109326147227411630e+00
1.352477947518190504e+00
1.696409908268816880e+00
2.951174721700055237e+00
1.746764852392467482e+00
9.289117521129864885e-01
9.141277965004203088e-01
1.187995145935995422e+00
4.000749486471804062e+00
1.723929415326772796e+00
1.465951680346370356e+00
2.257651137242110195e+00
1.528793063544753306e+00
3.962780515892283972e+00
1.947792221228333842e+00
1.752041089441863653e+00
1.607615943024143901e+00
1.187116685167758812e+00
6.020074613239296824e-01
2.659337212164019970e+00
1.981088897536222859e+00
2.519285614359725312e+00
3.235024274413207390e+00
3.237047943662521465e+00
1.451528365649569885e+00
2.691811199348333350e+00
2.151445859752449508e+00
1.111092813265286416e+00
