2.851429015256906396e+01
1.901842822667262922e+01
2.229489298213334436e+01
2.097093776393660747e+01
3.240677697139326341e+01
2.510019148887256435e+01
2.131535913639087454e+01
1.465338233810092383e+01
3.295784389629000088e+01
2.386197159162276904e+01
2.986167119110524126e+01
2.983552861896665931e+01
2.695881130154907268e+01
2.230973374670284315e+01
2.355274472300357758e+01
2.922957919684962746e+01
2.262113508212422275e+01
2.436231779089675697e+01
2.423926451249956315e+01
2.732386491664700756e+01
2.174686741817261648e+01
3.724941316646235379e+01
2.286776281716159787e+01
2.010612891280457148e+01
2.909268786356911463e+01
2.337048006105177578e+01
2.538625862281589818e+01
3.778367446489448156e+01
2.558970608062942276e+01
2.120882553628093703e+01
2.637320830971284380e+01
2.028401718877582027e+01
1.558758869477333775e+01
2.299515763974683935e+01
1.180755900891555754e+01
1.690947541429492063e+01
2.047809795809658695e+01
2.113205647874024606e+01
3.026647448621591607e+01
1.864347114632617064e+01
3.423846184427245021e+01
2.445833050395111741e+01
2.919056591168724424e+01
2.751049627909611317e+01
2.871065485595957156e+01
2.246747281154814502e+01
2.640831326511517929e+01
2.243145362664751730e+01
2.238875100627266335e+01
2.092558869777979780e+01
2.534049864052397183e+01
2.599435533710699886e+01
1.256925629797343369e+01
2.054237853973095795e+01
2.085686493121454532e+01
2.589803856574097551e+01
2.376261638346543492e+01
2.080980261113622376e+01
2.182751282915194224e+01
2.220383369347444713e+01
2.236005845419066063e+01
2.390229938360041473e+01
2.035740618652157607e+01
2.354055327978508672e+01
2.032418292944047167e+01
2.528931917164710086e+01
2.501786241203375027e+01
2.840415351427357393e+01
2.050479578539575698e+01
2.227487377664892776e+01
2.784279783835880195e+01
2.461680412042331767e+01
1.838979985812196460e+01
1.812959210411177224e+01
2.208082515702106008e+01
2.617158796232032714e+01
2.039619038330592460e+01
3.116529024696940198e+01
2.702522368615186465e+01
2.859660574706996528e+01
2.518985902153849921e+01
2.400572665360376234e+01
2.939894634647195915e+01
2.882445681526349901e+01
2.638983197221392629e+01
2.098710718437706291e+01
2.072099829262970871e+01
2.521291784954961912e+01
2.436909193602103230e+01
2.015067320238526705e+01
2.741974707420853719e+01
2.673155610255853176e+01
2.232376164683995157e+01
2.610004685901033028e+01
2.169299958681963147e+01
2.157045303306477635e+01
2.134768948203738148e+01
2.066496601915460829e+01
2.383891185604878160e+01
2.315178443589715584e+01
2.583223923172534242e+01
2.971998228036299494e+01
3.006144486989816755e+01
2.264041009566268770e+01
1.783160274579624982e+01
3.625892245302347305e+01
2.522782840890544875e+01
2.034877463159685718e+01
3.216649537260282443e+01
2.852752514845478871e+01
2.533022881185516439e+01
2.098907295108451621e+01
1.826687844528870031e+01
2.697512689763973626e+01
2.160907968651619271e+01
2.567163355902176392e+01
3.313671491424477722e+01
2.421947597883699288e+01
2.990240298366927973e+01
3.032748213315014496e+01
2.909081858222620909e+01
2.726331152904961641e+01
2.658668273156717277e+01
2.401321731318101982e+01
2.809653072702855781e+01
2.516792941500304792e+01
2.103812013895982957e+01
2.421730519941374027e+01
1.933687259787573609e+01
3.467456455974833318e+01
2.417146352448742874e+01
2.757694623790309407e+01
3.084954213996162409e+01
1.994501858357300961e+01
2.546877128096932452e+01
2.696983510162633735e+01
1.933767723562061391e+01
2.576947126977790603e+01
3.084076722237194801e+01
2.921201032423137889e+01
2.009745588424331331e+01
2.965540172867871860e+01
3.112160546518279602e+01
2.870800504071214831e+01
3.399763890837972014e+01
2.558742212815166539e+01
1.797642253380615429e+01
3.400620532304796484e+01
2.542393191615282788e+01
2.809559205342319288e+01
2.158812546582790048e+01
2.742795973558973088e+01
2.303582516176392403e+01
2.229791376058741648e+01
1.895873287972622023e+01
2.836274283798955409e+01
3.400644874289269382e+01
2.392118987465551427e+01
2.621255963589303306e+01
2.465173797469647354e+01
2.102546770294925693e+01
2.707605191496374530e+01
2.040258147450803961e+01
2.353175813066436106e+01
2.673329935120084855e+01
1.766282238556543760e+01
2.095880145258534810e+01
2.579064762767754004e+01
3.358705387788105412e+01
4.127625369912109932e+01
2.542551898585779924e+01
2.104161856185342927e+01
2.788345642334494201e+01
2.187135332458433723e+01
2.530969105286747478e+01
2.591311778345365369e+01
3.206785919642942417e+01
2.177100318968412651e+01
2.147455395424012892e+01
2.216448687098146664e+01
2.560099177265390935e+01
1.971069165988076222e+01
2.802630859963297993e+01
2.710143539269735413e+01
2.243494077687152810e+01
1.853179921215198078e+01
2.938585951454134815e+01
2.805135427942414239e+01
2.474440388689846060e+01
2.365581032272291750e+01
2.168335973714891907e+01
2.540910612305374627e+01
2.877174657275984515e+01
2.979345083268612626e+01
2.577216697526966982e+01
2.108641808573354481e+01
2.865323674647876473e+01
1.896165000645462939e+01
2.592611670199675089e+01
2.273891397855706487e+01
2.596207914769393810e+01
1.849316102525478556e+01
2.586758448557138479e+01
2.853343181169145737e+01
1.735981171805582690e+01
3.078629052296378887e+01
1.821546826612680903e+01
2.938147312758207264e+01
1.611430208923857776e+01
2.026811523181082109e+01
3.128385938990042447e+01
2.205717023188427106e+01
2.905444518264941323e+01
1.705027455399329739e+01
2.580975676702569288e+01
1.991146775451462858e+01
1.759375997929814162e+01
2.059007695398792848e+01
3.020199010555513297e+01
2.552317471449322994e+01
2.562739264560056895e+01
3.579623770871511113e+01
2.837372268632230288e+01
2.407911253359133141e+01
2.094416343079636533e+01
1.376822328479023305e+01
2.807137904091049307e+01
3.209615447354581619e+01
2.094343911531607105e+01
2.198995911636530209e+01
2.504532089582752974e+01
2.044403472232914609e+01
2.208583074490000797e+01
2.445183743407477195e+01
2.788530686336420317e+01
1.776654593130463056e+01
2.909797421114311788e+01
2.019458558738949705e+01
2.872677448040809267e+01
2.074019241194431018e+01
2.601884764863003952e+01
2.377641650576658350e+01
2.301920014612001708e+01
2.863239881257671726e+01
2.737611274751067114e+01
2.623835426725185371e+01
3.331627726678857471e+01
1.967806019537702511e+01
1.826559280733462742e+01
3.041019027212805526e+01
2.131211505949257301e+01
2.249524255288746133e+01
3.227699889507883313e+01
3.180914631169774864e+01
1.794888358990363031e+01
2.361713139666107963e+01
2.455198271594524329e+01
3.314494479295519369e+01
1.790522031838814598e+01
2.449742699881517893e+01
2.196260076680058759e+01
2.140845436631207122e+01
2.284507257279347314e+01
2.642565824754817783e+01
2.193537889065031266e+01
1.966489383663910218e+01
1.598546131589592534e+01
2.346074573777043071e+01
3.025749606628960819e+01
2.304749119102220334e+01
2.170006320838242431e+01
2.289949845625262270e+01
2.722373707829246925e+01
3.524023583356902378e+01
1.713168107877196178e+01
2.489595897361613197e+01
2.644803866072895460e+01
1.754449647851102512e+01
1.844845222368891768e+01
2.080064364507845198e+01
3.050941359152970023e+01
2.201537878794091796e+01
3.384350667903747478e+01
2.729171508893784193e+01
2.044024162756590357e+01
2.516488225573743520e+01
2.605470538730804009e+01
2.704343707799199947e+01
2.824527345666950851e+01
3.310143646420220165e+01
2.072135401012208433e+01
2.347211791175570639e+01
2.818260104198442306e+01
3.064504350551906953e+01
1.715560717367687715e+01
2.876253910269899094e+01
2.282956537335130776e+01
2.942300090723550809e+01
2.163117645734369532e+01
3.240131957156234677e+01
