1.032605438871915915e+00
1.048616443020192968e+00
2.434017462308367019e+00
1.363072235698097545e+00
6.925656637178173591e-01
1.117361043753100525e+00
4.745658889339666175e-01
6.461627019824264240e-01
1.230271854996892955e+00
1.229189880667925117e+00
1.084002450372146820e+00
9.992409930380300453e-01
6.595080006695878128e-01
8.161641142049917974e-01
1.088317324551232979e+00
6.569912096827789094e-01
5.723704529826797449e-01
6.381668137698047749e-01
9.068284212018180579e-01
6.761630957633399941e-01
6.189676829209163067e-01
8.590158519160527861e-01
7.894179794567751651e-01
1.086510570555752286e+00
1.200301706495857879e+00
1.066143566444800017e+00
1.029380817044076357e+00
1.407033100301156692e+00
7.812611607165989014e-01
5.365356725861597509e-01
8.846542587465547891e-01
1.060623030460260408e+00
1.005193693615700434e+00
8.120365279535008973e-01
9.240731218694687721e-01
1.128501756870639472e+00
6.675930954749426105e-01
5.224234687791133869e-01
1.947844378740617222e+00
2.390026000237008841e+00
1.030511711900380156e+00
1.280543884404101718e+00
7.471585532380441430e-01
5.179779935245582001e-01
1.194159910834143634e+00
6.218815513588342725e-01
1.255681161759804265e+00
6.704332941566261139e-01
7.411798654402479425e-01
1.590396263560805767e+00
1.253739956797935262e+00
7.899720516326595998e-01
6.197707317840687180e-01
6.229921390640288381e-01
1.339453066935876624e+00
8.614563019305970792e-01
9.915899352260753030e-01
1.554680120766894547e+00
5.643796979725791418e-01
6.177966186145671390e-01
1.246380546088946328e+00
1.183509436212411003e+00
1.567668445019106072e+00
1.164574345513939457e+00
9.664960031884592961e-01
1.295542202107583973e+00
5.635112947908652581e-01
9.191065917033736099e-01
6.797543140192267019e-01
1.189563227156371195e+00
8.518387537490500483e-01
1.246321132131981591e+00
9.380534168873704282e-01
5.769801705529743474e-01
1.093537732705896159e+00
2.229010152773373665e+00
9.456588909173155866e-01
8.669313880295741459e-01
8.806865794564283645e-01
1.147328904995065679e+00
5.233317855744886726e-01
5.748165844995681839e-01
2.535623475685549799e+00
2.426936678057753483e+00
1.144543061790775473e+00
9.956169889228381198e-01
7.552968712428411724e-01
9.394564313352772311e-01
4.528510340030427184e-01
7.753639728206148662e-01
5.030175500195188665e-01
1.053669296205134165e+00
9.312319805515010263e-01
8.146245927002018217e-01
1.216343404781772275e+00
1.154430529277019390e+00
7.727169619780656085e-01
6.788318725339081983e-01
1.049509870763004171e+00
1.131566052225811081e+00
6.891114438488238347e-01
5.861905540338533394e-01
1.092936843634817690e+00
1.497053413915325315e+00
9.392321651679027550e-01
1.017321960027869565e+00
9.824626664270291743e-01
8.070438626301851270e-01
7.307246838605639949e-01
1.542257016692808236e+00
9.769816790034152598e-01
1.113974754580684179e+00
7.712577852802703360e-01
9.624013317781057175e-01
1.394301034098617942e+00
1.201019684730313619e+00
1.182440546483000565e+00
8.284130175025805620e-01
9.671218932583866001e-01
1.029059872968825617e+00
6.164069630088641061e-01
5.085085343143304071e-01
5.506879929199890444e-01
7.454601454294589313e-01
1.050377935671801710e+00
1.060480046308778679e+00
5.494569657762988779e-01
9.734612841635295055e-01
1.638109460620260860e+00
6.048392310564341123e-01
8.693639469564208300e-01
6.883654722543930404e-01
1.617945207441672917e+00
9.740884355465688760e-01
9.905385336890158987e-01
1.468756501788865076e+00
5.611382678135479196e-01
6.157717435674958661e-01
7.013329868780504572e-01
1.471484276185330398e+00
7.536659483394584358e-01
6.908387386267001995e-01
7.439451611513092644e-01
8.903911948216717276e-01
8.318725207563254509e-01
9.157410996348220866e-01
8.880457730070190348e-01
8.078895262919437714e-01
5.553925047801419046e-01
9.671671890270264749e-01
1.697669487883257666e+00
1.062703579801731246e+00
7.392479495035692016e-01
1.024983968301110604e+00
5.037591547889859189e-01
2.436176556454999975e+00
1.108253747169664294e+00
6.093144464547901595e-01
8.425930503445238084e-01
1.441749895923148062e+00
1.150351895704844640e+00
9.118630970933425672e-01
9.663220932385893081e-01
1.473756226126396118e+00
8.303525822048394289e-01
6.081068493879381309e-01
8.589511918343570862e-01
1.170989629241726115e+00
1.051823447591665461e+00
8.105447191847534594e-01
1.311933380483593758e+00
1.093155226177624728e+00
1.279934069336257974e+00
4.673181112800384174e-01
5.565975248512121665e-01
1.269378797742436671e+00
1.554274014238309132e+00
1.941004449455607128e+00
9.715449487184900645e-01
1.225780774660357064e+00
1.033315605796844450e+00
1.691671356148716221e+00
1.418574838011154249e+00
6.128236493763462578e-01
1.342499798433498537e+00
1.114923741390091427e+00
8.252874456432910399e-01
5.221377111829190731e-01
1.699732981340793980e+00
1.287306251364992660e+00
7.722228989967842017e-01
5.508147495537386584e-01
4.344695815906375880e-01
1.685442232790395956e+00
9.834874454623321327e-01
7.386525628489221118e-01
1.043521693461195499e+00
9.791947207195677017e-01
1.123415106600410995e+00
1.731479085480480240e+00
8.144685184158270141e-01
6.039098487272950289e-01
7.341407531003096842e-01
6.470630007371618309e-01
6.436605679386169232e-01
6.063508104930079856e-01
8.942958777147775873e-01
9.229824571715956605e-01
1.399869716892147897e+00
1.212531682138797473e+00
1.401727300166503820e+00
6.654105598087108886e-01
5.123928096030287982e-01
1.153262297564669359e+00
7.632911799661904473e-01
1.286671703130268352e+00
6.710144480863009520e-01
8.774318442795430162e-01
7.781507257752776630e-01
1.127023115741382586e+00
2.029947626527177640e+00
3.461403737586891349e+00
5.858344547246439049e-01
2.884823045623813531e+00
7.298092468051534665e-01
5.986372331700090532e-01
4.397018900870899305e-01
2.665370627347720234e+00
8.852395760970672711e-01
7.473744419576224818e-01
5.872865833474426589e-01
1.124170241981762963e+00
8.836054596760097857e-01
6.405634631252781208e-01
1.061693278565583487e+00
7.057103319794487684e-01
4.754912022848746256e-01
8.429151161654351299e-01
5.621068730189126006e-01
8.289822971835022480e-01
1.148906719262951404e+00
1.025026098515021022e+00
1.023145841799361522e+00
1.162095700566467604e+00
5.484235430627647512e-01
1.032337607509802302e+00
1.643869943190856775e+00
5.514656627172913606e-01
4.658204746500659299e-01
6.770279559036666006e-01
8.201967928332128954e-01
9.093028376674836544e-01
7.425510183907163553e-01
5.914316598257576274e-01
1.555847617076829836e+00
8.007547612890033584e-01
1.078013063208692390e+00
5.680457827754796796e-01
7.412096490044126629e-01
1.142328973498593081e+00
8.307870235774648116e-01
8.699899242956959933e-01
7.197409135328494134e-01
8.419126434316102081e-01
7.017164095607804075e-01
1.232752514798778121e+00
1.220756089704006842e+00
1.075044657272808735e+00
5.980717144353858705e-01
6.685003518409523560e-01
1.924646281917384849e+00
1.013821930493949308e+00
2.013819838400351614e+00
6.126759754103937583e-01
8.965586712059931962e-01
5.371976275800715017e-01
7.828737013989131022e-01
9.612181071906228391e-01
2.622305866427795173e+00
7.106354035365690658e-01
1.253946526898895852e+00
8.401816515278651698e-01
6.460370568021894799e-01
8.438111453447558752e-01
7.992515300667715206e-01
5.732226073530327648e-01
1.763414152099014309e+00
9.956179373109975694e-01
8.429683338317599528e-01
1.319316827011275395e+00
9.067058917090158321e-01
2.142105197150399931e+00
7.933373685909146378e-01
6.143780159683159825e-01
2.412115678761332038e+00
9.764416310006598376e-01
6.148903775882634815e-01
7.024508461075157362e-01
8.512578054136947792e-01
6.424710780372913099e-01
