7.258736927397457794e-01
3.062057041695466886e+00
5.571510265690925445e-01
6.857997943256703977e-01
8.567031175800984277e-01
7.721379342191215800e-01
5.602484188683959365e-01
5.255565179757116789e-01
7.206265915107769038e-01
8.946976357556701842e-01
1.097931519462245653e+00
1.544234921145987816e+00
1.662065064381500257e+00
1.028845437136465035e+00
1.640253305050380472e+00
8.706877150164186174e-01
9.981358897196751512e-01
6.091462762222363825e-01
1.476269511944196866e+00
8.420739950617002201e-01
9.205343545097216529e-01
1.127734851040183228e+00
6.981224022937388973e-01
1.521432401720517191e+00
4.753989017258670180e-01
6.262047329764394155e-01
9.170403918326316406e-01
1.580004366810161986e+00
2.392915888327090013e+00
8.637918363637416830e-01
6.421767433127859581e-01
1.131371074000887544e+00
6.505891684170221900e-01
9.139548226135363329e-01
1.638235683286337840e+00
1.157813752879057523e+00
7.104952824482944074e-01
5.259764364092458511e-01
6.445460586745526133e-01
7.076218788963684059e-01
5.924543219542900419e-01
1.209784683792496596e+00
3.569367478094363388e+00
7.114785332198684253e-01
1.632192302146289409e+00
8.755187861427682350e-01
1.346116300164613699e+00
9.129144033541822800e-01
1.144802800484348682e+00
9.307073906278802156e-01
6.735529614513182661e-01
6.160576427242879793e-01
9.307953311847922961e-01
5.797380969337684320e-01
8.253854412879783053e-01
1.217068927638551346e+00
3.607334286113469179e+00
1.056974346724366409e+00
8.105400412473141580e-01
8.047599833443744854e-01
2.811320050415855309e+00
1.114915179769287557e+00
4.938927162871254439e-01
1.463814774408594976e+00
2.195320637290385513e+00
8.502671652981708128e-01
7.846128333749403660e-01
1.894360441860216682e+00
8.683596975181844257e-01
5.571381304999252215e-01
7.240774905414695262e-01
1.499342885484034493e+00
1.104945405281702042e+00
6.185865447013486618e-01
8.707125656029368610e-01
8.457040204325422250e-01
7.961914854458916890e-01
1.281432520625281457e+00
6.661467018524944717e-01
2.007441292673161737e+00
9.508171618291952898e-01
1.255817548243406412e+00
6.524098795294047681e-01
8.862416755335533747e-01
7.760045596903724086e-01
6.435853805370982395e-01
7.081308537513523182e-01
8.578634077701868810e-01
1.105258691461188381e+00
1.115746346341323969e+00
1.310085880960604410e+00
8.956816599419661351e-01
6.507167184859974363e-01
1.311692183648281995e+00
7.627970664162410097e-01
1.073577184334521650e+00
6.484266142979202563e-01
1.829455694426981527e+00
8.443899668271456216e-01
1.346650730924560557e+00
6.069756891072010108e-01
7.239778704043822177e-01
6.511511592551415539e-01
6.298400874983857145e-01
1.533339712825522172e+00
7.343954118893537553e-01
9.042857931220007472e-01
6.628764402836128111e-01
6.386903470455580489e-01
9.125107515913476464e-01
1.101439419527210584e+00
9.481152974757782737e-01
1.073646824500351427e+00
8.078010512549151922e-01
7.141990905331243589e-01
4.449142118393411560e-01
6.375994309151234996e-01
1.264070205242914247e+00
1.201157419393385162e+00
1.046540660250149468e+00
1.016136136822861857e+00
1.029818660820488008e+00
9.769840801806271013e-01
7.848228144362697778e-01
6.973678928308653102e-01
9.378047596312755196e-01
7.114753383656762242e-01
8.629995731126552938e-01
1.841480835912748137e+00
9.572567286416945320e-01
6.093796457747067130e-01
1.077527427309750152e+00
8.806176547024274770e-01
1.161551283734078455e+00
1.674954448389659012e+00
5.730974134527814234e-01
7.128624438433172061e-01
1.178945669101443938e+00
1.436040659090769944e+00
7.956827377366534337e-01
1.298663976821841315e+00
7.692123972294689915e-01
6.139375436204582703e-01
2.527572996762708080e+00
6.852980961595435128e-01
7.487704028836201786e-01
7.950271131656901913e-01
7.654746141748655086e-01
1.182120344721805827e+00
5.604500896871547067e-01
1.398244835555214172e+00
9.612639146793753309e-01
2.695698942106047102e+00
1.582564995540209907e+00
8.831606137875576135e-01
6.458563989608780975e-01
9.506950910354211581e-01
1.166889707843665525e+00
3.858285729036711853e+00
7.224448106888224919e-01
7.251679877947788677e-01
8.930793468522585377e-01
7.669215007578881194e-01
9.261218329777997083e-01
1.021726240574468036e+00
1.622149319071193974e+00
1.420176183534653358e+00
7.523628313796223432e-01
9.176290685233432498e-01
9.401233775491137923e-01
8.161670990257769986e-01
7.163326824627517242e-01
6.925454712333117824e-01
9.458812638767900571e-01
9.033223057659731658e-01
1.655404608191131333e+00
1.262677309604630871e+00
6.799136794253148874e-01
7.428167395459347455e-01
1.351697846636194855e+00
1.241619395838778450e+00
1.228513212678010058e+00
7.937151218758190518e-01
9.864530274029384982e-01
1.403719633198165839e+00
7.318121576768309433e-01
1.154516251841937846e+00
6.223666652318512460e-01
2.269908070235359343e+00
1.015568838182014044e+00
8.904843778666463594e-01
1.160361395909541793e+00
2.044122108657451253e+00
7.825275672758555956e-01
6.592027087148711884e-01
9.868445495320661287e-01
7.328658118524143950e-01
8.611947072967539585e-01
6.999642907107677114e-01
5.585690710578723461e-01
7.328546660058140594e-01
1.107070094817727446e+00
8.141575720162167462e-01
1.718855849890087439e+00
1.193837288028849253e+00
1.260244340316557521e+00
6.572374386451718120e-01
1.200476076358067967e+00
1.515429034243772177e+00
6.015664213124040094e-01
1.637993987772476956e+00
1.708223023605456525e+00
8.054317767538541339e-01
6.002885496572289981e-01
3.871481108075944255e-01
9.302594978830385219e-01
6.858029796670447320e-01
1.525273798896614741e+00
1.192085804016707495e+00
1.413841885532782117e+00
6.945761838892327011e-01
7.302163721283920772e-01
8.641169036379603430e-01
1.268500658728748398e+00
7.197819108328504800e-01
1.234701613814850107e+00
1.270032224873967941e+00
8.631854944456177625e-01
9.010389972404063696e-01
1.118205771667277082e+00
1.313799529093432339e+00
2.152044164415848115e+00
1.326145801538775038e+00
4.675997485284452693e-01
5.504272483389517356e-01
9.901729996127915934e-01
3.559535441016214996e+00
1.205963234328034650e+00
1.185533635281117437e+00
1.452105894552980780e+00
1.191564630334637664e+00
6.833231765020942872e-01
7.818934093129521479e-01
7.391510045662549322e-01
8.290330074461977894e-01
9.576664301839713511e-01
5.470130991472937909e-01
6.312322244276002969e-01
1.023974694382145945e+00
5.420206805781165871e-01
8.008816236173300629e-01
1.363208366587288944e+00
7.174919980956531163e-01
9.846509181477678396e-01
5.116410527291719301e-01
1.741479685480894268e+00
1.178266980398348318e+00
5.373111384719698735e-01
8.631538510204982417e-01
5.537133543550452064e-01
8.223632512123723037e-01
1.548060835639164523e+00
1.594335900945600848e+00
1.183365462422046432e+00
9.295060483261751161e-01
6.272894609005026378e-01
6.674584894844453054e-01
8.366592116121374101e-01
7.567474521987277436e-01
1.052107939990853058e+00
9.682152864629500755e-01
1.739909955944049624e+00
6.980742772224212134e-01
1.973900565947778407e+00
9.129334439601807238e-01
1.230501593183983777e+00
1.093472504664904976e+00
6.501415632169111891e-01
1.434949247389891491e+00
8.886949566004397338e-01
1.252623432740066045e+00
5.947999224635143189e-01
6.162354137101567764e-01
1.108798730632433394e+00
7.514598754511649936e-01
1.015733247687498064e+00
1.433562904772640367e+00
6.270403733400325974e-01
8.337770564236831605e-01
1.246264859414519144e+00
6.529778427505308347e-01
7.533631714820852032e-01
6.373457228671580710e-01
7.134425486432064423e-01
1.759201788384550547e+00
1.172912467328747210e+00
8.921729582745155929e-01
6.545025583397260371e-01
9.306696130700468084e-01
1.413408753196812029e+00
1.463776092540610252e+00
6.640471134401966236e-01
1.205049576193473637e+00
9.502557185047426636e-01
4.731758220412017879e-01
6.768668385083603800e-01
9.721313647802662938e-01
9.067276562913945126e-01
1.417430759425734266e+00
8.551373383687828067e-01
1.238081133607003892e+00
8.165345908087685567e-01
2.234197232613567508e+00
6.403142438304432194e-01
9.823317799859234700e-01
7.084141063959512596e-01
8.535370961026458314e-01
1.647694924388691140e+00
6.259230531872768122e-01
1.411969950794830231e+00
7.528881696850782124e-01
6.388919073126507753e-01
1.070462541898893338e+00
1.334269224334410531e+00
1.009429894264253003e+00
1.149010515133577437e+00
6.450952289327469558e-01
9.917792494839440254e-01
7.808288066394026838e-01
6.421655830305392776e-01
4.818654155689568452e-01
2.215900054597823132e+00
7.505957612176643590e-01
9.969668242627721666e-01
7.887071737155364470e-01
8.706518363309163622e-01
8.157347809572441655e-01
1.377952690501912825e+00
6.946472448169386249e-01
7.789901367932843268e-01
3.481325786768839636e-01
7.494216117116880849e-01
2.119049243874171928e+00
7.624104671963279900e-01
6.929431279763350604e-01
1.120887764308764467e+00
4.693092014420344182e-01
6.366742165647726326e-01
1.337991208571429169e+00
1.164802111241704852e+00
6.298368564623640919e-01
6.036280166934786529e-01
8.040346760940179083e-01
1.073246369647689047e+00
5.215258269390133927e-01
9.812874818406726041e-01
5.563382523572969474e-01
7.197257206943935559e-01
8.846052820761889368e-01
6.254527545223337315e-01
2.094326071996476912e+00
8.981711265035314806e-01
7.777714260953371150e-01
7.678109020845774735e-01
5.531716118271768901e-01
1.104562429810830970e+00
8.691168819364204490e-01
2.516549277136174378e+00
1.132862394754894586e+00
5.897826403125744354e-01
5.800946576786376596e-01
7.214607258372357501e-01
1.764649183633322238e+00
4.414077666006476219e-01
1.006614993646132383e+00
1.219838044074133876e+00
5.176897655917321872e-01
6.371583335310867513e-01
8.798048989462308178e-01
1.514729401252467245e+00
7.883878830376283009e-01
7.906010962045748602e-01
6.678728390655485070e-01
1.311836062176893192e+00
5.748664003604304629e-01
5.898727322775257909e-01
1.527037384002399190e+00
8.481170656471505032e-01
2.061685223472894180e+00
8.388517285459986539e-01
8.225293070791297456e-01
8.044991528205522879e-01
6.036950889531734754e-01
5.954852727516781741e-01
7.215755132592488463e-01
1.927576566733546715e+00
8.655868337342373930e-01
1.041171895906952027e+00
5.884051942838571803e-01
8.931584873793489976e-01
6.729112886089738677e-01
6.025669147791085090e-01
1.059692567708387045e+00
1.682837553652073881e+00
9.392314356538319364e-01
9.496809361560928364e-01
1.210914114901296967e+00
9.225176088679903907e-01
6.022821705745418086e-01
6.328313020209028750e-01
7.419834862498974060e-01
8.709288793560705511e-01
7.172803697271995516e-01
9.029156101799091783e-01
5.474267400175524267e-01
6.069212866315158994e-01
9.545644357888883880e-01
1.274841323252496217e+00
1.001578320556503865e+00
4.342755935626582131e-01
6.294516000104023457e-01
9.663167360217826962e-01
2.062494785902892147e+00
6.852510315198024893e-01
6.034243656393049049e-01
1.291390307023356554e+00
5.949211774700379207e-01
7.334065217339358345e-01
8.108036705978963754e-01
6.049651425603130850e-01
1.160370600904535587e+00
7.155315410249681873e-01
9.009426471825421334e-01
5.431393957914207871e-01
5.241832613449933786e-01
7.187408832783397372e-01
1.370679810476723937e+00
2.165998563709967684e+00
7.108797274204557981e-01
1.941848259583465630e+00
7.138206283241713690e-01
6.934388169095245802e-01
9.532708931594204849e-01
9.976470453778553127e-01
6.169386240769779706e-01
8.677128268563208957e-01
1.587043736582441023e+00
4.750521605094979449e-01
8.979485448328444752e-01
1.669115352142814812e+00
1.307742868938225556e+00
6.493870747554142397e-01
1.687713086255955952e+00
6.467312301134897634e-01
7.036373531268290682e-01
1.185453201007477197e+00
6.562357848917802494e-01
6.584219247056615210e-01
9.715842499814525413e-01
2.586816905089696750e+00
1.803377282736036147e+00
8.227118233509316259e-01
7.483545982097912219e-01
8.973134663427689839e-01
7.604066709208446850e-01
2.019429508717970112e+00
7.841056057175171956e-01
5.070460174178759161e-01
5.419186391126066260e-01
7.248952360226440517e-01
4.618574271614160898e-01
1.508694369273361646e+00
9.289552387986539372e-01
1.668584324228243876e+00
1.445903561766859191e+00
8.079906478659975022e-01
9.352936938313854975e-01
5.538140393630176517e-01
6.166807149455233450e-01
1.684107426130231122e+00
7.405900364469398811e-01
1.389992334640044014e+00
6.080996695243205963e-01
1.032040591131821339e+00
1.244161357776184529e+00
6.566268109397291886e-01
2.528482035281685025e+00
7.017347368408324293e-01
1.613397736135488980e+00
7.824688127275978289e-01
9.871431985117874452e-01
8.719744428262354852e-01
6.880079877293926449e-01
2.512495592890729323e+00
8.245270097139282273e-01
4.998326572303613546e-01
6.997414713206066006e-01
1.264168415401177192e+00
9.191807102142636188e-01
1.145681229217843100e+00
