8.796148408143872999e+00
5.022779383982197032e+00
9.932291904753798306e+00
9.291755051132962961e+00
9.293437590270221094e+00
7.915489905664770731e+00
8.422138326961496446e+00
9.409459543122977720e+00
8.839516885539810076e+00
8.632573155968565004e+00
8.609531054662998173e+00
6.654933995375857947e+00
7.907509407346745789e+00
7.235782267063366469e+00
1.025770207920886357e+01
1.165334227748283347e+01
6.809189822241124901e+00
1.008856804331007595e+01
7.922769247707545759e+00
5.550425420776445407e+00
9.352082138058136707e+00
6.649464703276105837e+00
7.968793020814998407e+00
1.134760218041999735e+01
9.528857905367669190e+00
1.224630292294583711e+01
7.795227343519113283e+00
8.383484439578829495e+00
8.048088519766178450e+00
5.583761029527260611e+00
6.717475899165542330e+00
7.893350280107181760e+00
9.152169075876173565e+00
6.615417702747325102e+00
8.195671666376464159e+00
1.038919654239471413e+01
9.023633846093591870e+00
7.450786259920401555e+00
9.550775438198428446e+00
9.474942642999113929e+00
6.323621680252663246e+00
5.999012476280666029e+00
9.902395344941334443e+00
7.693229639815013954e+00
6.444696712778865688e+00
6.387482907527950893e+00
9.893686107906125571e+00
1.182593928919116344e+01
1.021984139594338892e+01
8.336263865408467311e+00
7.733469439737133300e+00
9.443438172831847055e+00
1.057884496037743638e+01
8.458299647051324754e+00
8.437389366421752968e+00
8.841203923415170252e+00
7.742822712547513753e+00
6.987293382516398310e+00
9.896613062152473717e+00
7.369717194015571238e+00
1.209145505588327119e+01
4.941147534174278988e+00
1.016754041501245176e+01
1.021258972945501853e+01
7.071914279567156569e+00
8.555969985879626094e+00
1.134070386311964640e+01
1.031041498871188367e+01
8.950944473920896982e+00
1.032508178807657018e+01
7.089799474603950991e+00
7.258347247276109471e+00
6.574044337398722071e+00
9.260530392917711850e+00
9.271424064948268651e+00
7.323693816994251371e+00
5.256069871169104957e+00
9.133126158148431983e+00
7.765969789426389269e+00
1.078204908824577046e+01
1.136742622406612924e+01
6.721063958644639236e+00
1.094395085516246624e+01
7.667259495325074781e+00
9.928317309768164733e+00
9.567918440212613618e+00
1.089546964669693985e+01
7.859623923485173691e+00
8.587328106089101354e+00
1.091753104300508248e+01
1.051325790956104100e+01
8.663564146736405291e+00
1.196787668223457501e+01
9.692337744208861849e+00
8.255257429504283095e+00
1.070828162105204839e+01
9.400073719389315130e+00
1.006576690316364342e+01
1.002537840345553732e+01
1.203521193310128723e+01
1.527545304159028916e+01
5.410085063372325642e+00
8.739437073222346086e+00
1.069624976479709311e+01
9.627868533693362707e+00
6.428320872557907073e+00
9.698773274316572213e+00
8.621698699959431167e+00
8.455363814442904413e+00
8.863477884651624450e+00
7.888017097751733431e+00
6.451863056123984030e+00
1.016481014688325679e+01
7.717214220216292553e+00
8.280619339158658221e+00
9.635179013402593640e+00
8.334675872745613390e+00
1.008111304029316990e+01
9.959370929927084504e+00
7.162806253571845083e+00
8.985677354136129225e+00
8.952991839790332307e+00
1.167191404950273181e+01
9.773012709765680484e+00
7.768794681715384343e+00
7.091761662763247820e+00
8.115804011987288291e+00
9.082674184092663694e+00
7.590770211318260685e+00
1.021721955779398883e+01
5.631962537843692829e+00
8.887320828375115056e+00
7.583874895140178651e+00
8.244808749799481973e+00
7.146133387876271392e+00
7.037685861402715126e+00
9.037158053123826917e+00
9.383675546595675598e+00
1.006039382453248976e+01
6.832678737114078693e+00
1.167405105628550288e+01
8.968446965801595283e+00
1.131398352489774517e+01
7.993224000752466196e+00
8.993251926255618756e+00
1.031419623428915600e+01
1.016356041068294047e+01
6.871057250754035728e+00
1.168810147019066825e+01
9.402577364968852436e+00
9.774758001234795657e+00
7.217936143086635781e+00
9.063688133210940023e+00
8.734263873099591180e+00
9.151510913034755390e+00
7.180724081902136291e+00
7.889310729900809172e+00
7.283881950770273228e+00
9.847157013418758709e+00
1.004325141904372209e+01
9.706902144330673110e+00
9.261767627246717538e+00
9.384055051481281495e+00
1.078475115728380374e+01
8.586626761899806226e+00
9.021881150182210263e+00
1.374879063135532320e+01
9.605356499687244920e+00
6.714691464097525930e+00
8.068042043320257761e+00
7.283174769441345120e+00
7.295280781683059601e+00
9.472010333573276597e+00
9.761284254354741563e+00
1.074255457003616421e+01
7.299048856544721353e+00
1.007431210079651507e+01
8.866272859475596846e+00
1.022849464207791925e+01
9.281095666309363779e+00
6.279637501674718791e+00
1.037922291223650006e+01
7.283234921612450563e+00
8.566894120852147410e+00
8.683668212854264823e+00
8.174333338188112918e+00
8.904899638999719258e+00
8.305231141752225099e+00
8.731107208578260170e+00
4.821493764330123888e+00
7.679173424551119176e+00
8.533510548683157282e+00
6.960683578627706147e+00
1.060293465217299769e+01
9.621711222753818404e+00
7.850423914269343939e+00
8.867287459778451009e+00
6.730328986518789414e+00
1.043853943323168920e+01
8.789529528899878486e+00
1.431157579728633955e+01
8.935382335970832202e+00
8.213474743325399174e+00
1.054070128748243462e+01
1.160604580674102593e+01
8.561723202773789509e+00
1.159406181805549529e+01
1.007322623664394712e+01
9.778185433294060758e+00
9.450961961869504435e+00
6.554204447587983928e+00
7.787284409919416284e+00
6.255491282735678560e+00
7.075509404840862437e+00
8.666531294692722653e+00
1.034762928962328132e+01
7.578694891988244642e+00
7.789221342931222480e+00
9.049045844548796680e+00
1.215078947397621612e+01
9.587553309563247694e+00
1.055906421515456373e+01
1.090121707973239396e+01
1.026214436958557386e+01
8.761437437518614146e+00
9.868138053767356865e+00
1.049633039408326418e+01
8.260060274738034281e+00
1.067619427121579356e+01
8.413471352793777669e+00
7.993269744863761517e+00
1.199579067511619002e+01
7.401927299986635234e+00
1.117914480581545789e+01
8.952085738165635576e+00
6.680483250852559785e+00
9.241280604212427363e+00
9.480875980459188668e+00
6.068834978564518146e+00
9.302030691538087481e+00
1.237598930714293566e+01
8.742062559910806385e+00
8.157938499747277916e+00
8.651176246290537719e+00
8.648177501288031976e+00
1.069960726828820974e+01
7.047023500292773690e+00
1.098893616600253509e+01
1.098383903994471034e+01
9.616688284191873493e+00
9.036333729130229031e+00
8.882241959835379674e+00
9.680486052185120371e+00
1.301110881941992758e+01
8.708431774789653801e+00
9.392772022322541048e+00
7.298937882319290971e+00
1.117824005388905917e+01
9.666179372134280356e+00
7.620579783331487889e+00
1.123759092347575006e+01
7.419631284133962446e+00
8.873885211400448725e+00
9.427603313568296173e+00
7.589422338777380261e+00
9.323368963859040903e+00
7.998838737341213978e+00
7.646468796036619331e+00
1.195702371751711368e+01
1.071870267723913095e+01
1.188425340838819544e+01
8.186788446576771960e+00
7.584489334992787768e+00
1.029438249727073007e+01
1.052126249390378732e+01
8.429671878877492475e+00
6.330829418227013505e+00
9.950671734351272946e+00
6.446005200436563776e+00
6.326156803913562499e+00
1.001653746974936787e+01
8.491497611803636048e+00
7.375885213817983121e+00
9.569524270857739268e+00
8.873624528965509128e+00
7.105257233692506169e+00
7.754052779555490993e+00
7.696616042600973984e+00
1.140638727374692252e+01
6.385136674654773081e+00
1.156167929124965710e+01
8.529227209570986901e+00
9.357662498289228026e+00
9.618840772541627615e+00
5.081418615122557547e+00
1.154171263313113371e+01
7.799099493823435481e+00
8.666043591352686093e+00
1.141885681484483150e+01
9.556772016101849232e+00
