2.558755745536744453e+00
3.983300988404291143e+00
2.546796119898494304e+00
3.819005637261021047e+00
2.746617781628507782e+00
5.643495824259800564e+00
6.197104024925814691e+00
2.983848659057334096e+00
5.056941537329255887e+00
2.556354490093255549e+00
2.369696052087597593e+00
6.509958626001787430e+00
5.074030109280017520e+00
3.824943962060001645e+00
7.080057351389687170e+00
5.856500911128134312e+00
4.428157918521263170e+00
3.420394938270840512e+00
4.574559703394619703e+00
2.567117605768992838e+00
7.364663311658507183e+00
4.030723950013177515e+00
6.878790993505683460e+00
3.107152389366643952e+00
7.483469780270507243e+00
4.342902402705898446e+00
4.882156307049545951e+00
5.423746173392235193e+00
2.772891499042969166e+00
3.664214020614601885e+00
8.289590170771571565e+00
6.446129284727690312e+00
1.512237083392429460e+00
4.771946422243227737e+00
5.024098846623002323e+00
1.992179047896961652e+00
4.714157266325703866e+00
6.268262393906487873e+00
2.633810459890372879e+00
6.471909894957472709e+00
8.493710668960957832e+00
3.797926362740499773e+00
3.462191495118844831e+00
3.721986430766557774e+00
3.455774785016640482e+00
3.520074188043424535e+00
3.472647533810233611e+00
4.913714107358713612e+00
4.445058486965558942e+00
6.271351470747715595e+00
4.106257817372852337e+00
2.532988548289210495e+00
4.657127493536859397e+00
4.350090740105852838e+00
1.541919729787079474e+00
8.704750199803809707e+00
5.716974346270942142e+00
4.162569701051162419e+00
4.537118509350752227e+00
7.933824514108660075e+00
5.097502659140492831e+00
3.155492849962746593e+00
3.868306988167915961e+00
3.105742233782142758e+00
5.053575627370507917e+00
2.598861469655135537e+00
2.888670658185538365e+00
2.736195441687105046e+00
5.634422548934108654e+00
5.859358260673630525e+00
5.004349033090017329e+00
6.738103168094411899e+00
3.919538424614788408e+00
3.702525670201714192e+00
1.081790738973861110e+01
4.773469488332096944e+00
6.504078082093596613e+00
6.359646473179961568e+00
4.659649945803840509e+00
4.662339370757793588e+00
2.585779815532832870e+00
1.989334259838153596e+00
2.232613481787065535e+00
3.311584214513936697e+00
7.303322731881412011e+00
4.508648226167567330e+00
8.507904649576136791e+00
4.464483511380096914e+00
7.766258354069887737e+00
2.864340518786807621e+00
5.154461462391020099e+00
4.769413900803153084e+00
4.306193901307394434e+00
3.461683288635459821e+00
4.928539844877287024e+00
6.620721362493476647e+00
4.597725695700345838e+00
2.649195895245463284e+00
1.818201372696931939e+00
4.472400693172889241e+00
5.464932155891347954e+00
4.446076081091039356e+00
2.916509600489759713e+00
5.998907491610006915e+00
3.760489248308142241e+00
6.597518174598145713e+00
2.489181886208275518e+00
3.478577072700653527e+00
4.577011372755054097e+00
6.764358776296561793e+00
6.510732973661440326e+00
6.252126482380913508e+00
4.399575201275049530e+00
5.718979249658489472e+00
5.249593671548196561e+00
2.806245991264475936e+00
3.501529125228092454e+00
3.755479982198364208e+00
4.235705744903597747e+00
5.947342285934898776e+00
3.359056406561362174e+00
5.837935497150809283e+00
2.405180952276769091e+00
4.999019441279905607e+00
1.360495853477968309e+00
2.854182645067684820e+00
6.921942786948338977e+00
2.175897513554875040e+00
4.560785255071652777e+00
5.076178519662696509e+00
4.240701578352471302e+00
2.806123916688239905e+00
5.922984235038882161e+00
2.612094100619347881e+00
3.485665798548231553e+00
8.143623655120439508e+00
8.096517723706385894e+00
4.477138858019201528e+00
3.286180314178808626e+00
4.510717527708096419e+00
3.008595102550307487e+00
5.201968108033097948e+00
2.002992462957643216e+00
2.912477456865640413e+00
6.164662733085776836e+00
3.237414463697832367e+00
2.813526832784198017e+00
2.297717251924165538e+00
3.532212835093969439e+00
2.704119262016845493e+00
2.317555375502471815e+00
5.408409949151028684e+00
6.379354270931405502e+00
5.039994561125528350e+00
6.636855467688473453e+00
2.919990365453951853e+00
5.867113120905526280e+00
4.612878797833102951e+00
1.071395023737396457e+01
6.597252652778283100e+00
4.389372234823800234e+00
2.601078276093220509e+00
6.016778508635553635e+00
5.268205710937174047e+00
4.267496859437216905e+00
2.697431213146378681e+00
4.344199683250116628e+00
1.010175382694977309e+01
3.581389280266360942e+00
4.933944094843641714e+00
5.089943445211688733e+00
5.971656519240209349e+00
3.758323091695134899e+00
5.686502009943192881e+00
5.913378053969656101e+00
3.139314810791177468e+00
8.744545931259445126e+00
3.042505727560283368e+00
2.554287190439396671e+00
4.774110472135597583e+00
2.553559821884427539e+00
4.461162335148638469e+00
2.831570990941018273e+00
6.574107270815064297e+00
4.293080479426085283e+00
3.824996755280690941e+00
1.953185348160442203e+00
5.070505790859549222e+00
7.435318620712010329e+00
3.160796113108667260e+00
3.769948040730312755e+00
4.792999574788715300e+00
1.816417145841620728e+00
7.899018291232454914e+00
4.171514558318541788e+00
4.711618504461248413e+00
9.134507730666999947e+00
4.093326999127421040e+00
6.438585996758609653e+00
2.401106456431397085e+00
1.072960116455764945e+00
5.227681885466568978e+00
4.205887206796687039e+00
6.532722912864364240e+00
5.893845986544944182e+00
4.265827341444643039e+00
4.024187567646196229e+00
6.494410487741443916e+00
3.960121895629075794e+00
5.200956793971849734e+00
4.801336278323472762e+00
6.489988586402326121e+00
1.703672211893435540e+00
9.371504052160611664e+00
1.809207503202786560e+00
5.004281512428652157e+00
4.510280733609854487e+00
8.389736841506360676e+00
1.386049874649522229e+00
2.217652210932070211e+00
5.829322895016542105e+00
4.390123191995573215e+00
4.455209390764180988e+00
3.224894642479477103e+00
2.412193626690334103e+00
6.341005090170431124e+00
6.860558455353620744e+00
3.718818329405802370e+00
3.241441118638023422e+00
2.557092149179646334e+00
3.785342013494219060e+00
5.403168834084643102e+00
5.363466913630888122e+00
5.196988037838285557e+00
1.408607027053996763e+00
4.316556454974629808e+00
2.236814255552389774e+00
5.476654463950080043e+00
3.373002746135834062e+00
5.147865015242412134e+00
5.388166797508681327e+00
1.415735815907424477e+00
5.242417598216726482e+00
4.610698038964065937e+00
4.933418605604749985e+00
4.857567186039805307e+00
5.729361690906811688e+00
4.912681177764646634e+00
1.670702688754485132e+00
3.108964112507861088e+00
2.732240581160441106e+00
5.002806325707453539e+00
3.469580104122604869e+00
2.763056681648222046e+00
3.768931861197793332e+00
4.554744455335641540e+00
3.676774985954276875e+00
3.003516099017338625e+00
4.330191593509002956e+00
5.123808299631258834e+00
3.424017562072755538e+00
2.744318562856794763e+00
3.384873248374148602e+00
3.193324540174221848e+00
3.663870955889516612e+00
1.082692174839711363e+01
4.502624192421825100e+00
4.432440268432490171e+00
3.878793573036275255e+00
1.502608013358494699e+00
5.917256234351815358e+00
6.740725446344240979e+00
4.557083781761145147e+00
4.496218091050729448e+00
1.784712784290989340e+00
4.030703552142830048e+00
6.437862195899302975e+00
3.003637110582506153e+00
3.176671392805666017e+00
3.565321346881514586e+00
3.181920869429717413e+00
6.030143954663369499e+00
5.434272449387439252e+00
2.481297429214708306e+00
4.285281589131144209e+00
6.768810510829975868e+00
4.007387492749552749e+00
4.572490661270717460e+00
2.268206927132543793e+00
2.137188311394873530e+00
7.438240963662989813e+00
5.838262529268953394e+00
6.072430230606938650e+00
3.828639561969028549e+00
5.401502778258076454e+00
2.624728129349320760e+00
5.123239009850542480e+00
4.836789165531522272e+00
6.350709617351166791e+00
3.234402302780314375e+00
