3.760164794208141981e+00
6.016400495031875018e-01
4.044125045021793596e+00
1.419104982500833723e+00
3.316648144483524963e+00
1.449360661140948636e+00
6.412622045710361096e-01
9.666945070455258415e-01
1.374845705784178751e+00
1.100874005672682010e+00
4.373001195038555444e+00
2.121446686471139209e+00
2.659455056265514372e+00
1.808278444124681750e+00
2.078098495608440288e+00
5.453619890436937290e+00
2.296790403561251637e+00
9.854122652227845780e-01
3.041201290853656758e+00
4.013946674213904053e+00
1.690295430610530003e+00
1.056023908278729273e+00
2.117928600694706898e+00
1.530502004451012699e+00
5.555399389350373696e+00
1.825059069651694843e+00
9.062773534417374321e-01
1.876845701053460935e+00
2.003209222146079771e+00
3.838352810985291352e+00
1.243428727012279911e+00
1.478798027275878058e+00
2.165748627147050520e+00
2.761284300392623070e+00
3.679652381634468838e+00
1.088285256674100365e+00
2.192031042499989812e+00
1.465283284642207029e+00
2.147184397271873824e+00
2.723871835461112223e+00
1.073497398808360925e+00
1.320975963465978786e+00
2.955448998653030124e+00
1.704743975321099780e+00
1.126230210030005008e+00
2.810623317839878066e+00
2.457885404083706593e+00
1.880612424752211798e+00
1.661203060803732035e+00
9.273321861843626390e-01
1.524145516831943770e+00
7.583764027668912222e-01
1.183577968210475895e+00
1.908204874414205054e+00
2.616555371207193836e+00
7.256194141506431272e-01
6.584363678860467584e-01
2.617760619236928488e+00
2.265586984469794452e+00
8.744770549106266611e-01
7.406056903530251478e-01
1.199824846644258480e+00
2.345243286274392602e+00
1.597049510655442317e+00
8.383512282995710940e-01
9.164519525347031292e-01
1.057487699202654063e+00
3.933896751927360658e+00
1.454251084926953874e+00
1.207754488512559288e+00
3.234666671379502922e+00
1.763191351626487213e+00
7.146504075756520136e-01
7.732414125413842321e-01
1.873472459397588219e+00
1.178851659076127989e+00
1.127982151266244237e+00
1.378907916281992607e+00
2.045898055693114781e+00
1.107741491043434001e+00
6.948736563540464095e-01
3.006606921405765576e+00
2.277782621193261914e+00
1.371132024585530518e+00
3.470112615922315236e+00
2.317378410482202167e+00
1.443901489559249018e+00
4.913501071137888587e+00
7.827949649102354801e-01
1.884673500800581714e+00
8.773813519563640195e-01
2.310504878413903285e+00
2.463714723024638786e+00
2.360776939473219649e+00
1.406638330369694545e+00
1.987211809122444883e+00
8.439531593678774035e-01
3.256976812916540620e+00
8.654120311653775710e-01
1.359015809438249844e+00
6.687500265642124520e-01
3.156719994306458776e+00
7.601898868081324867e-01
8.517596229996998725e-01
8.713590617412638739e-01
3.411154341979425908e+00
8.900357688028397440e-01
5.088641399596583348e+00
1.382527853223630254e+00
1.102892290884162962e+00
2.214987098480415195e+00
1.550324595051896459e+00
8.229333653942373372e-01
4.277524599209668210e+00
7.500651803376143789e-01
1.164285019345841166e+00
1.953250277230695220e+00
1.500157778598513847e+00
8.218223445812470329e-01
1.489433080167643642e+00
4.217498778319082042e+00
1.074592190373114375e+00
2.251216455988820364e+00
9.693432199615060751e-01
1.418330159748502739e+00
1.902830446206475790e+00
2.462303496831885319e+00
1.347732252919119134e+00
1.116428678247459283e+00
1.421049151230155294e+00
3.603430103309505750e+00
3.635970045930420280e+00
1.005702341594181926e+00
2.069002554025796581e+00
6.573567081114488619e-01
3.224123362075352439e+00
1.549596243205259238e+00
5.737208332009165801e+00
4.023165923522116216e+00
1.013123337864049844e+00
1.384266845763493237e+00
3.080911143988820822e+00
2.782782576022587939e+00
1.557840957404608151e+00
2.115133389493211613e+00
3.208631580089513768e+00
2.076029214595761285e+00
9.321182563765987306e-01
4.422383608177289815e+00
1.416204947591333196e+00
2.043557518897473724e+00
3.669929957763357731e+00
2.359852020808458128e+00
1.770259854433237967e+00
1.096607962389829494e+00
4.698864486927291750e+00
2.705579033293338487e+00
1.406851666161940129e+00
1.436619034465596023e+00
2.082251556598473385e+00
2.513102320319537952e+00
1.466055979461185155e+00
1.003509306125556444e+00
2.805744768272867784e+00
2.369718891268123073e+00
2.557926862689308134e+00
3.784959091580613499e+00
1.851281529084660704e+00
2.052614635624081973e+00
1.643330225132695332e+00
2.371809805672801641e+00
1.878555406616616796e+00
1.132534101837662011e+00
8.655400249263319745e-01
2.991554085098573346e+00
2.483751869940575396e+00
1.847846836147851057e+00
7.064921251810321046e-01
1.301704647877293564e+00
1.759664188331442558e+00
2.462336549557282428e+00
1.136189271992865457e+00
7.174634185221453464e-01
9.707777956322808377e-01
1.076766049342405385e+00
1.656723046352837070e+00
8.495769860846097421e-01
1.526453235116053797e+00
2.446846983814894294e+00
7.113777744289081495e-01
2.211929196322355740e+00
2.302186254888831218e+00
3.584442592914047765e+00
1.343076028452779846e+00
2.830676708943869357e+00
1.691429571875165516e+00
3.650494462112201965e+00
1.515271460605101872e+00
2.737683250421723891e+00
1.712459229007998740e+00
2.127184447731197636e+00
8.520846765744443108e-01
1.614188368404230634e+00
4.260805994901441629e+00
2.026807488389423373e+00
2.031408304752266858e+00
7.062309523019009161e-01
8.984963604068905152e-01
2.282004683929209410e+00
6.116953573024480839e+00
2.211750137163503993e+00
3.033633263491199550e+00
9.261311585347042907e-01
9.273291049060010671e-01
3.749219451392265423e+00
1.998051176528547135e+00
9.052131329006102289e-01
2.329329134993100237e+00
3.203024195123116868e+00
9.365708587005372454e-01
7.584025577061318524e-01
3.016444701281995489e+00
3.113511061740952712e+00
1.544570952093826666e+00
1.375750498522170906e+00
3.304060343498777197e+00
8.119894985813541632e-01
3.006448145951861495e+00
1.018078100932980234e+00
1.101213320420121988e+00
1.635779433486371781e+00
3.219009995661338941e+00
2.940049521138798028e+00
1.923721442386078895e+00
1.975502116360153826e+00
1.663198963295431598e+00
9.215312684353460515e-01
2.142024128098041214e+00
3.254036993963875801e+00
8.764350294386370477e-01
3.265159850870813951e+00
1.677042859853810075e+00
2.941395494314191783e+00
5.794210715575625059e-01
9.767605821718433612e-01
1.406626229679356577e+00
1.009952716351255608e+00
4.382214230694993162e+00
7.545357352695518660e-01
2.937262197844340950e+00
8.841296839639209981e-01
2.852046473255565928e+00
3.248132165049192999e+00
1.108788713218533006e+00
4.005099470366011438e+00
1.867410038885836787e+00
1.636262773965676987e+00
4.019596462021930883e+00
6.539725072439128262e+00
3.950522708511577719e+00
3.886432034254099221e+00
1.924028391383492131e+00
2.619907882125103615e+00
1.869081871713824894e+00
6.097132964755538342e-01
1.883996904622433188e+00
9.292993308164982924e-01
9.176448799914050936e-01
2.595064336499474766e+00
5.921604847679390327e-01
1.256096849293676154e+00
5.956215818229227965e-01
9.775511134003209701e-01
9.559433754823768448e-01
4.506705404797263448e+00
7.098254718875328884e+00
3.187880848706076797e+00
2.347724088325182201e+00
3.204503195391388726e+00
1.929975212468803658e+00
5.069006986030952788e-01
8.085637073003560937e-01
4.815524144612279400e+00
1.165522594972077108e+00
2.363676436953739746e+00
7.399568756585277463e-01
1.001693112781414152e+00
9.537017692209406317e-01
3.046263106625345163e+00
1.831468216498825852e+00
6.437222822023004332e-01
1.472060426526091481e+00
3.073944882259770583e+00
1.569376214050301144e+00
5.227412259737254097e+00
1.730669409510047885e+00
1.020776459435742911e+00
2.034792430948906716e+00
1.072299737538938924e+00
1.318883467905434204e+00
