5.425915074916453085e-01
5.414258997354134406e-01
4.998560369622462862e-01
8.385079061386391253e-01
6.567219814327807104e-01
1.020216060644944633e+00
6.959805411119256435e-01
5.704785912204904941e-01
1.321254149979244508e+00
8.473211477885179699e-01
8.530182026584540722e-01
5.630115789045125885e-01
8.000991128161278887e-01
3.867251090270857006e+00
1.973142295596701068e+00
4.755000245794184788e-01
7.799645590580431831e-01
1.440165905852618833e+00
7.642091602694162100e-01
9.257961014439209935e-01
1.271924512543492147e+00
9.012059524228457352e-01
7.550311293774727428e-01
4.660176529518402777e-01
8.317224573919623776e-01
8.091029879745996745e-01
1.129113362045076174e+00
1.041609554644087776e+00
1.099539822468867944e+00
6.085542117153043273e-01
5.609495071865093774e-01
1.358915601297076892e+00
8.505280550443287124e-01
1.448026697159916942e+00
1.629837993059354728e+00
1.039565125817510260e+00
5.163895242106921746e-01
7.316336652284646247e-01
1.566625759321807365e+00
7.572548024076527495e-01
2.237338110505242117e+00
6.184236576677902830e-01
1.219915523680098257e+00
7.821221753945185595e-01
5.542591502928531089e-01
1.067855740867402758e+00
6.056196826532637134e-01
7.501621962851490188e-01
7.331732333015674730e-01
9.759237292980748046e-01
5.744077693745878177e-01
8.293526672916681219e-01
5.381611857400880883e-01
8.697720342998045417e-01
1.256715247950535019e+00
9.689811731217643498e-01
1.003122313863959114e+00
9.860722960536285608e-01
5.949756501096832295e-01
9.551791607325739175e-01
1.640977013519268057e+00
6.971762032781315677e-01
4.122931501246081543e-01
9.793236512893900292e-01
1.553907376420208264e+00
1.856463774179474058e+00
1.080463692114001839e+00
6.391842291921263630e-01
7.582933234558558722e-01
6.564222360104858822e-01
1.733326623625764284e+00
9.371721349475418128e-01
7.539114687454496755e-01
1.894375186110346165e+00
2.085202569756323676e+00
1.061840732159651690e+00
7.149523739053250670e-01
4.320002827474944684e-01
1.020701335241068763e+00
5.118745912259510256e-01
1.501442845109692392e+00
6.740985097226963596e-01
8.292552694523974699e-01
7.915568918096123063e-01
5.721205557631460215e-01
1.011133029658597193e+00
9.277151096572937572e-01
5.553231686273056855e-01
1.169361391166555020e+00
9.125647619045353931e-01
9.488546075155988024e-01
8.887976124863181671e-01
1.058246487048995821e+00
5.825877986881962123e-01
1.422747339500153752e+00
6.710227808217394951e-01
1.582584304124970531e+00
7.002301006129320049e-01
7.726719821142997713e-01
5.485310028806537064e-01
7.238258061126620069e-01
1.021486428319669404e+00
9.007497910921868911e-01
8.948569068701592855e-01
1.052238534404937198e+00
1.600334916310633737e+00
5.696216870988368708e-01
5.360207654361004437e-01
8.285787151005238327e-01
3.671573764232093362e-01
8.902923150787475093e-01
7.762114686445145129e-01
2.516926309493199732e+00
9.106941957090585182e-01
7.233504209678727204e-01
4.557139372421998291e-01
4.891000349773670375e-01
6.918081219807503679e-01
1.469112174311887120e+00
9.854427319912201222e-01
6.312027422676438349e-01
1.004413999329500262e+00
9.353814257932407950e-01
1.010918635220639628e+00
1.080873227818972326e+00
6.306893792839631807e-01
8.716406064645090268e-01
5.428385657343732795e-01
9.051140740283240005e-01
1.276716224890357854e+00
3.176301530936497475e+00
2.022599695192766944e+00
1.226379529516155253e+00
1.614608861003831830e+00
1.033739323857326919e+00
4.888199536256419564e-01
2.227225360741716731e+00
8.787119652871971942e-01
6.851330765393855993e-01
7.999762391073322876e-01
6.994796221228477551e-01
1.058587928636548270e+00
5.386510659177645710e-01
9.644890041879163878e-01
8.423136583189425597e-01
5.899160599364122737e-01
1.205726799907149704e+00
8.666755863321943254e-01
1.553943663053191537e+00
1.267810445821455634e+00
7.109963065366774471e-01
6.335610849543105161e-01
8.433828163374358367e-01
2.350460965555794868e+00
1.466299940765164678e+00
7.949525954942832096e-01
9.615907304174406978e-01
1.269765316149935153e+00
7.829806312972225069e-01
9.430896996331339377e-01
1.203239388373236629e+00
1.525227598910952054e+00
8.196167794123511152e-01
4.284851884509246478e-01
6.964274766014820761e-01
6.456268234972429854e-01
2.553415907710820054e+00
7.590173148017160809e-01
9.384350271762116336e-01
1.260745461959065894e+00
5.764684851400100341e-01
9.419967347392153023e-01
9.457489541433443669e-01
9.175912588100125777e-01
1.180470727564630007e+00
5.402830131534225311e-01
1.244956455028712217e+00
1.473164153227424000e+00
1.612385410023420729e+00
7.820369062569780816e-01
6.844800739957589419e-01
1.131084960616310253e+00
1.180914109664292777e+00
7.536574695773217147e-01
1.098292280048308367e+00
5.994802621993781111e-01
6.380355293636303937e-01
5.747148001829651687e-01
6.562123315505736798e-01
1.522304668925603011e+00
1.326355219107721251e+00
1.528756609955117529e+00
7.519398922792106532e-01
1.051996323754269547e+00
1.603086396075838360e+00
9.868357212951622826e-01
6.817099864335645076e-01
1.404118604949443405e+00
1.855486149905277715e+00
8.205404506200444370e-01
1.134310466540984663e+00
7.735212767123073041e-01
6.087031351068387108e-01
5.360522139980267164e-01
8.396069606862601731e-01
7.581331034241062250e-01
1.524027273304283225e+00
4.755667223935127197e-01
6.502920225853041636e-01
1.265324025417585929e+00
6.741787222807028579e-01
2.999265215494094861e+00
8.067960539703187273e-01
8.364288175070591080e-01
8.374017669415568799e-01
8.840626564148934552e-01
1.269144785917169838e+00
1.109130717928983323e+00
4.680324445896980046e-01
9.880573859146182247e-01
1.733698036901841100e+00
9.799022549622726785e-01
9.294759859389646328e-01
6.987111465499792340e-01
2.151751641976101581e+00
1.445012304718979790e+00
7.580944931515470886e-01
9.383768787599598982e-01
6.857806607709180380e-01
7.252149331646451369e-01
6.735339888103604178e-01
6.268940235815924078e-01
7.841044587552571388e-01
1.151603342276598330e+00
1.264626270452192669e+00
1.359809848623094730e+00
1.866757314687102820e+00
8.459029763499091858e-01
5.486088187327712307e-01
6.219560815653940589e-01
9.811953874816082832e-01
7.992110262870678605e-01
1.592797496647020861e+00
9.888010564157607707e-01
7.487603003698971582e-01
5.561303546237633677e-01
1.343877347616038831e+00
1.601079628151676371e+00
1.578188575359043444e+00
8.537353432076648652e-01
1.313090798636033840e+00
1.116815344452293912e+00
8.353863495174257414e-01
1.376067051458429003e+00
1.513041944077897716e+00
1.185903895020261611e+00
1.300519958222128292e+00
5.369633829837958672e-01
8.014216345805624808e-01
5.388387178028333224e-01
9.874466108851940316e-01
1.529605698153850168e+00
4.466044012245069528e-01
9.081015977972637376e-01
2.758916587265282327e+00
7.239004180739357919e-01
7.997773633938541904e-01
5.723509063778496886e-01
7.595688772004902667e-01
5.696429087321874807e-01
1.028843121000037275e+00
8.811662002520591619e-01
1.000818935893214023e+00
8.426957269862128674e-01
7.516475156109391209e-01
2.596741019541348727e+00
7.838533724903364863e-01
6.048936226410976946e-01
1.493729111626569184e+00
1.078792448152715355e+00
6.416459256134570133e-01
6.322143184188324661e-01
9.137590506578694427e-01
1.194342608560113206e+00
1.302434065103502014e+00
1.686586248037283298e+00
6.856941176414715899e-01
4.051132583732696801e+00
5.781740606521411641e-01
6.057461844618227120e-01
1.981280033165156329e+00
1.154959507008502584e+00
1.226772200971945281e+00
7.445367321417151185e-01
5.225301055642092019e-01
8.467176918441013944e-01
7.331883158478930129e-01
1.083887581127991329e+00
1.982173505871011043e+00
7.683749231733592033e-01
