3.350444834300100183e+01
3.479983118972800327e+01
2.670367437142069278e+01
3.194245210682273495e+01
2.991580751171492381e+01
3.131482767609227835e+01
3.112103378571757872e+01
4.032199957631147669e+01
3.524985703669133841e+01
3.720051192786975491e+01
3.383195047178797665e+01
3.119588200712199111e+01
3.774829972066385153e+01
2.929200431928859416e+01
3.222228948222778655e+01
3.576487394672675890e+01
3.261546355787911011e+01
3.320362788481749305e+01
3.553869129612852618e+01
2.670546621124652731e+01
3.800381875087128236e+01
3.373843198300544799e+01
2.252263787402649697e+01
3.483929630902009222e+01
2.259763703679151448e+01
2.883519290075881614e+01
3.366330379879980939e+01
3.324796035792113713e+01
3.072999042561335159e+01
3.329900593746125992e+01
3.133520205142516346e+01
3.497993109293471292e+01
2.996126234936915012e+01
3.774239198033050968e+01
3.401063312517064219e+01
2.798289214513694745e+01
3.424911147998837180e+01
3.374067489835262279e+01
3.315496759407007232e+01
2.847486259586750634e+01
3.242016604362496679e+01
3.665631542076970106e+01
2.876874306697393990e+01
3.083790958174787988e+01
3.775434021765691028e+01
2.645038190627834851e+01
2.850510943282548126e+01
2.892941012021216451e+01
3.099807604189077637e+01
3.389720360907951857e+01
3.761074726596633866e+01
3.467774041769332882e+01
3.389671172182477932e+01
3.119551795622517787e+01
2.922883339684960191e+01
3.455280842709043299e+01
3.345028177441052009e+01
3.239795158847670109e+01
3.793651796711899493e+01
3.438804488920539626e+01
3.219911615925420278e+01
3.362572782016449935e+01
3.406744852829049108e+01
3.229208512485425331e+01
3.504071383268744455e+01
3.297715380427634813e+01
3.438545311035139918e+01
3.358777996798321652e+01
3.158989027411906392e+01
3.033556954788699755e+01
3.283821042790427924e+01
3.018645085415930751e+01
3.762362367460438151e+01
3.463271693190384326e+01
3.051714532358425558e+01
3.130971222897410300e+01
2.665506415633412018e+01
3.177802796700165189e+01
2.994828445648302306e+01
3.404944241891475087e+01
3.278376179608655860e+01
3.449026817071084139e+01
3.483665877225111984e+01
3.473870185523651344e+01
2.738039413993901761e+01
2.750388206861986617e+01
3.158090015003043405e+01
3.402214376495662407e+01
3.889361326669063601e+01
3.309972018006386207e+01
3.145605641099960081e+01
3.270182975162298789e+01
3.125806074604078688e+01
2.893537344187377158e+01
2.789785328488548544e+01
3.417873579810780882e+01
3.074103326150065030e+01
3.085831710847588383e+01
3.252359546387779687e+01
3.082212690213325956e+01
2.610742633300731086e+01
3.072266013179051924e+01
3.134867980526164288e+01
3.455386946499720580e+01
3.095551713749626899e+01
3.388686665117192831e+01
3.487269350593125949e+01
3.018913114249599516e+01
3.143362278038813784e+01
2.671623757853505765e+01
3.315114955744449787e+01
3.183638566484626864e+01
3.518371172908900490e+01
3.374444435801070341e+01
3.268194713220084680e+01
3.086960525415181777e+01
3.512246419725572366e+01
3.426628685428199361e+01
2.829379148733811178e+01
3.158941314452869875e+01
2.184709945521137087e+01
3.325679463701925442e+01
3.272807937445939075e+01
2.783636412354595535e+01
3.503158329349295741e+01
3.575046968363202637e+01
2.740711770409439296e+01
3.560695285495638984e+01
2.949987709542175907e+01
3.542900330983952983e+01
3.414140987001385952e+01
3.001457373996080236e+01
3.292976230651555625e+01
2.586511165988163796e+01
3.040156602641802408e+01
3.301163630101417112e+01
3.569124224759391240e+01
3.092384931588026120e+01
3.275935842184226487e+01
3.312923000479901248e+01
3.120444743951427569e+01
2.950854762759059469e+01
3.176969113584154769e+01
2.625706375531876446e+01
2.909498534508648504e+01
3.197767568183785514e+01
3.562912002724883109e+01
3.527210208811136738e+01
3.251422279147883643e+01
3.357536081687638330e+01
3.582782868649425723e+01
2.967407014411608657e+01
3.639835910448033474e+01
3.619453673350265177e+01
2.478809617002782772e+01
2.927105754982936148e+01
2.985594211781107532e+01
2.938962832534902248e+01
3.072570851925732427e+01
3.064682426555714656e+01
3.697307088057763735e+01
3.734730635142453536e+01
2.731810758329016409e+01
3.712335773028437558e+01
3.250355310803192310e+01
3.566070353193546083e+01
3.178972327022496103e+01
3.023278591039629859e+01
3.571712520058709828e+01
3.537951780078540054e+01
3.475967855917846805e+01
3.164813671765496750e+01
2.989529850199776106e+01
2.672214055236928587e+01
2.975122996677081488e+01
2.890942597890424537e+01
3.024315843238247581e+01
3.241825299078181644e+01
2.532200634734834566e+01
3.324116635911680362e+01
3.630371223770191591e+01
3.365496239860575400e+01
3.461314567004030351e+01
3.022844448316370602e+01
3.920839518095140619e+01
2.958750494093999350e+01
3.494070531387756517e+01
3.598211323701492859e+01
3.521600764849373633e+01
3.020189944833158080e+01
3.158851772261340329e+01
3.057088613035406865e+01
2.878405362922207544e+01
2.645039279111173869e+01
2.927770697186716475e+01
3.399088835357532901e+01
2.982127904148365616e+01
2.977712911477221880e+01
3.495323820806902404e+01
3.110756552698887134e+01
3.280052376914382251e+01
3.068536046933069983e+01
3.607831806070473846e+01
3.547162893018185770e+01
2.491147840596590868e+01
2.746136536609470724e+01
3.343517522265470632e+01
2.885055492955820355e+01
3.100017641519618294e+01
3.316650248994758954e+01
3.340181210934629519e+01
2.817055198293648033e+01
3.244611417886969917e+01
3.168306657421110373e+01
3.273569816854519132e+01
3.125529776023726569e+01
2.839673639154308304e+01
3.409333031646476542e+01
3.585142636950232031e+01
3.344928350192822819e+01
2.813021508802447812e+01
3.331146306415156744e+01
2.976649347751073549e+01
3.032686286854105617e+01
3.846026580315452037e+01
3.377763846728017683e+01
3.193091616939029720e+01
3.152106678245041138e+01
3.148336405562919538e+01
2.869865981958166401e+01
3.409058140656016889e+01
3.312376223896140459e+01
2.391559836278059947e+01
2.888723097545732799e+01
3.487193691438920240e+01
3.442296216271848408e+01
2.940782857156688479e+01
2.787666797796752149e+01
3.355599907004931026e+01
2.759073332132422962e+01
3.386477332546544972e+01
3.160719024116097131e+01
3.285311536685272671e+01
2.318253657833118808e+01
2.860969676594550393e+01
2.943819697735802166e+01
3.464960449410364163e+01
3.194962770013630049e+01
3.063183409481407793e+01
2.336951974956011568e+01
3.454760846429815047e+01
3.635211692291097307e+01
3.056396617925742376e+01
3.731754050772712361e+01
3.005188684685872857e+01
3.333961841689558270e+01
3.096376981766644221e+01
3.394570669562451570e+01
3.263078960303778331e+01
3.229630935654373758e+01
3.414842677908782775e+01
3.205817920281132416e+01
2.896751173849419203e+01
3.053567513301645775e+01
3.475172968823152786e+01
3.014676486362767349e+01
3.912882343333103563e+01
3.518903947268723442e+01
3.464070255402598519e+01
3.421204274344567153e+01
2.707007126813604003e+01
3.055997916420590954e+01
2.882752008375910791e+01
3.172678297467843933e+01
2.211218525856440209e+01
2.848480474072269786e+01
3.034434924766103592e+01
3.348301537785658866e+01
3.010130909464328397e+01
3.342310598997968896e+01
2.927509540317081971e+01
3.249799043051384473e+01
2.236479642559718428e+01
3.606602657368640052e+01
3.449928447987003466e+01
3.015774436354285015e+01
3.349069896645387701e+01
2.656132840307516574e+01
3.365098055923726150e+01
3.108580243603845261e+01
2.511590422998099470e+01
3.333870339446004039e+01
2.954827958957433864e+01
3.233332272911869154e+01
2.716621132578440267e+01
3.874387457586138339e+01
2.561267768145041401e+01
2.670070838735536611e+01
3.283171502894302307e+01
3.568473930970881014e+01
