1.048433377139560463e+01
1.286101087960572897e+01
8.580081523668592780e+00
1.000227430911554727e+01
1.110687939808858715e+01
1.295514730330262942e+01
1.003381987769331474e+01
1.538426361541918297e+01
1.215159778691546677e+01
1.046435016041153432e+01
1.052236402422138717e+01
1.363464280073735502e+01
7.141446664913528863e+00
5.281849790557592073e+00
4.910342568641635097e+00
1.035749368795834968e+01
1.373965000816180293e+01
9.751697062140481265e+00
7.553660070692632900e+00
1.155880729811482155e+01
9.775893667344702109e+00
1.245528716899162625e+01
7.574011889061213587e+00
8.345735684786731667e+00
1.541230830237927663e+01
7.276318293627190847e+00
1.315396219574348535e+01
1.268133561591344538e+01
1.245913441323454940e+01
8.163409921902958999e+00
7.894199328478864963e+00
8.273469687113870208e+00
1.349999403499527340e+01
8.862388004751249326e+00
8.995454355267462176e+00
9.809019119918485075e+00
1.620952199696719731e+01
1.288925383247809897e+01
1.143718722295989920e+01
1.040745963177490019e+01
1.059624423625570522e+01
1.417307262510879973e+01
1.271519744043229316e+01
1.133303704515418353e+01
1.239504198373435351e+01
8.656300019228797993e+00
9.601667698523643324e+00
9.243872185378682715e+00
4.989068422441432560e+00
1.214278237272358929e+01
7.637440723997385383e+00
1.178902461867580342e+01
1.287207042947923163e+01
8.778414785581944102e+00
9.176503358004950428e+00
9.776987669614429777e+00
8.636409484411288418e+00
8.807537016714903189e+00
1.470609484471222927e+01
1.135940884180750210e+01
1.008305277280642720e+01
1.227416703560154154e+01
8.153036119852506758e+00
1.282589771900778253e+01
1.182546050252202008e+01
9.537541719919316208e+00
7.903120393056025428e+00
1.185203237641427876e+01
1.252369965759500836e+01
7.656856577383610585e+00
1.108678419990661546e+01
1.148680180052184774e+01
1.884567911077231983e+01
7.126495004315010817e+00
7.543744053789910531e+00
1.255182552954396158e+01
9.065869722464046987e+00
1.171651441010148531e+01
1.367790877031294627e+01
1.153533609938522098e+01
8.388673144468793197e+00
1.204963194943634441e+01
1.038880961471542186e+01
1.053140395750975955e+01
1.057491678541527946e+01
7.153249389551408655e+00
1.187383424059006565e+01
7.083163752042935357e+00
1.043236049371371443e+01
9.668382430977940700e+00
8.425209619687425544e+00
1.085709954628714691e+01
8.577172166791926955e+00
7.709559600718608685e+00
1.237349262895677349e+01
1.304660689221264569e+01
1.200845169166858284e+01
1.080384057565913203e+01
1.029384990891872498e+01
1.048593931630630927e+01
1.409715470717973673e+01
1.070719001659109360e+01
1.538079111371521357e+01
9.196888343932034360e+00
1.205778528619810253e+01
9.564196880226162989e+00
8.056751632935453600e+00
1.464657155666274946e+01
7.185452149506702746e+00
1.276745169931076873e+01
1.039055358008449126e+01
1.171351974244300642e+01
8.498241567372559757e+00
7.945068234756360148e+00
8.960066964310323456e+00
1.329623088000143305e+01
1.013362896203120478e+01
1.062074939405705187e+01
1.371139384379810799e+01
8.507480354381259602e+00
1.237164614277381425e+01
1.377773829844588782e+01
1.052471969879183789e+01
7.904004760288596998e+00
1.274894591356561335e+01
1.055267640044204036e+01
1.109447983382867164e+01
1.076280264502897488e+01
1.175853049216135915e+01
8.062761515890217723e+00
1.029933728545655747e+01
1.198989964549320142e+01
6.863937903196501544e+00
1.160628598382870003e+01
1.127774407439572890e+01
7.836027494623419187e+00
1.125426707306826124e+01
9.283718614675635195e+00
1.380809806931025641e+01
8.110662912968209071e+00
8.541166423937347929e+00
7.833880874262639793e+00
6.799685099212873673e+00
1.239188351631420915e+01
5.573063986145053050e+00
1.402846047731883594e+01
4.968684898635440383e+00
1.249763722931126964e+01
7.827786319210670030e+00
1.112844087859341791e+01
8.331339172309938590e+00
1.011722306484806033e+01
1.392149850977925318e+01
1.588579571272082624e+01
1.297112591256114023e+01
1.055345626755578436e+01
1.210740041955243029e+01
1.153003374978299256e+01
9.618454188720852116e+00
1.348485373227594941e+01
1.202333058939506749e+01
9.970422551399089173e+00
8.816747839278287202e+00
1.172560543648672038e+01
7.386917221105782971e+00
1.190731079242725166e+01
9.552247182694244998e+00
1.540720209495482784e+01
9.906132270167976372e+00
7.062464768304054452e+00
1.008958700314671120e+01
6.858114337006032457e+00
1.830299322542948204e+01
7.679694735816593010e+00
1.056048183709601496e+01
1.133276299770651363e+01
7.403636070578144768e+00
1.098621905815434552e+01
1.013079868176977527e+01
9.281530152903885167e+00
6.172981860778384622e+00
1.159874546015723951e+01
9.584645684750498162e+00
8.258577502095180378e+00
6.763227561319234304e+00
1.102917377182981262e+01
1.158670005039368256e+01
7.522591700567352824e+00
1.207518180359222448e+01
1.020419082995435645e+01
9.116237042650602973e+00
1.070873947365219436e+01
8.540872914170428487e+00
1.046816557776889134e+01
1.391229887369048335e+01
9.984860302815073752e+00
6.823135168919509219e+00
1.682451859768841018e+01
9.417599879192168899e+00
7.670262940478443703e+00
8.954875739549471803e+00
1.168091348298794863e+01
9.951495767638359524e+00
1.171647140381818630e+01
1.152038584309032920e+01
1.203364630654317047e+01
9.278175668074924332e+00
9.144110467860631530e+00
9.694735573810906004e+00
9.592025786523555198e+00
8.587243832628544737e+00
1.061157189787004107e+01
8.741791732461670961e+00
7.875949547984932408e+00
1.423978386309312327e+01
1.664228862328186054e+01
1.037099892209655394e+01
1.362891652718683133e+01
9.142453244696616466e+00
1.207174201062448660e+01
1.167351086572223196e+01
8.821874914471479201e+00
1.273697051663506308e+01
7.946051965143028362e+00
7.410906050299233883e+00
9.318212914155466819e+00
8.452424539812842141e+00
1.356249347577909248e+01
1.187235455865984868e+01
8.547981219437250644e+00
1.049697098305476750e+01
1.134203916072557483e+01
1.233436773298521771e+01
1.050785970468216313e+01
1.351978133572506025e+01
9.096231978254618156e+00
1.230192391481949876e+01
1.286258280081517391e+01
7.699445196896204990e+00
7.661468476023291174e+00
9.263235914425614226e+00
1.048741167522827666e+01
1.047735116830748758e+01
8.113988312986393225e+00
1.034449896745407216e+01
1.562752880152516965e+01
7.834273327283999500e+00
1.234911340254234169e+01
7.838067898664080602e+00
5.605117804919198754e+00
1.093893445443028156e+01
1.232280889874493646e+01
9.425792897834066153e+00
1.015059935392579860e+01
8.242123092503998549e+00
1.076793186041317085e+01
1.105132459291294822e+01
9.727831615486481454e+00
1.312665211270394749e+01
7.137065991544180754e+00
8.698115684393266989e+00
1.112003040063973813e+01
1.455040410192192013e+01
9.839981177625245934e+00
5.844877097121447207e+00
7.962080814300737330e+00
1.151110261683824199e+01
1.251226469480243786e+01
1.412248442467003251e+01
1.003461276670739899e+01
1.120581072314539028e+01
1.024620557072622162e+01
1.569018626658434457e+01
8.157644329294233998e+00
9.321989422408620385e+00
8.040576352152919881e+00
1.307294506897524045e+01
8.140046631515259534e+00
5.486456484750338092e+00
1.236093455893581883e+01
1.083646451067729366e+01
9.616171038080302935e+00
9.837986428192918353e+00
8.540964894999799384e+00
9.596641777611607083e+00
7.991243509212068830e+00
1.289283794109970316e+01
9.510820372695912184e+00
8.806807696256989004e+00
9.205329249216427812e+00
1.124924749904520560e+01
8.662687090546123514e+00
1.065764497171032410e+01
9.544204820480091556e+00
1.354317950756810518e+01
8.522044228657003728e+00
1.416631809715110535e+01
9.196306690610080992e+00
1.182974687294686866e+01
9.209751156835698893e+00
