4.964756063891653248e-01
1.123554405838288250e+00
1.518508129004856544e+00
7.158447270960598408e-01
6.662533485490609308e-01
1.013519158134609244e+00
1.702193249375919315e+00
1.813290065074023572e+00
8.921926312412726823e-01
8.299915783182385542e-01
6.585916942421189413e-01
9.593884793788838294e-01
1.231538433977290792e+00
5.090877214218632041e-01
9.708937020285127728e-01
6.566275265367027547e-01
8.283138941368968222e-01
5.261690724599623614e-01
1.340840007679598322e+00
1.555344139894370814e+00
1.957293709928188186e+00
7.292085310791932562e-01
9.575997312223566427e-01
1.353528978706445285e+00
8.009421197348179922e-01
1.229931609929417746e+00
6.254954457841667148e-01
4.806075993866802398e-01
1.388526609991762140e+00
9.506489342186850156e-01
4.962466240186212962e-01
9.561910776763348219e-01
9.642618690300046591e-01
5.058419021903718393e-01
1.013872073478552238e+00
1.056013857774749098e+00
4.570062588866112829e-01
7.221981068022427230e-01
2.674585918181297650e+00
6.449712551216089107e-01
9.148745181482118571e-01
2.513911583222836921e+00
1.800635602904342880e+00
5.818743590839519086e-01
1.086661704774328774e+00
6.738233274453296895e-01
1.133809585777862283e+00
6.279676415292152480e-01
1.347634129866077446e+00
6.536089268147634579e-01
1.351265011688148387e+00
5.766044831567879170e-01
1.308027516426266024e+00
8.779775272977246026e-01
1.306443291742513502e+00
6.891993425899894943e-01
7.864680496781955021e-01
1.115870056692657153e+00
5.833015491322056656e-01
1.136316869281490893e+00
9.654354549724061263e-01
1.710772902215456082e+00
1.143159382462637819e+00
2.087463366747649207e+00
1.266037576943624954e+00
8.309954502955241296e-01
1.409348048701983602e+00
1.036949620941704620e+00
8.140500519026663273e-01
1.154746181068277089e+00
9.330218199677361435e-01
1.182455594859791237e+00
9.605151069666217900e-01
8.777125562532825942e-01
1.710624485074040635e+00
2.941024615391371722e+00
2.334350060193834508e+00
1.661799610562704643e+00
1.139531870692554127e+00
8.094701359298562826e-01
1.579479643609384087e+00
1.044302913906777874e+00
1.106414565494261870e+00
1.055830446319179439e+00
9.769086656085417264e-01
1.041530490984426072e+00
1.299508360801665541e+00
1.049358889155360908e+00
7.195083374009333399e-01
6.201652542630180509e-01
1.768141464021714793e+00
1.223874356711057931e+00
1.156093148672080018e+00
9.908121613111494641e-01
8.277705461695117339e-01
1.713471665550950984e+00
7.476429614142974245e-01
8.632830076403256170e-01
9.404350526839254654e-01
1.620213333335648320e+00
2.542690426776796464e+00
8.396737013436026409e-01
1.122461864937341014e+00
6.032382522194049690e-01
6.801109374143442521e-01
6.986885267696281154e-01
8.573081679796902277e-01
8.555802412668847001e-01
1.420643634380732490e+00
9.269622513156233756e-01
1.440558496046475900e+00
1.145336735349310464e+00
8.985758004153763245e-01
5.869613205971218051e-01
9.210773822131717026e-01
6.449443607021295710e-01
1.336570062952577631e+00
1.702579619258972166e+00
9.869700910900064406e-01
8.059959115561760035e-01
6.612650682892387000e-01
6.004971299951685770e-01
1.390613690071026198e+00
5.577472569441949135e-01
6.107208138224489158e-01
5.506319528711300926e-01
7.706425443090149097e-01
6.782618574279537516e-01
1.161157252268014028e+00
8.616255016371200393e-01
1.676199654735329725e+00
7.058858774682775783e-01
1.656240503013059140e+00
9.153387503962078231e-01
1.285630238232257305e+00
5.628783746845346103e-01
6.418256559799653260e-01
8.752019225523127721e-01
1.041449346595515468e+00
7.167835820074345277e-01
8.886221068938913170e-01
7.727833601041302902e-01
5.535763340661246090e-01
1.908353982531419524e+00
1.008161363626153051e+00
1.551154124130255330e+00
5.196530426038400430e-01
6.570992785781063494e-01
6.830800415354053579e-01
5.192769807571262497e-01
1.058181604072542914e+00
9.355827720359566335e-01
7.315362187399193639e-01
1.013419304608527582e+00
1.130338145840382280e+00
7.721375614747650884e-01
8.428669938586523802e-01
9.887184318513009273e-01
9.965070194651752811e-01
5.473185731108034524e-01
9.913949382113546038e-01
5.562743017797032730e-01
5.898821853698626994e-01
6.885408845693347102e-01
1.257417289219916023e+00
5.390989220409857507e-01
6.114164861166208054e-01
1.355031378781653473e+00
7.572140576875020512e-01
1.921004368743732815e+00
8.102478539064331686e-01
7.318048003770963872e-01
1.245248769761112095e+00
6.688563710514409122e-01
4.833442721184178503e-01
5.436735325074527614e-01
7.614135870749104695e-01
6.106096371042868398e-01
1.081527630161752462e+00
7.909886274342151635e-01
5.890164942999340791e-01
5.183988126034324573e-01
6.825743990211137202e-01
8.284538593324470845e-01
1.059695036800861079e+00
5.692049553767517533e-01
1.919141567108193280e+00
1.189027712520802416e+00
8.181103027447230724e-01
1.050558105489215910e+00
1.195596202899318117e+00
2.034530724048195793e+00
9.220470127795638016e-01
1.121488453939126106e+00
1.746136401363707735e+00
6.228331871173659051e-01
1.077636187383755439e+00
6.893134799166426019e-01
1.365089549456861562e+00
1.352983728881839376e+00
6.902681803830215124e-01
8.456297084033562728e-01
6.127312626274489249e-01
4.380510300535060408e-01
1.129098226259331650e+00
8.774788330913946277e-01
1.255970648424370228e+00
1.636580009953732651e+00
1.158124598220074075e+00
1.014225696310932845e+00
9.218315733691837544e-01
9.374092084070018149e-01
1.966687657616304374e+00
9.195052795544166324e-01
7.501929047494173552e-01
8.743190450505133882e-01
1.622092915768486243e+00
1.441245590783009289e+00
1.164017888899115283e+00
9.884551473672006372e-01
7.967588981878340748e-01
4.199825144519996334e-01
5.985309174381631125e-01
5.419403398731279520e-01
6.442912532768537703e-01
1.251752934928455741e+00
5.234437824918479754e-01
1.239389326623770771e+00
2.480427406135126134e+00
1.061244306613329691e+00
8.036161173505567135e-01
2.104070543493756329e+00
1.671749981190353784e+00
7.008572571358857584e-01
6.038593955652524770e-01
7.963381688696221650e-01
1.190553547044124416e+00
6.310896483057127915e-01
7.964243117242332248e-01
7.517084105879915379e-01
9.749498274110414142e-01
1.431952338674930658e+00
1.264606780118524565e+00
8.287359303680498224e-01
1.122377792517138984e+00
9.930327806547090130e-01
5.298866902776047105e-01
1.097113231882386852e+00
7.935506835771177769e-01
1.472570359522931360e+00
9.232775589045102427e-01
7.064020222092800561e-01
8.535947177970469868e-01
1.109779890564968285e+00
9.523979471090607829e-01
8.277460637016810230e-01
1.112634421171441623e+00
6.566531024002296713e-01
2.462847436969922921e+00
6.438913031074352533e-01
1.034724283841440995e+00
9.882280037238800885e-01
1.080450349933598231e+00
9.380280605359095913e-01
8.029608763534848981e-01
5.832906365067490606e-01
1.315115370839499809e+00
9.847539762001046304e-01
1.408710574518962089e+00
1.653720539696587721e+00
6.303084019243621050e-01
1.340792322479039012e+00
1.204416606377320731e+00
6.015712428976000004e-01
2.174948727615104715e+00
1.696621299579463837e+00
8.452237970279188328e-01
1.321873332754373243e+00
1.115830593670347204e+00
6.790831777036762107e-01
7.295327940255099675e-01
1.252128057688408402e+00
1.194729214868838651e+00
7.000358594708531168e-01
1.046038379542983732e+00
8.955770653147445692e-01
1.491223045056496721e+00
9.771658847839863604e-01
9.377243238216415033e-01
7.224469094548761072e-01
1.642471021535949260e+00
5.405363781180164695e-01
1.293719217753568351e+00
1.500607046752916229e+00
1.089975203988714725e+00
4.668668716906345106e-01
4.929466569611660187e-01
7.510292156632454308e-01
1.202137697293514718e+00
1.769708212884991694e+00
