7.626248527615868689e+00
7.787923224073314721e+00
6.951579646176071492e+00
7.304349862183283193e+00
5.093052627418292566e+00
5.089773526259927294e+00
7.228701911960150994e+00
4.060724751324090498e+00
8.403785949854061244e+00
7.781867636177613790e+00
1.026802675171579260e+01
1.405678515676112816e+01
6.969813972067038677e+00
1.217081047738858324e+01
4.807980203193539914e+00
6.281660066128187836e+00
7.401121574021937377e+00
8.496588908652737970e+00
7.216158666178867698e+00
5.066361182031609900e+00
5.550599422002115979e+00
4.991551877242179636e+00
7.084341918035980790e+00
9.551720051079268359e+00
1.049460019937976618e+01
9.291706560513826929e+00
1.043663008268645953e+01
5.840717128513134071e+00
7.721418019648312203e+00
6.955302327349864200e+00
6.233560726102060023e+00
4.699162964713749169e+00
4.833067573191473620e+00
7.911825270021431322e+00
1.076815484061415695e+01
9.368456453742103562e+00
9.118448784090761094e+00
3.870248323743032071e+00
5.508661060718645253e+00
9.530956798389020435e+00
1.015127320757738971e+01
9.722544134131332783e+00
1.074804920592550062e+01
6.931799575707839445e+00
5.948068217376166977e+00
5.063719075968013961e+00
1.059374313196123119e+01
8.672201335392037080e+00
5.170275886483092442e+00
7.031204676728608938e+00
1.001708923851516886e+01
4.220876971169288616e+00
8.143593127931428199e+00
5.394465773012885101e+00
9.080602495485178949e+00
1.082757085388877805e+01
7.742897132252041459e+00
4.382082398928705658e+00
9.573140232595926946e+00
1.088109565586804628e+01
1.134146466221615057e+01
6.670091512162082736e+00
9.625988396331335295e+00
9.328580562753181482e+00
8.546584738082275479e+00
5.879255489610019758e+00
1.346485517548221011e+01
7.228984237601342677e+00
1.027343488525955095e+01
9.116583571082914617e+00
3.646173905472330112e+00
5.472184099997888573e+00
7.828764517503715048e+00
8.617126621909122264e+00
7.897928417598681250e+00
9.416476571907297810e+00
4.418079488332018023e+00
7.699634210389855404e+00
5.343880193563511405e+00
1.323629563469599368e+01
4.416307720972081796e+00
8.324593611424562667e+00
4.254475804605679201e+00
1.053434753036704308e+01
3.771625250740215041e+00
6.505577949434169227e+00
9.393234143639235256e+00
9.289094628187035241e+00
5.350691705647852459e+00
1.154187176077353350e+01
9.188743998908091015e+00
4.070511566927280001e+00
1.013803961777951912e+01
4.060351584841323636e+00
1.192753123050086117e+01
8.275073536937506802e+00
9.697925389598479384e+00
8.377794825033847204e+00
7.349766344982042732e+00
1.130135479822257771e+01
5.624642837912681159e+00
4.213905912334702464e+00
1.142386864377555078e+01
7.477861821289081945e+00
1.111859824493470050e+01
6.386128979890104418e+00
9.018893520746528836e+00
6.014219188709277297e+00
1.310723971691258960e+01
4.704300959822661277e+00
1.125533158796470268e+01
8.555768041038913196e+00
8.281496029477859011e+00
5.031249234822857908e+00
6.763169352843681814e+00
6.891122837756963548e+00
7.248513635303227787e+00
9.625520127619003219e+00
6.932512083503926448e+00
8.176065640439855287e+00
5.602614423170972024e+00
1.028711174049827370e+01
8.804540555585150585e+00
6.725068537955267267e+00
1.160463781844511999e+01
6.625450848178179974e+00
6.435685614895802154e+00
2.549732767997015426e+00
8.542290930936504267e+00
6.628698677343233037e+00
8.259475022792788224e+00
7.967252706678071839e+00
5.602424465537141351e+00
6.412653756749590706e+00
1.303502233982571923e+01
8.901504078649079332e+00
7.933906644994203283e+00
8.806308573962995823e+00
9.032263069652934462e+00
4.909812566612264284e+00
5.416532799573160695e+00
4.283239667287553232e+00
1.544916504360831055e+01
6.595626696879492101e+00
3.737504581708154916e+00
7.932803024244689638e+00
9.764848948695775022e+00
1.122162792429041822e+01
4.813949346058260303e+00
1.032063924971326330e+01
3.481814430937865357e+00
7.024842233217588827e+00
6.119166495846198650e+00
9.577209016328625424e+00
8.548148737175589318e+00
7.855104322914251647e+00
4.898181790413834058e+00
2.141800526905194513e+00
5.733927919345306101e+00
6.168226437372938520e+00
4.612123872764046340e+00
4.833778110670400530e+00
8.181482582834316730e+00
7.651399193314061264e+00
7.481916382565153789e+00
6.951441769873434318e+00
3.661526337149442423e+00
1.037532262146749318e+01
7.089482984388528308e+00
9.744541352354866959e+00
7.405814677109823663e+00
9.891289478896258203e+00
1.081002182078703022e+01
6.431202708882286068e+00
1.170206409092324051e+01
3.759148960656408356e+00
5.893077422053027981e+00
5.095281754200684965e+00
1.133313870368285947e+01
5.518732907952222710e+00
1.074978939276600443e+01
2.870542422381017644e+00
8.702204103222200615e+00
7.782382475845166958e+00
1.057061357767211263e+01
1.062728826133120208e+01
4.559949893135821775e+00
5.749345111794839092e+00
5.807009479694555942e+00
9.331420890353228970e+00
6.805289122684187397e+00
1.329568575161229660e+01
7.047232246900471786e+00
7.030138579327350534e+00
1.090007935850216469e+01
7.513205671347533254e+00
5.285990368597396127e+00
3.837542694334527660e+00
6.996687877115124188e+00
5.019254879022661875e+00
4.434769845906198604e+00
9.495947704986468452e+00
8.426881272414924240e+00
9.630222030370168440e+00
8.596503558263972167e+00
8.550160371065848253e+00
4.985827580755763044e+00
1.005232406330630823e+01
8.770166120304478952e+00
5.748579244163043001e+00
8.127210979903283672e+00
6.213463485396724550e+00
3.550560276376584223e+00
1.298566367550425227e+01
8.136165135781574520e+00
4.848239471933958100e+00
8.572158005961963312e+00
8.522829971948572947e+00
4.891464962466665511e+00
1.370513171820591936e+01
5.303762840888928132e+00
1.288372785573416834e+01
1.962466984240047285e+00
1.153034586409777518e+01
6.520621661782181278e+00
7.140135081615848200e+00
7.656910763273286236e+00
7.550526047945623986e+00
9.209170729901684282e+00
7.107830755790318200e+00
5.938721791352555179e+00
5.757696415661423650e+00
8.871653164874352626e+00
6.505147377033357436e+00
8.397540002226570266e+00
5.793569463072249626e+00
9.114996505343379241e+00
8.083791050366514241e+00
9.866834984422524712e+00
1.052186326860626231e+01
6.444442997372726190e+00
5.377104287992781728e+00
2.138853281231880121e+00
1.380507680232328482e+01
6.235766261305247582e+00
1.214545370629386056e+01
3.614166025637562285e+00
1.002048933998724323e+01
7.350728742456334786e+00
6.650704549778268415e+00
7.655930586121130865e+00
1.005531013305559185e+01
6.035009885490517867e+00
6.222088699367083642e+00
5.891903970333576268e+00
1.107874995357945735e+01
1.010383205249191363e+01
6.785597976899715000e+00
7.113144214609078197e+00
4.166375459344008547e+00
7.235806055211186028e+00
1.255752035755807938e+01
8.746597145537410967e+00
7.765886346343472191e+00
8.363325546960693302e+00
3.912896272779075701e+00
4.449788321608083130e+00
9.520266041477801977e+00
7.074247253272890390e+00
6.566914026385610725e+00
9.801897822044164599e+00
9.360429159205668981e+00
5.018397321214924212e+00
6.964315029326693995e+00
7.660122168640594253e+00
6.799920795683749297e+00
6.737671691072530500e+00
8.268329716367839310e+00
8.380324363586213465e+00
5.078587433072049073e+00
1.197086689330340548e+01
1.361899317241399920e+01
5.801695548410871872e+00
7.144608638890020735e+00
1.150380344079518125e+01
4.471550312249354064e+00
9.078327134819005551e+00
4.333740387803495686e+00
9.611594194123393109e+00
1.040128394476689699e+01
6.813059199199930305e+00
3.822278527073318166e+00
7.180019059951016303e+00
5.773082925023572898e+00
6.270172350293663044e+00
7.117344226446151723e+00
8.323132685136831910e+00
6.456027810919459320e+00
2.587415172389833984e+00
4.014159758899404906e+00
