9.130581875655183310e+00
7.195205441569389571e+00
6.055094380103664520e+00
5.790689852911606650e+00
7.762396461102612832e+00
8.644084482198598707e+00
5.551759946447790028e+00
2.645522859270399874e+00
2.717864835146771352e+00
4.129997038048569102e+00
3.614404547133846179e+00
4.428776416082583545e+00
6.581419853875298820e+00
4.960779896187942128e+00
7.464796766230769265e+00
5.028630995003444681e+00
6.248219145201151292e+00
5.432843616665490316e+00
7.899029444194098915e+00
3.910664568546381226e+00
6.677588263993088802e+00
4.961057454133523059e+00
3.440566811864606667e+00
5.317261525277264589e+00
4.381857338149191428e+00
6.533757587801606981e+00
7.014811312973154855e+00
8.435413389736469369e+00
3.922481334496139116e+00
8.185639550095563877e+00
5.167824998465255781e+00
9.817268784097853640e+00
6.600819670381643967e+00
4.201875179023389251e+00
5.452514047291026955e+00
4.839397605898324350e+00
5.114352031642628305e+00
7.838095287722095961e+00
4.197888223002317787e+00
4.428718964132508873e+00
4.120949357682747838e+00
5.064441919056813290e+00
6.910810525253095804e+00
6.802826129798644317e+00
7.411189509092668715e+00
3.204858598822521554e+00
8.090539648557742325e+00
7.711313776425685163e+00
5.339229792595564739e+00
6.538009995145020348e+00
6.318489489065801656e+00
5.025419947828911660e+00
6.978214852937748347e+00
2.467815362956134795e+00
9.314163134042310332e+00
6.241374947010912777e+00
5.904638826110938155e+00
3.319952959663579062e+00
9.190923840339923601e+00
5.892360105410528348e+00
8.864054813254849563e+00
4.460023258793988532e+00
4.658609441601709200e+00
2.760159095606527835e+00
1.086749115086062467e+01
5.522806736422464446e+00
4.411483934816051722e+00
7.629996106945194256e+00
4.658967396450762521e+00
5.986171506543525922e+00
5.414384787172570768e+00
9.499891855605625324e+00
4.731218269884248429e+00
7.088285163992423143e+00
8.806204985635552873e+00
2.578396294374049269e+00
5.746793363319365966e+00
6.548375773858030158e+00
4.922193263970685351e+00
2.643858456562695469e+00
5.260040426270331082e+00
7.850375459995528438e+00
7.105794281177077565e+00
8.099515232220882766e+00
5.284111038115606007e+00
7.157237793549089844e+00
5.964520991565806618e+00
3.874516110623607013e+00
9.755277721590317697e+00
5.487440516057817241e+00
7.683611734890075873e+00
2.802884639443304682e+00
9.837244667869276427e+00
5.527876264495221292e+00
4.165623664910653723e+00
4.990503141399602605e+00
9.606689411506366127e+00
4.422221855614989927e+00
7.419842657866649205e+00
4.343023818760519461e+00
1.908119681573620108e+00
7.201914221055704779e+00
5.936336608604345422e+00
7.681319237830574131e+00
4.731028630749201547e+00
6.333922509116309385e+00
4.377517724574405911e+00
8.898548070400623899e+00
3.610481489149781176e+00
4.898863880501318491e+00
5.968521021648045100e+00
1.016659342845107439e+01
3.553082570861698652e+00
8.273781066360299974e+00
4.277330492522983363e+00
2.488657804631563941e+00
5.213833181131258598e+00
5.291252869883012799e+00
6.266954844416852133e+00
6.122524544718679351e+00
7.815753503911186506e+00
8.398696037535492209e+00
5.730602071121212227e+00
5.131149719771799234e+00
3.426432685279829027e+00
3.972621476284940112e+00
7.531732538191391768e+00
6.131182986764434517e+00
4.846861380432743616e+00
4.419878995975261127e+00
4.856939292430471511e+00
5.877978072852614311e+00
3.432036090620296243e+00
8.445438011546253065e+00
3.939553835212416200e+00
1.049227520807046865e+01
7.465305810399563313e+00
5.196566019228086475e+00
5.711542729569041299e+00
4.711357570606391043e+00
9.650630220303654028e+00
7.005395397289480464e+00
9.193917121409372228e+00
5.868842381870243763e+00
5.770861530120767746e+00
9.146719108959530331e+00
3.973579738280385687e+00
3.302794926336537706e+00
3.173713068996885323e+00
6.683071005037964696e+00
1.098125413893026980e+01
8.184155899019142311e+00
6.450712626646351033e+00
7.748383499210197201e+00
7.051190205544759060e+00
7.020127845862609739e+00
1.097335510779833001e+01
6.594822890954127992e+00
9.000112232848866967e+00
5.048490512987172885e+00
3.451320787043245630e+00
1.182817992482297953e+01
8.917354091637404778e+00
6.957005623105309233e+00
8.919318167923155016e+00
6.076264856884360022e+00
1.243269983131989598e+01
4.175060941270786863e+00
8.036780620836889710e+00
7.995177874907181348e+00
3.935474187258669154e+00
9.815324589877853612e+00
6.900185924779934865e+00
4.238398713536709828e+00
8.512627037084000037e+00
7.010486050575909900e+00
6.493791405346065915e+00
5.341052673208237067e+00
7.251590337018801513e+00
2.187916072880703666e+00
3.681385523528596604e+00
6.726913197031915814e+00
8.198251018216478059e+00
4.444393273681223278e+00
1.004323860287727577e+01
7.146771484072973912e+00
3.988519565902632458e+00
5.254421163210122536e+00
3.710387813098985799e+00
5.930686397234623541e+00
1.115279927214221267e+01
3.035781842169005262e+00
4.563402698180457406e+00
3.974287631505442953e+00
7.733349924836071310e+00
7.782280529146248682e+00
9.737899086979926011e+00
4.505764334336088694e+00
3.902546786016483971e+00
7.492499275838278905e+00
1.012916840485300618e+01
8.184909914381281126e+00
5.768524154197306686e+00
5.651253472959271384e+00
1.272230509058124603e+01
6.970957971987575164e+00
8.823316548189461983e+00
7.321069894687163071e+00
4.962065555864944244e+00
6.351858119964042260e+00
8.155771329368143086e+00
2.791302182268228904e+00
5.980922151632165118e+00
5.976062233839655846e+00
4.175925538544955629e+00
4.829241576527073754e+00
4.257962289351977070e+00
8.517563455479608692e+00
5.712914870063576345e+00
1.205210621267091398e+01
4.009741110966275279e+00
5.595307642479474985e+00
8.150107683487313182e+00
8.473984771839036867e+00
2.301334283392620250e+00
5.844595480837507573e+00
1.012177126099222946e+01
5.042459944644677172e+00
4.589685744005908674e+00
6.236210335768719304e+00
3.824170588716627073e+00
5.828048984242661490e+00
3.518735220586673318e+00
7.091932181102988508e+00
4.919565124256386035e+00
8.936759339359268139e+00
4.725822059986534818e+00
8.080391138748920454e+00
4.557826316170424441e+00
4.787955716459356914e+00
8.358483564784059183e+00
3.816697963609144928e+00
4.453034810968388157e+00
5.496744153258552146e+00
8.511574626828871004e+00
5.857642850748640662e+00
1.999841402814760638e+00
1.039955440281731747e+01
3.769422935426546495e+00
5.535648056686983232e+00
6.566182078396835209e+00
4.668985540481808805e+00
8.001991472946071937e+00
3.112814440639561919e+00
6.338827594851374592e+00
7.087713490956422113e+00
6.260545704816279589e+00
5.442693033510486167e+00
3.041033664214507048e+00
5.297843712596025156e+00
5.796322672057462100e+00
7.372762524160510367e+00
7.505677980386758819e+00
7.226306499982076303e+00
4.203374612927415654e+00
6.534467079736176132e+00
5.343089231121880722e+00
5.581000730208184990e+00
3.469319137393449992e+00
4.399641156469933811e+00
6.098277260302292113e+00
2.295056246930937682e+00
6.802338958495741217e+00
5.759272004782295618e+00
1.255992934086856927e+01
8.684669678833383699e+00
1.077580026361677135e+01
5.542653814085421793e+00
4.630140455159478918e+00
9.769763093425501310e+00
6.328374544891987696e+00
5.706738632142791090e+00
4.364436520407016573e+00
2.304700163765014853e+00
7.007305591849045889e+00
1.577838909742565132e+00
7.756988123195913687e+00
6.926137325281144896e+00
3.327372759790330647e+00
5.851293340651956498e+00
6.146008663891682211e+00
6.586930739186302119e+00
6.633696599684183681e+00
7.802705205370432218e+00
2.505220610456809549e+00
5.426098269410738695e+00
4.721744206425768198e+00
3.357246524351035877e+00
5.625558490690932167e+00
5.395277861976215839e+00
