4.903012413487042664e+01
4.823793788703116547e+01
4.899484538958892443e+01
4.332675156489682422e+01
5.313620247091492388e+01
5.095699875458110029e+01
4.387326131183965572e+01
4.631555879112090679e+01
4.732923859033756742e+01
4.758419806509377281e+01
4.656082952820447218e+01
4.743457146706825256e+01
4.805348617434808034e+01
4.782649436571672652e+01
4.540203459614735237e+01
4.568143101165202324e+01
4.715647920830423345e+01
4.746441270843516946e+01
4.910637970314360246e+01
4.677610638589673187e+01
4.867843279810322343e+01
4.801400459201394000e+01
4.870485595326994144e+01
4.938838234236133218e+01
4.909242620408932112e+01
4.618486629272963739e+01
4.601492777520773103e+01
4.798909887769075766e+01
5.164003866189050029e+01
4.803656208267644701e+01
4.664599544100780548e+01
4.897853684444396549e+01
4.774151074663782168e+01
5.202937073069458762e+01
5.542089494085454504e+01
4.598293866054545020e+01
5.004176073129156777e+01
4.574395860817022452e+01
4.606566751078239719e+01
4.581173348873769413e+01
4.701376218658610640e+01
4.769782202771400392e+01
4.695289742149653023e+01
4.605625245803857837e+01
4.465512476766595285e+01
5.184548214920057063e+01
4.782706850349169514e+01
5.018411361244223912e+01
4.993945251601189028e+01
4.740551629832066283e+01
4.923738255553212184e+01
5.137953595526189332e+01
4.760017989411409900e+01
4.964662548622657567e+01
4.513583596396131981e+01
4.482367098244444037e+01
4.952272585265477289e+01
4.498665368282693322e+01
4.668504925326891453e+01
4.660540861987686156e+01
4.670931409343990737e+01
5.023918738492682223e+01
4.860655589813050881e+01
4.577255100696702073e+01
4.687430750863497764e+01
4.909845451232218494e+01
4.985960115274785664e+01
4.871036574521412632e+01
5.207103310808257390e+01
4.998204529612903002e+01
4.723253393972071024e+01
4.817491999564048655e+01
5.279983409349468104e+01
4.960997001474574830e+01
4.692544851934539452e+01
4.847205802463274438e+01
4.968260542322961726e+01
4.722131769760217423e+01
4.911031148519385425e+01
4.982309607219991676e+01
4.454978724795875422e+01
4.636824061828481547e+01
4.927465837310607810e+01
4.917998919507809319e+01
4.560581235319739335e+01
4.476375420064059085e+01
4.632299191580857922e+01
4.625255268419989108e+01
4.834657700253706025e+01
5.013308840946797318e+01
4.797095397351562696e+01
4.444797422933297781e+01
5.014811634055791245e+01
5.086524811728820339e+01
4.964932478832838569e+01
5.173410940781600686e+01
4.197094793621182163e+01
4.526534063241040684e+01
5.090516282648209767e+01
4.773672299974885647e+01
4.520337408113439892e+01
5.220900105453832651e+01
4.897033746540929400e+01
4.780829972688130169e+01
4.599432890185463663e+01
4.710946556974197819e+01
4.570666592883966217e+01
4.670356834049511718e+01
4.810393906768999273e+01
4.854619572002798122e+01
4.959249070236507606e+01
4.782627098720561065e+01
4.574781297793058599e+01
5.035914082590375784e+01
5.010735934248973678e+01
4.766994932771635263e+01
5.006202519621709968e+01
4.616785738230130676e+01
4.932748439726426426e+01
4.730673127717069804e+01
5.039996498999351360e+01
4.567878712049927259e+01
4.861862894392655221e+01
4.960246045415287597e+01
4.575936200402549758e+01
4.635658314315179496e+01
4.610546912523007990e+01
4.879894681809393830e+01
4.779585522597803049e+01
4.874120678318193711e+01
4.830122362014711968e+01
4.724895409929974477e+01
4.692822009798963734e+01
4.910435797860578333e+01
4.359856550048595381e+01
5.087791698374600458e+01
5.056225482976152108e+01
5.019006787323057495e+01
5.025245347519676642e+01
4.824312043835394093e+01
4.665192751461520260e+01
4.917868512547958915e+01
4.855245330614199162e+01
4.617041745581318679e+01
4.593581805846929456e+01
4.630103650938938387e+01
4.661232932747046220e+01
4.648092105269202534e+01
4.677986167497804360e+01
4.903193959730931795e+01
4.394857161198187612e+01
4.875830160217369524e+01
4.628747635687936679e+01
4.741000538961429811e+01
4.653683651010691591e+01
4.705165009376693064e+01
4.917525745025220374e+01
5.014684671093208834e+01
4.853780078909855433e+01
4.527676132747917848e+01
5.271862396109052185e+01
5.013544187279831732e+01
4.844866851356567139e+01
4.657305847387686271e+01
5.209585089611178432e+01
5.119505216069698150e+01
4.664055643100425641e+01
4.885855344527047350e+01
4.919507374181367965e+01
4.763972984902959951e+01
4.648381517821195530e+01
5.154142173267924676e+01
4.826053372572071254e+01
4.521379210953538319e+01
4.835486370223737396e+01
4.730152851216752197e+01
4.720869980643145425e+01
4.666229914771300002e+01
4.726385631208379579e+01
4.625520588547229295e+01
4.896616394505436176e+01
4.765800043937303343e+01
5.190511566914508279e+01
4.707393884114438976e+01
4.476110342208194481e+01
4.838171790987960463e+01
5.052237701739181119e+01
4.835418880103009087e+01
4.996699790788348139e+01
4.818182371664799746e+01
5.325606520029575108e+01
4.722973618570006238e+01
5.117942852601449033e+01
4.565602529393415665e+01
4.666210136012740151e+01
5.025801348797511281e+01
4.255177064911573837e+01
4.634286817433975614e+01
4.539198508121809539e+01
5.224741151769926972e+01
4.731512022723541833e+01
4.579853970372078464e+01
4.751874109597198270e+01
4.576271762703716917e+01
4.675351873751640142e+01
4.984408599022152231e+01
4.511579681573148548e+01
4.688519033514254630e+01
4.719210431680876638e+01
4.812201685922948968e+01
5.256520183647068478e+01
4.735286680758031963e+01
4.766602278552841199e+01
5.026521142195612413e+01
4.885177664878650461e+01
4.984195610034857538e+01
4.677492205675195436e+01
4.870570005519694234e+01
5.003402840764097448e+01
5.023747235812175660e+01
4.739048882327821133e+01
4.801502738037043372e+01
5.263928151708687864e+01
5.056072445954155370e+01
4.832525715003338718e+01
4.805722629695360837e+01
4.986361453394198406e+01
4.940965027970200651e+01
4.603449235141619766e+01
4.742713425406888206e+01
4.840807206986691114e+01
5.101443129244403707e+01
4.977890759917332986e+01
4.699551090872992631e+01
4.768031528506629257e+01
4.876760387789485662e+01
5.011323252963345709e+01
4.772411765585145815e+01
4.463277064707171604e+01
4.584896157411360207e+01
4.583020843533539335e+01
5.083673077405574503e+01
4.777027859617962235e+01
4.755374831473667285e+01
4.476950959114724071e+01
4.920499031901473330e+01
4.941842455950867929e+01
4.806592162091003928e+01
4.822630382675091454e+01
4.848694572303823946e+01
4.997354853891240367e+01
4.591387032119283163e+01
4.958947035000510795e+01
4.939135416274704937e+01
4.699989065356158591e+01
4.610398434030796722e+01
4.619100425472473148e+01
4.727921390603867735e+01
4.771145184821165941e+01
4.706174560768695869e+01
4.811537825835840465e+01
4.886415821402028570e+01
4.797890926876210216e+01
4.487370739038102130e+01
4.844156344198431441e+01
4.979292806060185228e+01
4.758301356037588903e+01
4.896815549174055349e+01
4.538600460029929451e+01
4.725651212892459085e+01
4.974764901514959803e+01
4.577849578225873728e+01
4.878226482064489744e+01
4.764064541560439636e+01
4.957168650377462882e+01
4.557146074953310233e+01
4.922701764264820667e+01
4.820453410320413923e+01
5.375552476678787883e+01
4.626912022274447622e+01
4.636842883511244651e+01
4.850163290407316197e+01
4.950214076068530744e+01
4.741125967825348653e+01
5.066055005860040694e+01
4.870788086885613666e+01
5.073389624632579142e+01
4.965088941860021521e+01
4.807679253542413278e+01
4.496696443526585796e+01
4.907181852140563194e+01
5.173652986385708630e+01
4.853122484078137688e+01
4.958070004660422114e+01
4.904779047401786585e+01
4.956385749700591958e+01
4.907590181722798661e+01
5.022217058840640647e+01
4.514689893095201256e+01
4.714621231703349480e+01
