6.206814132055976652e-01
7.651237106980118829e-01
6.108823710210115054e-01
4.923026445723906463e-01
3.208258986772305033e+00
8.742625043333824841e-01
9.136203396378261843e-01
5.317324430839094340e-01
2.454433288245369216e+00
2.403518520103872458e+00
8.148821975420434960e-01
6.787170746877724259e-01
1.150119917427844030e+00
7.581248122660075861e-01
8.028819855012689910e-01
6.372166202933994272e-01
1.274868512701392786e+00
6.261871251396887716e-01
1.770770906244246934e+00
7.833810071898674732e-01
8.224074731945002492e-01
9.564831341500621420e-01
8.057543699605034249e-01
1.384974393419348138e+00
8.785380438759904376e-01
9.867702751617911661e-01
1.357125254557362881e+00
1.636927925064113998e+00
5.972652347073043044e-01
1.994564683754267875e+00
9.349392593270356988e-01
1.296237496927680199e+00
1.427036209248296883e+00
1.497975485476786384e+00
1.331907981460259460e+00
1.615530991755668389e+00
8.056501996116427478e-01
1.019120749296197337e+00
1.019194911544443416e+00
7.803384265270187914e-01
5.438825563509718242e-01
1.655636730414633551e+00
8.806656941721278109e-01
1.273324604931118209e+00
6.836373740189476411e-01
9.843319351020238805e-01
3.041552943606450565e+00
1.248974960350943908e+00
8.461772436562301491e-01
6.103165457474712952e-01
9.577893318874368678e-01
1.299868269442077784e+00
7.945559949560746515e-01
6.508103314583643106e-01
1.095229702913460557e+00
2.359140192910972544e+00
5.502666797386118747e-01
1.118186333339438621e+00
1.208246181365788319e+00
1.826484128871441071e+00
9.048396096627085994e-01
3.247135057520662560e+00
6.405526034570635519e-01
1.153216141979784615e+00
1.010204114574709378e+00
1.183432154551864901e+00
1.180967775206889669e+00
9.059442341205669047e-01
2.398285278359922224e+00
7.535791513234657568e-01
2.384687310574305386e+00
6.877298241158368297e-01
1.063047411274625986e+00
2.851015595019601889e+00
6.805129389602663226e-01
1.791670403860840644e+00
8.394228142101122225e-01
1.646452174360935716e+00
7.763907450757073780e-01
7.106325775516063592e-01
1.465952610112786436e+00
1.823380429982338180e+00
1.190134785360570380e+00
1.019722507542806023e+00
1.648977969239540098e+00
7.009543925089637417e-01
1.810159909892539609e+00
2.547871129677871771e+00
1.391571092935377729e+00
1.125698891515271916e+00
1.066364979844373284e+00
2.062825534443528674e+00
7.495037400467444710e-01
9.659361716887258087e-01
8.407521316672353917e-01
1.900369376053419934e+00
1.333446343204282236e+00
9.915977216086748758e-01
3.880239203966793227e+00
7.403915022064957441e-01
4.778886800382196598e-01
8.847781082288094234e-01
6.703234137448333962e-01
1.951702306115008057e+00
9.995864704312040772e-01
1.050290754505661894e+00
1.322089310205083468e+00
1.005333858746809472e+00
1.203667881397281425e+00
4.545546427245022336e+00
5.133873694231892992e-01
1.259936030246260552e+00
9.896032856761500796e-01
3.004218512196305646e+00
2.247638280635114505e+00
1.430301352903446732e+00
1.668574182599232403e+00
2.071506192933095569e+00
3.219591695759828731e+00
1.540430501201679903e+00
8.626691008745336342e-01
9.973678547636939395e-01
1.263008325323144998e+00
8.445723696107999556e-01
1.028769693039284228e+00
1.045565139107574648e+00
1.610217293608192213e+00
9.990741449339602953e-01
7.468861565065498809e-01
1.194561223489772672e+00
2.638819742283771141e+00
1.713373404695561542e+00
8.583980441912454351e-01
1.456965283457090754e+00
9.085069933607813342e-01
9.966688829011124406e-01
1.722864685118481232e+00
9.714013075984639922e-01
1.387679986468285387e+00
1.820186064211310351e+00
1.031781002618258114e+00
1.000173670667428905e+00
7.171463835976242818e-01
1.225916418869652080e+00
1.357184567844699430e+00
8.499216907831931289e-01
1.438621820250201244e+00
6.786304850597993932e-01
1.436169125822702286e+00
7.019693347153418417e-01
6.922320531503318719e-01
2.530361078210778825e+00
1.007606129930763039e+00
7.805713180745321722e-01
8.557321003171688423e-01
5.620369109721614631e-01
1.150064190304962430e+00
1.091138939650065254e+00
6.645560648371005019e-01
8.570301097547413649e-01
8.839316471605818126e-01
8.586780334944763560e-01
1.343094141639215700e+00
6.244948962359525568e-01
1.365371397452699975e+00
1.791869879285283629e+00
1.519434078601328730e+00
1.639618649387607263e+00
1.304002744554695115e+00
1.836932919949125997e+00
6.977927248632057600e-01
9.782769531662686147e-01
8.601667284095003696e-01
6.360248471583579422e-01
6.613166303256415857e-01
2.548175512424849742e+00
7.220160881941841691e-01
9.966045345884253503e-01
2.995538070081771309e+00
5.372795629586978317e-01
1.028205594396161882e+00
1.034020157204018187e+00
6.740652278180090384e-01
7.061786097630556869e-01
5.892091841183677570e-01
1.177637540140155092e+00
8.498629246063718057e-01
1.123229541285543975e+00
9.798034266943399517e-01
6.744818950833330051e-01
9.959461341783083510e-01
6.389189072235766931e-01
1.001935287282786469e+00
1.267925112317028313e+00
7.933617315856118513e-01
8.114317903489788320e-01
7.998287943491310115e-01
1.691686478694779172e+00
8.015077316993225454e-01
8.107790054081954745e-01
1.573407702764529903e+00
5.825818817103065594e-01
8.359974420425919650e-01
1.777787925694090942e+00
1.308006405316954446e+00
8.168867044607687200e-01
9.885490071800882017e-01
7.080568029626915783e-01
5.033594672310963691e-01
1.600194592127751170e+00
2.009613990179438314e+00
1.103230746400260864e+00
5.045579339970961419e-01
9.551037852408790219e-01
8.464430846249526574e-01
9.417159708204522195e-01
5.427109052077891960e-01
4.883647403134794840e-01
1.409309816262811044e+00
1.378192318681986217e+00
2.471748816529369286e+00
1.295932326785830702e+00
1.418973967042086004e+00
9.108395304061093212e-01
2.140582494785121082e+00
8.999567138351349804e-01
7.407070833295983370e-01
7.543296048748930893e-01
7.598520259849471659e-01
9.782149604119865227e-01
3.015560556350130206e+00
1.283919871501001841e+00
5.981759883101600561e-01
1.784353959270063017e+00
8.668035293690088405e-01
7.096794488524438282e-01
4.177984632691324585e+00
1.704298876813451713e+00
5.196370488799495480e-01
5.681688591222815443e-01
1.054142073173621741e+00
9.170334917871156843e-01
2.497455682863194415e+00
5.682912810504102685e-01
1.388291171249122158e+00
9.305493559975436257e-01
1.217153030759498211e+00
8.369212872421809557e-01
5.759782056746849399e-01
1.077463431058271359e+00
1.454068810452465277e+00
1.354786126177395245e+00
1.374543528635375989e+00
1.208436809829346981e+00
2.554883332022881426e+00
1.493250655131654892e+00
1.595138186025255367e+00
1.000032560946567228e+00
5.065036644072663519e-01
8.814255099306134156e-01
1.123000396376730103e+00
8.553871217303141705e-01
8.318467985874560267e-01
1.394642880079062675e+00
6.899290375594950842e-01
2.983101809802455318e+00
1.259388601981972000e+00
1.016265850119666636e+00
6.154127146194290354e-01
1.098976880569529024e+00
2.843685175594847347e+00
1.382733233024625141e+00
2.014968270080310653e+00
9.584119921030036515e-01
6.213668084297218064e-01
6.006897609837353880e-01
5.826783584938803884e-01
6.783205244442830351e-01
1.361644339334157072e+00
3.406737132532147161e+00
7.961176183785045879e-01
2.007539875605453883e+00
1.003582296218677117e+00
1.193143419758827095e+00
6.443761496211238837e-01
6.254217570882256716e-01
7.027277134570976136e-01
7.953505673693272993e-01
8.427034279344260970e-01
8.832444392366770591e-01
1.186279362743833277e+00
9.555781625748871466e-01
5.853811019717832798e-01
2.579882604849832006e+00
6.414410044158391777e-01
1.993516296865741833e+00
2.157146821416533911e+00
1.044631307848760571e+00
1.407096153882182010e+00
8.431046925810656845e-01
