1.005600218129408807e+00
3.729345941263451092e+00
7.530451152667607673e-01
7.760947335841223982e-01
1.773917477229865591e+00
1.442559522440255204e+00
1.321201621970313544e+00
1.139778358489391019e+00
2.506849760340654321e+00
1.447114812994846789e+00
1.206575416652467814e+00
3.462734030163883148e+00
9.863137034013210735e-01
1.093925193605270296e+00
1.055635888752615825e+00
7.899828919698757002e-01
6.891308527388740890e-01
1.011390155477303932e+00
1.151728402088144865e+00
7.538321960604671412e-01
2.525205373186732327e+00
1.083342365464764256e+00
6.324176661241759367e-01
1.293784467399462734e+00
2.825466628509302414e+00
8.174149951499058986e-01
8.650916084530284600e-01
1.535828358359360157e+00
9.364726428108584022e-01
2.350088862663816780e+00
1.142794441606364675e+00
3.075625687328483959e+00
1.751431700007312964e+00
7.989918731705968336e-01
9.049251079323257230e-01
8.135389589508659203e-01
3.137512941059445115e+00
1.265751218639840081e+00
1.439441674588292530e+00
5.521328603542127178e-01
1.958207017640490655e+00
3.169812513473252213e+00
1.070224894659679959e+00
2.181476358434101925e+00
1.520918176449255643e+00
2.300792958275145850e+00
1.551151248677359318e+00
1.215348608399365204e+00
1.713328803641858578e+00
2.249486186198064175e+00
9.621789136698333245e-01
1.550333933521750307e+00
1.200705699813568339e+00
1.804363176643138278e+00
7.986974055704657571e-01
7.454643076054272566e-01
6.212989699459456894e-01
1.624672534403635238e+00
2.788088013706796708e+00
2.455053196223876633e+00
1.226354273433514441e+00
1.032425987914011634e+00
1.434147878198727355e+00
1.448771842408694610e+00
2.193922779168880233e+00
2.450467105308407501e+00
2.052525017772962812e+00
2.242403978142562870e+00
3.425969730952638681e+00
2.087066557467796013e+00
2.290581607695854061e+00
9.654504112629631596e-01
6.772958857372202157e-01
3.012454726702619823e+00
3.172138122694807549e+00
1.360751686816222383e+00
1.828831580994372707e+00
2.010412216092927196e+00
1.029236032094728470e+00
5.517875248486934225e-01
1.565972785692709035e+00
5.191003615684482986e-01
1.283360715095567040e+00
1.518318743000523385e+00
9.017390977479990966e-01
1.335586312708821000e+00
1.414713951344862775e+00
1.951790924745917755e+00
1.631219735755543798e+00
1.458802942837175598e+00
1.180711610827561708e+00
8.255605671019239367e-01
1.361542529262112833e+00
2.804391992085817797e+00
2.823268111253526058e+00
6.671185226003296664e-01
9.641286248789481261e-01
1.860753157246155531e+00
1.719140731121567400e+00
1.167526660952640682e+00
5.856738740301782320e-01
1.457216718987473181e+00
1.061590269928713193e+00
1.390734711225631859e+00
2.145250158094633708e+00
1.499273881639078487e+00
1.861387165200097282e+00
1.731694565590373269e+00
5.616925133514767410e-01
1.145055128068080297e+00
1.211565175150530971e+00
1.032873373713998788e+00
1.528045791735512360e+00
1.225020265874738001e+00
8.541724589537936785e-01
1.132959743614180281e+00
1.559727637869952055e+00
8.247588522447777404e-01
8.944535363859202892e-01
1.033016692384688850e+00
7.031004176765144331e-01
8.909821365899223133e-01
1.063639320247768971e+00
1.457876316901647762e+00
1.019489539153623614e+00
2.080592941546910879e+00
1.875491147221327815e+00
2.097899170142667913e+00
1.207068558448081808e+00
8.519961631063582841e-01
8.754657631950087948e-01
2.439695726254328623e+00
2.425816577941685814e+00
1.610914621179079687e+00
1.552562489834976800e+00
9.802197212858322350e-01
1.354971572230223797e+00
1.290729836112481044e+00
6.200735209226980738e-01
6.122515001721001715e-01
1.203846290786387385e+00
1.176036034186080936e+00
7.888890907843304490e-01
2.313284690462612758e+00
8.300492744396862355e-01
1.353206893050247661e+00
2.138791605408553842e+00
7.802101667110631356e-01
1.680993843889159844e+00
6.152431833762760371e-01
9.695619802522056352e-01
6.919604516485079460e-01
8.141602687134916749e-01
1.033942914353547238e+00
1.771113712885139524e+00
9.663022284261356676e-01
2.068931974430597620e+00
7.334222282567303131e-01
7.948334215770140876e-01
1.031123074682480656e+00
1.604594608661523925e+00
2.720471038068665859e+00
5.964302718451024443e-01
8.319343896209645539e-01
6.433495676025700050e-01
1.624961726254476213e+00
1.487699808364211229e+00
6.965447504799353595e-01
8.472165971118135186e-01
6.662265739293173894e-01
2.779411890866382961e+00
1.227030548531274690e+00
1.000094367581695343e+00
7.481513437409583744e-01
7.476341183307231297e-01
1.410263983316450531e+00
1.339098471105530930e+00
7.714537290457516017e-01
1.244523055400591716e+00
5.704284954604600388e-01
1.374107416178172114e+00
1.836700901864418034e+00
6.198034473509778097e-01
1.210385778574372573e+00
1.251001810247237334e+00
2.366093014503741987e+00
8.786190922310351814e-01
1.786809662477703675e+00
9.818490688138008515e-01
1.070617884214456250e+00
1.046340695310013613e+00
7.751584728090147314e-01
8.214625235158171668e-01
9.822877404294898529e-01
7.223480143541570753e-01
8.470956772318698480e-01
8.881811152621246208e-01
1.871195080920103004e+00
9.071153428746879799e-01
7.592794781246973157e-01
2.404214934478585253e+00
9.466348363047342174e-01
5.867349688428593613e-01
9.566217916343493499e-01
1.605821198473500466e+00
7.385166807850627180e-01
1.272179162966828425e+00
1.087901096005051249e+00
2.093969374733887445e+00
1.775753252844116448e+00
1.981071109986555001e+00
8.497427943729459754e-01
2.922455557590181385e+00
3.761845198084168285e+00
2.220059086406362958e+00
1.117319955318868407e+00
2.120503663216603218e+00
6.938807165379103914e-01
5.028704593240215237e-01
9.417662293268762586e-01
1.949681400594093450e+00
1.938982774423372746e+00
1.612198728458004382e+00
1.305085910773572833e+00
5.841862281792450373e-01
1.226217744997780912e+00
9.002033793259491823e-01
9.290896548110180175e-01
7.387026519917508915e-01
1.223449332626253439e+00
6.258081329274521876e-01
5.121394834665412787e+00
9.005495691251542700e-01
4.446586686831179303e-01
2.390544368745957993e+00
1.093832442800187321e+00
5.724538623088767375e-01
7.849500422917088382e-01
9.210773524957670544e-01
2.192551736820629316e+00
1.067753932575464360e+00
1.334659125665976553e+00
8.285452163980686624e-01
1.477374517524622011e+00
7.789144556633157412e-01
2.737433499142341464e+00
1.483005788144703629e+00
9.187763606047129050e-01
1.004273573157746569e+00
1.222236863611239732e+00
9.060414703587512664e-01
7.088685849984424081e-01
2.910588505105850210e+00
9.196985354991160655e-01
4.964384457021043806e-01
2.503509216200919152e+00
1.523250920329066949e+00
1.848451790938504091e+00
1.071594981534829349e+00
7.479296743499629363e-01
1.001697252585675768e+00
1.141733078659749934e+00
1.133882374798594883e+00
5.436341082391613622e-01
1.056370418886761087e+00
1.513695790021564624e+00
1.665684093244476749e+00
2.279615729533766455e+00
4.802963470259112855e-01
3.560508956658185120e+00
1.418141044754925861e+00
1.300889752906385866e+00
6.516002587065832241e-01
9.242104928957548537e-01
1.013003888549505405e+00
8.545121911773764234e-01
6.829164365367028644e-01
1.487366005623263376e+00
1.011177373880327357e+00
8.525062060420633969e-01
1.390589854428911032e+00
9.062023598157576965e-01
1.043950477796762977e+00
9.037527663828176516e-01
1.035959927698793637e+00
3.132690828108525949e+00
1.358318417230086173e+00
2.027859690715980712e+00
1.574372345405885776e+00
1.400427894746504309e+00
5.758564344312483430e-01
5.813624149126166429e-01
1.770614700114742757e+00
2.007185170780839023e+00
5.353390117165339745e-01
2.100737296277562116e+00
5.122764963272494754e-01
6.357423580433043675e-01
3.617703984297863773e+00
1.036129543023845523e+00
