1.498887626327296374e+01
1.196063547165259244e+01
1.908259810274854473e+01
1.732129237249148801e+01
1.436470242653886231e+01
1.414941752372845230e+01
1.926753311721211048e+01
9.378219290865027702e+00
1.338078315722468581e+01
2.069735040044087171e+01
2.002894105831206062e+01
1.863728815417652385e+01
1.963856029510305135e+01
1.076749945671447684e+01
1.787007514696529498e+01
1.667537070935554055e+01
1.447815529795960465e+01
1.245567029567164674e+01
1.564492193735238601e+01
1.329605388810617583e+01
1.600482357146232104e+01
1.484849418094720264e+01
1.471201861171762637e+01
1.443345763367159407e+01
1.989339493835291250e+01
2.189743905288091597e+01
1.628431628255210484e+01
2.499707460960172867e+01
1.596061909801411005e+01
2.618438198227324065e+01
1.840291237779078415e+01
1.636611794290347888e+01
1.354991144526252356e+01
1.974308163980049002e+01
1.785388915778616337e+01
1.664332772685979478e+01
2.008093512792231650e+01
2.119305708721152470e+01
1.506120546542633498e+01
1.721745404485558240e+01
1.651459170579363445e+01
1.661578151533012715e+01
1.864272033823894503e+01
2.075690724084064342e+01
1.581350639953284443e+01
1.577065481606970998e+01
1.738365774048250856e+01
1.228067917654131946e+01
1.471511157993813335e+01
1.067434896445530512e+01
2.271005511297957824e+01
1.639406215821863100e+01
2.393583060124333173e+01
1.777590148796356928e+01
1.614985132739593254e+01
1.998472177185768217e+01
2.625730377011892003e+01
2.939136162168934518e+01
1.755547459995936066e+01
1.396532469217412675e+01
1.326004571202570226e+01
1.434677614617024410e+01
1.622443903665619658e+01
1.580995957319569811e+01
1.188549546338348684e+01
1.656538032095067337e+01
1.581138858968788696e+01
1.766466918785009454e+01
2.462341835089091546e+01
1.802306971197149821e+01
1.496787909966537278e+01
1.168679981831050085e+01
1.205769161035845727e+01
2.243937829427979125e+01
1.102545275612564346e+01
1.499752822983262490e+01
2.168431358452867741e+01
1.722169757750161523e+01
1.830609475670468456e+01
1.403503945678714437e+01
1.890921322553013795e+01
1.821376749947439322e+01
2.101629126963457139e+01
1.478258009098862402e+01
1.991268747939959383e+01
1.294215609639826781e+01
1.424734764591058678e+01
1.895035096834105559e+01
1.567008197855092178e+01
1.669140846418692092e+01
2.121477241373525757e+01
2.313714988989578814e+01
1.156604430861602495e+01
1.648401617358880955e+01
2.354038231142120097e+01
1.885861972799306230e+01
1.793685976963185524e+01
1.640470974368355783e+01
1.702332711887691730e+01
1.887950774076907123e+01
1.197752262250340038e+01
1.668594772835387374e+01
1.864768809368230507e+01
1.670479483216348982e+01
2.663110814490300982e+01
1.108128936430613365e+01
1.015123626658926348e+01
1.475418808058295816e+01
1.872704702819097378e+01
1.653686179330119543e+01
1.377763110280664094e+01
1.544752395119718891e+01
1.027925582237525681e+01
1.452767198238058199e+01
1.786024916937725493e+01
1.847205033918410777e+01
1.549697697623396664e+01
1.139262741137022061e+01
1.579547467336403344e+01
1.787987098519776552e+01
1.578651046658984569e+01
1.801822649741086124e+01
1.611445641758376368e+01
1.378956652689928575e+01
1.689689323218837202e+01
8.957568301109109399e+00
1.222714944735149878e+01
1.890544486650152578e+01
1.563897064094229350e+01
1.345888637248318354e+01
1.405488000681458693e+01
1.482429762687319119e+01
1.454958426538741989e+01
1.993612158979822624e+01
1.915731771686113660e+01
2.188129955793805692e+01
2.019196273501085770e+01
1.382314322804199946e+01
1.898786641502290706e+01
1.950961958380040784e+01
2.051125038180986593e+01
1.600751204734951472e+01
1.802733186050183178e+01
1.537916625414400507e+01
2.402339504920642455e+01
1.247973596453389789e+01
1.341080809592910228e+01
1.042228910910980311e+01
2.061339166215851293e+01
9.973080880167948692e+00
1.619046808898247036e+01
2.069507166240189022e+01
1.525333732189117164e+01
1.374252974063900012e+01
1.980489854243400671e+01
1.344355442394342681e+01
1.759349031789353646e+01
1.183948382259115029e+01
1.892277200353253619e+01
1.162091007217808958e+01
1.167240575865698204e+01
1.689949950467484641e+01
1.115258068993538032e+01
2.243025847441261433e+01
1.196608234684806682e+01
1.584362223339472919e+01
1.749468007615262266e+01
2.371088614522429339e+01
1.487697389077604981e+01
1.384822438312094306e+01
1.324103870634754720e+01
1.691191173721133012e+01
1.787669815869434586e+01
1.052445214566747467e+01
2.158085420541485533e+01
1.127614500960904387e+01
2.157877623423036084e+01
1.280960850589938005e+01
1.784662621227975876e+01
9.335046813711032954e+00
2.100694258302290862e+01
1.615027651964137689e+01
1.735367604202731329e+01
1.348599754515909233e+01
2.396248668654182978e+01
2.155749468369934263e+01
2.322746540321421094e+01
1.071010947943493186e+01
2.029015680488921092e+01
1.919180563195233091e+01
1.516669621722364170e+01
1.617285664730540873e+01
1.872548758286406212e+01
1.482056418022466637e+01
1.305932406179430316e+01
2.222746179974777192e+01
1.271079817016865299e+01
1.960840320060924213e+01
2.392828815511175833e+01
1.999531398523927450e+01
2.262684887951597545e+01
1.434346635850076446e+01
2.007222473612257829e+01
1.146523858616641967e+01
1.795460358687671842e+01
1.686856253345336043e+01
1.761048501759607987e+01
2.192592931592011496e+01
1.890328045219942155e+01
1.543801278936654242e+01
9.920338883952295461e+00
1.191114513707718281e+01
1.359195962721049789e+01
1.645556573274758705e+01
1.684258815858586900e+01
1.619766983749996214e+01
1.716705920368843152e+01
2.238147655718350038e+01
2.004367161847025258e+01
1.470726838932405478e+01
1.438607558361745298e+01
2.477955711946362172e+01
1.646531181969836766e+01
1.781618955612965749e+01
1.977898863131120422e+01
1.271506332004665474e+01
1.751302288717904432e+01
1.510856421214130663e+01
1.602414108019292271e+01
1.765496545772107950e+01
1.747788853088530914e+01
1.777305435273655476e+01
1.059156645469783697e+01
1.953950094875547805e+01
1.676465019513584309e+01
1.465357812571719620e+01
1.472484199199985788e+01
2.485031127686582408e+01
1.882491417704885706e+01
1.760511138008412502e+01
1.626990725116854719e+01
1.410149157810400666e+01
2.231744906686157393e+01
1.503116933358089469e+01
1.293627083542290279e+01
1.031950450075679093e+01
9.306421977833215564e+00
1.627698852015135245e+01
1.689319270637841797e+01
1.563537926027272107e+01
1.657137969464082161e+01
1.363267383913794006e+01
1.412673578286374720e+01
1.995196711887364671e+01
2.034359630025773313e+01
1.819643260602922297e+01
1.023833371208135645e+01
1.331785542537569356e+01
1.251709324985198712e+01
2.029991559826150294e+01
1.802081844985974257e+01
1.093849858388019847e+01
1.103519074630675689e+01
1.077900984476100810e+01
1.603870874923105561e+01
1.579440758533685418e+01
1.089138024493331436e+01
2.444980703290252677e+01
1.459810590996745638e+01
1.974049994081132553e+01
1.102471052348050584e+01
2.084964737429098847e+01
1.674152131607530336e+01
1.042202941379411207e+01
2.162236210636309508e+01
1.908668876880080489e+01
1.626070168659806825e+01
1.889207078427036279e+01
1.549617432419388940e+01
1.485681540909884824e+01
2.124619745438588936e+01
1.490801310784603118e+01
1.957691754194086542e+01
1.594223778557713089e+01
1.373155695324736847e+01
1.705732366596014415e+01
1.439785753727566231e+01
1.099652864564615307e+01
1.437714163297846426e+01
1.992849083825932510e+01
1.050949819370195293e+01
1.508091784940240210e+01
1.651451855637136390e+01
1.566733448910239268e+01
1.710394324907560204e+01
2.193245289063212056e+01
2.250491853214296967e+01
1.862259034831278370e+01
1.960343570710675820e+01
1.818688813874443966e+01
