2.753420187473947234e+00
2.347620680557922945e+00
3.610291339565241842e+00
2.890959021514427629e+00
3.288586291230003678e+00
2.160690210628764429e+00
2.980655215798463598e+00
2.024165343131737238e+00
5.733429965954228713e+00
5.113862559162948962e+00
3.022500317963909833e+00
3.149489317405544941e+00
1.449112391421751855e+00
1.324007174249016039e+00
5.553135011854504199e+00
1.968753748313477603e+00
5.330662884531480294e+00
5.392994370691887696e+00
1.849669241738032710e+00
4.778858905154926617e+00
3.235095048964875986e+00
5.526947961334608195e+00
4.669890577669840503e+00
5.257168182383813004e+00
1.656848303246559295e+00
2.729529011091882396e+00
4.824714179040363149e+00
2.837378354170058348e+00
5.470590588778377672e+00
4.007683627362390588e+00
3.063046940696177334e+00
2.973097444872468298e+00
2.597196850256655587e+00
5.293810357697617874e+00
2.609596312548365660e+00
2.144263758507417350e+00
2.353345529030801853e+00
5.121147613054595205e+00
3.176478676391057743e+00
4.752281696816390344e+00
3.593079656154506196e+00
1.744071751008497539e+00
6.910459007219427185e+00
2.350799197139162633e+00
3.203687765508711482e+00
1.302078514932956343e+00
4.321539542317960780e+00
4.155205718143592186e+00
2.004946014540730292e+00
4.172736179879047214e+00
4.962638077153883387e+00
6.154066715842540169e+00
1.101101809742994542e+00
2.341979814272919125e+00
4.314100444086975017e+00
4.926733682758785982e+00
2.984036534331329538e+00
1.549982930508077228e+00
3.738017726569789367e+00
8.173162452613238482e-01
1.121111075653890232e+00
3.071191523076873597e+00
3.036837388255194004e+00
1.636393424376539452e+00
4.327180438809443253e+00
1.434283194137327966e+00
1.835800161551885301e+00
4.718741619615268945e+00
3.573172015568031767e+00
2.903461443440538137e+00
1.797465897779236377e+00
4.180356050614447483e+00
3.047923446817395909e+00
2.325617149901824998e+00
3.153469362733405834e+00
5.307068155139610610e+00
7.796171205962574291e+00
3.400110330728933317e+00
3.969911102607105224e+00
3.071835102928742067e+00
3.389823400463657155e+00
1.359055418546750493e+00
6.321921549907218996e+00
1.843452564766617341e+00
3.428282336778814443e+00
2.544729435346078095e+00
2.002092479984301843e+00
1.570333938766480086e+00
2.420991053225892919e+00
4.404332583443194338e+00
1.459784353429786963e+00
4.085775337115683747e+00
3.367902475169880727e+00
5.541309843492967069e+00
4.084710566724134573e+00
3.743979124142803538e+00
1.512455971678520639e+00
2.713160494164518433e+00
4.804054599480084065e+00
2.608560163512573027e+00
1.239214148765901635e+00
2.062060329291353966e+00
3.288116593763903417e+00
5.910583934999960931e+00
4.257789695702684618e+00
4.438636866586510799e+00
2.827322663417248805e+00
3.923599323017601392e+00
2.384344965926954441e+00
3.336181417336535837e+00
2.163450882004241294e+00
3.076359183003110065e+00
3.897245183197158180e+00
2.575986557749814221e+00
5.710078074879983312e+00
1.031621530980235013e+00
2.003004845028068637e+00
3.010864126252668527e+00
1.596586871543974384e+00
1.825702298770541798e+00
4.571935002323553654e+00
3.194251302928030167e+00
2.159166757337765752e+00
1.656911568627390308e+00
3.839750343459499504e+00
6.587026311579496252e+00
7.796643021304439536e+00
3.485590946665847234e+00
5.490077772621931196e+00
3.248225401037956761e+00
1.576169434453583484e+00
1.393788703083402414e+00
5.128309471235696471e+00
9.733261941771794712e-01
3.149222691458026802e+00
2.501438944046154411e+00
1.509840335294590608e+00
2.660938975748546653e+00
5.079174896782932436e+00
2.137088827607080965e+00
5.500842757614002210e+00
1.048034441324032340e+00
5.131936671598736233e+00
4.880354541918060285e+00
1.215145775430424013e+00
4.364658650261588058e+00
2.841757634265535515e+00
4.284457211681627520e+00
2.261128837251038526e+00
1.645961416737018013e+00
4.911003240980456930e+00
4.182423818409639615e+00
2.382347048231434616e+00
6.463740592950643737e+00
1.608554625867466781e+00
5.324914203809085755e+00
5.457426139211881910e+00
2.949567825562925627e+00
1.117061267645210298e+00
1.698996935393996210e+00
5.643784059428152311e+00
1.315072657326782579e+00
5.434713202608119964e+00
2.704753065078506769e+00
4.240027414344873513e+00
3.184176289358489065e+00
6.115307434892192973e+00
3.409196239898819591e+00
4.389948284968684611e+00
1.651428791978363231e+00
1.733943136238940363e+00
3.736443617247941607e+00
1.202569428720761779e+00
6.799453091750090827e+00
3.478132807913683511e+00
4.895534786117555548e+00
1.797265464018627856e+00
5.553228985687239216e+00
2.883409989310013799e+00
4.383539782357710912e+00
2.754360752356681097e+00
6.289083875030542004e+00
5.728843148355498016e+00
3.110465277077796742e+00
2.558413951146742527e+00
9.403082511821603262e-01
3.318151403166150093e+00
4.618820189420112854e+00
2.746703702069257069e+00
4.551368943419523916e+00
5.119460224408862281e+00
4.456960441241895055e+00
3.087430138498567178e+00
6.513535265077726066e+00
2.325346751661979017e+00
4.132976607504128985e+00
3.060382923532008803e+00
1.519094701013356863e+00
2.161539114054914279e+00
4.543078587540860802e+00
3.382358807822724245e+00
3.675948149975928114e+00
1.518112668153194900e+00
2.170811660724478731e+00
1.761659316757725691e+00
4.004535119979403923e+00
3.145886678709026718e+00
6.470216119419032630e+00
2.828090214796955770e+00
1.646919877340619953e+00
1.976398054029335993e+00
3.558947211512541120e+00
5.221161710827863622e+00
3.452708577074590224e+00
2.469156356621351023e+00
2.504798991857870583e+00
4.410794168003442373e+00
7.701566971496413672e+00
5.424823768325985007e+00
1.043412038819562015e+00
2.221707728020043238e+00
3.092720593578011989e+00
2.406946599920236629e+00
2.061952248572346047e+00
7.830840012391981020e+00
3.762207272871134656e+00
2.803551978638004982e+00
5.758408732940989871e+00
4.258329235423353509e+00
3.678962185843849042e+00
2.031413159275341940e+00
2.143532946499195013e+00
3.717146591899069819e+00
6.605401673940035856e+00
3.064106219124348218e+00
1.508798864161872144e+00
4.538024580060789681e+00
1.797773152111325823e+00
6.819539092747680442e+00
1.938350525843419936e+00
5.694091111918979209e+00
5.290863234905320844e-01
2.757872680149035194e+00
3.272282502741561405e+00
2.218716824602529947e+00
2.433347714587034361e+00
6.458103827345923698e+00
3.395080934412241902e+00
6.301880864654942016e+00
3.128699787885257155e+00
1.092942787268442739e+00
5.297329475320174730e+00
4.151995420092754685e+00
1.694787177232176978e+00
1.057882735526091800e+00
7.011563530512756159e+00
2.210431279672806060e+00
2.613051280595110271e+00
3.789377703979234457e+00
2.095006397379544083e+00
2.361345922115112295e+00
3.786832308685117887e+00
1.935950775236018107e+00
2.825784680021122597e+00
2.110538090665523114e+00
1.866513870211411463e+00
4.528752838019501681e+00
3.163810629509185457e+00
3.026700614254687505e+00
1.436037521688986685e+00
3.403876131777123337e+00
5.956193012642376772e-01
4.971309171957162931e+00
1.982514282163806207e+00
2.873167897247782321e+00
3.586993846564197064e+00
1.149845676962071961e+00
3.133862585533735423e+00
7.987773368804761631e+00
2.308677097303335923e+00
2.479192833916019634e+00
6.217833924288187042e+00
2.760277417507060349e+00
6.920779214510589306e+00
3.681192863878881560e+00
3.202910386289973488e+00
6.031192631667184223e+00
3.244927341794619835e+00
3.147527547400714276e+00
4.445211760183013006e+00
2.422671322984026432e+00
3.908278933921258247e+00
2.509224673387629334e+00
2.988982618357916898e+00
2.594939839578457530e+00
3.343778440609688651e+00
1.289668418355855106e+00
8.383423158850046297e-01
1.923287190803516733e+00
2.550535491161050494e+00
