1.694306142295988593e+01
1.737192784265500478e+01
1.744515877082341149e+01
1.782664207962433878e+01
1.876648218592345074e+01
1.752659242959182251e+01
1.650090319764906255e+01
1.923878088283008836e+01
1.732285201435579225e+01
1.541481452617065884e+01
1.791802826434752305e+01
1.697463717209736700e+01
1.741253332951609067e+01
1.536708202893000852e+01
1.582427348467817829e+01
1.554106398395465050e+01
1.792643404131870355e+01
1.532150142680450600e+01
1.574364277558579062e+01
1.830513302408217768e+01
1.688812064159471049e+01
1.634030645158905770e+01
1.659237682244245704e+01
1.728174704494732339e+01
1.692327279565535747e+01
1.705373769465209932e+01
1.488316791573871889e+01
1.589570731608754528e+01
1.498576862686509514e+01
1.652063955368438641e+01
1.670271785766413686e+01
1.787045317861236882e+01
1.924367383401687448e+01
1.793184065796286930e+01
1.515093536604624447e+01
1.682925079028680315e+01
1.484699315261286756e+01
1.681341544067568350e+01
1.907962225673866641e+01
1.623264912131390503e+01
1.544577526963698588e+01
1.846686861331433605e+01
1.686197491877656418e+01
1.685068943981029221e+01
1.951065011453750841e+01
1.629018910737639914e+01
1.926601957346284877e+01
1.864595294999153552e+01
1.741618515555926905e+01
1.939110419892177717e+01
1.685994142564308262e+01
1.438555866078700518e+01
1.771301875783701263e+01
1.799960315255901477e+01
1.717019234157467977e+01
1.666029296809760396e+01
1.807181296703687678e+01
1.716109961336267631e+01
1.649673338877110496e+01
1.717254956383458975e+01
1.737649109824880966e+01
1.551725773544306008e+01
1.566299344732063048e+01
1.681597530595494661e+01
1.802720090664919539e+01
1.791627067533277895e+01
1.657925848317176687e+01
1.550362041320447837e+01
1.787235969226633969e+01
1.619526572306576284e+01
1.960551462230270658e+01
1.705985276568856079e+01
1.591064938160056919e+01
1.899294671314277849e+01
1.737992441632995977e+01
1.803533966340254580e+01
1.546750194603981221e+01
1.724546544472508103e+01
1.695408424579427020e+01
1.630632828956060720e+01
1.478062430041497777e+01
1.766429783350911364e+01
1.867914966178942393e+01
1.970776749696745611e+01
1.610534975150245884e+01
1.592906586315627848e+01
1.678615173697955498e+01
1.891259489508716385e+01
1.542154894536824372e+01
1.535503233062024719e+01
1.645991927049953674e+01
1.691962165849274413e+01
1.814604397583546103e+01
1.922182267188447824e+01
1.676811837745134426e+01
1.691049830354663897e+01
1.762097258917041742e+01
1.841497256039580321e+01
1.831122329431796203e+01
1.741037402327473060e+01
1.915719779172778559e+01
1.748685734056683216e+01
1.680096979850690531e+01
1.414769907149977435e+01
1.752321602489951147e+01
1.816934921717106377e+01
1.668441147517168588e+01
1.605905013706367512e+01
1.459107591145511584e+01
1.758242966827696563e+01
1.710678786864143675e+01
1.471367298177421823e+01
1.696508303302310239e+01
1.667201930328303305e+01
1.655218229891659121e+01
1.848164947389471990e+01
1.674741554613357053e+01
1.516207868342294418e+01
1.933512238665387173e+01
1.500465124086251123e+01
1.580762453553673197e+01
1.564144987104255868e+01
1.803930011477334006e+01
1.713415895272316902e+01
1.955856144038129329e+01
1.582896111903960623e+01
1.859398688531293331e+01
1.617329044951862116e+01
1.533902073562052593e+01
1.573831685268209846e+01
1.721981911473351445e+01
1.780227737612708339e+01
1.747952672545317654e+01
1.634250112414891021e+01
1.601637046251953223e+01
1.645344685099771809e+01
1.723022649661275452e+01
1.719053703850344661e+01
1.605543133811116263e+01
1.705110064123829616e+01
1.429842557515907764e+01
1.489148858239897777e+01
1.621475505480803747e+01
1.674170323558999840e+01
1.735614010969871757e+01
1.611266514649431514e+01
1.669836338180568447e+01
1.863374593309600158e+01
1.657194904453572448e+01
1.832887867925048297e+01
1.540859437539583254e+01
1.807314168398575305e+01
1.733308482060357036e+01
1.487649023408479820e+01
1.563579153254815424e+01
1.552809600822965130e+01
1.643655222576630237e+01
1.639756218389258535e+01
1.523318794291786737e+01
1.691340315042331710e+01
1.603343728731543649e+01
1.827372537452672674e+01
1.716518029007997725e+01
1.759524339154916461e+01
1.843768246434079927e+01
1.809807369690849299e+01
1.524183797670137253e+01
1.637452841191869268e+01
1.737806032703323922e+01
1.570289874043118949e+01
1.608224399708087660e+01
1.885518560996711557e+01
1.684067058603567091e+01
1.573536862511148904e+01
1.579498516539987563e+01
1.660378726872071553e+01
1.760904481086475215e+01
1.832218987778465902e+01
1.803647707532645228e+01
1.547061427249896148e+01
1.665646363815881870e+01
1.799302056387211479e+01
1.556302924980625946e+01
1.656256804223514933e+01
1.714814306886115602e+01
1.679150030878246014e+01
1.730532286743424208e+01
1.791614472186196494e+01
1.544340250289180183e+01
1.680581920648671002e+01
1.541637329899952746e+01
1.606612603370419734e+01
1.647101482360754687e+01
1.590903567588425638e+01
1.729693020082199695e+01
1.608717404010263863e+01
1.772867282444910586e+01
1.778667622458079123e+01
1.663819718556196037e+01
1.650996053663131491e+01
1.594041431969527878e+01
1.809349180440957738e+01
1.501319429612890310e+01
1.691464229070202308e+01
1.826594886521186822e+01
1.780814503392666737e+01
1.478284752588619888e+01
1.611418459286756644e+01
1.728892418514597651e+01
1.760814756227117783e+01
1.623767350731829850e+01
1.767905509562961441e+01
1.568380645216280378e+01
1.658404380167341330e+01
1.624700844157506907e+01
1.606086320140982338e+01
1.574109293186258007e+01
1.828743373950484497e+01
1.842721935052072624e+01
1.770406319402029993e+01
1.556897806970368769e+01
1.528286524932810408e+01
1.549236647682114487e+01
1.583779937145956929e+01
1.742816823620074373e+01
1.690540619386079513e+01
1.766477003238896515e+01
1.611319478346401013e+01
1.719300909049131221e+01
1.632016522356668631e+01
1.777349720006537481e+01
1.618712212864725686e+01
1.498541314096879340e+01
1.522516165563630786e+01
1.797554904623424576e+01
1.704893714830955531e+01
1.692288277079565972e+01
1.546812908965449651e+01
1.615327333363726936e+01
1.752932226366324286e+01
1.699968800200780450e+01
1.661970624796234830e+01
1.546130540887247662e+01
2.093799909886075739e+01
1.889132341217566236e+01
1.626999903134525027e+01
1.721050615939469353e+01
1.713256469568443663e+01
1.918430202418517894e+01
1.817936850312822372e+01
1.723457314567595944e+01
1.632295557861103319e+01
1.751093733978680689e+01
1.629977025942835667e+01
1.538233595547212218e+01
1.678527805996156275e+01
1.785073469170637850e+01
1.626380282760265317e+01
1.749749548929155196e+01
1.634980277664205062e+01
1.706676741402490904e+01
1.624488395329142776e+01
1.747214596885386229e+01
1.536339794039493789e+01
1.767665713182782028e+01
1.647444984596794626e+01
1.630640155303938954e+01
1.853436143748034226e+01
1.560761699904448108e+01
1.614954067827722994e+01
1.707103144258345750e+01
1.652664144509165567e+01
1.797430244502591989e+01
1.536904803194861202e+01
1.828110635763436420e+01
1.705074023387359361e+01
1.802222612027848925e+01
1.521808270542396713e+01
1.482372887152595631e+01
1.542448072235255374e+01
1.640691646141528182e+01
1.888803379315694286e+01
1.880750769186875360e+01
1.840985935989180433e+01
1.702581870237902351e+01
1.560330823625680097e+01
1.580286531112067294e+01
1.713617445734950806e+01
1.699546284701472487e+01
1.641202810414825564e+01
1.606765016071810948e+01
1.684710317274417335e+01
1.649988873433084535e+01
1.691038291221072498e+01
1.557856455759349146e+01
1.720559531335482362e+01
1.732505450035363381e+01
1.681699039218116454e+01
1.842396845572853437e+01
1.792457477628355633e+01
