4.799139801523184978e+00
3.478483672080056710e+00
4.051125993443436712e+00
1.854571540488505477e+00
3.726915741763543011e+00
6.399905571235652957e+00
4.382130487688498555e+00
1.618488280929451406e+00
2.261989691688232718e+00
3.300301045145367151e+00
1.783728355621721162e+00
2.343058944164170043e+00
3.859198811703527632e+00
4.061528701606785141e+00
1.031849590683361573e+00
3.354755954580240562e+00
2.049267882354292691e+00
1.431370851480232353e+00
2.112166878092889277e+00
5.160908631944295166e+00
3.216114764372949963e+00
4.322351440600680661e+00
2.730309668784486998e+00
3.170292666702761775e+00
3.147689482934856731e+00
1.509598782153125818e+00
4.370160851068388475e+00
1.515403542369724965e+00
2.343208512337935812e+00
4.210526937673965797e+00
1.912319389054564889e+00
4.798856952759962269e+00
7.100129753896753382e-01
2.712025839554178752e+00
3.062613173997220439e+00
4.217473801160238622e+00
1.499827380164594048e+00
3.417499003730584128e+00
5.463293609249070926e+00
4.978985357083433705e+00
2.873343308680801567e+00
2.395799041637133087e+00
3.701015708610716715e+00
3.359175731731705472e+00
7.696976358346362623e+00
2.288041813497492249e+00
3.760025222039411474e+00
1.983966827030881896e+00
3.840132370518393845e+00
1.759421069435784579e+00
2.690090386472435480e+00
1.441480369420457874e+00
1.236993577388235011e+00
7.791870766515576197e-01
5.935349151367228515e+00
1.781711835477675754e+00
2.104943641937043974e+00
3.263791660692437091e+00
2.094275200166241913e+00
4.113931338884222910e+00
3.975448259395095718e+00
8.662626662375364495e-01
3.507757100267564265e+00
3.916803521701243795e+00
3.660291050013575909e+00
2.840447301300884408e+00
3.566693810631860639e+00
2.235834807146954262e+00
1.191418629709766419e+00
2.635208274343859625e+00
1.316536474111626775e+00
2.621814533015700110e+00
2.775652756732671644e+00
2.513295015302078550e+00
3.455413209094808202e+00
1.190631173529435705e+00
1.262149065677169446e+00
3.819946152898525682e+00
3.179111480911035237e+00
2.282102491358148910e+00
1.811333067486579296e+00
4.086063641764335230e+00
2.651938582869012961e+00
1.943619842916874063e+00
4.796497134896909209e+00
4.179452636914659180e+00
2.110406812134723253e+00
1.159495930418804166e+00
2.838329171372772741e+00
7.025236198263019816e+00
2.920045716536511904e+00
3.120153936981038267e+00
2.518836888797906681e+00
2.512185716870368957e+00
1.018435266296653596e+00
4.743123310257666425e+00
3.124226906306759144e+00
2.959605624354386677e+00
5.066725627243286567e+00
1.249783292214676322e+00
3.420809113487763398e+00
4.430689205436837419e+00
3.981071944217434933e+00
4.069746137400059638e+00
2.710056530721066004e+00
4.890912107692865440e+00
2.729185329260944037e+00
3.617570624069115226e+00
1.805998037794985578e+00
3.892313391607958639e+00
2.616178393982737216e+00
3.018604982572619111e+00
2.503464030331589818e+00
4.306620208177451836e+00
3.175809561862190211e+00
5.417491599081424525e+00
3.873412003904775691e+00
2.970070492115284733e+00
2.768738950931590281e+00
4.238545115425725207e+00
7.915007316733022602e-01
2.745068314389039976e+00
5.163614430335253580e+00
4.524772171300734946e+00
4.908934550526526941e+00
4.577842426623028871e+00
3.361720494129256220e+00
2.777575717205661654e+00
2.729469349902895914e+00
2.202849424036637416e+00
1.989998252653666144e+00
2.944616490416295029e+00
3.884588724487078704e+00
4.878646172033628936e+00
2.504544308325994617e+00
3.958990909495139654e+00
1.824306341939164966e+00
2.762128171472268523e+00
4.079524730808389066e+00
2.393385653560021531e+00
3.684460231205828329e+00
3.431899881983448530e+00
3.363694616034795803e+00
1.730206273272993700e+00
1.064728883127608272e+00
4.232149716283553964e+00
3.633152271149559187e+00
1.654070856429438852e+00
2.451367850792621095e+00
3.857642612058174603e+00
2.935513734373683015e+00
3.593126333795103378e+00
2.518895370918119436e+00
2.378967975482122466e+00
1.204742211021483600e+00
4.546476855432417530e+00
1.594261600347776087e+00
3.305365930057176715e+00
2.011205885666791815e+00
6.502741114200373929e+00
2.591117748923278619e+00
2.563514676122877312e+00
2.033405058081769745e+00
3.052510029719186502e+00
3.291929023704852852e+00
3.658263716175636393e+00
2.898487111331033983e+00
1.821071777407287984e+00
3.950731176659763477e+00
3.548791248674451726e+00
3.045805767437934630e+00
1.212802016507118719e+00
3.873115906937949937e+00
2.081146723784430108e+00
3.206480123468756993e+00
3.557586036794288198e+00
3.205846770739221085e+00
7.323754148857274160e+00
3.805164031946713266e+00
7.344005920291303724e+00
2.640055156499876876e+00
3.978414650626963756e+00
3.673436460898214850e+00
3.666801732308037298e+00
3.073090197788579836e+00
6.291716027829206581e+00
3.308213835959313620e+00
1.991820314111585999e+00
1.674804673455338344e+00
4.904020424685287871e+00
6.242636105458872819e+00
1.124078804074838400e+00
2.846861025018186275e+00
5.211954492447312681e+00
2.054486528514316568e+00
1.031124407889988825e+00
3.225008574606570200e+00
2.262543771210207222e+00
4.625924505987559776e+00
2.588047109566613102e+00
4.785360636298258363e+00
4.824540999588562862e+00
3.858483078968320878e+00
2.184865895256399071e+00
5.068302916925226498e+00
4.802984099809947338e+00
4.039732399723654055e+00
4.271311837849622428e+00
4.359658400328735084e+00
2.743191732574226993e+00
3.414074134426056339e+00
3.919086970445407325e-01
2.649059822608943460e+00
1.278269611243434412e+00
4.079543772103193966e+00
1.301026675110370512e+00
2.879778543603128682e+00
1.614821833113013083e+00
6.155789522689497417e+00
1.605246981224722314e+00
3.039143627973232231e+00
3.386700885158069774e+00
1.051163370868475999e+00
3.049669286306083027e+00
2.809625662577680760e+00
4.803846473793677241e+00
2.662537049799808653e+00
4.659090883322591026e+00
2.571981889442051195e+00
3.109821301493138179e+00
3.212201289361363621e+00
2.901658745851592780e+00
2.036066618243987048e+00
2.486361835534942166e+00
2.172605090994038868e+00
4.560336093994245665e+00
1.144729225242408166e+00
4.391655315909685164e+00
2.462863569897455029e+00
4.451767158999186513e+00
1.531938443230015601e+00
2.675250946249227546e+00
1.710474433675523542e+00
4.147718566644480909e+00
1.762093057639500637e+00
3.145195917971885802e+00
5.200461690091379152e-01
1.924990557013551484e+00
2.700298180792695568e+00
1.386311060280621454e+00
3.353549893821555550e+00
3.085792515987317408e+00
1.751043287251027758e+00
5.968208199465095731e+00
2.976872473126950247e+00
4.682120933165133891e+00
3.291057045554873994e+00
9.473122333112339311e-01
2.496065831394267853e+00
1.104345645952229615e+00
3.366110355278691735e+00
7.052702340113349067e+00
3.095246411395950137e+00
3.110398994922825899e+00
2.546552240155830482e+00
1.424961958582110721e+00
2.834031826128358578e+00
8.183312853209992355e+00
4.309693757096237476e+00
4.566886981411557578e+00
1.710935395712381846e+00
3.139595043609435976e+00
1.432151585169268326e+00
2.605489973767174838e+00
2.709946968224019592e+00
4.351105523757177629e+00
4.446080843847921571e+00
3.363361878336033950e+00
2.476114116037170021e+00
2.281172403101685564e+00
3.064746218712781634e+00
2.353419165820387349e+00
2.673876299000220502e+00
3.938106693936425096e+00
5.702287044838667107e+00
3.052429700616956065e+00
3.636355941635813327e+00
4.217061934895029118e+00
2.397588096629841292e+00
2.254181166447664086e+00
3.583873786753776436e+00
3.992355468686166642e+00
2.380538411354123252e+00
2.779753648635026053e+00
2.031511896044432497e+00
6.276826718894946922e+00
2.291729616678203740e+00
7.172464518408702361e+00
4.525161807017747506e+00
3.290015935372252009e+00
