1.916780876171497727e+00
2.999594681103646465e+00
5.454337612740340901e+00
2.349459872250205805e+00
3.525541238235725849e+00
1.865966258287448554e+00
8.288526690010153075e+00
2.863603765079090646e+00
6.395961750823066616e+00
1.076519039946596257e+00
2.377950196053337351e+00
4.148455874089524542e+00
9.489152569235677959e+00
5.091415208348826660e+00
3.785439887215492849e+00
1.895787620284168584e+00
4.495932187966273474e+00
6.501786927486501000e+00
4.314514903993707406e+00
4.726869647598743285e+00
3.050264023802767177e+00
5.863302837937566236e-01
1.051976746208565627e+00
6.455727194820709336e+00
3.048175885378587413e+00
2.467647138224139169e+00
7.850528480676318033e+00
8.037996106867284496e-01
5.902893229093431948e+00
2.263550865629438746e+00
9.670829236546635288e-01
2.149413071647805040e+00
3.468449184701392518e+00
3.542155879041498867e+00
2.756363339984710947e+00
8.432140734639919089e+00
1.534542586288350163e+00
2.750959717624389178e+00
2.509874096261012877e+00
4.133906344310856795e+00
4.439044325827978810e+00
3.545462066009046787e+00
1.317694735337152645e+00
1.586288004667151919e+00
2.605885422287591346e+00
2.529583976515050736e+00
1.586630958818706860e+00
1.900175835399431135e+00
5.456840220503440086e+00
3.130577468561076326e+00
3.395152049571882991e+00
1.739031806862449736e+00
7.383043249692493593e-01
2.877544833016803416e+00
4.775838777703232729e+00
3.470644258361745838e+00
2.306219806260295435e+00
2.442737881780680187e+00
4.668878372095175422e+00
3.318077641238871944e+00
2.180060632054567460e+00
1.714930154775627491e+00
5.212723600355200659e+00
3.124224577497077604e+00
5.003876001804628437e+00
2.869800940419141799e+00
2.145728946959275074e+00
6.941063617082332549e+00
1.736197691912052532e+00
2.696514739810692340e+00
4.649955344578001970e+00
3.645281237731460955e+00
1.757298079082204589e+00
4.234369882309814592e+00
4.034239188226484529e+00
6.323004188184811802e+00
2.325709841468064809e+00
3.542272525260212301e+00
6.008465358814952140e+00
4.057396709271499091e+00
3.077149675175881338e+00
1.526086792877660026e+00
6.886417822549065981e+00
3.371501564465384959e+00
3.712271824043053225e+00
2.711604355895361973e+00
5.577841422228742019e+00
4.234496932638925237e+00
3.970888080839245049e+00
6.908743800080505260e+00
6.902028453240410144e+00
7.513092737620332251e+00
7.218816585921516982e+00
2.826263805250519567e+00
3.632347199222750511e+00
5.215736602743545447e+00
3.008004601836903991e+00
2.623193878016642167e+00
2.844052179756725529e+00
2.629447224203647959e+00
4.621580107244100510e+00
3.083958559251392728e+00
4.372739472375555714e+00
4.048914156133170295e+00
6.763712977432478013e+00
3.700547177792321119e+00
1.977324505189530068e+00
3.643511275681337036e+00
2.190856521368736765e+00
3.153578681316878907e+00
2.496056439371140190e+00
7.385754599151744593e+00
4.244424552415594576e+00
3.146525747121054817e+00
1.104946333300088623e+00
2.705828344941952679e+00
1.591999474131284620e+00
3.927135240643605751e+00
3.733374658717395267e+00
5.331409127377802371e+00
8.697147098023638279e+00
2.362785129891156188e+00
4.366872828146328267e+00
5.202510375259262076e+00
3.959527614921206418e+00
5.874288581897835648e+00
1.551618733959896801e+00
2.649534311969422795e+00
6.083024356458852644e-01
1.669223535771962030e+00
5.385633297355225224e+00
2.824373355615681369e+00
3.752683895127887137e+00
2.578101663518522102e+00
4.416269442052247030e+00
2.399395911451609908e+00
1.643659299600066293e+00
2.727315640428273902e+00
2.931056200323851169e+00
1.795156115506376215e+00
2.090142448078508242e+00
2.644644615959393708e+00
3.095971042832546871e+00
4.947040482001284545e+00
4.596667750479297432e+00
1.742198669798362021e+00
3.335175936542651431e+00
4.459781720470649802e+00
1.972741539965576107e+00
1.789400019883051751e+00
3.015577774886133433e+00
2.982154785715316336e+00
3.973246669824011423e+00
3.362640914793755265e+00
1.638362195851210457e+00
5.158763846397656394e+00
6.255310870665034884e+00
3.355768562234225705e+00
6.216072031705246026e+00
3.957113518166754496e+00
4.062331200843195766e+00
4.439537806914396256e+00
2.121202052514816305e+00
1.051410195733291530e+00
5.764788996923585707e+00
3.653414910306927776e+00
3.641916187155547213e+00
6.808663872168442488e+00
2.709692616437298085e+00
1.244320720391922652e+00
3.180419109091983110e+00
3.440681488569034219e+00
4.585598873546801180e+00
3.521301284905360429e+00
5.245815903472463404e+00
2.162555640170900961e+00
2.229522659190538381e+00
3.384094634808112012e+00
2.234345552142869007e+00
2.652912913902357950e+00
2.281724470951344230e+00
2.804739445266523301e+00
8.130906714063240059e+00
2.326323479988575027e+00
5.264308772197633601e+00
4.139205147532487139e+00
1.499796220512245926e+00
5.620136826037214206e+00
5.201619097300940631e+00
3.539551030384799457e+00
2.087164206315291981e+00
6.600874021943551995e+00
1.786462098304942181e+00
3.111339969690937401e+00
3.590299624113599375e+00
6.129496436303199403e+00
4.127910246970196262e+00
3.316936733684275662e+00
5.337957975872395622e+00
2.492997900475436346e+00
2.849848312129950045e+00
6.278843968840249978e+00
2.706282642081468293e+00
5.148996692859974189e+00
1.980688732687228448e+00
3.704023949083637746e+00
2.825420274601015524e+00
4.701831594747153176e+00
1.721348215631174572e+00
1.008397574376673589e+01
2.845575214996576285e+00
5.677433690732081928e+00
2.455802868455466914e+00
4.066115793781200694e+00
4.431619036267443690e+00
2.974916629962917280e+00
5.328591626121103708e+00
3.456833847204948018e+00
4.510810185996564137e+00
2.920513053736800924e+00
1.767030397600929836e+00
4.771827872216835686e+00
4.206026989070498878e+00
2.934751264103974133e+00
3.261443747561230566e+00
1.450512389759760934e+00
1.931321285629449491e+00
1.552499252820790820e+00
1.846451715511018943e+00
3.983349859572706819e+00
5.060821336060605802e+00
5.819557168206554998e+00
2.695666263764506798e+00
2.674504025492881354e+00
2.039725275256939252e+00
4.550963024288684267e+00
1.202074395946776120e+00
9.916130825828161077e-01
3.248255338158656080e+00
4.096315591400259137e+00
1.924794986891302795e+00
3.423286107827782310e+00
2.266107104651355009e+00
4.552402331027670002e+00
3.404201084092813190e+00
8.298440206009983777e-01
4.487827649861332979e+00
1.446133070729866077e+00
3.558899971094305670e+00
2.972329294230172447e+00
6.462518648049286440e+00
5.835401287009233329e+00
1.447676078772956343e+00
7.011430271678369408e+00
3.527224752966268362e+00
1.700153465700575905e+00
3.280865881417016183e+00
5.256180338301383870e+00
4.837218037653227221e+00
2.430011099185415357e+00
4.105369182907331549e+00
1.636322749116352337e+00
1.355928033676853550e+00
2.923471466737186386e+00
8.918235027487056987e-01
4.135285206316329898e+00
3.537124540335644163e+00
3.712569190657833751e+00
2.848341306345322899e+00
3.416158828991746166e+00
4.323051533693557325e+00
3.082457512445039960e+00
3.704415307422053605e+00
3.460919836486135548e+00
1.468609462972040092e+00
4.681344754479316528e+00
2.575078009525411105e+00
1.300913829715106829e+00
3.174764206086630569e+00
2.311981274246013296e+00
4.574009060934171700e+00
3.638787224243616336e+00
1.654653361201019912e+00
3.537697272614602539e+00
4.328844059824622725e+00
4.273039255144571946e+00
1.386449039739890532e+00
5.300497275924467289e+00
2.203403526147997393e+00
3.661285210892069930e+00
4.986264568331230329e+00
3.469893447130813602e+00
4.707491485743885207e+00
2.787722480670272063e+00
4.451545232560748744e+00
3.621803819668961477e+00
5.541750445577095618e+00
1.964178280571813318e+00
7.550283294627003983e+00
8.656269405579403164e-01
