2.206852901111561494e+01
1.605142517529588631e+01
2.440819800454005417e+01
2.417137847983158139e+01
2.069155925733941359e+01
1.466749141772691978e+01
2.358979363089213166e+01
1.953983970381820612e+01
2.127694763493669328e+01
1.905760538426623185e+01
1.929876279595261579e+01
2.048256624133757242e+01
1.154527999451202902e+01
2.047057591951018196e+01
2.555876180211026139e+01
2.089794651015236937e+01
2.332678260020250605e+01
2.408335876447806001e+01
2.080355230974448233e+01
1.253746626373991901e+01
2.019522766368912770e+01
2.149892023283890552e+01
1.697011603045150707e+01
1.986981717839227457e+01
2.841277230666414511e+01
2.512485657641954973e+01
2.346642446428594297e+01
2.075191837878540113e+01
2.324504281616831491e+01
2.380660862412723233e+01
2.409133583587376748e+01
2.754755081705975428e+01
2.526312153762037838e+01
2.309996123541053592e+01
1.803280699401098630e+01
1.695663848821653019e+01
1.791377687874372171e+01
1.979712550064815701e+01
1.523302957678054170e+01
1.893120267619059760e+01
2.418613627764468887e+01
2.066094216445885223e+01
2.052252651684260698e+01
1.996443219479508713e+01
1.797610376807345389e+01
1.666204567649959856e+01
2.060763359596402111e+01
1.518050781706867447e+01
1.884270386170570788e+01
1.880202270234019934e+01
1.725448219723018184e+01
1.999784012810641443e+01
1.867501401503916725e+01
2.105561224750121596e+01
2.058681160202577587e+01
2.735531651040406942e+01
1.958324428458598732e+01
1.979158973891386353e+01
2.021399497615418284e+01
1.950779289585141996e+01
1.446550492678528776e+01
1.950834426815087141e+01
2.432175429187389071e+01
1.668174315292415955e+01
2.161591238703043771e+01
2.702719927802820976e+01
1.938176980775912739e+01
2.011374554175230145e+01
1.437623989610772668e+01
1.983511521192803073e+01
2.254121793109568728e+01
1.972604312415159100e+01
2.012325738970968203e+01
2.419247094800957143e+01
2.277893160412326168e+01
1.961010495757597738e+01
1.835775932929979248e+01
2.064939911113881976e+01
1.449758434442229671e+01
1.982054444766757939e+01
2.103893459373421493e+01
1.648079942311812118e+01
1.560797909567068942e+01
2.388418056856626492e+01
1.737148764118940036e+01
1.720692695270762584e+01
1.508786233905538232e+01
1.865793835950347912e+01
1.759488640053910657e+01
1.893564363230834502e+01
2.432227189480875396e+01
2.101164153307631111e+01
2.359121244268182949e+01
2.248192231651067985e+01
1.574337775516575455e+01
2.074835754139502342e+01
2.328648909589163196e+01
1.241878696471453836e+01
2.578088779625807447e+01
2.399242816263623368e+01
2.285997590415027858e+01
1.666431871769107431e+01
2.142065613551705994e+01
2.203985585800264246e+01
3.067972236284366616e+01
2.281893929569687529e+01
2.438772837008624350e+01
2.321827033553252306e+01
2.121925894204255059e+01
1.764073954867624749e+01
1.799688668650366097e+01
1.698453549010306673e+01
1.515286153232120370e+01
2.048417569202689847e+01
2.203488396978102770e+01
1.915435416281086844e+01
2.441466735365450091e+01
2.780515826117692413e+01
2.233156955011084932e+01
2.085661328903193379e+01
2.135011053485151677e+01
1.589932689002392863e+01
2.001550824906263060e+01
2.060991365510809459e+01
2.394071412925174158e+01
2.288439586203796239e+01
1.384277094939622366e+01
2.649107870537592646e+01
2.191205306077773685e+01
1.532086702388560795e+01
2.372832413433757637e+01
2.027404791556037722e+01
2.282664427558670539e+01
2.175941747987122810e+01
1.414220152956045773e+01
2.205786282629806294e+01
2.577297251688893098e+01
1.892583339604492920e+01
1.836253126440200134e+01
2.610960032915096818e+01
2.330130478777561009e+01
2.268663356431714817e+01
1.985806307259203507e+01
2.058636542120527224e+01
2.439969267082723547e+01
2.105107204903585583e+01
1.889547627544314778e+01
1.980894243115666598e+01
1.674095535569295379e+01
1.777022878329878353e+01
2.164095870429157387e+01
1.817274392257353810e+01
2.392657887467539624e+01
1.775108970323551461e+01
1.130853173407891710e+01
2.264128224292041835e+01
1.615844482474533805e+01
2.213317810899874871e+01
2.395847860288264286e+01
1.401993882275749037e+01
2.161113920022728507e+01
2.540591879228213656e+01
1.959184350781417194e+01
2.211651688920153092e+01
2.403848055024589314e+01
2.395862455642881983e+01
2.466277197707443491e+01
2.927972750028925120e+01
1.898652730283388124e+01
1.771710297967480585e+01
1.592170879077642631e+01
1.693582927667302940e+01
2.177217185988674331e+01
2.184668259777651400e+01
1.895426419689032116e+01
1.856552959819563142e+01
1.677373074203425674e+01
2.220946413258201346e+01
2.050293659395360990e+01
2.044990217277698719e+01
1.922590915162817637e+01
1.665839651155474499e+01
1.743452543051745351e+01
2.470586802298321771e+01
1.941409410552171266e+01
1.949776473842623048e+01
2.086952122912593310e+01
2.299328555076393954e+01
2.517072275670905412e+01
1.664927599554491522e+01
2.026976624759430123e+01
1.122321168275850489e+01
1.792406234039579616e+01
2.005971376835241671e+01
1.683033071905777689e+01
2.489423561365351745e+01
2.322519637337290987e+01
2.158219813044398450e+01
1.428745473808889876e+01
2.110596600864323236e+01
1.966383434118683482e+01
2.096465192371044495e+01
2.490544039203794924e+01
2.153705723162478236e+01
2.633247909665728059e+01
2.141675201227217329e+01
1.818031878545735935e+01
2.357314417678252738e+01
1.493680343965891311e+01
2.180333632195285531e+01
1.488345979523555052e+01
1.612668062256249968e+01
1.627811059881331701e+01
2.018410263295912443e+01
1.581183536210552809e+01
2.030123597605729557e+01
2.042943154237236669e+01
1.895267590491270937e+01
2.515288266800641637e+01
1.476391471396820521e+01
1.771726942533528870e+01
2.194730755708400594e+01
3.188788534330997493e+01
1.299225705035512668e+01
2.472503664481117269e+01
1.960976513264700927e+01
2.170935825205554082e+01
1.897766021503410272e+01
1.751911358694249898e+01
1.297760787708094554e+01
2.004696728649512849e+01
2.383619391597077097e+01
1.337982119096643352e+01
2.281936846029299559e+01
2.081679372504224546e+01
2.314997563067421638e+01
1.808743156066515922e+01
1.961028493269110129e+01
2.377885778471229372e+01
1.990773736414683270e+01
1.380354227304630399e+01
2.147524380515379505e+01
2.262315254555491961e+01
1.670383692281147603e+01
1.780067559981611325e+01
2.043033409343968287e+01
2.303867210830228274e+01
1.821530240152480573e+01
1.741639619496315916e+01
2.083274746457295024e+01
1.883098073125389504e+01
1.909761258849797372e+01
1.873519259672927006e+01
1.626937706146355822e+01
2.001491008792941528e+01
2.376302252927261449e+01
2.998512963483456772e+01
2.412338364475607122e+01
2.172538620579220492e+01
1.741961367000087790e+01
2.207043166361554043e+01
2.236407789360347209e+01
1.612942066942251174e+01
1.962047496000356972e+01
2.355141744151941552e+01
1.568332947411678724e+01
1.702638954261762905e+01
2.283528081846543500e+01
2.365582316888892223e+01
2.394295817605490839e+01
1.982749173435928469e+01
1.908834701437912784e+01
2.372573538713472274e+01
2.439099658258238890e+01
1.958938854009636898e+01
2.098266050529597138e+01
2.228494201450436663e+01
1.794427240128507606e+01
2.091593727478473497e+01
2.113018210527484442e+01
1.809901032358441952e+01
1.952669201335788429e+01
2.253394647864625355e+01
1.792577614338839354e+01
1.758101825535081986e+01
1.858105128284051943e+01
2.130671926050477083e+01
2.018113102784987944e+01
1.738940882535915122e+01
2.348682070861400106e+01
2.336726350886130277e+01
2.681289580973086117e+01
1.868542325075507904e+01
2.144044626429420575e+01
1.959427751878642354e+01
1.757120099597410601e+01
1.740450047863148697e+01
2.252027920989649346e+01
2.091160846018691544e+01
1.626152212173738931e+01
