5.967730193504842129e-01
1.008345756572835539e+00
8.002281880988615370e-01
8.006116943206021963e-01
5.850614207122110111e-01
8.187825814450609974e-01
1.227129080062353550e+00
7.966214318843255482e-01
1.104949078246100447e+00
8.148780239384618707e-01
8.543735090054139780e-01
1.860592465912909166e+00
1.025800052815359686e+00
1.139526188740701551e+00
1.489652960190021913e+00
6.222941172294529366e-01
1.042551982182627235e+00
1.595500078509112907e+00
9.861215212652332252e-01
5.285260154263377030e-01
5.589257051160965162e-01
5.615988046378100895e-01
1.152996811714749770e+00
5.049465293050965364e-01
8.632868363400756362e-01
1.038029269852540848e+00
6.550984086052894506e-01
7.347042973055113446e-01
4.448643119526775047e-01
6.058311052340403791e-01
6.690126029704969168e-01
9.211747921646380455e-01
1.492340768247964133e+00
7.894314425482329423e-01
6.340460248359046647e-01
1.650460525578017590e+00
1.355494092165807407e+00
1.266897239350390558e+00
1.915219695215289786e+00
8.202687125297823956e-01
8.772123251975850744e-01
8.033128115298332483e-01
9.979123334564812264e-01
7.625675434297054522e-01
1.266237419289959698e+00
6.200427250339081153e-01
7.530866286815628419e-01
5.651199029411946295e-01
7.899783000413437284e-01
8.985976476428009230e-01
5.735191339711668279e-01
6.495725976531587786e-01
2.340739628675942097e+00
7.901727944512342283e-01
1.514363158068636972e+00
1.493190000095327541e+00
1.279113417723625190e+00
1.069655229510780403e+00
1.027516976968923412e+00
9.874001956352650433e-01
6.355324170231817504e-01
1.439952083911437475e+00
7.829440826437605860e-01
7.977044528909970067e-01
4.801218987295514662e-01
1.418218722366621831e+00
6.028567769575372548e-01
1.237981246410431835e+00
8.438005926531398915e-01
7.719390478146800350e-01
6.732848528515050779e-01
5.351901563644795301e-01
1.029320400779440980e+00
9.828083892270517152e-01
8.953657742799173702e-01
1.998466941407525566e+00
2.426168558674040021e+00
1.158802475524292719e+00
7.169308446369088150e-01
1.053972585125774408e+00
5.889849132133486709e-01
9.068457263323764783e-01
6.968746012748788798e-01
8.547633092015360923e-01
1.016255078970472070e+00
9.270172697672870443e-01
5.153460717804946301e-01
6.841821510240573279e-01
1.099136835935052847e+00
8.129054410250939888e-01
9.651178953250790782e-01
1.684358231919763416e+00
1.362788575886535236e+00
1.277578134682886724e+00
7.031573777851690688e-01
8.001187349143562555e-01
1.311271535571443714e+00
1.021671174706976659e+00
8.594039432524591682e-01
7.173418047061553837e-01
7.478038519331606793e-01
1.046271231379934497e+00
1.331576810371277286e+00
6.238996757061480158e-01
9.175075409264671356e-01
1.211017590593802318e+00
7.941571629111082720e-01
9.390491386328109202e-01
8.380234900974247170e-01
1.251015378606280315e+00
8.858371084693680286e-01
5.551226553216523918e-01
6.609691701490644222e-01
6.572878027931012834e-01
1.112260133345540192e+00
7.067703278479757767e-01
1.730375856481518593e+00
8.779256321167522303e-01
1.235349504626147565e+00
8.139425856169867357e-01
1.077445653426828631e+00
9.757113593238637694e-01
1.212325611256227287e+00
7.865825526624404818e-01
7.394738662203396151e-01
5.560861132945060792e-01
1.527103429639209642e+00
8.956975615920975686e-01
1.560561721407981439e+00
1.322322098448642125e+00
1.582991433879828103e+00
6.545261628176335389e-01
4.683312961323921053e-01
1.194693274606012823e+00
6.417346702519676205e-01
8.374105879346273040e-01
5.263255151346165617e-01
5.608549015300078322e-01
7.806897273416667504e-01
8.722129922403333291e-01
5.267644684468416605e-01
7.777347552439958234e-01
1.614064005147560765e+00
7.206326639508336962e-01
1.146769166557933373e+00
5.640778429355662871e-01
1.137528834265382427e+00
7.385454053673498054e-01
8.368777989596933864e-01
8.666517774122102225e-01
1.138283565287697252e+00
8.859492816469718424e-01
6.065049544555747296e-01
5.566392703888924931e-01
1.339035055372606253e+00
8.366362710681614079e-01
1.337202550930809641e+00
8.089510950783035392e-01
1.995432378119583294e+00
1.693313598438129119e+00
5.600072727727254396e-01
1.382687238709951805e+00
8.407622885829078019e-01
7.365425180158022833e-01
8.871075448166836352e-01
7.651030726846986818e-01
9.372204326686243148e-01
6.233141412532594572e-01
1.315728317393700886e+00
1.115780699219931948e+00
7.423396333123716273e-01
9.254153129693437618e-01
1.174668590570551396e+00
8.240566967122217035e-01
1.004330320485306238e+00
8.819339338124406735e-01
7.657135441717266566e-01
1.153340364766112902e+00
1.232580960045991603e+00
8.968182570123308661e-01
1.200239962503380386e+00
8.540381168370215770e-01
7.214767900121973332e-01
1.620645057175757797e+00
8.865875391998094823e-01
1.421133225337606110e+00
8.174311542381723639e-01
1.424333874220735652e+00
5.506715583939987280e-01
9.603794248149405410e-01
8.485629027549286274e-01
9.181138086445695956e-01
1.291546767282050645e+00
9.195766796238764584e-01
1.209942706447946881e+00
1.199336694479256060e+00
1.356390663818774156e+00
1.084770515169539928e+00
7.380353451115593266e-01
1.145245015195903937e+00
4.566541228930229290e-01
1.789982210171353172e+00
1.256942084990641417e+00
2.869125631760963024e+00
6.898542239824781985e-01
5.546051065873259800e-01
9.419997469573792026e-01
9.787590754617834232e-01
1.112538006013517933e+00
1.467787226123821620e+00
1.208797446103031303e+00
6.322843399306533607e-01
6.641140502905192866e-01
9.274344942720340601e-01
9.130044729385266011e-01
8.124087671538539057e-01
7.153666713201543015e-01
6.632274052800551933e-01
9.521751368305362284e-01
9.232632408381067357e-01
7.915190026141709634e-01
1.326552386196029998e+00
5.887676378231992969e-01
7.622015541216807799e-01
1.033224890535500151e+00
5.297490992689209977e-01
1.298377274822407168e+00
2.054000060456933507e+00
1.070773612062279501e+00
8.414219738978709895e-01
8.947061520420275249e-01
6.792941646492919316e-01
7.051776102456301931e-01
9.186619033721848959e-01
9.385388710145892155e-01
5.990336468098668155e-01
9.806915743788742201e-01
7.390273193424273801e-01
9.305194106258781739e-01
1.249348681017439011e+00
1.225131017252965693e+00
1.417484534306670207e+00
9.447056292303285252e-01
7.505542690505822012e-01
1.867157842109929522e+00
6.772767849003777929e-01
2.418967274781804733e+00
8.663525702126562145e-01
5.119646465489094966e-01
5.079268352284271870e-01
8.751195892093009965e-01
9.769585407734612259e-01
9.609044902410737166e-01
6.045089959091338727e-01
1.724531074298620181e+00
6.641387097546647134e-01
1.013913330450953332e+00
1.260961431114157705e+00
5.724610578517870252e-01
7.161083817947829777e-01
1.190937247740725402e+00
7.525050614770241175e-01
1.064551483447134128e+00
7.804683061328335780e-01
6.489286512859436806e-01
1.895261441812028380e+00
4.892658084569004306e-01
9.007267624866538425e-01
1.497532921031588193e+00
1.111884974320994202e+00
9.063718252270873688e-01
1.702151852640874763e+00
1.130662526647321586e+00
1.063778518736915535e+00
9.709657666453110902e-01
1.466332299037959030e+00
2.514330450633908143e+00
1.048012636981186629e+00
9.147582041108703876e-01
6.844631045380455969e-01
6.798424241118725675e-01
1.826652485048868346e+00
7.568330284793481910e-01
1.415797439985375883e+00
7.218074453371068344e-01
4.920463802336187409e-01
6.857884279782131554e-01
1.767349484101290003e+00
1.103972829687091206e+00
8.737794420858452371e-01
9.434819181201131721e-01
1.793004563531667372e+00
2.168750169623826274e+00
7.426043864342903866e-01
6.732717864579165212e-01
1.225207255591516775e+00
1.765124337207959471e+00
1.298152784863343845e+00
6.746128669349908957e-01
1.749591399872476138e+00
