9.598693268429345338e+00
8.236892086609191921e+00
8.580620004148332924e+00
1.460012974087160842e+01
1.014525218767663794e+01
1.483298087152066813e+01
1.465538936906359702e+01
1.218994085263679139e+01
1.364759853821934676e+01
1.421314216900545446e+01
1.258741429289592872e+01
1.418537480009628560e+01
8.169337972927003477e+00
1.639471754360981137e+01
1.728649675739388769e+01
1.561031725690857641e+01
1.238561301448770280e+01
1.512669425593762185e+01
1.840627807144125683e+01
1.361336697844666865e+01
1.148475510802428801e+01
1.489427579627039400e+01
1.753353445220347950e+01
1.553072067522182920e+01
1.611202386373090434e+01
1.319532197529641060e+01
1.895574211706721712e+01
1.604162689474701153e+01
1.731300990571501686e+01
1.247837571567750459e+01
1.539883143871905702e+01
1.402752508626327455e+01
1.916332522935941540e+01
1.983396161888100195e+01
1.743777296202246774e+01
1.476387163396937652e+01
1.596961346710149421e+01
1.555542645188985773e+01
2.255737648499714609e+01
1.665878749620561550e+01
1.300902876932538277e+01
1.002333234157977415e+01
1.556013662734573444e+01
1.931420761178253542e+01
1.465507615974944855e+01
9.362497128639953203e+00
1.393210687678223181e+01
1.991580021004967094e+01
2.015954670774873136e+01
2.154085403967967238e+01
1.677015601205341966e+01
1.748975770801373031e+01
1.256508031080692156e+01
1.002503898897686163e+01
2.245587166506186350e+01
1.619129418221011463e+01
1.761249515492035655e+01
1.258451500123451972e+01
1.056096776116359770e+01
1.393845803718448906e+01
9.932675681631394582e+00
1.299653542347559920e+01
1.263407175945091154e+01
1.583375021670869565e+01
2.041851277492311567e+01
7.735029175054212836e+00
1.743244935110868354e+01
1.134010667441766529e+01
1.766132306086783998e+01
9.838826971074508876e+00
1.221235354919381422e+01
1.125047285120172980e+01
9.868498314675452576e+00
1.602019689063393670e+01
1.308149462605532776e+01
1.970104464217394380e+01
1.182608369912345836e+01
1.490483272946088711e+01
1.246459659408783693e+01
8.158747236880746101e+00
2.153166596324739146e+01
1.641441808058656804e+01
1.585582207513463437e+01
1.268973431536064211e+01
1.350061810168310572e+01
1.542025952609905737e+01
1.266304035558361463e+01
1.035012395283628805e+01
1.025288967082715885e+01
1.371678799471439980e+01
1.078536269042852247e+01
1.335031079664921982e+01
1.092837318349831399e+01
1.294684557139848202e+01
1.547505431990865077e+01
1.647835680166064520e+01
9.887052078010611922e+00
7.111460912894397524e+00
9.013889167797049851e+00
2.024567050780181177e+01
1.185598755398597604e+01
1.512207488797806931e+01
1.113372813073259771e+01
8.342683509127923003e+00
7.980633047224062082e+00
1.083638018972552963e+01
1.111897264903494786e+01
1.795948808911137817e+01
1.172858473002340673e+01
1.052675053687390516e+01
1.108412386335255206e+01
1.471500431505783801e+01
1.794801342628655050e+01
2.001173901071840788e+01
6.407229587897287360e+00
2.055771548374676527e+01
1.763934027312543762e+01
1.011955400264609395e+01
1.689478766473365923e+01
1.245404911844121720e+01
1.462469956209903721e+01
1.238083302062760538e+01
1.176144359623104130e+01
1.570485664677123516e+01
1.267251794090128492e+01
1.384709346623458437e+01
1.638235247747178036e+01
1.203550719206550923e+01
1.729916362066537161e+01
1.335348283241783207e+01
1.421638602402568807e+01
1.123040290074482961e+01
1.082760301722387730e+01
1.305654883584178627e+01
1.255113736592035778e+01
1.588430029896976237e+01
1.840601046695169174e+01
1.890170929413397616e+01
1.345388774612261784e+01
1.271927155931788356e+01
1.353534749874990872e+01
9.152579842242740682e+00
1.723198179948289877e+01
1.439940867509599620e+01
1.117246742782270275e+01
1.532212031874935043e+01
1.135133643115551294e+01
1.087500755527612739e+01
1.401545218961669370e+01
1.350236651860716641e+01
1.816927170308544603e+01
1.323453544574711671e+01
1.445436787670121070e+01
1.705371821213326200e+01
9.358909917450876748e+00
1.729697458414732480e+01
9.480479176205779623e+00
8.785589175585581501e+00
1.612031244163478405e+01
1.501479109080727703e+01
8.481890461188084984e+00
1.206885282850124774e+01
1.045545720533077905e+01
1.458052680320294314e+01
1.593825190775963740e+01
1.257219206663877387e+01
1.604379510548016441e+01
1.134011661189877529e+01
1.369582618391648587e+01
2.001351737269084907e+01
4.561472374642989713e+00
1.428157170927473096e+01
1.254622945617782115e+01
1.506981760112355495e+01
1.174619393516294785e+01
1.372489148806882220e+01
1.519656128015052943e+01
1.563010429439475324e+01
1.585925424843189191e+01
1.024688943539566210e+01
1.356994084704129833e+01
1.466837900961356134e+01
1.462527913458686868e+01
1.213780330163485743e+01
1.337303472031782015e+01
1.057443409907777365e+01
1.206403694421207895e+01
1.521307890254425743e+01
8.372060385550753381e+00
1.538407001770391780e+01
1.045400008242875778e+01
1.645830566741884837e+01
1.498545769221260393e+01
1.511058018636160227e+01
1.292084912378693140e+01
7.951212860494086598e+00
8.554078517914879498e+00
1.622113814270179688e+01
1.242865995249393940e+01
8.519281751162665728e+00
1.131343026376196725e+01
1.361126798294823459e+01
7.214373911170040010e+00
1.405509671789596915e+01
1.302184716211838555e+01
1.166717572760695987e+01
1.538949180846338116e+01
1.414567513826758116e+01
1.254540022140618305e+01
1.877469138965911100e+01
1.353887706231409105e+01
1.262224495022456416e+01
1.703136970288605667e+01
8.924309066919281719e+00
1.553090686310173041e+01
9.921908659765302119e+00
1.368153697486056330e+01
1.772089575111033355e+01
1.056155880658060298e+01
1.371938703171510809e+01
1.041553375616374666e+01
1.123442508661200812e+01
9.986177987129565281e+00
1.328624936556700398e+01
1.277282787757083149e+01
1.220226685845691250e+01
1.121186699367967599e+01
7.902319288651842299e+00
2.076062402089058523e+01
9.672257169848332836e+00
1.540343058452817537e+01
1.432435791790885737e+01
1.521525726687909952e+01
1.684126987799052344e+01
1.333961184255970345e+01
1.113497029635982116e+01
1.232208081961110757e+01
2.122816756885952572e+01
1.294869111123575323e+01
1.833043544231670197e+01
1.654234282453377602e+01
1.459904633767022730e+01
1.021064735964182724e+01
2.062853800673980942e+01
6.926377810754985376e+00
1.898367553566180277e+01
1.614896485226013922e+01
1.157044009656651973e+01
1.321531119099883966e+01
1.715255738049485501e+01
1.036767173465525183e+01
1.579942105731575452e+01
1.038480595197594347e+01
1.928726171671117129e+01
1.247774286896761531e+01
1.534551717444545282e+01
1.202414006646087508e+01
1.343615888960525062e+01
1.464174124937949095e+01
1.907550271323811941e+01
1.318561501711795536e+01
1.467811247082620163e+01
1.556827806931154079e+01
1.155423641259234913e+01
1.217528168328322380e+01
1.089767735200527810e+01
1.394269416551154706e+01
1.606784133020914851e+01
1.465978814981365907e+01
2.163032423039565444e+01
1.278705984548187224e+01
1.004394545952654738e+01
1.142407343743791692e+01
1.552976753542222177e+01
1.718440999332069197e+01
1.880784458863929487e+01
9.542848568713765189e+00
1.176191816403283852e+01
1.656013383032269815e+01
8.417592747503343631e+00
8.844868160359819598e+00
1.534584490590685490e+01
1.449328682595284690e+01
1.243215018262537619e+01
1.523662048708849959e+01
1.150772834755387919e+01
1.011174466322795595e+01
1.408923739525915408e+01
1.244235540503303561e+01
1.937061245211200244e+01
1.440436929261903387e+01
1.806698988859565347e+01
1.474020444104055017e+01
1.772965075221777553e+01
1.655733009723686777e+01
1.695721618553266197e+01
1.295131988341610452e+01
1.558841322107752525e+01
1.659235643736043286e+01
9.199961409444336269e+00
