7.734513221779164382e+01
7.341830357241215665e+01
8.316163144964025378e+01
7.981505017114156431e+01
8.086639455342238136e+01
7.585683412590499586e+01
8.287104296085369981e+01
7.844411671053370583e+01
8.548356453246658759e+01
7.104958492973106843e+01
7.073234332056996720e+01
7.942198149601736645e+01
9.401053740042770812e+01
7.310487533674026395e+01
7.904273207894540576e+01
8.838992319391198293e+01
7.438623069932386045e+01
8.521677990412280224e+01
8.047833897356505872e+01
9.628914933051538583e+01
7.447931105482331304e+01
8.433455375510483520e+01
8.075291729295331322e+01
8.279270837882349099e+01
9.417628536732854627e+01
8.155597119269953055e+01
7.509625001722780269e+01
9.247446108594533598e+01
7.894306247947326938e+01
7.896809076035337682e+01
8.912785673456708935e+01
7.555342953018450203e+01
8.109875119104646046e+01
7.897758100441734541e+01
7.988793769365371134e+01
8.175551360073011153e+01
6.280283447780833939e+01
8.426253955794362582e+01
8.728218612487830796e+01
9.961742205219007928e+01
8.043665699254646029e+01
7.326391132342257606e+01
8.331894155686894976e+01
8.053425843644207305e+01
7.965410332804196969e+01
9.574731187110667463e+01
8.255595938812277268e+01
8.238147775608834422e+01
7.133004986339986431e+01
8.586985488178704884e+01
8.636437190110484607e+01
6.929189550834225031e+01
7.502082559309691590e+01
9.709802268409205794e+01
8.580211066431652966e+01
8.156584791446208271e+01
7.512129011856728766e+01
8.429452551832693530e+01
7.896093020784343253e+01
7.098733190271188676e+01
8.236734794150200401e+01
7.418722428507038558e+01
6.948125018380915208e+01
8.944788330252308128e+01
7.650898064312882241e+01
8.476573920287323460e+01
8.626717134767309858e+01
8.783182035398968424e+01
7.784606285399306103e+01
8.629457970109508835e+01
9.624810682669748019e+01
7.715669220183403354e+01
8.532487556274273288e+01
8.188616332281029031e+01
7.742029595780040552e+01
9.252349989128261143e+01
8.184011678315869176e+01
8.456987472273682727e+01
7.954926042064187186e+01
7.944045643162777992e+01
9.635371664920441503e+01
8.264359394216397448e+01
8.405130401813987362e+01
8.724712227790401187e+01
8.727856195800747230e+01
7.632163466060340795e+01
7.354190316289847829e+01
9.102988866071844143e+01
7.348037472984691476e+01
9.346438008133856101e+01
9.424315902531461120e+01
8.642977513838127379e+01
8.367975303082671701e+01
9.124769896384346168e+01
8.233823435172985228e+01
9.068015092136137412e+01
8.967444680874447727e+01
8.434392066631210128e+01
8.680779589020494313e+01
7.377782714515625173e+01
8.787999529740137916e+01
1.062299913422100417e+02
7.632558277364422850e+01
8.441532170418503256e+01
9.108981733425217442e+01
7.808981514625233444e+01
9.645601930522742862e+01
7.301689169019915937e+01
8.499696343584108149e+01
8.576571381874720146e+01
8.048276766615315125e+01
8.533922853496051175e+01
8.747402767005777946e+01
8.395209651026216591e+01
9.393829770623923991e+01
6.895464404586797968e+01
8.537202240974104939e+01
7.978856918719512237e+01
9.551776562312404906e+01
8.881821117856694059e+01
7.761962880123512321e+01
8.508215371455268894e+01
7.233023401896356575e+01
8.118437986132325079e+01
9.225899021453683702e+01
7.646613834039044377e+01
8.892765493746158256e+01
6.872084556738369088e+01
8.909101638438838222e+01
8.410664542282202660e+01
7.954049323212437628e+01
8.064173404537459078e+01
8.383550139353194197e+01
8.165109493377137539e+01
8.635976367563185363e+01
7.570793750511926135e+01
7.927040184814850932e+01
7.381974891468979649e+01
8.247506501374590471e+01
6.652792098812257393e+01
8.985888730140592884e+01
8.700290206522471692e+01
8.685430408098324051e+01
1.048826418026308716e+02
8.132566456473652750e+01
8.063275460423886898e+01
8.898072657861987977e+01
7.650305958290324782e+01
8.159836923823978339e+01
7.566170154708423468e+01
9.289842687470478211e+01
7.906772721252796998e+01
6.674094463375557496e+01
8.701071849321014895e+01
7.851730410996663068e+01
7.321841670039073335e+01
8.582339517176322374e+01
7.266675667918195813e+01
9.570723013750126995e+01
8.776981982352724287e+01
8.359444458308121284e+01
7.922448648439842600e+01
7.624559816328527972e+01
8.371195388506176016e+01
9.551022580346364066e+01
8.176405723831841499e+01
7.710840392864231774e+01
6.915879085518736247e+01
8.408549885277818703e+01
8.509579726311304171e+01
8.734101969443636904e+01
7.125752427080769280e+01
9.323936654547088665e+01
7.857494024790855747e+01
7.452125749747575867e+01
9.510397338723250016e+01
8.165895123793222865e+01
7.751033423209797490e+01
7.880011371093745254e+01
8.094199243308757730e+01
9.151069864080265859e+01
8.792385844293558250e+01
8.444268010659293111e+01
8.695064498405827180e+01
1.020641105478773198e+02
9.035391261418867259e+01
7.180665602176520679e+01
8.029872202068196430e+01
9.474710085660792913e+01
8.588045353248409697e+01
7.555029142802017361e+01
7.999979966138280929e+01
6.594187926567147429e+01
9.280798857081468611e+01
8.503964998438679856e+01
7.747361842370068530e+01
8.040788740459395001e+01
8.806001150719377790e+01
7.670008556484754081e+01
8.515553679189595471e+01
9.266581586021173678e+01
8.864926697917235288e+01
9.128180068450157592e+01
8.914005496041141896e+01
7.782036543304057830e+01
7.992012773160703887e+01
8.408786393303378759e+01
7.734915671143176041e+01
8.371325530103436563e+01
8.266951370603455018e+01
8.589111578610527431e+01
6.733096884999160636e+01
7.240738904344453886e+01
7.953827860060853538e+01
9.767051724020141990e+01
6.675818157722979151e+01
8.422092750047451659e+01
8.876641303398076843e+01
8.036355892531693712e+01
7.296211545106172025e+01
6.308668994962205545e+01
8.448676199447190527e+01
7.600668865106636929e+01
8.112994414553294575e+01
8.027991938082340084e+01
8.882412954489277013e+01
7.543942010433005407e+01
8.597323618678944968e+01
8.289406755597819654e+01
7.250445325969367616e+01
8.458800260694884798e+01
8.765521614538670292e+01
8.118200757317730165e+01
6.972559182464911487e+01
9.407846885843621010e+01
8.061056010523651594e+01
8.881421749058947057e+01
7.932264960063412218e+01
8.813577709118425219e+01
7.541348500031230628e+01
7.584218788155610014e+01
7.797101596118649525e+01
7.917770650280080247e+01
8.419783346092150111e+01
8.254503238797117604e+01
8.708970452659775674e+01
9.156460292907398468e+01
7.987154261434299940e+01
8.971847973128834042e+01
7.623375803349824764e+01
8.034637937855121947e+01
8.170297441334817279e+01
7.161969617909130648e+01
7.662856244315891274e+01
7.679782387773049379e+01
7.440771537473084152e+01
7.666097651113010158e+01
8.771549033469848666e+01
8.623551357772021220e+01
8.769110022002904259e+01
8.595772907456478151e+01
6.041023059711366727e+01
8.648903096946099822e+01
8.337906555788782725e+01
9.288630593672330349e+01
7.261406269515789802e+01
8.786940244075906037e+01
8.449235351251819282e+01
7.518832727416034345e+01
7.970142269596544793e+01
8.038843627287738514e+01
9.748451545624229198e+01
8.707987613406467631e+01
9.041545395119339901e+01
6.229802054638610542e+01
6.494736384329476664e+01
8.576593032421132534e+01
7.764677065118699772e+01
7.567137910479924301e+01
8.219141078092782493e+01
8.066479543728212320e+01
8.842366199228423795e+01
7.799697905547962762e+01
7.359224106347532768e+01
7.287994127501960406e+01
7.820837138335383543e+01
7.434471886218466352e+01
6.869073334533811703e+01
7.365858217842837519e+01
8.271941598182603173e+01
8.910216703182778986e+01
7.167427893256271432e+01
7.117884706943610240e+01
8.885907810311624644e+01
8.428017634167783001e+01
8.484786195493326488e+01
8.100203544145274748e+01
7.876683068514398656e+01
8.291381918766799686e+01
7.961433419159669711e+01
