1.611517225222875638e+01
1.297495268189805273e+01
9.364009103671852685e+00
1.436592944031775865e+01
9.120520025976190936e+00
1.219517995334208038e+01
1.046476987192065877e+01
1.255517371553797368e+01
1.575470400156045336e+01
8.809967989749925010e+00
1.501754227573969480e+01
1.301234156320104063e+01
1.126136527822622924e+01
1.548726930533898205e+01
1.275859007441655102e+01
1.510663830979547129e+01
1.228055285446203548e+01
8.592004360849706757e+00
1.744158620139458904e+01
1.366385972752253686e+01
1.349719109431773312e+01
1.050261099149181909e+01
1.393252115185947027e+01
1.199066215617522069e+01
1.173583859197057677e+01
6.210372143174562432e+00
1.257616314447842143e+01
1.118434735839135818e+01
9.103465161656314919e+00
1.258191030743051009e+01
1.180716677131909975e+01
1.266010834962014719e+01
1.232280464944202869e+01
1.844435255005022256e+01
1.373658949661165707e+01
1.294796347366150968e+01
1.698512655683963146e+01
7.126581265438802326e+00
1.423634666932281156e+01
1.472592301169680695e+01
1.445781594885347410e+01
1.261937835958812926e+01
1.357341747099295937e+01
1.740125524102955623e+01
1.236653796846498921e+01
1.707473774371480246e+01
1.127461695826787214e+01
1.555495156514376554e+01
1.417624769661207296e+01
1.185456252653289688e+01
2.003633328454211338e+01
1.574745621900463277e+01
1.274327922834768856e+01
1.515986034899119161e+01
1.130137293599554660e+01
1.300225794572978444e+01
1.270533724739563119e+01
1.435611853677794159e+01
1.520597116849738661e+01
1.476184793259603367e+01
1.176432240367968518e+01
1.056655993722250564e+01
1.341493530939319356e+01
1.762670079511626398e+01
1.318414352143072676e+01
1.757667747263430513e+01
1.412215636342251734e+01
1.311256911115702017e+01
9.693801189095813342e+00
9.724219517008018343e+00
1.024391741422897972e+01
1.218321696050904812e+01
1.067413185674633880e+01
9.336807284529083262e+00
1.565618185179377697e+01
1.234242832794757305e+01
1.648458661189339480e+01
1.417746213141879430e+01
1.643577900583996865e+01
1.632233660879630577e+01
1.407117998003206871e+01
1.370452628714198617e+01
1.046890172130880181e+01
8.726681142103657862e+00
1.398171650483842399e+01
1.676751504939248250e+01
1.399667215281666799e+01
1.497747406535318682e+01
1.260015919432446019e+01
1.061418665798768934e+01
1.619694153981813756e+01
1.264921099107795577e+01
1.242110997540332207e+01
1.120309680031248334e+01
8.119362074810615226e+00
1.585201901728352780e+01
1.290487817904708834e+01
1.433984549604968350e+01
1.719089211865006561e+01
1.089747456531957148e+01
1.649421839384929100e+01
1.471941209654908889e+01
1.451697917509969571e+01
9.953632957291771888e+00
1.565762367531710453e+01
1.440856040696277240e+01
1.616294790046176644e+01
1.622380327829673874e+01
1.080934464427727093e+01
1.573513778091994908e+01
2.371764851407391106e+01
1.296162388883033678e+01
1.670367094362914528e+01
1.105699093873403704e+01
1.305800241298578612e+01
1.279108816488899514e+01
1.892958184996152582e+01
8.205325396406159655e+00
1.498591928609959822e+01
1.108201524989724263e+01
1.146794293851106872e+01
1.582769962895144467e+01
8.259715965592704379e+00
1.546420605211409161e+01
1.463631163754362774e+01
8.041974424080285289e+00
8.529800718473836696e+00
1.025928394777570141e+01
1.123145939878877009e+01
1.354922145482248830e+01
1.123890734331217089e+01
1.433314900429244076e+01
1.238079391378545679e+01
1.234098893626622662e+01
1.284935954928669233e+01
1.249894403434502088e+01
1.585304387798879766e+01
1.422941575264863623e+01
8.794073136604538377e+00
1.367764931770285664e+01
1.151834238957542667e+01
1.078760005908427999e+01
1.018303310164899500e+01
1.840917172177864103e+01
7.837842786439551013e+00
1.430276267980580052e+01
9.303633945974066677e+00
1.064201200212687048e+01
9.013903354918634037e+00
8.200604323115804561e+00
1.274532530071846992e+01
1.530934403802805832e+01
1.320401241526404057e+01
9.716959956735902182e+00
1.358858364377646311e+01
1.437063819765385553e+01
1.602093582523014703e+01
1.339507386375468023e+01
9.405075999560942535e+00
1.185050592501947619e+01
1.241510095300755800e+01
1.079412402723204778e+01
1.036724912169671065e+01
1.642412061726390249e+01
1.009425830908801558e+01
1.574209501665112398e+01
7.378162925110186343e+00
1.859094254319952100e+01
8.331726206465786433e+00
1.545193008632297982e+01
2.023459137393230378e+01
1.369036701018310964e+01
1.630439695621821272e+01
2.041193274381871348e+01
1.199284341439644841e+01
1.255543636773770544e+01
1.379710696159558303e+01
1.753545379316983244e+01
1.273446146245320953e+01
1.599530337436798533e+01
6.848176859942673111e+00
1.390498615798395043e+01
1.896463936281645246e+01
1.149612460510863698e+01
1.072685542793355218e+01
1.374277928282347894e+01
1.377188678315435233e+01
1.194916121601642800e+01
1.391836818101232964e+01
1.622212222682868799e+01
1.723301466061836251e+01
1.543752566298463158e+01
1.429247633009892660e+01
1.095636328521155711e+01
1.156069518501585947e+01
1.052412627194297201e+01
1.403788220359137284e+01
1.250133753490549893e+01
1.297169199542975626e+01
1.290143282956370463e+01
1.227437651488657089e+01
1.302657113183383863e+01
1.867890396748458315e+01
1.110055024008046765e+01
1.746798879835924367e+01
1.914719413502206535e+01
1.529088441985851610e+01
1.055678443345938256e+01
1.413228198071318431e+01
1.256086289011996016e+01
1.256253630550562939e+01
1.459220620577677963e+01
1.734373079379809823e+01
1.375262791338447244e+01
1.362831092717100745e+01
1.715817408115015397e+01
1.362226299205917535e+01
1.470454134606517549e+01
1.548293557756189820e+01
1.208532989445398620e+01
1.188492782203155684e+01
1.347718786690998805e+01
1.034562707286734273e+01
1.528644488193425133e+01
1.327643359294831882e+01
1.632834608912958529e+01
1.336482927494664352e+01
1.156567107157961161e+01
1.110758003235278402e+01
1.396150897754273323e+01
1.120231520066800002e+01
1.452404122226137773e+01
1.529351806770361044e+01
1.765814271265732671e+01
1.409135802497675982e+01
1.262836513264119453e+01
1.223420783643848786e+01
1.114500127502676818e+01
1.600435450154519756e+01
1.052791046653817375e+01
1.869370198824684692e+01
7.780998499238891419e+00
1.264149271799084673e+01
1.991107456994300762e+01
1.646223843116055008e+01
1.231842577557682894e+01
1.626726904764814563e+01
1.779275641079448533e+01
1.515360879507673175e+01
1.327421327696558251e+01
7.308314418996633144e+00
1.223774910694317875e+01
1.265664855518104659e+01
9.105734424499551949e+00
1.027964013906909102e+01
1.696495920235172150e+01
1.227272236307312703e+01
1.523457698930088355e+01
1.426984970666570618e+01
1.382130824358372756e+01
1.357152985979413096e+01
1.501207300534846034e+01
1.345266332932347630e+01
1.129547442557762871e+01
1.072227400825299704e+01
9.560483937679855160e+00
1.141965629854781028e+01
1.156447706523761987e+01
1.203090500080200620e+01
1.221164385941057873e+01
1.879842167565824695e+01
1.285733904116504966e+01
1.153218282544962214e+01
8.603879559957974266e+00
2.039015611956248719e+01
1.252887089520769592e+01
1.410137857289657148e+01
1.151815510309084445e+01
1.706980588520753628e+01
1.541269327414062396e+01
6.819049478762752692e+00
1.158596537753883027e+01
1.541076619576693041e+01
1.649057465858586013e+01
1.669415836553570642e+01
1.281087312588614147e+01
9.014981492797895513e+00
1.459573189922647174e+01
9.480379360557456891e+00
7.048427409819272071e+00
1.831503263978019902e+01
1.566629281939429141e+01
1.139363407969082509e+01
1.394550811007286129e+01
1.205281997751175460e+01
1.421046070548724494e+01
8.833730270571175325e+00
1.160384101947081525e+01
6.459664067317883784e+00
1.086967381726296544e+01
