1.207703083459132909e+00
1.382623201322629836e+00
1.415933155173069613e+00
7.188821855293118235e-01
1.071936418071142816e+00
1.265388663838647565e+00
1.078523402645847673e+00
6.874886834149303017e-01
6.949621207081732033e-01
7.525030398969952961e-01
6.047193426543684414e-01
9.044958784553962516e-01
1.297135981608673161e+00
1.580836245654105410e+00
5.651799468939419091e-01
5.433292842635034647e-01
2.589807777792737298e+00
5.699361856214101296e-01
8.888099061261026668e-01
5.535825736646420303e-01
9.640153087871035087e-01
9.535632518443087902e-01
5.942389258361712168e-01
1.030338727937558652e+00
1.175631910517904943e+00
1.203666327478893017e+00
1.328712951665368402e+00
2.370526533450368234e+00
1.971910360565815479e+00
7.156463344098982216e-01
7.636418920992336101e-01
1.015487199354483394e+00
1.662987329716312912e+00
6.202337612215590434e-01
5.023728997402738816e-01
5.858086775871682583e-01
1.987080748549001408e+00
1.646870410168916887e+00
9.170566852863879515e-01
1.661989431518116289e+00
9.654454694575189677e-01
8.098065206597294674e-01
1.600211841594627149e+00
8.467965031484434579e-01
1.015597568001508133e+00
8.662385386372996043e-01
5.381009711598748746e-01
1.622953366402059894e+00
8.554681826604079165e-01
7.184080921139680553e-01
1.067627023583354928e+00
6.875194814587503034e-01
6.345283458272025223e-01
1.492446498932580745e+00
1.881097859411961171e+00
7.899980948163127792e-01
6.548785662165962362e-01
1.450384106442567989e+00
1.221730812881209438e+00
8.068227592058082598e-01
5.370921310052437780e-01
7.732728035494664809e-01
9.998063332101246869e-01
1.277468886991512065e+00
1.107529805235305087e+00
2.065449736453809582e+00
8.761461295548557127e-01
6.736683682824625707e-01
1.435710350760678988e+00
7.548007672697559789e-01
7.632977433595183880e-01
9.133598678569216922e-01
7.785114406411935972e-01
6.558753563732606651e-01
1.034160151345437040e+00
4.651281251459692956e-01
1.083180510200506541e+00
1.810643294416452553e+00
1.076793914541140929e+00
9.564505586938475412e-01
1.048608448673845617e+00
6.453034755335091965e-01
5.383191806827787307e-01
1.970754135298646625e+00
1.714598330336307042e+00
1.058586844896125312e+00
7.510236162046259878e-01
8.984541011191683468e-01
1.258616095918748234e+00
8.983291422438248741e-01
6.965114028265388946e-01
7.125162231499160281e-01
5.933928491455003895e-01
4.341527183690003233e-01
5.393171360365326406e-01
1.290653841645987843e+00
1.262607666616191615e+00
7.842636462085753601e-01
5.901116499638724422e-01
7.385902827013199889e-01
9.062334135632253984e-01
1.129188768986224778e+00
5.946982790216587267e-01
1.078361769717515184e+00
6.669692123262812578e-01
5.971946954350620951e-01
9.431492276112828366e-01
5.842325736391755786e-01
7.989716042483439029e-01
7.576931371586330677e-01
1.358654421071201712e+00
8.716073206607843904e-01
1.114546363746906188e+00
3.586034143118239648e-01
1.134477523332071192e+00
1.207421177451326821e+00
2.356234319369759689e+00
1.338193700262004793e+00
7.741580984331354331e-01
9.587163829129139447e-01
1.845821911106668711e+00
8.202769815522547026e-01
5.325411986198254066e-01
1.525952599028767454e+00
8.445978321778441211e-01
1.130174434029745711e+00
6.753563561817403915e-01
1.050033956884504738e+00
6.314944537900222254e-01
6.540967904475427641e-01
9.025616374245515328e-01
1.105306847415859828e+00
6.335330328247426035e-01
5.777706605904020520e-01
5.691620763284940265e-01
7.167257992322896287e-01
1.095773791306206890e+00
6.261917565739454350e-01
1.321058459230880278e+00
1.107117354488173833e+00
9.864372172570102792e-01
5.488193618103721638e-01
6.435979790680367296e-01
1.229612195941796937e+00
6.910865410088498084e-01
5.169577151662074765e-01
5.858288996124665360e-01
8.603233723874619265e-01
1.027681607127860941e+00
1.412566665654770848e+00
8.222884904642774329e-01
1.389366943164261459e+00
7.909346459148125508e-01
6.929127860331638633e-01
7.632710882078524994e-01
7.947036566901761745e-01
7.505714975457772331e-01
6.802437179182015958e-01
6.242172977554983904e-01
1.033823191068245162e+00
8.554877385643957499e-01
1.385394722382634392e+00
1.422032474578502459e+00
6.575352351875514145e-01
9.930345687183022019e-01
1.437720655955025961e+00
1.387118524972439149e+00
1.321542507735978811e+00
8.321402281296114145e-01
1.799631765941317241e+00
7.911902241896494603e-01
6.195099128420455958e-01
5.704960732396247014e-01
8.907016663382464339e-01
6.347666339201789576e-01
9.578665015872159794e-01
3.694339084524567163e-01
9.343034850664554414e-01
9.022954861076392108e-01
9.844119651116218783e-01
5.109590526630929386e-01
1.164769981065955529e+00
5.457213171169547072e-01
6.730472200271119254e-01
1.639050671828457206e+00
9.419976208858805711e-01
7.103244957182276442e-01
1.305919976533195470e+00
5.070941342566116505e-01
6.219775466826527044e-01
1.234505282780309132e+00
9.060523822495095692e-01
1.798556246384327872e+00
1.900396019789629021e+00
6.569225198312192981e-01
7.542317208503520609e-01
8.451572185606502918e-01
9.462691953135210499e-01
9.180288109719472178e-01
1.226046659174967024e+00
1.465592333951166504e+00
9.669613778759067468e-01
7.434662524299889830e-01
7.996659997342867587e-01
6.830450511810578496e-01
6.432473281989313785e-01
6.311636287354136510e-01
7.257568698113164851e-01
8.786814559567803773e-01
1.211723258627745992e+00
6.690929511540295582e-01
9.178172825760623210e-01
1.022557559865086452e+00
1.665241984709219247e+00
9.338750471565198108e-01
6.952311611585550999e-01
1.172927684745630028e+00
1.504611848522565021e+00
6.711396153875177628e-01
6.219647694245196146e-01
1.530720263521818669e+00
1.727010010972246157e+00
7.295143524767271348e-01
1.175702931584587274e+00
1.049200884074214635e+00
5.953377558332788588e-01
1.354024120028234579e+00
1.492092476519296218e+00
1.464104007216687320e+00
4.327946013524076596e-01
7.716387716971809807e-01
8.420946898144464621e-01
9.933245499406753165e-01
1.229286189168871557e+00
1.151788159071993611e+00
6.984558269048822821e-01
8.629445764654813944e-01
1.203019913328581270e+00
1.622624113198528617e+00
1.119594222445813525e+00
1.755891291344672256e+00
9.311452491977093571e-01
8.737316345140164753e-01
1.364242030102374326e+00
6.568023614755034156e-01
9.348528079218652032e-01
9.337455093365204517e-01
4.788673021128012075e-01
1.744828069756620748e+00
1.432203390695104384e+00
2.036414335379531870e+00
6.105482108577499067e-01
1.327895238562907920e+00
7.101858155355608160e-01
7.540524784658542146e-01
8.913505682725172408e-01
5.590844695052062940e-01
1.036094980802173993e+00
1.175927043410286421e+00
7.903502319592339287e-01
1.223957196124739077e+00
7.148547874530148949e-01
5.777819447414430654e-01
1.106085984041677017e+00
7.691025344490644011e-01
9.581076017469132289e-01
7.163124284914864637e-01
9.521979519404129011e-01
8.114322322371133600e-01
8.815378807506298875e-01
8.078517883949895007e-01
8.003482171885630825e-01
6.595044961496741021e-01
1.437641490119029308e+00
9.094798972527657899e-01
8.766893509315807353e-01
9.433432042950410379e-01
1.273404999875102028e+00
1.139620722585149126e+00
1.232555525548735931e+00
6.153958099715828300e-01
1.966505606041110799e+00
9.035170617775767354e-01
6.627029113449045550e-01
1.272333814142701858e+00
9.722291905267399503e-01
5.603204953090287210e-01
1.546191554049554551e+00
7.262672085526538091e-01
1.147393824006102792e+00
5.996916469355059176e-01
7.705908611790676099e-01
9.103298911125531356e-01
9.837967998712769946e-01
6.937863122861445131e-01
5.707260279622446975e-01
1.193551715557004123e+00
5.590367719197415486e-01
1.553774284558739671e+00
1.010359738081126446e+00
