1.299114530143059776e+00
8.028784925358412039e-01
6.949059498319491990e-01
8.544102824680404051e-01
1.020974840527080874e+00
6.378807220679063583e-01
6.299559551177028593e-01
3.409348911589447972e+00
9.632114073830430057e-01
7.565790733539409230e-01
1.104526215994589222e+00
1.089287913643090855e+00
1.065008304136894957e+00
6.016748201628615567e-01
1.594785012796538615e+00
1.925215020591225290e+00
3.629920731331945039e+00
8.534268138311336127e-01
5.040539990729246966e+00
1.318809044513656659e+00
5.582376383031268929e-01
7.518496031844765781e-01
1.533791771947976113e+00
1.691619445962942780e+00
1.143700842522563876e+00
1.186413765761667127e+00
1.706718478560877994e+00
5.177333315075134390e-01
1.032598893215372016e+00
9.825427003637565715e-01
1.313944389556281234e+00
1.227704408849989104e+00
8.075612511895279289e-01
9.679578956789378630e-01
1.081499147840566222e+00
6.712395808443044620e-01
7.460978288036480555e-01
9.285658586332705688e-01
1.626167786887535271e+00
1.126769123123539496e+00
6.781160187813275453e-01
6.455339441760193919e-01
7.477444061151076182e-01
9.527811374176158310e-01
1.574534865390985638e+00
4.112026327039439155e-01
1.174229531229120660e+00
7.607468803626258325e-01
1.224412641157607284e+00
2.317012238679277303e+00
1.230145598263093998e+00
8.177859480878437726e-01
1.275475017240072173e+00
1.295209522629613641e+00
1.090260185159971140e+00
1.179436480228727158e+00
2.012591751205212276e+00
1.435859502500713036e+00
9.145063794298803339e-01
9.937162049607424219e-01
5.206140758701759408e-01
8.623179217759219251e-01
7.210554954281940265e-01
6.172992770012422081e-01
8.749773690886691879e-01
9.275936880131240292e-01
7.484166693098972534e-01
1.219149539980180830e+00
7.992757710528454185e-01
1.898298532059861099e+00
2.083676690601212300e+00
9.202657885987730602e-01
5.161647547414792703e-01
3.038527799687488873e+00
1.784533271663922394e+00
2.456879917653866929e+00
1.449672018305900645e+00
1.327264435204701165e+00
7.402057559935791842e-01
6.823827167723190978e-01
2.209111110859175220e+00
1.225536025072588631e+00
5.692168515953154317e-01
1.382232314891969294e+00
1.058653555446956274e+00
7.858676257743684168e-01
1.357918721867628298e+00
1.044843208598382756e+00
8.004020751607776596e-01
7.363717913562378703e-01
4.378759254494423159e-01
1.054168323536929686e+00
9.494815100534963470e-01
2.645044978201870123e+00
1.943528958956441510e+00
1.796836412202943212e+00
1.135000877887950566e+00
1.019480363106138876e+00
1.510754900024525949e+00
9.207201368597847102e-01
1.511329860819021986e+00
4.769278036579767122e-01
5.087607271211275206e-01
1.731468967264993442e+00
2.092055141500484439e+00
1.371811732534603756e+00
2.405859025152413899e+00
8.997407076590623332e-01
1.577371532548184074e+00
1.528667282234963176e+00
4.692972332306851180e-01
1.231385754320671655e+00
7.364277380531366601e-01
1.117743707851476698e+00
1.338038980997567240e+00
7.498024345337019891e-01
1.008425787759651415e+00
8.759152747914771275e-01
7.120094439953854604e-01
6.235827675733390807e-01
1.716063353351424237e+00
7.063615829476224128e-01
7.433562945917604470e-01
1.947334808396372186e+00
1.278379452186957144e+00
1.168565673411896988e+00
6.952239015377636999e-01
7.835127911161727798e-01
6.603754787968344475e-01
1.519005947514012966e+00
9.403016721787850196e-01
5.619206920787072068e-01
5.750090438902316636e-01
1.422253464823622027e+00
2.445778146312311385e+00
1.115047048736721447e+00
5.514465061878268681e-01
9.350272843642244425e-01
1.135200061299639795e+00
5.068406580590002486e-01
7.423921647094914311e-01
1.496232793978094833e+00
9.071933147028100608e-01
1.827060876159449121e+00
7.583476491558214239e-01
1.560089476749225268e+00
8.496850707292549210e-01
1.502226710509040553e+00
5.645545872579076363e-01
5.934108246621110361e-01
6.840973827496841242e-01
8.235134317127382753e-01
7.373778508712489632e-01
1.213642099673406305e+00
1.371041822583113134e+00
5.513370874606776662e-01
8.213667868439165076e-01
6.037867892253124813e-01
7.893044971704553658e-01
8.438684213174036941e-01
2.202207982337828440e+00
1.813631408956936975e+00
1.605341728124217715e+00
1.379899351268982999e+00
1.237515249206198931e+00
1.259911711348584262e+00
9.316619098012006717e-01
6.819526097781897223e-01
8.877002393652819734e-01
1.779295164497716630e+00
5.923275323941304960e-01
1.055332561755593757e+00
7.390715685725691708e-01
2.700830695506307944e+00
4.832639874997288199e-01
7.546631164229041788e-01
1.161785456409403228e+00
8.608190233094282773e-01
2.404899620555236872e+00
1.904980061596459384e+00
8.558487941026502455e-01
1.620050950956654745e+00
7.061261268937100155e-01
9.472931100044957864e-01
5.552540337195593922e-01
1.402675492714840377e+00
1.438197325862512921e+00
3.190263790568027780e+00
2.212213341645882458e+00
1.187545816501226037e+00
1.039565963545148186e+00
1.859419488541917076e+00
9.951266310220702183e-01
7.286315941741283719e-01
5.902789817351710155e-01
1.734562943323737505e+00
8.262029331328366588e-01
7.170773668028337378e-01
1.784758534536543095e+00
1.145652221113809821e+00
8.462382763738818259e-01
9.020740936122929599e-01
7.591823633569603214e-01
2.025770817320132089e+00
3.210163708096727575e+00
2.255224262270195013e+00
1.056296224379713378e+00
9.481704804282456989e-01
7.861059703799196940e-01
1.712655420175042575e+00
9.453040927732402343e-01
8.455351954644849677e-01
5.210389470919778443e-01
6.395148572832040079e-01
8.779449065653376350e-01
5.402362580731825403e-01
1.701293870724957191e+00
9.114692655812814959e-01
5.340622889548659602e-01
7.066461402434439654e-01
1.165528031898658057e+00
1.153682348169836835e+00
1.671511346912149421e+00
1.765522848379933230e+00
1.219387024773048722e+00
1.998282266325915213e+00
2.260292669665188381e+00
8.559329062889790007e-01
1.059391493220567693e+00
6.309593212638638926e-01
1.752334642284983479e+00
1.385648494598709091e+00
6.908287991158172936e-01
3.400253258048431260e+00
1.139029749496816901e+00
8.635051974825175281e-01
1.492229871043978529e+00
8.868596181483374696e-01
1.437381509537797086e+00
7.636571341432099036e-01
1.579255695731126341e+00
2.573294342389629286e+00
1.658129922426834213e+00
1.048213029837796073e+00
1.293440119611669159e+00
1.311124131552198868e+00
1.491604164324122683e+00
7.613385699613549606e-01
1.902025058022156268e+00
5.150954000074262629e-01
2.371787084479013430e+00
8.709371728800091583e-01
6.719117447370898111e-01
2.010397918793171979e+00
6.560996678291439732e-01
5.132344519247856729e-01
2.410934973575844076e+00
1.279362072997695332e+00
1.398548561623680575e+00
1.833508588440569520e+00
9.005431348027034266e-01
7.974342233607700781e-01
8.723774627247987690e-01
2.126269634489319937e+00
4.455694191259288450e-01
7.537867567160294602e-01
4.286785869155546602e-01
1.520125526418579343e+00
1.369981829918611282e+00
2.784353709026332169e+00
8.134818827810351705e-01
1.041154214407384426e+00
8.931266823590789938e-01
5.411350133743670909e-01
8.079075044649627335e-01
1.016193095538244107e+00
5.602654760748299045e-01
1.501539669000155675e+00
8.259158154752319625e-01
1.143799994175952683e+00
2.808080963277565179e+00
1.115951080569122178e+00
1.065759034574357722e+00
1.138328680245018099e+00
8.601517711450220594e-01
5.993517938092239872e-01
6.155715869677402807e-01
1.009637045024456725e+00
1.421526103612665182e+00
9.414960463397639145e-01
1.159236386250741546e+00
1.901852463398098658e+00
5.891132494231041683e-01
6.733803632460059196e-01
1.324299621835300478e+00
1.062971828698697108e+00
1.017812198277966651e+00
1.601737460027607973e+00
5.177714398814863284e-01
1.234513456243713447e+00
