5.595942297696743672e+00
5.807384682074395954e+00
6.103627102194672638e+00
1.286396208012425113e+01
7.871534706897922007e+00
8.350281126177948821e+00
8.110468695332398781e+00
6.878103555893528842e+00
7.633794827655758120e+00
1.317735720473717720e+01
6.536736007900801226e+00
6.846130067474487824e+00
7.525340557615829873e+00
6.926066419307660205e+00
7.907209849416056535e+00
1.142608445209561019e+01
1.196850231398850717e+01
1.122473242746006861e+01
7.944575415462768575e+00
7.302663259159101194e+00
7.908081222470773497e+00
6.504262981386115250e+00
4.305040856895737456e+00
7.855836619824700051e+00
3.296893190259977846e+00
8.208920206355246663e+00
1.042223681530262347e+01
6.424447749696315491e+00
1.087164425257562250e+01
6.701940364547055218e+00
7.684992446347233219e+00
1.073258924384252921e+01
4.740700370597747515e+00
2.294457306000670993e+00
5.220182773364186346e+00
4.306825492043961923e+00
7.441139600565806589e+00
3.260557811458741462e+00
7.072324805898602129e+00
1.024788262061024291e+01
4.406291589638275497e+00
8.045985771172340151e+00
5.575569523889107870e+00
5.568294304566213881e+00
8.671243023501178371e+00
8.208754877085095103e+00
8.910924372517580849e+00
5.623796262464142437e+00
9.192594841584000420e+00
6.572558590102592468e+00
6.278555637862093697e+00
6.597296781848520197e+00
7.771643321620106626e+00
6.921917171481262621e+00
6.223200747324748150e+00
5.590142098873040588e+00
7.974454894622128087e+00
7.820049141718275365e+00
7.313150159332922229e+00
8.217660952450081879e+00
7.611143142643744142e+00
9.545844561636007697e+00
1.013888529440406394e+01
6.433681366779205213e+00
9.908247314514467163e+00
6.629081311246097563e+00
1.226247962884718490e+01
1.077809800697074216e+01
6.786219878640018521e+00
6.561091470817705051e+00
6.569477575633321464e+00
7.475425548404007081e+00
1.189551146914478963e+01
1.053232717544634589e+01
6.591184943136860319e+00
6.384379062650907599e+00
8.464670580531523214e+00
1.060644614165513033e+01
6.761374572481459566e+00
8.984620848981426988e+00
6.737567059553533078e+00
6.074271997234171216e+00
8.174336783835908449e+00
5.071723444278229742e+00
5.700664925861000931e+00
7.997480406465858671e+00
5.231080475475363478e+00
6.453608021301215913e+00
5.807356780723104350e+00
1.236186394122275978e+01
6.104005639377453107e+00
6.660359718986204491e+00
8.205584041517633764e+00
6.011970268049892319e+00
7.651404304597869022e+00
7.778431445796195831e+00
6.447295406321690514e+00
9.586498873033169943e+00
4.210494413456523866e+00
8.706947177692002882e+00
5.261150496059814330e+00
6.089694970384652351e+00
6.230968588210852310e+00
5.670402684983250730e+00
8.183387805362404066e+00
1.050190008566713473e+01
5.864647584060620922e+00
6.567822203533761005e+00
8.896782154749438121e+00
1.124224153158022688e+01
7.022341791303114533e+00
5.061644529277951499e+00
4.686061586517644706e+00
1.019024480894512585e+01
7.972315858080901485e+00
7.192541256508443226e+00
9.917444403850900869e+00
8.993461915006914609e+00
1.096926734774027601e+01
6.816180677380309305e+00
7.569850721260297455e+00
9.300589028258714919e+00
6.334653099611347038e+00
6.508650634040425764e+00
3.982110959454134402e+00
4.602266721787122705e+00
4.834967651925469845e+00
6.297875127708896237e+00
8.967177727375796437e+00
3.504205201311459295e+00
8.688581401852356834e+00
5.971615185453596375e+00
4.825522076125142057e+00
3.980406748518789506e+00
5.040287206415677623e+00
7.460746068745121029e+00
8.752202136080429185e+00
6.475455259382435713e+00
1.029756662515170440e+01
7.721847953379989526e+00
7.907025039267116640e+00
5.849594354073580860e+00
7.521939718991743185e+00
5.372271881308539498e+00
8.912392822448277130e+00
1.144762187708351320e+01
8.050119549831306287e+00
6.449856298193419768e+00
1.143602187746624566e+01
1.398122087762748578e+01
7.704691705416131242e+00
4.291091218248180184e+00
8.384710122233673957e+00
1.179335610016451774e+01
7.359857540108061258e+00
7.645526495218354590e+00
1.213229428951048483e+01
3.441596727519423027e+00
7.935418870006695435e+00
5.570854752270615329e+00
9.820811829803467674e+00
9.713308494052149911e+00
6.209125417966130378e+00
5.740489021459930008e+00
5.386430801244341815e+00
1.018641084947825348e+01
7.018615583982890094e+00
3.287169018331519421e+00
1.285758648289017536e+01
9.346707414711470818e+00
7.519761993867082772e+00
9.228717067448501510e+00
5.063016280061122920e+00
6.636342804341170520e+00
7.226137060102894694e+00
8.303863636779079016e+00
7.178455139703748600e+00
7.410454568981001522e+00
8.468408977304784813e+00
6.683473938802697134e+00
7.797078313551239148e+00
5.917666540668851560e+00
5.297503981138182105e+00
1.173771578392672765e+01
6.816862763527044677e+00
9.466028021916319091e+00
6.177725632019857471e+00
9.714013465494204524e+00
1.126515954802274599e+01
8.365407074708322455e+00
8.368107645204633016e+00
7.474097851383699975e+00
3.763626811809236195e+00
6.784141891939603930e+00
8.380053460594114156e+00
5.970279929985538914e+00
6.659497121518223040e+00
5.284865205261470855e+00
5.669057973773425019e+00
6.845436888367514960e+00
5.888807740466518226e+00
9.713199848197552555e+00
1.094721243931240728e+01
4.225201034982557502e+00
5.320292910568913847e+00
9.185972203109614043e+00
1.149274430783897394e+01
5.376561552106569941e+00
6.552190130559430337e+00
1.047398250706839384e+01
6.260756326837770835e+00
1.302454592468913042e+01
7.079469733103318063e+00
8.806924381215571529e+00
9.252159727603270767e+00
7.702522876350784031e+00
6.471806115316973695e+00
7.428514875459433675e+00
4.532086040432514729e+00
8.776519324571861347e+00
9.263587103288372759e+00
9.989314495782158687e+00
6.040786181823248668e+00
5.796143778405852487e+00
7.528756213040280976e+00
1.154986609777618511e+01
8.989917608623890999e+00
4.896477995064626221e+00
8.417107582993669013e+00
7.616898696123228341e+00
8.979566356328462007e+00
1.085228347387475800e+01
8.251314645105715329e+00
5.057803662735730121e+00
8.858132819784826140e+00
1.322452404490394429e+01
1.056893994220944499e+01
1.109992660942894815e+01
6.025629702788775077e+00
7.150349146996858529e+00
7.787500952490274742e+00
5.559616509184395206e+00
5.441577197217702277e+00
5.683739432996000041e+00
5.776666662905150851e+00
7.095841909494803978e+00
7.642041356672823582e+00
5.820970635078292155e+00
7.885727641101700769e+00
7.434644565071030442e+00
6.002583615703720454e+00
7.004866487496140159e+00
9.503543158812780334e+00
5.559247242972574554e+00
6.225286627415460572e+00
1.060295943731040857e+01
4.778127270975966567e+00
9.294268619272299858e+00
7.257767642490346560e+00
2.972766648560815295e+00
3.321828353337244355e+00
5.109981053698438913e+00
1.168165172087804926e+01
6.382008586059408906e+00
1.100808760998528157e+01
5.453403491147036597e+00
1.045083279974522483e+01
6.457294562855153686e+00
3.982007358975268918e+00
9.422497456899092683e+00
4.683060703219354970e+00
8.973677637236368909e+00
7.500559195704883386e+00
8.309939090389631744e+00
5.602588759531442975e+00
8.845580237674433022e+00
6.471927743869156480e+00
1.168341456772527209e+01
5.663859149453574382e+00
1.128064479873277470e+01
1.170400788128726610e+01
5.686362198862346062e+00
4.651420859698214727e+00
9.112564681391665644e+00
6.114088506025275649e+00
7.990869421257988492e+00
8.151312324531765796e+00
7.238283153193305175e+00
8.734721533892825462e+00
6.672233585807417100e+00
9.247493671577096563e+00
5.270870116918349169e+00
6.924134507270946592e+00
8.420147249710501214e+00
1.126216520938795185e+01
8.872366248821846213e+00
8.403703796199478049e+00
6.966127020173996875e+00
4.009713714860217770e+00
9.853097179346280043e+00
