1.650588396342205000e+00
9.513800768465876523e-01
1.753723317812402982e+00
4.394140863890343418e-01
9.091800272106874692e-01
2.007200695081007069e+00
3.329048771583722033e+00
1.698943423145442111e+00
5.949111105797084686e-01
1.324230278208107014e+00
8.986497706564450239e-01
1.789324220719226588e+00
6.814153293696516567e-01
1.477614856900981710e+00
3.045033736934269264e+00
1.979541744820910276e+00
1.023724077428837642e+00
2.229950001053470743e+00
1.859343613132103945e+00
2.007645616860128879e+00
2.142025168681098268e+00
1.623463113060661600e+00
2.416054592157315994e+00
5.246872769387588287e-01
1.069981340714266427e+00
2.799736465779855354e+00
3.270120556479608087e+00
1.908718779383754560e+00
3.000235828784616032e+00
1.428051706857834002e+00
8.503224261317030575e-01
2.297115393987683607e+00
3.028412450915047849e+00
2.988238321144331078e+00
5.246611281174401453e-01
1.181757462717687224e+00
1.233195309608262846e+00
1.257425207035366199e+00
1.668611538843424169e+00
8.628144612227554022e-01
1.024093755918066506e+00
1.400245058989274316e+00
2.170570859369084449e+00
1.163554710069089504e+00
1.298773262769372661e+00
7.975698789628291596e-01
1.714772309266828776e+00
1.700214277611391767e+00
1.115858404668769843e+00
9.133375277022746097e-01
1.839010217281450199e+00
2.513363647906911247e+00
9.057195060597560410e-01
2.498903911306023407e+00
1.500040089307875579e+00
1.517604166043503566e+00
2.095826568123035027e+00
1.318260335929623217e+00
9.076119370847787193e-01
1.199715491768918341e+00
8.333786467379500351e-01
1.967151138111792319e+00
7.773722851907431952e-01
1.761972074973455760e+00
1.250140397093647326e+00
9.706677768960779717e-01
1.287344084729971527e+00
2.140741824290443240e+00
1.962973501101445972e+00
3.197425227810589465e+00
1.418424294050270706e+00
1.151606295182402651e+00
1.250157188747112125e+00
3.551899030454036321e+00
3.229862328443159125e+00
2.007337522617094638e+00
9.072095803478446019e-01
2.202725887168197172e+00
7.851253228987632449e-01
1.981160387671635270e+00
8.264980002877290177e-01
4.574328130906118339e+00
1.175053590252577163e+00
1.088854991873282829e+00
3.941329770656273546e+00
2.696352834935263676e+00
6.049872032225229734e-01
7.883266246549875955e-01
2.827222794369306236e+00
8.024034800209870477e-01
1.382855538343214619e+00
2.943931444523862240e+00
1.411445101229705124e+00
8.933348393665554443e-01
6.783261227759483925e-01
1.181214079398351879e+00
1.451839662985741741e+00
3.917233205821779585e+00
9.863913007976155001e-01
1.288014737150333211e+00
4.900610765141645842e-01
7.577139800341410325e-01
7.469367681230457690e-01
1.833464361958643707e+00
2.693218589099091620e+00
2.874630548677704400e+00
1.592906264069740674e+00
1.589157871743993367e+00
1.399040678096330925e+00
1.007060555482503839e+00
2.137918804523805782e+00
3.897556162998267459e-01
1.186022830730692146e+00
1.386023694028420739e+00
3.163650377976463535e+00
1.116182581778235372e+00
1.455879190789245436e+00
2.126292911089361137e+00
2.105721437996899592e+00
1.292876261243025793e+00
2.355007602144587597e+00
7.811413766742180131e-01
7.592575072885276999e-01
9.190694106401445795e-01
8.575506011361726522e-01
1.417315650831647789e+00
7.629240748780617976e-01
7.695695224227037112e-01
1.415310377049448398e+00
5.526674970364886086e+00
1.827197260440207138e+00
1.007710901317264707e+00
7.974856189314153410e-01
2.587197393195994177e+00
1.336975273740811376e+00
1.575367516439088345e+00
2.697059189672661894e+00
1.105048000426939847e+00
2.338028263823506148e+00
6.262729377785445362e-01
8.475888533367696986e-01
2.307067259330298992e+00
1.706602323317958803e+00
1.191232814587037447e+00
2.159614235255001180e+00
8.701242201381553798e-01
3.784128362671833390e+00
2.309136968063925988e+00
1.671505503655565050e+00
3.883082889451548336e+00
1.524651139855106363e+00
1.369086912860012717e+00
9.115827105024845167e-01
2.849342226986193882e+00
2.571566828932649429e+00
1.002840652484788597e+00
1.566372648955932645e+00
8.389611323361506612e-01
9.586171525597176890e-01
3.452318838924953948e+00
1.763064421669378268e+00
2.029116897438670186e+00
1.154515518711283217e+00
1.212080711161608759e+00
1.552843264273561674e+00
1.346571209234701305e+00
1.735312893349367336e+00
1.094733433525161503e+00
2.573196661507815453e+00
9.150035901039587083e-01
3.410102646474606924e+00
1.841092207479471998e+00
1.425640978680692061e+00
3.631313655204575497e+00
1.232956611234600430e+00
2.920212923498348712e+00
1.846204196343931070e+00
2.485293569468830288e+00
1.533235284494687045e+00
5.253684459810903373e-01
1.198306021421174039e+00
9.685081792797863853e-01
1.046810578542612724e+00
2.784984986595755441e+00
4.286223581748345168e+00
1.143188833637340585e+00
5.059212394940780122e+00
1.785390233497404111e+00
1.887444087378914670e+00
2.182371353107038559e+00
1.374512104918553357e+00
1.535324702727919988e+00
2.397713666059205551e+00
1.368101039736847158e+00
1.360063961298573876e+00
1.453519176627387388e+00
2.780123726354095215e+00
1.463900554368330109e+00
2.285814116702221011e+00
1.277927500999334276e+00
1.694256039049887974e+00
2.331569973037632248e+00
3.857939330487619500e+00
1.138398391660371933e+00
7.284487061483346793e-01
9.471443220899290472e-01
2.251038167399374235e+00
7.413036445924584550e-01
2.897489547006368849e+00
1.484944720398823081e+00
2.428274884876642670e+00
2.466833631402919558e+00
1.298487684664131558e+00
1.857049278472937104e+00
2.395658440439100811e+00
9.491029232520310499e-01
3.303966844115925561e+00
8.602161276589205263e-01
8.485055903831733026e-01
1.060152798496952542e+00
1.114837882508466160e+00
1.284776897243169014e+00
1.480725763925000660e+00
2.173497117472440010e+00
6.939125080488732777e-01
1.439760885447716632e+00
1.177259602556569362e+00
6.054923333381325712e-01
8.822282905727378832e-01
1.533246697820307647e+00
1.100277289722230156e+00
7.156037099767910137e-01
1.755159168194805774e+00
8.129813513858908935e-01
1.315826560883982310e+00
1.437423862579765066e+00
1.700675767880114320e+00
9.271972416710555498e-01
2.440649456393900074e+00
2.732817313067020581e+00
1.212948542332145330e+00
8.695278307466949297e-01
7.176405118861861610e-01
1.437458859065462224e+00
1.719867227688992362e+00
2.018711075872001270e+00
1.113429498251578886e+00
8.722850239019921403e-01
2.078609112948980542e+00
9.783101614614341246e-01
1.830068505263148460e+00
7.679782540428367055e-01
1.704862658638362172e+00
2.281739570595318067e+00
8.395674889705835309e-01
1.225896495353887117e+00
2.259572986882571577e+00
1.238602583591139394e+00
2.289279210639473039e+00
1.457304924314810179e+00
7.290224823878741489e-01
1.018229610865500900e+00
2.304960958121822223e+00
2.522399073214897758e+00
4.770703140254082264e+00
2.795800499461734479e+00
8.808313373900527044e-01
1.211437364610414180e+00
1.166871082834644024e+00
5.994011717179948961e-01
1.564573963310244897e+00
5.566358128968681429e-01
2.177693173044080943e+00
2.274437390425139593e+00
8.088678960476097801e-01
1.518791056552376562e+00
2.271205156743777653e+00
6.459312411484808614e+00
2.291027656024754222e+00
1.050340816227760765e+00
1.745711410272777986e+00
8.839464323205571405e-01
4.394898600064713001e+00
1.050152149615933617e+00
1.542939661437618515e+00
6.754723394139586778e-01
9.137662341550020217e-01
1.519656359861008887e+00
1.204917646008924148e+00
1.901375519245808388e+00
4.873069493445914446e+00
7.786771566259288457e-01
1.254832789070754018e+00
3.730893330309845268e+00
1.388204380265294802e+00
1.745356905347009047e+00
2.391603553995811815e+00
1.974764868371162496e+00
2.807208315823059852e+00
2.497001897589815833e+00
