1.830958058889038176e+00
1.941984305579843362e+00
8.346102849788995526e-01
7.914716214048074239e-01
8.981136517724521706e-01
1.651608510919084116e+00
8.250179393151190199e-01
1.256282798628162611e+00
1.011350922215981996e+00
2.331709474741153976e+00
9.463597196435072911e-01
2.788405106225690488e+00
5.251818430881957100e-01
1.845064130046445205e+00
1.393049376248795435e+00
1.240534567545842348e+00
7.065266593123031846e-01
1.189375175555646980e+00
9.694760242724839161e-01
3.281938716094421782e+00
3.686092676311740313e+00
1.734280164055550300e+00
8.650311791417780727e-01
1.135102675381177484e+00
2.014892765972341238e+00
1.587371442245871345e+00
1.967845131426043448e+00
2.416999883696262508e+00
1.688580957294621987e+00
1.197775553496989831e+00
1.030958933596686666e+00
1.992069182343735978e+00
1.114123414355907338e+00
7.979069962839642205e-01
4.108221642520982209e-01
2.172608828527713420e+00
6.952139502367336021e-01
1.931759894151480861e+00
1.807432477662242576e+00
1.235207060952132618e+00
1.763490983114478716e+00
3.128591293635933024e+00
1.261988098191429541e+00
1.805517806873476072e+00
1.163456526848433370e+00
9.106101465598692712e-01
7.031270154227570179e-01
2.894426918002978688e+00
2.003264585308208279e+00
6.067433886657582764e-01
5.883166142341936800e-01
1.549755890621960175e+00
7.094098851498085168e-01
1.432749386996075680e+00
2.051312788483122596e+00
3.904454472929592246e+00
6.144813900310115429e-01
7.285601644897775619e-01
1.928808267664939180e+00
5.938630024709176780e+00
1.691778995061589574e+00
2.070269529860286006e+00
4.335783384465336177e+00
2.780475550614523339e+00
9.683366909106101428e-01
1.784839806173987187e+00
2.209315872379304491e+00
6.007820302269268886e-01
9.471965456427539065e-01
1.094505197558489185e+00
2.854556055758576960e+00
5.523292776973133256e-01
1.566809954230747204e+00
1.179197556766266919e+00
1.091016107676380020e+00
1.473939675458078913e+00
3.283122889330351679e+00
3.557029258505167046e+00
1.575129186713680518e+00
2.110964472023677985e+00
1.455447430493859606e+00
7.201911726038204842e-01
1.042151089939616915e+00
8.546861484986137958e-01
8.738757446453051525e-01
2.309508321012279541e+00
8.387143506737101406e-01
6.830871074727720149e-01
1.853233153934260358e+00
1.213087032996460479e+00
1.468030295959221743e+00
2.315480589531164757e+00
1.334948419322271151e+00
6.928485663286972907e-01
4.688973058642345593e-01
7.587341782253108624e-01
1.464073261372739188e+00
1.130978178124887545e+00
6.992342161770314091e-01
1.402955762165386755e+00
1.594445788989112156e+00
5.902955692630619255e-01
1.621553472310173882e+00
8.619121619453266048e-01
3.747545420746437816e+00
1.615217743192814748e+00
2.155460560168743545e+00
1.139066625620417161e+00
6.226723834470874186e-01
9.920903435710909379e-01
8.881712364055102116e-01
1.463934555057260445e+00
1.524005265793465957e+00
1.605178244771476193e+00
8.163008326721684638e-01
7.901117822504019061e-01
3.561265662951101252e+00
1.307356798434581524e+00
9.573096045662640163e-01
5.728347623511024223e-01
1.623963877094799724e+00
4.560190773591061841e-01
2.215653940338139893e+00
1.022910186679259370e+00
1.060355809178419761e+00
1.351362431887641158e+00
2.141179206285836134e+00
9.533078073454708257e-01
1.822669559806042949e+00
1.630428426609644044e+00
1.800640933277062539e+00
1.906457472973225986e+00
1.330915245185059215e+00
6.113504446681380378e-01
1.697680695537204798e+00
1.506767304483442427e+00
1.092509460053971537e+00
1.362248713334538897e+00
9.511117038514790289e-01
1.587145554872744668e+00
1.099598449933936850e+00
7.822481231644385913e-01
1.079760593849608652e+00
1.400632471574022819e+00
1.392404409436347690e+00
5.467571578720089587e-01
4.567565544739048411e-01
1.063809779826751845e+00
1.698016645266382740e+00
7.978054531920549808e-01
7.332811498135609618e-01
1.793613193247269200e+00
7.266144401905391126e-01
1.392745181656541043e+00
2.201549900843351004e+00
7.985093636636667602e-01
1.156344905535507062e+00
2.722566886311609924e+00
1.054440279396094970e+00
1.438978860006520755e+00
1.334435747354913326e+00
2.324149428998393496e+00
1.936599157445494379e+00
1.434788149601188278e+00
2.535956458390298263e+00
1.079490357424238045e+00
1.126031300798416401e+00
2.396186678476531551e+00
1.172099903969133772e+00
2.105508442837553229e+00
1.108654275711958181e+00
1.655432684404569921e+00
3.556646139455255984e+00
7.448794814144504839e-01
4.227930096425540185e+00
2.588203365682839152e+00
9.580750346282254082e-01
4.748109580666300289e+00
1.075698137370459273e+00
1.098486786477587795e+00
1.956243077810523978e+00
3.361044070855219612e+00
8.278858755837340544e-01
1.057819877487116811e+00
1.028591722144956533e+00
1.145809525925136185e+00
9.960297546722370887e-01
4.469185012662149625e-01
8.481526824263893038e-01
1.635437342720561515e+00
1.963521984804029952e+00
1.340637971716570620e+00
3.740126127377361609e+00
6.847244281037607738e-01
2.272228013926784751e+00
2.326469351764260285e+00
1.944413124187922115e+00
2.020976531607890703e+00
1.148845326471539918e+00
1.123376703922624786e+00
2.341151948432094176e+00
1.245697071323926819e+00
1.225485737939525865e+00
1.185473724264402451e+00
5.077563128176367790e-01
9.569137294233051039e-01
2.098095876849508823e+00
1.163419154662961974e+00
1.279616792615712262e+00
9.909302615454692598e-01
1.084941832154434405e+00
1.870231784262319508e+00
2.541137479195133775e+00
7.489456869220458834e-01
1.454354892483093353e+00
1.294308880328636668e+00
1.602403820574934912e+00
1.287255778015205854e+00
7.369331440494781837e-01
1.051408399663318338e+00
1.966645897869651938e+00
7.225969137213963389e-01
2.484949854443393669e+00
1.461685290593708553e+00
5.909935549078180195e-01
6.387195529694565943e-01
3.655618620295238319e+00
4.301376632160056168e+00
1.706967992150226099e+00
1.363882093383960159e+00
1.432594703522120261e+00
1.909771980716368001e+00
1.680833907815814543e+00
1.725604434810366294e+00
2.353776122904519763e+00
1.277151408618696138e+00
1.247731683988288376e+00
5.855353012598334406e-01
1.689465031734187273e+00
1.571406007351117351e+00
5.054122778162651874e-01
5.292808330696838759e-01
1.976245254160808873e+00
6.133139756968026823e-01
2.922271059898073009e+00
1.546022227702702256e+00
1.131753073988886360e+00
2.611052703417163556e+00
1.030350992095504070e+00
8.889162995918418186e-01
1.329434666232928608e+00
3.198432797808751893e+00
4.887540469378623964e-01
2.946268620125588988e+00
1.581865606165115512e+00
1.070065286803464799e+00
1.485556893938322354e+00
1.687823312741467019e+00
9.367557150533085686e-01
2.476574540263914770e+00
2.103173385318115596e+00
7.799531883386567888e-01
1.190087693978907124e+00
1.068254879824092285e+00
1.261096727595683031e+00
2.016725649070399751e+00
6.082451293172725926e-01
1.587431484488749378e+00
1.036340258821997429e+00
1.176597541373993749e+00
9.144898453688407036e-01
7.077432417450180147e-01
8.581862244018998442e-01
3.962453230107533031e+00
9.851543997267102615e-01
9.535704455449769412e-01
2.474887760711867113e+00
7.602702826302978334e-01
1.219998509036040346e+00
1.723141135893648812e+00
6.790520042645686871e-01
7.691140485918925851e-01
1.795451494157598304e+00
1.903116681000038390e+00
6.681902188224349004e-01
1.588214178648723385e+00
8.512037124544317157e-01
1.678080383807330822e+00
7.024658116186752732e-01
8.369761210332351542e-01
2.485829326156146823e+00
1.106735675480110537e+00
1.679196150342226357e+00
1.411973866809821843e+00
3.481655126245724485e+00
1.205018166603930352e+00
2.081426373945507891e+00
9.545912493291037748e-01
1.664336422873809784e+00
9.320961418019095834e-01
