4.130458790016443515e+01
4.747549269120754190e+01
4.007382506180063331e+01
3.681836268135202062e+01
3.678351294657151982e+01
4.629455936191841658e+01
4.446163244212584686e+01
3.714858513557530983e+01
3.654914561651278859e+01
4.940730666295517182e+01
4.785046654787538500e+01
4.068376758629926826e+01
4.527363299067081925e+01
4.643127770783137009e+01
3.785630600962969794e+01
4.536221342342637541e+01
4.669045020223143894e+01
3.880083890966316318e+01
3.870358536941282068e+01
3.923115695027555461e+01
3.454449799264055088e+01
3.603030818802997004e+01
4.312810227378077599e+01
3.906623009952344461e+01
3.962123557774864935e+01
4.573333982042915835e+01
4.285656268248319378e+01
3.566622052306670554e+01
4.247654090431088747e+01
4.238752034988796424e+01
4.690609893225519045e+01
4.287869920144277103e+01
3.706785418150126787e+01
4.417582267252920047e+01
4.236793215358273557e+01
4.254367641694683044e+01
4.194708913137958461e+01
4.478021311886110567e+01
3.860658729953981805e+01
3.469923449131218263e+01
4.728845264229394729e+01
4.553179884867435590e+01
4.010305355499652791e+01
4.160529043415397155e+01
4.515539197119041859e+01
4.192065504116108343e+01
4.413847902523165345e+01
3.716620237042199193e+01
3.472101855853281904e+01
4.958086634993617992e+01
3.674160727951520755e+01
4.347568257451025886e+01
4.022520812795460188e+01
4.001077399540901780e+01
4.536734317709837683e+01
4.035526710860757760e+01
4.229486227286734845e+01
4.442670712567652913e+01
3.296217710752195984e+01
4.131552113270144133e+01
4.909768786233312454e+01
4.031495157267293195e+01
4.606874643299535421e+01
3.619167505387716233e+01
4.222578093855932480e+01
3.438482141358737465e+01
3.613935986060555905e+01
4.521544183923952431e+01
4.498516686776375195e+01
3.205222686389488729e+01
3.345060866368687158e+01
3.036253872566715373e+01
4.634891685191513488e+01
3.987224368828690757e+01
4.391355865560583993e+01
4.248689876159743051e+01
3.569943719753539568e+01
4.308342170655336645e+01
3.995459525528420386e+01
4.044940720424527569e+01
4.390086190108318931e+01
4.216269926484861230e+01
3.491278090277161539e+01
4.645735786073927898e+01
4.018064460004595873e+01
3.530132168398665016e+01
4.325060346364306696e+01
4.111692385452349185e+01
4.444852032305158218e+01
4.407419010023944850e+01
4.200747822065641657e+01
2.713422049296055860e+01
4.739262715110277924e+01
3.936656009266665279e+01
3.854208707385528498e+01
5.127158964036025424e+01
3.651543606767477002e+01
3.095618391589562535e+01
4.065564419287309761e+01
3.751440646023012704e+01
3.203012088121069922e+01
3.742327321709093013e+01
4.912646292121759473e+01
4.110527895350611516e+01
4.030899957108833576e+01
3.921905125955248650e+01
4.961671407425567537e+01
3.638427890094578743e+01
4.431130799355585026e+01
4.077279117750091331e+01
2.971448697898915725e+01
3.884548417992830593e+01
4.528617209484075090e+01
4.514672652978523359e+01
4.692969955130341475e+01
4.629356228254839323e+01
3.701317386802480769e+01
3.426723207556587880e+01
4.576510425450047848e+01
4.830741333216346334e+01
3.794932012136964516e+01
3.716734500535764596e+01
4.188360779373634557e+01
4.367680987032105122e+01
3.854050365506112286e+01
4.207797358348418726e+01
4.379144506050808161e+01
3.100984490365391366e+01
3.300009846932904622e+01
3.764628657426072778e+01
4.593825787917641890e+01
4.322377510912824050e+01
4.759104410462795443e+01
3.806568425800873712e+01
3.740830848300158351e+01
4.094222225235820645e+01
3.801739985336553218e+01
3.964077609225049059e+01
3.773471178068668053e+01
3.687805929991642984e+01
4.188144709233066720e+01
4.348578254655063091e+01
3.742070370208247709e+01
3.956980151773865373e+01
3.455381981241922773e+01
3.587169984174904869e+01
3.848407837297015277e+01
4.356626241826543122e+01
4.178964628730781783e+01
3.454966167438299607e+01
4.235473558683778350e+01
4.835837889061205175e+01
4.321618237750912783e+01
4.445186306724158953e+01
3.875429629716182234e+01
3.803383887784185191e+01
5.231562620961897636e+01
4.082941143474293710e+01
5.020889858178438914e+01
4.283331136875671064e+01
4.419913612272875980e+01
4.258048703971603999e+01
4.339323761474020813e+01
3.759780983341174476e+01
2.879282696031448907e+01
4.010447822863592648e+01
4.077089169333478225e+01
3.810602438389862101e+01
3.869701290048578812e+01
4.428283249470318594e+01
4.345960914095588379e+01
4.049397274798967317e+01
5.077805637941692396e+01
3.764087957928087036e+01
3.948461698190685354e+01
3.911600343757361742e+01
4.242570002137102847e+01
4.115471699971394770e+01
3.836344270226805264e+01
3.812381246251825218e+01
3.284431601977168924e+01
4.538183046587091951e+01
4.353363513319694533e+01
4.429738795560972164e+01
4.139825075519632946e+01
3.886494367324456789e+01
4.375024420347384080e+01
3.768594196093769710e+01
4.038859385525370982e+01
4.735876988574921143e+01
4.287582089763992599e+01
3.742197754842625557e+01
3.955586649908699570e+01
4.408388676207798085e+01
3.712362557753895942e+01
3.741047604980651897e+01
4.105346852098797683e+01
4.960230871614047032e+01
3.296206712154245366e+01
3.685562497540747984e+01
4.299317674435053505e+01
4.599779251530645752e+01
4.247858524544772507e+01
4.579399319447600192e+01
4.197212357753817003e+01
4.540077693725937280e+01
4.046499337665196805e+01
4.512038372085983440e+01
4.666055016786695120e+01
5.237268200496618675e+01
4.284368904479288176e+01
3.951460357390731559e+01
4.512324858440381092e+01
4.340092021444768022e+01
4.222009747140530322e+01
4.639570227423427440e+01
4.025796366031115525e+01
3.372377490337722605e+01
4.165392394864914394e+01
4.164229968076144672e+01
4.202540608288415314e+01
3.810822402631298900e+01
4.200385382720705252e+01
3.874157239370283889e+01
4.783537285484229784e+01
3.630603994952191016e+01
3.672064522666178732e+01
4.552634916423840394e+01
5.156110656038842421e+01
4.571251957758015294e+01
3.895497248449344596e+01
4.359178939693393318e+01
5.424919626935161432e+01
3.968856844713455700e+01
3.207659902029500643e+01
3.801072460262773944e+01
4.039315918017754825e+01
4.825749625578918511e+01
3.390210659382935177e+01
4.456438077106037099e+01
4.345197653328465037e+01
4.301412999335136078e+01
3.478332721372422043e+01
4.372923769544443218e+01
3.527387953807022569e+01
3.954656890166945971e+01
4.379485885502030840e+01
4.666737869315100795e+01
3.709205140120025135e+01
4.252574267944129360e+01
4.775016143684191405e+01
4.144043908081899019e+01
3.734515154351598198e+01
3.907664368728427462e+01
4.311486300013130091e+01
3.433678307005232710e+01
4.518158632492910698e+01
3.787149703178760518e+01
4.945943487943080896e+01
4.323073045345918786e+01
4.550391118163591386e+01
4.247647006690348093e+01
4.261316798318970456e+01
4.033064007938425277e+01
4.585859842125465491e+01
4.720873783396891099e+01
4.653140690538052127e+01
5.672923472739871897e+01
3.454080673386918932e+01
3.487868060222791655e+01
3.691184422502784912e+01
3.170039826258457438e+01
3.946978676902956096e+01
3.227746881853369842e+01
4.494533521540895293e+01
4.026012420711743545e+01
4.029307486093208013e+01
3.728965353192945997e+01
3.585287320125424060e+01
4.156271223062613274e+01
4.071296809953879148e+01
4.236260537697803130e+01
3.981193270356355640e+01
4.780297537375447803e+01
4.452128778571364620e+01
3.495010234965000251e+01
3.454512011361293133e+01
3.525215148618233485e+01
3.321763619497667719e+01
3.581259830872122052e+01
3.967840936786096506e+01
4.587578154011188758e+01
3.203995818591336331e+01
3.396523937869310572e+01
3.836995251034279164e+01
3.768352550752564412e+01
3.730399713307940601e+01
3.745098548611184697e+01
3.701573981177892136e+01
3.102449227243452512e+01
