6.911657169824424685e+00
6.379572727661273035e+00
1.286058404014011103e+01
7.793757210841519623e+00
5.234105326207325604e+00
7.323186612338889567e+00
3.238075437246675126e+00
4.077417453756092769e+00
7.923101314228294889e+00
5.281976603960025329e+00
3.293231221610997572e+00
1.427462081362820534e+01
3.379429983115851854e+00
5.547972609562089374e+00
4.617131599197293212e+00
4.557869206012280294e+00
5.905614414710575133e+00
4.932254858758724048e+00
3.379607832360767006e+00
5.163795717103871752e+00
5.012619289590525717e+00
4.607846419281521833e+00
6.056141062287851540e+00
8.108898439700356064e+00
4.850029249263627662e+00
6.300535054696867476e+00
3.318734051553711595e+00
6.761945370934010491e+00
3.584123485514912666e+00
8.327529497456826135e+00
4.917993888947878034e+00
6.773709758032363304e+00
2.893649834724108860e+00
2.941019988376078143e+00
7.451384733740988864e+00
3.120554658305814577e+00
1.130933693313007105e+01
4.018573359309206339e+00
2.227487973527444431e+00
6.956112592993267008e+00
4.222272959037971063e+00
3.714009577499977510e+00
5.606958634667023489e+00
5.265554106214393570e+00
9.242555627495990578e+00
6.579975209561464311e+00
5.236452166342480119e+00
6.121197706526142035e+00
3.663423393813736606e+00
7.492286000373757915e+00
4.724031360633075494e+00
6.167746939063456502e+00
3.771476218469285602e+00
7.803490005101706650e+00
7.919679595343945167e+00
5.938011595749549620e+00
5.225516737345575535e+00
1.116578135239070946e+01
3.736836718676194380e+00
5.102896377849496901e+00
1.589461950435211213e+00
6.195354456022923451e+00
1.136547583341982026e+01
6.535339728029780026e+00
3.044480555804250255e+00
4.044411758283159131e+00
7.167701591517872117e+00
7.682842407220086933e+00
2.968991675351247306e+00
1.215075215458793245e+01
9.068196769801039281e+00
5.433692563504400219e+00
6.021286832966838531e+00
7.120330584163522047e+00
5.762665332097593129e+00
3.593042110212206985e+00
2.864058274085849565e+00
8.722500921158138354e+00
4.394998414347583982e+00
4.034871170297369858e+00
3.098680028527921682e+00
4.532096988134159510e+00
4.686251383045457963e+00
6.596270357367475690e+00
4.376905029742469644e+00
1.142339142171790023e+01
2.494073111955306565e+00
9.598596051480880575e+00
6.986265094731446190e+00
8.393519555347586092e+00
2.936803316708943790e+00
6.336617754177639839e+00
4.559992693290431554e+00
7.039820360358340245e+00
6.622083609645426527e+00
2.452707809158552354e+00
5.198540428629725874e+00
4.495140402015004533e+00
5.673656629997250178e+00
7.176457692504940589e+00
3.047937360981720634e+00
3.669540013969128101e+00
4.204419916214088282e+00
5.182762549250389483e+00
3.701575812070605487e+00
6.851389458919740605e+00
8.419403070290124802e+00
8.847362078925643303e+00
1.114817034745673574e+01
3.742301234275339894e+00
6.920438410362794279e+00
8.088350264107569743e+00
5.705112968960968978e+00
6.238122928965490921e+00
6.801415215787941726e+00
4.233918167993659942e+00
6.257119358471193493e+00
4.849561517629907392e+00
8.476587335775786158e+00
1.034375015603108849e+01
7.835164290406454235e+00
4.482124588887145045e+00
5.644293782123235736e+00
9.773065915462906261e+00
1.348204396886949485e+00
7.138014011064536923e+00
8.171416380376603783e+00
3.056417945071687292e+00
5.010390968254104571e+00
4.634630239802080887e+00
6.270450681272593307e+00
5.889020886363220519e+00
5.066259375047954094e+00
4.922928303607722711e+00
4.421095916017698357e+00
3.928415576759711314e+00
5.356286064088220833e+00
4.134330296071006217e+00
8.262761969571934983e+00
3.311958026756223195e+00
3.862964018894571971e+00
5.765868769276797146e+00
9.474309737747148574e+00
6.753530644537184102e+00
1.040398541162226742e+01
5.556190480802429832e+00
5.406827163601259478e+00
8.246630694791779348e+00
4.071141729133276321e+00
6.500950194677059812e+00
2.978727049608643096e+00
6.001478667060101024e+00
4.798687257881755208e+00
5.613781382779989393e+00
4.596806201058813990e+00
4.437539855882508100e+00
4.096996503880417251e+00
3.333178532602336652e+00
2.215672537648154972e+00
3.281837418589466093e+00
9.438851620549057131e+00
5.236562371690357764e+00
4.907807495993941060e+00
5.179638404633168491e+00
8.063986141261782592e+00
5.443313805516594606e+00
3.063428545263900737e+00
4.520253207239727899e+00
5.455293117093429345e+00
4.363045025274173483e+00
6.635381907981073191e+00
8.749924737134488595e+00
8.437950040613380054e+00
4.677636114644310616e+00
4.997090125844477981e+00
5.703860794070255480e+00
2.049864602300932148e+00
4.801960568388761175e+00
8.914380191235329320e+00
7.864349547999140988e+00
9.366330988084737186e+00
6.402986156775709148e+00
6.936051079628120952e+00
5.056587498371671430e+00
4.721335868045708040e+00
1.242717662340506735e+01
5.865560491445660496e+00
8.080493411997954567e+00
5.236297551209140977e+00
5.997471970193507751e+00
4.704640514948975394e+00
4.119552252141484239e+00
3.673305279358324960e+00
4.748172691414821678e+00
4.090221398183892632e+00
6.182629821464031394e+00
2.993548093534772914e+00
9.986800399511521320e+00
9.159214939638259168e+00
6.525378204615166489e+00
5.364980878634697525e+00
1.118856321708170931e+01
6.001339587883352422e+00
7.857688493649293449e+00
5.607406596381472319e+00
3.711353363234613845e+00
8.638612350200981282e+00
5.446276967303775862e+00
3.568814240749918820e+00
2.909897200394843342e+00
5.810540806400052993e+00
1.139157211374451961e+01
3.101478678136439626e+00
8.466244619574551322e+00
6.696088853015856657e+00
1.018381102669946081e+01
1.061746936024761290e+01
5.138871019193160805e+00
7.375299917072782208e+00
6.281740504467616226e+00
5.625633410780149113e+00
1.840275305009101192e+00
7.335217037731086798e+00
4.236592978396148901e+00
1.890375144581980082e+00
5.929333794711647343e+00
4.191435798710624105e+00
2.461022234030030287e+00
3.459878584232811249e+00
7.766476608687418626e+00
3.470130298270989400e+00
6.022773106039911895e+00
1.852945000378234397e+00
3.985811680672305624e+00
9.862779260956134664e+00
7.701755838104955565e+00
5.899142129832613435e+00
3.962999825006855215e+00
8.688942851769418496e+00
9.048533084226303203e+00
5.672697742160060841e+00
3.356561519547777372e+00
4.434651805373419187e+00
8.512067729063325316e+00
7.180395446846632446e+00
5.580892430334150056e+00
9.700115199507392205e+00
1.027650327410955988e+01
4.318080582433648118e+00
7.260100890520434724e+00
4.344652286965827948e+00
8.936615214690247555e+00
2.378529136686508672e+00
3.774271275613599208e+00
4.005983942757818994e+00
1.051544768215127590e+01
5.040371085741304213e+00
1.241726185491007683e+01
3.822105595822114399e+00
4.050722498245406200e+00
6.726422024701758318e+00
2.807908967876683537e+00
6.122612914198366951e+00
6.649030367162885646e+00
3.970797941528956709e+00
5.977530606091452370e+00
5.985452412965636348e+00
5.089349910287200629e+00
1.193540305515265842e+01
3.654380111745849646e+00
2.280388417091550046e+00
5.470294606983586050e+00
9.815541196535722435e+00
2.279724841611998620e+00
7.344847000810514004e+00
2.487252907751009712e+00
5.131041351897866143e+00
4.691781843298005406e+00
9.365034510244242938e+00
8.390219546356265212e+00
1.046566577097942741e+01
7.792782780824873079e+00
9.743811157320235949e+00
3.145584739905693983e+00
7.497833600269599330e+00
6.797337851198003378e+00
7.482700823783105193e+00
5.704989732846607708e+00
4.853317454158385225e+00
1.045840212045327178e+01
2.286328501012412584e+00
7.038738818790365670e+00
4.787395607395183994e+00
4.108538355537567632e+00
1.036241595207356170e+01
8.269212949445384098e+00
5.789594251385969059e+00
6.131806445914124382e+00
1.040078555402096860e+01
7.235101737829150004e+00
