4.840988472230836237e+01
4.515984180183475161e+01
4.011630363774015251e+01
5.359918974150394178e+01
5.494907376961350565e+01
4.771732082745855763e+01
4.028532936915001983e+01
4.571736438080863252e+01
4.093649051584856835e+01
5.227329978875479810e+01
5.080937809544228401e+01
4.576303293486009238e+01
4.412828047718751634e+01
4.477964774908126344e+01
4.234443874460182400e+01
4.825833382635436664e+01
4.243386142000186112e+01
4.650540471364514161e+01
4.694197674136064080e+01
6.030375014878334383e+01
4.697867807115806471e+01
5.801224975253084182e+01
5.598252814846389924e+01
5.136288361988820839e+01
5.293940003643732695e+01
5.080453565357890966e+01
5.502764676465682925e+01
5.376875761376221874e+01
4.475467725624404380e+01
4.572562898297652367e+01
4.861729847701098350e+01
4.372088866857198752e+01
3.995089164268407700e+01
3.984452129475968007e+01
4.963832082527466838e+01
4.681987585822268016e+01
4.402575100718186007e+01
5.129892297908273946e+01
4.261677015725909001e+01
5.081564322657312971e+01
5.078188307913463717e+01
5.002550194832660679e+01
5.728431276780256809e+01
4.567496100137702797e+01
5.199755548583453901e+01
4.751698147205993905e+01
4.258681662373832921e+01
5.185039544434633285e+01
4.460134238310153165e+01
3.638354629753614944e+01
5.422457514182586635e+01
4.907381112478338991e+01
4.527198543532765740e+01
4.741792992622508507e+01
5.040404671918785340e+01
4.633240177169967211e+01
5.120051273712440576e+01
4.669248612840344492e+01
5.342211295412964489e+01
4.665247423127467385e+01
5.093548079170979292e+01
5.604498329843643489e+01
4.593382508580675960e+01
5.507214195576602123e+01
4.605317827768203642e+01
4.715430291432245724e+01
5.157439798674373321e+01
4.669762678989467020e+01
4.420558886509157759e+01
5.616175724782443979e+01
4.935963536873618551e+01
4.742197445845574322e+01
4.712851457287417389e+01
5.040783190014141724e+01
4.195720831109579052e+01
5.668234250050019085e+01
5.997978037202103962e+01
5.437949062214306650e+01
5.056578662508168520e+01
5.320251352626579688e+01
4.306481240571933000e+01
3.842486021583886924e+01
5.553397012742865257e+01
5.296668967758232327e+01
4.838351888586354477e+01
5.364754034309589770e+01
4.904201478325163777e+01
4.494437887424863476e+01
5.447637096139366975e+01
3.637539297489028201e+01
4.391026610195812196e+01
4.112229457822846257e+01
5.104662547244046067e+01
3.506281000654333013e+01
4.818500420581555943e+01
5.305506024867705861e+01
4.281281595797677397e+01
5.207652282050974435e+01
4.532191042702429939e+01
4.337949349155495327e+01
4.864851613106701222e+01
3.909729170343739213e+01
4.611598548165349598e+01
5.489770048072113440e+01
4.591853055286330232e+01
4.960231927536937491e+01
4.715730575607172881e+01
4.281127095904636093e+01
4.989832091826896487e+01
5.785164417474648957e+01
5.147089940224284987e+01
5.090281704629265391e+01
4.498455631831522084e+01
4.265286713720636413e+01
4.197574314815103946e+01
4.878659475814484381e+01
3.764120904651106514e+01
5.378563426371464828e+01
5.022599294158651873e+01
5.007360599356717046e+01
5.686191758475516167e+01
4.795497566412409185e+01
5.487565357481415873e+01
4.297230076805118415e+01
4.686189813012904892e+01
4.656483555820764053e+01
4.350795982206694390e+01
4.759656740401975838e+01
4.532991400245013836e+01
4.390278563772553611e+01
5.422380958228138326e+01
5.287053455814043446e+01
4.953360367910195095e+01
5.037878778402558311e+01
5.269977145260642004e+01
4.442103142878743682e+01
4.758056563345139978e+01
5.006870095253073316e+01
4.700885741813484486e+01
5.311593085827963279e+01
5.777629535744623723e+01
5.157329193475861473e+01
5.681839461069355934e+01
4.156648318893282834e+01
5.081738835826710954e+01
5.172116697137775532e+01
5.080005105938339938e+01
4.878914942546832378e+01
5.070810635310084535e+01
4.800694608757593329e+01
5.113832690263699021e+01
4.772527789737281267e+01
4.415417195255106719e+01
5.133835480036716348e+01
4.617725057898396557e+01
4.987604589277400180e+01
4.876559572289312428e+01
5.956897014627054432e+01
6.174474050120002033e+01
4.469555726717769062e+01
5.463463535094279422e+01
3.780280894929038027e+01
4.218140019850591926e+01
4.829107594686706051e+01
5.429007933570639466e+01
4.374215533730315286e+01
4.654869232244363531e+01
4.334288879315140974e+01
4.428450323820820955e+01
5.390122929539133878e+01
5.421608722116614132e+01
5.116666011450831064e+01
4.205981795586617267e+01
4.974511198584617944e+01
4.928509161511264836e+01
5.063938484400349438e+01
4.270385730047522799e+01
5.718698064235471179e+01
4.097381965967344541e+01
4.193545836187900733e+01
4.131907185168804375e+01
5.062183078544008197e+01
5.548183022772363415e+01
4.670278500305526848e+01
5.418488881471439811e+01
4.748392648631982382e+01
4.435181437229781665e+01
3.653451532579769889e+01
5.017602614645833370e+01
4.829729171687635159e+01
4.762934358185645323e+01
4.636039808756522973e+01
4.631705655061438165e+01
4.437374234643818482e+01
4.143458334615780103e+01
4.816261973947327135e+01
5.766052349249752496e+01
4.502065055095840762e+01
4.933599394721040454e+01
4.958983945740550325e+01
4.090312740164862504e+01
5.213326508896791012e+01
4.823739142905173338e+01
4.746474213713625545e+01
4.390947256363027407e+01
4.957175189668280524e+01
4.006302565855377651e+01
5.220244165208236353e+01
5.147361643503212036e+01
5.680211209790505933e+01
4.652876987992160451e+01
5.207399158357705460e+01
4.397195154971466735e+01
4.481196143390686615e+01
5.361012195306665262e+01
6.027528444827197518e+01
4.807630440633801783e+01
4.892615150510628297e+01
4.722992781509584859e+01
5.392916487472697185e+01
6.689458817309636629e+01
5.748113019927416900e+01
4.554497345514505469e+01
5.819583351310581776e+01
5.345908525607522677e+01
4.298324126894029007e+01
5.049239807296427074e+01
5.083123595104544279e+01
4.250814464223863354e+01
4.112628384119188496e+01
4.587762913409875409e+01
4.640513282565375874e+01
4.180128557910537523e+01
4.737575177521886616e+01
5.832753222094349610e+01
4.661983846798132447e+01
4.444278599955832476e+01
4.177632957172452421e+01
4.959610693005825510e+01
4.297302005903626565e+01
4.290835827894630228e+01
4.309372021913090123e+01
5.206288378597218269e+01
4.540115429398515090e+01
4.152553610142150120e+01
5.302385866667840730e+01
4.801274400230794015e+01
4.549965110813106151e+01
3.861454325836216128e+01
4.659138575272586991e+01
4.441320562787731774e+01
5.343337362907736576e+01
5.041476217386493630e+01
4.733679266064749669e+01
4.989177898511075426e+01
5.564274929292501071e+01
4.019904276956583544e+01
4.612719023752904235e+01
4.724077391829246153e+01
5.023884211825221513e+01
4.807624297425572024e+01
4.802669222944610539e+01
4.015657341599976604e+01
4.626886422174600710e+01
4.554575810161689020e+01
5.405150087054325780e+01
4.300379570296151854e+01
4.275020800475694216e+01
5.071475676190640058e+01
4.308781590001007800e+01
4.538057799243833301e+01
5.624019251409743703e+01
4.491741518650110265e+01
4.745965455369819352e+01
5.570364363051778156e+01
4.843569784811604961e+01
5.737170286309781631e+01
4.600697181606597042e+01
5.125917909193565691e+01
5.030323652325419914e+01
4.129890968364058068e+01
4.661877544222588199e+01
4.852603530909727425e+01
4.872488339407257030e+01
4.803917292958885099e+01
6.232699895037578841e+01
4.811211104698971752e+01
4.285969461370878264e+01
3.611484938781462262e+01
5.376434039981953816e+01
4.008735695752959316e+01
4.275783063235461157e+01
4.787148155384257109e+01
4.814023468862050237e+01
5.205518286706432463e+01
5.124829889644347247e+01
4.829316831035333024e+01
4.698876228230419372e+01
3.906120470643415388e+01
4.285199107773117788e+01
