1.258810226990946468e+01
9.226599835544257999e+00
1.110106974792857670e+01
1.043950221869223682e+01
1.149706585929742708e+01
8.326647538152402106e+00
9.941807727705425535e+00
1.024620620866891407e+01
1.125014561632971422e+01
9.518303816840406384e+00
9.055471205250700706e+00
9.434841658279099263e+00
8.355883346263544453e+00
1.219587065752312327e+01
8.833967113643804936e+00
1.074375561138130664e+01
7.524522931335627440e+00
9.037647945245122827e+00
9.857059205648548428e+00
9.615643296468036283e+00
7.900050317517066212e+00
1.081763714117659880e+01
1.159173571890145382e+01
8.191639252314059760e+00
9.130049282895621232e+00
8.425954011127130272e+00
9.472644753210101243e+00
1.005953397100487301e+01
1.237446676820150770e+01
9.083635162569022370e+00
8.021712425713687367e+00
1.041451058940334207e+01
9.205259257603467304e+00
1.040327631603587299e+01
1.020446018283192657e+01
8.998109894738174575e+00
7.905219081800984426e+00
9.896800407879547734e+00
7.508027390189866423e+00
7.648400064547666410e+00
1.079102635615113215e+01
9.333227539000111150e+00
1.000358074102891770e+01
7.680934830306997974e+00
1.209138902043774344e+01
8.744680884780605012e+00
1.083878367877245985e+01
1.264637760940798294e+01
1.175349243578774683e+01
8.077842513997303797e+00
1.062926731667591618e+01
7.965212810086261364e+00
1.353276130174318226e+01
1.003080023664197817e+01
8.533461022608754831e+00
1.068939901875016396e+01
1.087466069640166211e+01
1.089565932626142697e+01
1.218563863419880811e+01
1.015088548739725383e+01
8.971536275836196950e+00
7.702487802372113279e+00
9.835729308043255514e+00
8.464818445764137778e+00
1.063560734449723100e+01
1.276239321675862293e+01
1.186567311855048068e+01
9.125152690338930839e+00
1.072707777965059961e+01
9.349505877600222448e+00
8.395838051960692994e+00
9.178558866111176329e+00
1.152032278888824912e+01
1.095880914173276643e+01
8.252227553551092498e+00
1.055702784494407531e+01
1.004468652449616783e+01
9.889821702714067797e+00
9.278220282819887643e+00
9.315316019254087365e+00
9.831429652261697072e+00
9.398800439678254293e+00
8.561851385085208932e+00
7.366649495210460863e+00
9.968395781402577427e+00
7.156756056809825850e+00
1.220456993637529486e+01
8.728056357947350463e+00
1.158866108782779669e+01
1.259972574238108045e+01
9.451497364199216378e+00
1.168894855257448384e+01
1.138760023112036102e+01
8.273314085744642554e+00
9.206459150039664863e+00
9.974830664472293051e+00
1.187046094138314878e+01
1.100770818692718755e+01
9.189356624347309932e+00
8.670981760186501575e+00
8.723383402124586183e+00
9.355527200242317321e+00
1.010731815827267077e+01
1.023667220438162495e+01
1.218996615790391758e+01
8.869616525432016729e+00
1.071716596270218602e+01
9.249975296883320652e+00
1.337672246740397952e+01
8.564601980930017788e+00
1.263771673093315506e+01
1.090980976418233617e+01
1.238271209368895676e+01
1.098127926154801237e+01
7.002908146084013019e+00
9.181919027761864527e+00
8.586138985462177686e+00
7.173927806962738352e+00
8.291909884751662574e+00
6.767836873672041342e+00
1.008939450245438785e+01
9.198851654919570464e+00
8.947828059641082632e+00
1.052104992465217492e+01
1.074887211144759647e+01
9.667112092296527237e+00
9.964789513037979773e+00
8.903759609345716086e+00
6.095403050663437128e+00
1.145098747976684805e+01
8.110263496838003405e+00
1.125230623001540842e+01
1.323944697916607005e+01
8.819447525304042301e+00
1.131726515176775649e+01
8.285012280922556371e+00
8.867085323569929400e+00
6.604290108996603514e+00
9.094981799980295989e+00
1.086501736448414590e+01
9.724639713911354733e+00
7.823794071036630271e+00
1.198213362901188184e+01
8.422769506892363367e+00
8.921118876794443153e+00
8.804756691585312822e+00
1.016202194934188441e+01
1.227528678151881536e+01
1.088054227737590374e+01
9.645990576283796969e+00
8.150573342158843104e+00
7.744209432737964249e+00
9.101434287689359692e+00
7.887726537563900742e+00
1.034314353841862477e+01
1.070203682217917063e+01
1.301324905055029824e+01
8.315557701917251521e+00
1.068247160667697671e+01
9.104227182669173857e+00
8.804908736963639626e+00
1.179248202391193701e+01
1.007169969406898602e+01
8.595984656718073325e+00
8.702707234112118329e+00
1.182984000456490570e+01
9.547960219360771106e+00
9.873555206540432394e+00
1.023104330442197352e+01
7.269631588457922788e+00
8.497062224414481335e+00
1.075164811423646150e+01
7.100148517513625634e+00
9.954762985496770966e+00
1.205637064544452919e+01
8.930349323880161450e+00
7.089981744511621109e+00
9.576773520843987697e+00
5.774535883666496616e+00
9.325098556776767467e+00
1.125755303071188251e+01
1.252741656800050407e+01
9.844073841624922494e+00
9.994265050086326596e+00
6.666747425651549541e+00
9.224492099918579768e+00
1.219591292183498688e+01
1.104577750803150238e+01
8.693260998816278118e+00
9.914850979076893722e+00
1.046815305265440088e+01
1.263948450373176158e+01
1.046209797045377243e+01
1.039342466388580632e+01
1.013329942561277264e+01
8.491181385704500428e+00
8.101234477581433779e+00
9.263087609577834058e+00
1.192013706749888335e+01
1.097977254632898436e+01
6.880453559356567439e+00
1.197480353759333305e+01
1.080715231670695253e+01
1.058796192684575388e+01
1.081376270882133817e+01
1.169583682345517950e+01
9.878107926733775912e+00
1.126085840680215355e+01
9.871403456528391018e+00
1.006146846287554553e+01
9.408478130856080313e+00
1.129893363806769635e+01
7.391877536153411477e+00
1.149187265030034411e+01
9.148034380759566986e+00
1.191674677271682903e+01
1.246669253077436323e+01
7.192962414420371431e+00
1.034031725481184516e+01
9.929134092400850875e+00
1.168903631923171460e+01
1.177164696140131817e+01
1.244951564042973047e+01
9.759527028839602991e+00
7.749244513616510233e+00
1.094738754928278368e+01
1.091067312249234789e+01
8.956094647246754192e+00
9.599789299025582423e+00
9.513813953374148369e+00
1.027970676096668790e+01
9.192752329609200856e+00
8.692009250720611035e+00
9.140962939729853076e+00
1.081570737853812680e+01
1.307920073800653959e+01
1.126340534692085349e+01
8.118352761528951689e+00
1.238368664189197155e+01
8.667435612709896375e+00
9.842041134693063853e+00
1.305876016763086156e+01
9.315139954789662724e+00
1.148170869855379728e+01
7.929520281446841068e+00
8.826922221121586531e+00
7.769348348672708404e+00
8.686275461790836872e+00
9.955992949206846632e+00
9.161255361642634654e+00
9.389529928988201490e+00
1.181157155657891167e+01
1.187592270523503934e+01
9.608714953645968393e+00
1.245298487594477876e+01
1.404638719915520184e+01
1.016077973892934949e+01
7.606637324134966960e+00
1.209423207420078228e+01
7.063061183416602162e+00
9.389649465289489072e+00
8.539925922586741436e+00
7.847738557723151764e+00
1.160967502925144323e+01
9.549608265806156737e+00
9.929579170050953252e+00
1.138036955018584528e+01
6.556702511954603629e+00
9.670902698153128085e+00
9.887179216321980491e+00
9.693949579700518626e+00
1.256520572659448298e+01
9.174247896503613831e+00
1.137637166427683688e+01
8.364243287825225082e+00
9.746781730479892047e+00
5.970914823460792498e+00
8.341094476122295376e+00
9.803842361110911341e+00
1.095353232316785963e+01
1.263309095834959983e+01
1.067153223693449782e+01
9.460505278148833241e+00
9.767962240003736696e+00
9.583352612913808244e+00
7.302156818035975050e+00
8.006628144053349772e+00
9.820446585098316916e+00
1.359569460592252632e+01
1.193896443075737679e+01
1.075426069880914426e+01
7.471853399300713683e+00
1.092519604982489057e+01
8.585600302928391159e+00
8.579987436126900846e+00
1.071295219608637872e+01
7.901991898454550523e+00
9.900931482110600257e+00
9.450430159856287204e+00
8.398525550102323933e+00
