8.148635209516326139e-01
5.351267264796313317e-01
6.822566839388330973e-01
5.721093565482238130e-01
7.404902014138873279e-01
5.758422634704314369e-01
8.495088784723239250e-01
5.777140000648167684e-01
1.145169716322832043e+00
9.148107140920713753e-01
1.141470516684992331e+00
7.376809347572794717e-01
8.134473207576851106e-01
6.547483529141561176e-01
1.161957137671204565e+00
1.080329684493099185e+00
2.035173300307187905e+00
5.314078000421331716e-01
7.056379031026768223e-01
7.599759923621475233e-01
9.711307455559594626e-01
9.032306398499534428e-01
7.217100950274424331e-01
1.103304897043173805e+00
1.353749956250367870e+00
7.468608900459219324e-01
1.554694113062815797e+00
9.248145847555675481e-01
8.408603904280944619e-01
6.780282744387119420e-01
8.414396427292250014e-01
1.072829571319582564e+00
5.263465076806032039e-01
1.576417442308821970e+00
8.375659361604702591e-01
5.092044417464333117e-01
1.420656077157928188e+00
1.014060323751711401e+00
7.455652511539999638e-01
1.233386475808935678e+00
1.198836922128779126e+00
1.806145641877409114e+00
7.941343718401240315e-01
1.782878395354958956e+00
1.177949913222613443e+00
5.563978228753343469e-01
8.435666658394652684e-01
5.317276535553350225e-01
8.925147444409016195e-01
6.383725013366507994e-01
1.096605936334552389e+00
9.933685357222624690e-01
6.461921424660754809e-01
1.022357217089562065e+00
7.704527008278907463e-01
5.637248032908210860e-01
1.552177594534313920e+00
1.178905949808729092e+00
1.033624990947506372e+00
1.381146777223261735e+00
1.123484210876244394e+00
1.161625058541111200e+00
7.343041802841433485e-01
1.328471731363854103e+00
1.017774610614602393e+00
9.126432829885922082e-01
4.761879619939464736e-01
5.843254279219223246e-01
4.870496499464769258e-01
4.756344373623662136e-01
7.024063204897844637e-01
7.704495021954822498e-01
1.100679283675541908e+00
8.395944797843526430e-01
7.455211342065308777e-01
6.291833399609386701e-01
7.764589414721050353e-01
7.859218613464976633e-01
7.501644965011249333e-01
1.223530534666545488e+00
5.826045535560798738e-01
1.897494643152985772e+00
6.939414773385698121e-01
7.321171594092554802e-01
1.256108715960584821e+00
1.605018992500839792e+00
7.496649760316217437e-01
7.970327457978758634e-01
7.394957016492105240e-01
7.087150752279195443e-01
1.185810477110486927e+00
8.069678855662393291e-01
6.450556190213168062e-01
8.965055084853154055e-01
7.117901429838217053e-01
4.982895683293400713e-01
1.617398054909193084e+00
1.114547480884735764e+00
5.873953188278928650e-01
1.117430967050658808e+00
8.047204356740046416e-01
5.460971136136210102e-01
1.505463395806904359e+00
7.705076838146206475e-01
1.985141725468712037e+00
6.908940239253449356e-01
6.153682062098771999e-01
1.425733801153179492e+00
2.211410290460349426e+00
1.046513157933504079e+00
9.398159524027169809e-01
1.547925277392417032e+00
1.095538922097706314e+00
6.820631168341277917e-01
6.952390609601543092e-01
1.327096022973746736e+00
1.835748190017394643e+00
7.537451022690140334e-01
8.203569622346916779e-01
7.295231747215941143e-01
7.282669893155967467e-01
1.088548250325459543e+00
7.386264935880090254e-01
5.056901041770319738e-01
1.059130754715761569e+00
1.264270757449597493e+00
6.739378327037119920e-01
8.081289073816425583e-01
6.597136290803673475e-01
8.174851719258693361e-01
1.022438940529237117e+00
1.164542810026527375e+00
1.527735868746169956e+00
9.903485660948885272e-01
4.807031324999972988e-01
9.786417642521607618e-01
1.201677580551677504e+00
1.278513381370124380e+00
1.628289076614579223e+00
8.555977669950173281e-01
8.015140147117544300e-01
9.670572484133712621e-01
1.376470686466356286e+00
7.759244498949836588e-01
8.285688027841444647e-01
5.341614799299231331e-01
8.175177355968058501e-01
1.303639865394620179e+00
8.300996854605150466e-01
1.385458417522848151e+00
1.763050845349149354e+00
1.391675553854261338e+00
1.182363723066579997e+00
7.663107554712342839e-01
1.376312249420856171e+00
7.411889040276540275e-01
6.271061458538896849e-01
1.900329474200615376e+00
9.189646420112834724e-01
6.863225959950510768e-01
1.062716766931939505e+00
7.354281585570151547e-01
6.373137295478894515e-01
4.588617352594565602e-01
7.345741131049184913e-01
9.755426459878774326e-01
1.503725271614498205e+00
2.395905203381603066e+00
1.264505286583859744e+00
1.367142164855589481e+00
1.236049438037488457e+00
8.634298789560566068e-01
2.117548177569243517e+00
5.472514922454355668e-01
7.557155932490643435e-01
8.119154981414022920e-01
7.201409674931585903e-01
1.588982510588471841e+00
1.361399308398870023e+00
1.002686536505951631e+00
5.144830279382766047e-01
7.350069853681804322e-01
6.579381363493463919e-01
1.385347931036978064e+00
5.446415089830324296e-01
1.245961185596621057e+00
1.089251934370937702e+00
1.038907031872142284e+00
8.189690194502531329e-01
1.157679839224238894e+00
1.437581493794682919e+00
9.939764491893122722e-01
1.182466676578008524e+00
6.699680163545630451e-01
9.488264915940001210e-01
1.183623040323773967e+00
1.028140236027498489e+00
8.443247108040418114e-01
1.703749770163683452e+00
9.888401904344440441e-01
8.035103297267734979e-01
7.758389114837225264e-01
2.081152872099790052e+00
1.354100646253126650e+00
9.735999002967132832e-01
6.706040904451087137e-01
7.765536777098337451e-01
9.360050593667746943e-01
1.479666412550199484e+00
1.341882006214906831e+00
9.705585826621047074e-01
7.711858279583525544e-01
7.321616783269692119e-01
7.719379058751270062e-01
8.663489805509712038e-01
9.529724736941135310e-01
6.767951873965892817e-01
8.488482061660371780e-01
7.626027972909330543e-01
4.872309045380062709e-01
1.760774037106918266e+00
8.895955818348675326e-01
1.213993245223011330e+00
1.217697475063496348e+00
9.798126701989245957e-01
6.742833189954442474e-01
6.237387522096997650e-01
5.033313161399002311e-01
8.127424423090156003e-01
9.213697733061342321e-01
4.984584513668328665e-01
1.415401988651874055e+00
9.028811007254613497e-01
1.113509755590369910e+00
8.216735004209849702e-01
1.343451863060266982e+00
1.581574608389268111e+00
6.174957943473283750e-01
1.526014296974179452e+00
2.231258495242155249e+00
1.661376245108548311e+00
5.057765901607849113e-01
9.086522466934536801e-01
7.049317433572604985e-01
7.122758742317182312e-01
6.226167068730498189e-01
1.009949472304492391e+00
7.757867568097901456e-01
1.552298552886719252e+00
1.300919925184727655e+00
1.627306879323381139e+00
1.164173939390044099e+00
5.918087934567728414e-01
1.334780417379176187e+00
4.757630473848559749e-01
2.141042505969721788e+00
5.692105305873921273e-01
5.916563273486642460e-01
1.196571683777472694e+00
2.493911772842018149e+00
9.494418434054775480e-01
1.103583731597305606e+00
5.685255211920228202e-01
1.055029347056801958e+00
1.208234957186343328e+00
1.045943478917535696e+00
9.807425549156242317e-01
9.148615988101815866e-01
1.791702160344466499e+00
4.699036933691684292e-01
9.767963031401889484e-01
1.063871770910318260e+00
9.733507872053027699e-01
1.191412684164997904e+00
6.538420153623301090e-01
1.549098476257244394e+00
9.570394067624488077e-01
6.325300999559552162e-01
6.858268629313771791e-01
7.607656434987009053e-01
6.757870846679203680e-01
1.693991272018653182e+00
5.758058195608320995e-01
1.346535169087952122e+00
5.504495030533103073e-01
1.004658507116171995e+00
5.242756111571821309e-01
8.225338532301312844e-01
5.871651141579831146e-01
1.104220246753054857e+00
1.838519333829031766e+00
5.470446331521559014e-01
6.730636280741887356e-01
6.498432808896831281e-01
6.777394540085125429e-01
1.623753781764419646e+00
4.655097275778942723e-01
1.034556485816121807e+00
1.185384395839166549e+00
9.683191442439479379e-01
