6.402914536066218076e+00
1.129388969314447877e+01
1.013438373766862632e+01
1.355042497063398521e+01
7.032990332828107150e+00
7.983136688363068778e+00
7.259557232796674420e+00
1.080216635496096877e+01
5.559590116683950534e+00
7.803930943377607399e+00
1.356305441697412739e+01
6.245619370615642652e+00
9.457770935993735861e+00
9.397209124170974093e+00
8.052344217498401235e+00
1.526881968089804253e+01
1.006301059418191279e+01
1.162126876021916466e+01
5.786782390759009687e+00
9.319117588013497766e+00
9.469717318558910080e+00
8.465840274798770437e+00
1.158445328796066853e+01
1.033995518113543177e+01
5.280425189119266172e+00
8.795402575531532818e+00
7.674534525234392390e+00
4.486213590249620964e+00
5.788534480747871136e+00
7.864159756247527611e+00
6.192140091278563574e+00
1.398625440416859966e+01
1.176821524702558008e+01
5.309823204380038852e+00
9.085273087976787565e+00
4.377098356406227353e+00
8.259227741745577944e+00
5.839545861349943578e+00
5.371248799173905297e+00
1.253333421890197030e+01
1.520397022533661868e+01
1.005074933684544192e+01
1.235010977545233679e+01
5.616307985919592127e+00
7.009248247175953850e+00
8.639579582216549980e+00
8.395067650525952274e+00
6.143967932874246252e+00
7.431304706172238816e+00
1.005337105053567370e+01
1.101020020532505761e+01
7.682594266675198291e+00
1.569966460297571942e+01
7.276558988298246433e+00
1.434963963489976990e+01
1.267075154147977933e+01
8.923371694396294629e+00
8.256587751527574071e+00
1.293988900575977041e+01
6.513386620801859372e+00
8.821674166978702658e+00
8.813327767896810272e+00
1.138174690129665478e+01
7.537503755720694976e+00
7.842503304628243299e+00
7.844736461639852720e+00
1.482443839431642729e+01
1.420606814741461221e+01
3.280384968919434208e+00
5.863173119181182003e+00
9.368418138980137755e+00
8.775176108641199235e+00
5.909420197982025336e+00
8.983807494171214714e+00
1.026832583497837703e+01
1.165209319167715663e+01
1.282177929554340423e+01
1.019681914396791989e+01
5.837145112734669183e+00
1.103782638617392564e+01
1.159874136458721416e+01
6.597836460471266484e+00
7.706987181797765096e+00
9.693201646899117563e+00
8.320708544905873083e+00
1.149187441016603906e+01
6.020667131631005198e+00
8.763963217630736935e+00
6.889111466244570714e+00
7.165526834532590428e+00
7.500886678178456890e+00
7.104267422596513448e+00
7.782787879464503789e+00
5.322636360191251192e+00
8.577770303074627734e+00
1.117775132698268337e+01
8.317401742539146881e+00
1.024317185152313314e+01
9.439242486961461509e+00
7.524970001561428923e+00
5.443157625552327517e+00
9.472960952204795504e+00
1.606157479290752121e+01
1.373448446179335392e+01
5.551828388845821749e+00
5.123689970056875431e+00
7.441236369882960666e+00
9.318851004232444168e+00
4.787649056170120154e+00
5.777927081254284225e+00
9.169675908487418425e+00
8.258147772253078500e+00
7.202232661478703335e+00
9.892950163306135636e+00
9.915017382571278404e+00
1.197270032562468067e+01
1.234348296817429613e+01
9.143623911942485805e+00
1.232002424481675362e+01
6.993253076995400441e+00
1.016721926032911050e+01
9.036289697296856716e+00
1.137923256227115942e+01
1.115472027814163702e+01
7.941492495003993568e+00
7.866951894995577454e+00
1.090575975100117745e+01
1.035212441006552808e+01
8.667904524557764390e+00
9.889151758719423313e+00
1.287604112895876085e+01
9.193912331773422153e+00
7.500057708092890074e+00
1.317547282233777928e+01
1.384798229451964069e+01
1.324840856097132580e+01
1.093089600870220934e+01
6.463793285540188727e+00
7.510933191994038083e+00
9.722006723578036969e+00
7.970981778747312951e+00
1.000887956601345508e+01
1.366352703846929550e+01
1.444944232634445669e+01
9.567249986301391118e+00
1.621253170634053831e+01
5.828751614760180999e+00
1.162927416486489562e+01
1.411381030037117945e+01
1.241329558593970539e+01
7.350972714274604414e+00
8.158728900669903084e+00
9.966195108473492326e+00
1.531030888884590091e+01
1.192440013914813512e+01
5.753343325550991594e+00
1.491286264441143672e+01
1.059054891154079137e+01
1.076600319337486233e+01
6.612575490092387653e+00
8.229619010251385092e+00
8.369264448254964961e+00
4.498216001126695396e+00
5.694784580663638351e+00
7.916600395270191548e+00
1.004400529473996428e+01
7.836305143125483319e+00
1.019268262581167228e+01
9.186928562818813759e+00
6.273137351918916416e+00
7.681556293370076283e+00
7.487042926108919083e+00
6.349908950752885417e+00
2.261990075078645468e+00
1.263729671736377291e+01
9.912759119908779226e+00
1.252777876689559022e+01
1.304068106587944342e+01
5.877359279649857271e+00
9.653781655236986836e+00
8.874384329282920092e+00
1.148673742406714560e+01
1.462341019084966653e+01
1.295524561461009583e+01
9.728048034727402538e+00
7.491097637072605231e+00
1.178258601032380781e+01
9.612388835871296777e+00
5.347159297815022860e+00
1.025825049351378837e+01
5.489318273368028578e+00
1.022420246588983339e+01
1.345411183847723890e+01
7.775808132556204733e+00
9.674384599415116526e+00
1.155094028901970660e+01
8.595795159065868773e+00
6.964954001058108801e+00
1.046537226725686409e+01
1.129501785513681966e+01
8.932375657844929151e+00
1.013239104722015504e+01
7.026954187251763351e+00
9.339397146901870173e+00
1.224445676579309428e+01
9.960825471260728037e+00
8.824574171739918427e+00
9.293544403277838484e+00
7.137075326374641371e+00
9.590223999390811827e+00
5.867138693853507725e+00
5.703955297977545413e+00
9.409092689924779762e+00
1.023855818853905042e+01
6.098198683371069073e+00
3.521040129293631082e+00
5.417985827624745454e+00
7.912924904289609707e+00
8.295738726775203631e+00
1.000670322626157649e+01
9.797823406327259121e+00
6.988577721422503330e+00
2.401250089322802150e+00
8.507477960065141787e+00
5.548713245294030649e+00
1.034176434124482569e+01
8.979571044931569546e+00
1.192419664239560717e+01
9.933135809170922315e+00
1.128929839251981271e+01
9.192080652228382220e+00
1.051447091636049080e+01
1.006921571147262107e+01
3.466790848906001532e+00
8.933785256591882273e+00
1.039429807852253695e+01
1.564238643604575785e+01
5.953571917762789489e+00
7.972331280331409253e+00
1.179584839702123844e+01
9.167821723778065035e+00
7.974619465381140415e+00
8.730458222325145456e+00
1.201254651900256931e+01
4.877039300876190531e+00
1.248463535787504952e+01
1.022426349060478223e+01
1.605045043153656792e+01
9.689234617044826692e+00
1.080310289855568051e+01
1.075535432283697368e+01
9.442712849702155964e+00
7.062926165817379420e+00
7.727232800177006311e+00
7.654698425282934870e+00
1.132502381268967184e+01
8.647075180132340222e+00
9.362791915213261262e+00
3.335574778129271944e+00
7.737205242787188908e+00
8.876944801103007876e+00
8.211865431267531434e+00
1.181266778331708700e+01
5.321628621580416940e+00
9.120622270993642644e+00
1.215846229248278476e+01
5.121888939431515020e+00
9.779021185834324115e+00
1.491080582692561052e+01
1.068081452309199975e+01
1.088092930697993665e+01
1.119861309441773223e+01
1.240456084377752433e+01
9.417327451206917388e+00
1.367148078790682497e+01
1.049347173280149903e+01
1.547192455458204741e+01
8.397187610195482321e+00
5.523753315304245071e+00
8.960703182068924022e+00
6.867782297344444231e+00
8.009839054059451513e+00
9.864180634223256305e+00
8.135667622160550394e+00
9.616211061781529068e+00
1.426736292987247801e+01
4.347103316923055516e+00
1.144365949464505583e+01
7.896265623312135773e+00
5.902358195215841263e+00
5.261196267663049930e+00
1.000065976911001897e+01
1.155747896745446290e+01
6.416163520941577048e+00
1.088846132705924852e+01
8.260221076780387861e+00
5.227563586350000513e+00
8.237279346680519865e+00
9.350749917149940416e+00
1.113285910851700322e+01
