8.205853944073153272e+00
9.694261474632794418e+00
1.170185902136984879e+01
1.019919009775070506e+01
6.047873886167232094e+00
9.786504506562048178e+00
8.537404902572706789e+00
8.947948594799877142e+00
1.310519166503640598e+01
8.344623551953985086e+00
1.452742074418738660e+01
1.077656221331539399e+01
6.862974333881820321e+00
6.511682423960313493e+00
1.518569012654901762e+01
9.627516460905306772e+00
1.162240872686618864e+01
2.030197300411800398e+01
1.057330915869974852e+01
8.633154692318534273e+00
1.201603485768537993e+01
1.888080174068144146e+01
1.273886995699990088e+01
1.203156101498074193e+01
8.117060536451383257e+00
1.549600711909357997e+01
1.195283889684002077e+01
7.136313980734124485e+00
8.465681831098375909e+00
8.754857734803158209e+00
1.260375727667762824e+01
7.611295634419670719e+00
9.880742635837686194e+00
1.030681054935600116e+01
2.085459237014861245e+01
1.514599931836290736e+01
7.807507488334493040e+00
6.192411703935473355e+00
9.173881747359846628e+00
1.294692603683612653e+01
6.951283148439143744e+00
1.337329537953961278e+01
6.319043223196673331e+00
6.631337004837364546e+00
1.028845113121642463e+01
8.828417163364152387e+00
1.147083598636702817e+01
8.826593260183217993e+00
6.567832730536203201e+00
1.172111720307938043e+01
1.175754834936479476e+01
9.394426739900751500e+00
1.365363054346243565e+01
1.714216831180972989e+01
9.136930783624896080e+00
1.684926891079915023e+01
8.027409636195015352e+00
5.437488769503267427e+00
9.850223983066765499e+00
9.840808672239415245e+00
1.075724267022113700e+01
1.352725689603761339e+01
1.152979176901979130e+01
1.276513734772362696e+01
1.028818475366203167e+01
8.011725221739826708e+00
9.228288549363508508e+00
6.696134155445729874e+00
8.158800129713583260e+00
1.103604883538677939e+01
1.283871490229266144e+01
9.280056809313096622e+00
8.324760270243972471e+00
9.721496366471559014e+00
1.002712567130238241e+01
1.283010861677936809e+01
7.275481472892792567e+00
9.916267114419667905e+00
1.165628391336419689e+01
8.915348127957301472e+00
1.188899657717453806e+01
1.218664446942365842e+01
1.385809037547274158e+01
1.024181549785412315e+01
1.680126908430429111e+01
9.552951654275798177e+00
9.306546775054009402e+00
8.669075593607487917e+00
9.439640829794159416e+00
8.621829505561036555e+00
9.034773051493434792e+00
1.395129399519610125e+01
1.594436429708734870e+01
1.484114730804460613e+01
1.122730883790333678e+01
8.831271375794761624e+00
1.008935120533860896e+01
1.037647873603515158e+01
8.516303840338846243e+00
1.202322640460349312e+01
9.599519522228620261e+00
1.015411159066305302e+01
1.154547884678896708e+01
1.082102154980180231e+01
8.113123974971541585e+00
6.141269119815955690e+00
1.205561684242686127e+01
8.053063731258093938e+00
1.361516183063558216e+01
6.784145539120055801e+00
9.983926283987857531e+00
2.088720052982622732e+01
8.077516554185894648e+00
8.436050643451096676e+00
1.188732974195208669e+01
8.326400574407466948e+00
8.643554199809916128e+00
1.035697271206099046e+01
1.406301676715763094e+01
8.049398015995793187e+00
5.597890922274694425e+00
1.373017366334874012e+01
8.106699097011649258e+00
1.240886692875892550e+01
1.071411607180900027e+01
1.633107585498414593e+01
9.680198942480231494e+00
1.361997501806671451e+01
1.335912574544107123e+01
1.215422703362221846e+01
7.286093852091021894e+00
1.150599004756744215e+01
1.263097479644948962e+01
1.295206179374127942e+01
1.261066659052862349e+01
1.538031275434379275e+01
7.846771993586806104e+00
8.197840079547358272e+00
1.346386211366476893e+01
1.090189699894959574e+01
1.413946998097534902e+01
1.452387539178995191e+01
1.218801413323836158e+01
1.612008848491469593e+01
7.909552128998138087e+00
9.453197611588882054e+00
7.313208453630731576e+00
1.240864862571394767e+01
6.112451898683047169e+00
1.149025188682262133e+01
9.009679479158867466e+00
1.185942416350093431e+01
4.254982404089057368e+00
1.016051501387686073e+01
9.630734493295754817e+00
6.849249255084088439e+00
1.095261833112564354e+01
1.447843095543148628e+01
1.442939167294654546e+01
1.465951952073356246e+01
8.002809416453940727e+00
1.460776107949132374e+01
1.217974956130416864e+01
9.392568444778591541e+00
1.083524883582046883e+01
1.158890032128631020e+01
8.800981166262211275e+00
8.873818271347275299e+00
1.042352703855146423e+01
6.173345828576660033e+00
1.292997971209611663e+01
1.016902018421290776e+01
7.262068612211415086e+00
1.169190254666691331e+01
1.138920532960547582e+01
1.703385011866112464e+01
1.204985768616487896e+01
7.981230188288183314e+00
8.041724404073276489e+00
1.035421689109683108e+01
8.833538700658944975e+00
1.249901293007793690e+01
1.465241642328102323e+01
1.111826969417085387e+01
1.354814828090766099e+01
1.572630995894855310e+01
7.106154836824660315e+00
8.777399756384212992e+00
1.037385731049709747e+01
1.226418081766819768e+01
6.300053606136693851e+00
1.470797773704251377e+01
1.247552915725338885e+01
6.488500367335778840e+00
1.460646057422347255e+01
1.467480080936916664e+01
1.376024185830893920e+01
1.636720068430762254e+01
1.432652111699298736e+01
1.431617978795635260e+01
1.011637064857613311e+01
1.668120445617566361e+01
8.745790749848415757e+00
1.089973006225801733e+01
1.001370303466824829e+01
7.686660456143539655e+00
1.444050648677735893e+01
6.898282181953688585e+00
5.376300127495147407e+00
1.255938502938238877e+01
9.046762880971444432e+00
1.120368671192156285e+01
1.293551227297416162e+01
1.472287593145172124e+01
6.385466251440763408e+00
6.613736045389735807e+00
7.688851023738987323e+00
1.155318847069601418e+01
1.090327150482886509e+01
8.794607764254140037e+00
7.895437641806849705e+00
9.588734803632217307e+00
1.548705607724203404e+01
1.335270106938290269e+01
1.359691659193597424e+01
9.395455985794841425e+00
1.256566036994182411e+01
1.058111351580051185e+01
7.518868868879834189e+00
1.398213523228811361e+01
9.694640785720681109e+00
1.215931124316071354e+01
1.104939175029547371e+01
1.447795560774350321e+01
1.323829350063189558e+01
1.496428952973521120e+01
7.730645579628699693e+00
7.772120365057816116e+00
6.730581978189500880e+00
7.114772426802696614e+00
1.104663843286468605e+01
3.496994049774015068e+00
1.234442767846798361e+01
8.752453238364120480e+00
1.515873602403650899e+01
1.182052227978832981e+01
7.636048143985008529e+00
7.531383485220477070e+00
7.612045408020605919e+00
1.405421850644463078e+01
1.399189718271503224e+01
1.114544067165325458e+01
9.286744403254957092e+00
9.126858731691335436e+00
1.521610681656680697e+01
1.280790476050889737e+01
2.339807379647705332e+01
7.080905582264380271e+00
1.329257520754777921e+01
8.065384227128806316e+00
9.459116110563435598e+00
1.295171901536614456e+01
1.361295789141423107e+01
4.824018958084232089e+00
8.364914150153563099e+00
1.027127800287726522e+01
7.741170920750327866e+00
7.000419951992864931e+00
1.214665830116972067e+01
1.189608001030538453e+01
9.292422346410761591e+00
8.643503993609757075e+00
8.515324864888759393e+00
6.822429050276370255e+00
8.138536924564139241e+00
6.988856742380400000e+00
9.575661025088098910e+00
1.942173560838796931e+01
1.551421556360559606e+01
1.293118637078600663e+01
1.742059292583369512e+01
1.051946549019079846e+01
1.359838375374901887e+01
1.222619349171211311e+01
7.656163844360534654e+00
9.895393604519817643e+00
1.563307410116702734e+01
1.596698332881811666e+01
1.188554662184607480e+01
1.436238592127165248e+01
8.630400567820428748e+00
9.672200446328172774e+00
1.400679835911029869e+01
9.766165728210996377e+00
1.078984036616599518e+01
1.066894200040484009e+01
1.005418836042609243e+01
9.135154401685777970e+00
4.541685965874735054e+00
9.914394124936929842e+00
