1.115006530399656803e+00
1.889950611648019585e+00
2.288622891217923616e+00
9.980206597895514564e-01
9.976670327827240614e-01
1.653308037101220540e+00
1.149494499342156972e+00
9.195500400139364761e-01
5.700065608960349639e-01
6.517760677932457059e-01
2.527104421857370387e+00
1.857465615148429228e+00
1.229635834907771397e+00
9.344907322176596587e-01
7.895625540836080924e-01
9.337432118840265360e-01
2.456034176328153684e+00
6.734542110760997069e-01
6.579681735113976915e-01
6.232574907521235552e-01
6.775691799523329006e-01
1.193986892229467633e+00
2.418798230274317618e+00
7.985737340381876548e-01
9.778675750511829357e-01
4.596783817379949122e-01
9.207045980438322008e-01
9.716825902591604835e-01
9.395788955674962972e-01
9.146821394955552131e-01
7.662722666397595583e-01
7.594344847819172184e-01
1.185006072072656513e+00
8.887420397353734680e-01
1.650163296219140152e+00
1.093694302546765806e+00
7.974632147289434370e-01
9.417616162979560723e-01
1.385570777606385029e+00
1.426962021294148286e+00
1.767828076781972291e+00
9.541786642549501263e-01
8.654050291542724205e-01
1.481372423124478033e+00
1.424491067095909669e+00
2.580869090183457448e+00
7.507773787686531364e-01
4.832634036571149538e-01
1.005757611111277816e+00
9.355959975713575849e-01
7.269532081864900075e-01
5.468244154372091659e-01
1.424400102466843565e+00
5.982812750195876106e-01
6.717294482936314592e-01
1.015381730050388676e+00
1.491767940682217297e+00
6.082830084221253486e-01
8.496429553175329774e-01
3.137850573154711498e+00
7.580675459452828058e-01
5.675353694473515009e-01
1.466377330232204068e+00
7.701715065017352702e-01
1.545925893239999738e+00
6.586471848836247256e-01
1.038358299296584075e+00
9.733514877279280109e-01
5.204410537508563639e-01
1.077482184589143799e+00
8.625319368034262135e-01
5.190658398624226066e-01
2.986144474925942482e+00
5.126449504988366268e-01
6.371942266726469128e-01
1.020857338273450932e+00
6.377169652933694088e-01
5.125910836372586932e-01
7.863920795192321789e-01
6.444437505831087654e-01
8.854750424262486375e-01
1.019448516880820943e+00
7.010864074171938576e-01
1.308548043664752969e+00
8.168412904332620350e-01
8.425251568606099140e-01
8.788928588732443092e-01
1.273814464470956587e+00
7.359536625395765030e-01
7.851485021657635954e-01
8.311813117606386969e-01
8.526728576545455907e-01
1.328613973555540451e+00
1.157597023175588991e+00
1.308467967211965677e+00
1.430882647773773053e+00
1.031073221064203072e+00
9.897900224218798559e-01
6.114342415523471574e-01
1.204940087396365822e+00
3.781301694715168082e+00
9.160673368243649195e-01
4.906285328756990749e-01
7.277211637464016114e-01
1.041000599999671872e+00
8.095264158433631563e-01
9.414596233103984524e-01
6.266330404532990395e-01
8.887575120864685818e-01
3.070785248620337082e+00
9.857230669652381483e-01
7.156347722314768678e-01
7.899138315319127468e-01
1.280888136786622056e+00
6.279690579192921396e-01
7.183450880395853000e-01
1.028583645548955650e+00
7.478905955088300805e-01
1.036183505526385273e+00
9.929937906337256148e-01
9.558698086900488944e-01
6.660053159340486584e-01
9.139396157413651745e-01
7.581929853403901465e-01
8.464315465311899045e-01
7.642325794142880158e-01
6.136781661803430987e-01
5.613866628351330545e-01
1.112102536682578746e+00
1.647111954845273951e+00
8.217239687079374022e-01
7.957101370271848495e-01
4.814681883873043189e-01
5.310487555834876305e-01
6.831840975603609145e-01
9.687887066593998675e-01
7.757496702284687462e-01
9.972806879889617448e-01
1.042228376509673149e+00
7.702270760837496288e-01
1.464075904747931478e+00
9.093618455861312011e-01
7.834765084600935348e-01
1.455222116089473161e+00
4.665476585497121409e-01
1.060562796734114910e+00
5.616079891373488842e-01
8.065005126175044392e-01
7.474295443536942418e-01
1.526497154185755045e+00
1.355123518408885452e+00
5.634433615979137500e-01
7.606869277222106929e-01
8.571580012803547977e-01
1.043890491300743850e+00
2.249748476762782001e+00
4.810273480131362356e-01
1.094696624405555374e+00
6.339954854069490553e-01
6.197246616441215439e-01
8.510684350528101572e-01
1.225129672227930566e+00
6.978987934145570726e-01
6.970617929035538562e-01
1.314543945508896305e+00
2.281150357320187894e+00
9.587697482766258661e-01
6.177518521318741129e-01
9.715264021818643680e-01
7.795822580306343008e-01
1.045980918704223939e+00
1.116161781177202439e+00
7.384981443924071298e-01
3.459726858761833945e+00
6.904825704207999681e-01
8.027363477205741171e-01
5.891415974747549189e-01
1.466199135554324684e+00
9.029362745743143570e-01
1.599239031593556293e+00
8.943212175438052247e-01
1.016013821926504912e+00
1.621387148137109380e+00
8.076780823025201395e-01
1.179907592307519293e+00
4.085559982003956203e-01
5.555716019748502266e-01
9.489254987278673559e-01
9.713261224048326259e-01
9.918226141148289710e-01
1.585078103837069152e+00
1.123803983328465650e+00
6.941578077016031800e-01
6.947832492781901292e-01
7.367647901607200511e-01
2.794886161160623050e+00
6.598762287526765968e-01
9.030153357467433084e-01
9.542925198363344519e-01
1.482776859949194392e+00
8.388032899181226965e-01
1.257730480088214309e+00
9.197555068693862301e-01
8.193647569839206390e-01
8.730239755895391474e-01
9.855639238465422336e-01
1.216284886018912825e+00
6.652531372356502715e-01
8.741041983590631670e-01
9.859944054607905350e-01
1.185172452238187013e+00
8.031766123580336147e-01
7.770718732820245389e-01
9.779566215406986229e-01
1.615982087403057266e+00
9.212637050233665192e-01
8.702058478243110962e-01
1.142361840904123627e+00
1.014321660391720004e+00
1.743841305748624171e+00
6.629175131688641587e-01
8.581116258913822348e-01
5.665878210749163424e-01
1.020868828206112688e+00
5.468505634459196463e-01
1.823307396539444181e+00
9.955497517028991661e-01
7.960413551926813769e-01
1.905870403146677106e+00
9.291823431713188697e-01
9.611539215522783008e-01
1.593209992963955157e+00
8.798085993735105248e-01
1.349288187291541208e+00
7.520313898977140088e-01
4.465551568317740472e-01
8.837762589229544163e-01
1.964079771489308346e+00
1.134755486555998116e+00
1.110378084450628577e+00
7.964072935805157627e-01
8.386070826104951026e-01
1.904472557319789372e+00
1.275668262068479164e+00
7.306174552467734618e-01
7.033068863980623808e-01
1.043173703717488410e+00
6.320281806894242349e-01
9.222668292842344240e-01
5.844192258967974007e-01
6.167200558675386413e-01
7.137724774982392439e-01
5.563472409916849770e-01
1.219663957353124051e+00
9.195824270465959849e-01
7.624355082772810155e-01
1.410417784692697962e+00
6.904938633757754518e-01
6.079621259176041237e-01
7.919479224849256260e-01
1.865474570528605769e+00
4.721295448238491121e-01
7.035990290091912458e-01
1.040993028501330686e+00
1.043965592190897906e+00
1.022412864738546423e+00
2.360172770757686056e+00
7.500438918282450462e-01
9.354397062908836880e-01
1.038615450497684778e+00
1.241582266978069837e+00
8.291336536615235842e-01
1.222221252584080320e+00
6.697635535762268555e-01
1.756997067383044397e+00
9.240154626994961928e-01
8.911341057115169662e-01
1.404251388821804891e+00
7.553253531612430516e-01
6.277618591122061664e-01
5.556326204969358473e-01
7.603776654086256137e-01
7.107722619063863156e-01
1.313659741394579417e+00
8.932272192540484657e-01
1.014999526735231195e+00
1.200255979282769614e+00
1.010829403772345758e+00
5.835799830139591915e-01
7.499505714100450637e-01
8.493089267589034597e-01
8.014115373130413778e-01
7.994023373457863624e-01
2.244940026105480158e+00
4.967760495383919395e-01
1.195722792916072308e+00
2.347397582176223629e+00
7.611272118727363534e-01
7.608695023905520660e-01
1.118905005062626579e+00
