9.866320384884913253e+00
1.009641233469961463e+01
7.189854742452165048e+00
1.018797614562491560e+01
7.048019001600396294e+00
8.529381780706874139e+00
1.226050203586960130e+01
9.530939692051910939e+00
9.298803747703280109e+00
9.030656976019802329e+00
7.993884143002449427e+00
1.184207612354259176e+01
8.290484925727891863e+00
8.709311885434106060e+00
1.022753558049709177e+01
1.042637058483190771e+01
5.295144532613247357e+00
1.191278138352131677e+01
9.800516437098899303e+00
1.042662890923499042e+01
1.094979602805653229e+01
1.104496651537007423e+01
1.370721886118893984e+01
1.263469705013577737e+01
9.280157589435576782e+00
9.812104731430887128e+00
7.378008278054091207e+00
9.624998113206391537e+00
1.232348074647407721e+01
7.811286206397842768e+00
6.204221125578222917e+00
9.774794165809650437e+00
1.073481977965395906e+01
7.693310314485626300e+00
1.318343517193957659e+01
1.167818203734953819e+01
9.097544940250456236e+00
8.550251747990150974e+00
7.391604125333415709e+00
9.637466662623872082e+00
8.879451147146559364e+00
6.063599908596803978e+00
1.053473728150771294e+01
8.130842211177617074e+00
1.226393545750095448e+01
1.124631655648895823e+01
1.400704876106454755e+01
1.711134948802246214e+01
6.383856691397451932e+00
1.235308978613313968e+01
1.045935479949961966e+01
9.332995396018656464e+00
1.513075541153303405e+01
9.493379723071056375e+00
1.914800749555571002e+01
6.661201025457630820e+00
7.844997189310395136e+00
9.854885364980612295e+00
1.149340090100534084e+01
1.094131464722925706e+01
1.120620992612968436e+01
9.506286153110966808e+00
1.139866683423905158e+01
1.649865456454726598e+01
1.110639422289708556e+01
1.232509557468871719e+01
1.109745352370634208e+01
7.012530693808510129e+00
9.644074849798238702e+00
8.742801711238739060e+00
7.825752332567911473e+00
9.774860970789834624e+00
1.447432606054780990e+01
1.094981822600227162e+01
9.726146986300296504e+00
8.123976780124014141e+00
1.447587150817792434e+01
8.472849216073274903e+00
7.461691681448189506e+00
1.281419565759544277e+01
1.048551511163454641e+01
1.155351456837419022e+01
1.515255197765875117e+01
1.043082725683054690e+01
9.243172334675112012e+00
1.119202436815677615e+01
1.115044936108263762e+01
1.222533168054735064e+01
1.648327156788002057e+01
1.147886579958906061e+01
1.069135723143826588e+01
1.257712098895032504e+01
8.073022792528217195e+00
1.666658292780560657e+01
9.445257718761940424e+00
1.095529466712532773e+01
1.254235762294292122e+01
1.431270944598621675e+01
1.054713107026284646e+01
1.053070597017039312e+01
8.419237611583552550e+00
6.682098976044685834e+00
1.487719750128403184e+01
6.941151707422789308e+00
8.081379460599675824e+00
8.730991933954248552e+00
1.121245598922906339e+01
1.224273016350226406e+01
8.893618063281378383e+00
1.679556505504136865e+01
1.103366893085806844e+01
1.335896702197875641e+01
7.745685955439256531e+00
1.079581825166543751e+01
1.173522663716995496e+01
9.180181271842410951e+00
8.347051737304404639e+00
1.409086825412315136e+01
7.718072624886193722e+00
1.023958561024066150e+01
9.757553606757214837e+00
1.257550294833173510e+01
1.003159783238986336e+01
7.661583633202630139e+00
1.074336100436020658e+01
1.458576105740525009e+01
1.078576621166764404e+01
9.156242996530149725e+00
9.860815896285506810e+00
9.220536411232448160e+00
7.268656304461055484e+00
1.142763925807577507e+01
1.015813004986230084e+01
1.245263033461212565e+01
1.095629246946759316e+01
1.314751689660131184e+01
1.559151337653128877e+01
7.971368746381786607e+00
9.145931872680201025e+00
1.244643703929435219e+01
7.297909275509600668e+00
9.837383720216115179e+00
1.372823891840558552e+01
7.796050626654004390e+00
1.373270033534484469e+01
9.031947289297553638e+00
1.247796314158894582e+01
8.335129930560309930e+00
1.488680154197686001e+01
6.519916441954521247e+00
1.281385451924790786e+01
8.284198702776775391e+00
1.506633347394127931e+01
1.244683585772131273e+01
1.183656309531760442e+01
1.058806279210120138e+01
9.953586687673015021e+00
1.066734392071282755e+01
9.947874647417604521e+00
1.677600026532528332e+01
1.314821047195670012e+01
8.911619441049907664e+00
1.261415534839827934e+01
1.296138674897947851e+01
1.212421152478327713e+01
1.078986650718189999e+01
1.786249576329616673e+01
1.108714614571233170e+01
7.864896942575700933e+00
1.415849409706007123e+01
1.509498132796740677e+01
1.435191424456609788e+01
7.534987627659245568e+00
1.233371831464408608e+01
1.019525339288428967e+01
6.690159566724179996e+00
9.614259966626194753e+00
6.991115460024592387e+00
8.218829493920207341e+00
1.335083478278244584e+01
7.448510892804872441e+00
1.287497357174159340e+01
6.686978222118401760e+00
7.581310689073101017e+00
6.730579552555103540e+00
1.015041944099994353e+01
7.440986662837746124e+00
1.300257440421566457e+01
1.387542806039216714e+01
1.321993237050436321e+01
6.149601097496240065e+00
1.205386471080192301e+01
1.997148773628989460e+01
7.689883612858750439e+00
1.004431074049902151e+01
1.151199640907325694e+01
7.153016985109253767e+00
9.589242465383746250e+00
1.526289855512953686e+01
1.460579751812469596e+01
9.531902656114619177e+00
5.320267204786824244e+00
7.858125419361334352e+00
1.084815743439740032e+01
1.374013637860631221e+01
6.183118016191547106e+00
6.052683765782943759e+00
1.060469526440904531e+01
1.377068076841398003e+01
1.191793533874715294e+01
1.051238391479647127e+01
9.570851785515555932e+00
1.330487128380072903e+01
1.118739882817273035e+01
8.501138304795707867e+00
1.062253473662560310e+01
1.042010391394585334e+01
8.871679210406293592e+00
7.141396573341287635e+00
1.005610996779069133e+01
8.456266584301156186e+00
1.456971883567191028e+01
5.930922573133554643e+00
1.155939741945942600e+01
1.416566643385523783e+01
1.162429310896799528e+01
1.368170056732942541e+01
9.444961798654254892e+00
1.323823249147625702e+01
9.701361579770464871e+00
1.235248971040145705e+01
9.946054194783537028e+00
1.201538788292711146e+01
8.317174638628651806e+00
1.701004013146836513e+01
8.724730065456258288e+00
1.138504575665255381e+01
1.471955432405657405e+01
1.373687000717002071e+01
8.183971128044369436e+00
5.451861539940911605e+00
8.047251627795446893e+00
1.222372943426395508e+01
1.270609522606735986e+01
1.093153082936085596e+01
1.564699294940943730e+01
8.979337148708681937e+00
7.465950464591593949e+00
6.111292715300770340e+00
7.073143652736043840e+00
9.634776866505724513e+00
8.143845557590619677e+00
1.590086905255726002e+01
1.606066331462283259e+01
1.238996721756096164e+01
1.080716972610869497e+01
1.057042861676487178e+01
6.890260977839080425e+00
6.351798437867029357e+00
8.397758348015713636e+00
1.398608181475302636e+01
9.621374065388753394e+00
8.019313686527343776e+00
8.615507176188659244e+00
5.818551880477118132e+00
1.114821211312460392e+01
8.441136629109289302e+00
1.597796253588003879e+01
9.836089474974802016e+00
1.504911403575897211e+01
6.723523212577750208e+00
1.121262237241567661e+01
1.147009433983859417e+01
9.510056071412661183e+00
1.318918234458052119e+01
1.012211128191566978e+01
8.828611552882286162e+00
1.161267809247892480e+01
8.647356316525934616e+00
1.047977692543794959e+01
1.342115118261532558e+01
8.013197029899316703e+00
1.084263249662208928e+01
7.940701443687324002e+00
8.277737026693595013e+00
6.096585008779290327e+00
9.472313119707960638e+00
1.188873089654003756e+01
9.924515175485211671e+00
1.244989186403812020e+01
1.174431930926143863e+01
8.406829872307113760e+00
1.163867456524355326e+01
1.075035603232640113e+01
9.403056669919958921e+00
8.256980465000811620e+00
1.139524393403688585e+01
1.445816475903074227e+01
1.073247060358356819e+01
1.190901449836453985e+01
