3.121976851834619424e+02
3.270962687783326146e+02
3.115029628889466835e+02
3.121343840134521201e+02
3.172185766261023332e+02
3.146429797942822120e+02
3.142743717551850295e+02
3.186782218609909592e+02
3.167595360472609514e+02
3.226818843429327899e+02
3.224484174079432819e+02
3.103423712199807483e+02
3.091705580497615529e+02
3.249191638546381569e+02
3.130955365504581778e+02
3.055328478803697863e+02
3.238532300122267316e+02
3.316155690169483137e+02
3.189607442830101149e+02
3.167230362262092171e+02
3.179652033469176331e+02
3.249437776570692904e+02
3.096517327086763203e+02
3.087146315004834491e+02
3.122262521904634127e+02
3.119638433373245903e+02
3.132624537270265250e+02
3.088437909203515233e+02
3.112671965647328989e+02
3.253937935481587260e+02
3.026318652894907473e+02
3.217070947670532064e+02
3.184452272383113609e+02
3.130579330917474294e+02
3.166913935346536846e+02
3.156938644273049022e+02
3.228197783564665428e+02
3.191815860622452306e+02
3.136074422438235842e+02
3.154084694364532879e+02
3.169383335246592424e+02
3.111164436494790380e+02
3.274739027755841221e+02
3.101725920995205001e+02
3.164772314681604257e+02
3.067268175597387199e+02
3.141777265355925692e+02
3.166354168869108321e+02
3.146275724053517138e+02
3.141359153761238758e+02
3.142139728984819840e+02
3.215025871879008719e+02
3.192957647490381987e+02
3.126631940762404724e+02
3.178093365664878434e+02
3.162575487653883215e+02
3.124958598882143406e+02
3.073484393387171281e+02
3.318628480664354470e+02
3.239383081679877705e+02
3.289340346734829836e+02
3.221667357242431535e+02
3.143338868545254741e+02
3.163080343100469918e+02
3.125256162067828996e+02
3.155968286405166623e+02
3.184948340760759038e+02
3.175580723901342708e+02
3.187049152116500181e+02
3.129790675856652911e+02
3.185906810973597771e+02
3.247311870131277374e+02
3.135392249977453503e+02
3.157648160686260326e+02
3.163880679558182578e+02
3.154310534129930375e+02
3.081495470025531631e+02
3.086531271772723812e+02
3.186938811158674980e+02
3.187652287321947142e+02
3.053715729127250142e+02
3.088791716722179217e+02
3.201540699277787212e+02
3.132251729754264034e+02
3.262003980997848203e+02
3.239358790683007214e+02
3.137452918908671791e+02
3.121948589340639160e+02
3.207875049959230864e+02
3.149002895975349929e+02
3.159845113704270716e+02
3.252050128603373196e+02
3.196911329515176021e+02
3.165812757389318790e+02
3.142631789588712081e+02
3.111522475850358092e+02
3.277263777333275812e+02
3.252854694258193717e+02
3.161067069725438046e+02
3.099718043633220077e+02
3.146864085053314852e+02
3.083674731290456066e+02
3.049439013766085509e+02
3.175963818289498590e+02
3.204114973903072610e+02
3.076771924660497461e+02
3.252516032712233027e+02
3.147304089538939138e+02
3.120973030861149482e+02
3.202261676176863148e+02
3.222301793476772787e+02
3.213801661859737351e+02
3.184393377721206093e+02
3.195210204811496055e+02
3.052011906757256270e+02
3.204795557457881046e+02
3.106345786987735096e+02
3.192651384949291469e+02
3.124503363016192452e+02
3.126184699755356178e+02
3.148007766642724050e+02
3.178682679597797573e+02
3.148296175554556839e+02
3.215758412910166157e+02
3.214407141773834837e+02
3.157637993770688354e+02
3.221454389648962433e+02
3.004139576560383489e+02
3.115218660985159431e+02
3.215524790141336098e+02
3.161614392172843964e+02
3.226599021339950468e+02
3.130556140371505762e+02
3.202894962828907524e+02
3.128495191174558272e+02
3.150572169831394262e+02
3.095954891842191046e+02
3.160621070401664952e+02
3.139732035579997387e+02
3.070286964881591985e+02
3.195771370330876948e+02
3.192028764079589678e+02
3.119213332903687501e+02
3.269296286044556723e+02
3.217782665841486960e+02
3.131575323335914049e+02
3.162450881040345507e+02
3.207278925807991641e+02
3.156918028448819200e+02
3.135607740620823165e+02
3.184454200547914979e+02
3.270013392084266570e+02
3.178659929748915260e+02
3.105661430357843074e+02
3.097037144555591794e+02
3.174299512992445216e+02
3.187013195975738427e+02
3.087421342698690978e+02
3.259559847073647916e+02
3.167302337785626491e+02
3.207349659697795801e+02
3.196483992664520315e+02
3.119925014744001146e+02
3.142964082767181822e+02
3.161297247174643417e+02
3.243021714264873481e+02
3.099426434047113048e+02
3.080928909808146159e+02
3.159537623522958825e+02
3.124013897355732752e+02
3.141456469448287407e+02
3.157728978421093871e+02
3.149796883095283420e+02
3.283164314245387345e+02
3.164127235219302179e+02
3.080721723017419436e+02
3.189206797853075841e+02
3.250893676037859450e+02
3.207415443013746312e+02
3.130720988187011926e+02
3.155706968525322509e+02
3.224101486015868545e+02
3.047305721322016439e+02
3.163975937331674686e+02
3.210799672655747941e+02
3.162429692981941116e+02
3.165961092739881906e+02
3.212568393777675055e+02
3.139757639129462632e+02
3.230796740753572180e+02
3.177342622519473707e+02
3.208048898018466843e+02
3.110796174993564591e+02
3.187286083132037220e+02
3.116434865347190453e+02
3.166018605766263363e+02
3.195748550381589439e+02
3.165683428586992250e+02
3.102459359569098183e+02
3.193074930483227263e+02
3.099024563700415911e+02
3.159586863459242068e+02
3.040335165733932854e+02
3.117191263392600149e+02
3.118211083108637922e+02
3.081271496099467981e+02
3.150405553742597249e+02
3.311976464340011148e+02
3.152486873408813040e+02
3.140883955462223298e+02
3.152938083881944067e+02
3.234076042684317827e+02
3.138904013892749845e+02
3.029630474004891880e+02
3.227211861494076288e+02
3.177557315019158750e+02
3.226513451543315227e+02
3.102380805570996358e+02
3.170186331891534337e+02
3.248699302831028604e+02
3.045732208235212397e+02
3.184340164802707136e+02
3.182451471709302950e+02
3.227939306056447322e+02
3.096722693231946550e+02
3.167359516127426673e+02
3.307771426969004551e+02
3.164761295758522692e+02
3.177694815007279772e+02
3.106990113691033457e+02
3.186282862689182025e+02
3.324028028313143182e+02
3.142222886063227634e+02
3.153462900183247370e+02
3.147972612552011356e+02
3.199177328497820554e+02
3.240074472801129559e+02
3.165643403771875342e+02
3.156765011085331025e+02
3.224898583381025787e+02
3.127306715539656921e+02
3.203291639949102887e+02
3.110236315285160345e+02
3.215375134464026701e+02
3.129525217262091701e+02
3.191886896900448960e+02
3.145541030432895013e+02
3.099643484679136236e+02
3.140167267857743809e+02
3.187274430036587205e+02
3.059061099412491558e+02
3.149036730746148010e+02
3.154713389528036487e+02
3.171487943066403545e+02
3.204682231552461076e+02
3.097328260562287596e+02
3.155613000053761539e+02
3.149723743577163759e+02
3.057796205320219656e+02
3.200100125977433549e+02
3.230254691718351978e+02
3.058013079240933507e+02
3.130147276093817368e+02
3.107076136224709444e+02
3.111879915982786997e+02
3.142161597418055408e+02
3.222895216928851596e+02
3.209882949856203140e+02
3.052420301701890253e+02
3.145033166586941320e+02
3.105606216320834392e+02
3.190752794290741576e+02
3.117438599302222428e+02
3.064394993962839067e+02
3.110855236077431982e+02
3.164740142267750684e+02
3.099290689328024655e+02
3.150632077417312757e+02
3.234042274446754845e+02
3.180924615150681802e+02
3.253152869155350686e+02
3.225231196358622583e+02
3.093732314462319550e+02
3.127244350202127521e+02
3.192873631920652429e+02
3.115852307625216326e+02
3.207935363532909037e+02
3.199252659525230911e+02
3.158201645665216120e+02
3.167057138923278785e+02
3.165452849416660115e+02
3.196055445208389756e+02
3.129248517017310292e+02
3.292284336020321689e+02
3.176201223998133401e+02
3.212623617870863200e+02
3.146968205546957620e+02
3.158170418898889125e+02
3.122078757659851931e+02
3.068744079031784509e+02
