1.110844964665127055e+00
1.498910497273627795e+00
2.683689414199717405e+00
3.034119488916338536e+00
3.402433968084894733e+00
5.189622880563035778e+00
3.563422764047836200e+00
1.631179829541542281e+00
1.316559744770738005e+00
1.655609641010157063e+00
2.702092381602478444e+00
3.880402702655388225e+00
2.591584772956438076e+00
2.989594638969727658e+00
2.531037945730948646e+00
4.914365379592840810e+00
9.858190301413894963e-01
1.332787909154008021e+00
1.366200688448923506e+00
1.977561860643592295e+00
1.405825357279034682e+00
1.392985857089108714e+00
1.230591072587190693e+00
2.317797227292056839e+00
1.393979641906289313e+00
2.466974572892509876e+00
4.933326715156794329e+00
2.475167695286526026e+00
3.343842638228899489e+00
1.700192588043198727e+00
4.208790266519985224e+00
1.366616680223039504e+00
3.986579863801465784e+00
2.393593732818516617e+00
4.597724716926551380e+00
1.073157063943015910e+00
2.930756412368924924e+00
1.749339047829971516e+00
2.111634008298697296e+00
5.715575258151851523e-01
1.746248517089943553e+00
1.528651464538468785e+00
2.978762536381417636e+00
1.355916996919805051e+00
2.903812833451985487e+00
1.718878012919224485e+00
1.210901948100139514e+00
7.442402368939585067e+00
2.782361737979476057e+00
2.325347762916662564e+00
2.572642144249631446e+00
1.266279309974622791e+00
4.697912719952916483e+00
9.630070675029996918e-01
1.748576911135181655e+00
1.638301046652658854e+00
1.571488645391756034e+00
2.945142542550649001e+00
2.011415896930474290e+00
2.136162180468557104e+00
3.668317531547113486e+00
1.406837036277971409e+00
4.191178403835428057e+00
2.532555064555108260e+00
9.988862682769769075e-01
1.887699091180167654e+00
3.775479067913741993e+00
1.018724083179936457e+00
3.280249348396715003e+00
4.117987340404991592e+00
2.748606139216448252e+00
2.064016874420305570e+00
7.628630150265346410e-01
1.361405228847547777e+00
1.412565285952922967e+00
2.830750517024847923e+00
2.622739531663122570e+00
3.105120660703029944e+00
1.182477008671811936e+00
1.314743674363668458e+00
1.006011343001459446e+00
1.167390336691453090e+00
3.889624727760955025e+00
6.098027858385717259e+00
5.540233832479264819e+00
2.978169328726173681e+00
1.427556589732459358e+00
2.707471774819873112e+00
1.889818263683369581e+00
1.813373845056549527e+00
7.914948090676603432e-01
1.831600711271288429e+00
9.582449952423127693e-01
4.117400205960997539e+00
1.218979376663352987e+00
2.931409226407447388e+00
2.082698972935307591e+00
3.484182592320476335e+00
7.290107131080910685e-01
7.940541814631392192e-01
3.123768745485405951e+00
1.055192573471456452e+00
2.339953107892673412e+00
7.841231049996588709e+00
4.967259405547938655e+00
1.394256977500039296e+00
2.506808676077680431e+00
3.891619887257183219e+00
2.092130696017873603e+00
1.902921011417223252e+00
3.982562892864222714e+00
3.272415606320699055e+00
3.264833585529838711e+00
3.821492203491587691e+00
1.518378852665707157e+00
1.028410450432928558e+00
2.528891170455646709e+00
1.939083698502425124e+00
2.567246107517227927e+00
8.347027849670488608e-01
2.686070761470327195e+00
2.463471763943643200e+00
1.309018042765725420e+00
4.274395400912315957e+00
1.616501680664809593e+00
1.744379067892444901e+00
1.439913459784183836e+00
1.494223875663704515e+00
3.608838351357361862e+00
2.250158643566272598e+00
1.685636139292763680e+00
1.752794788494218103e+00
3.468072065937342519e+00
9.425395556586223522e-01
1.432417133970142364e+00
2.496234336714054258e+00
3.174176732452504091e+00
6.873888995605172969e-01
1.074542041208317089e+00
5.912060785233437699e+00
9.538234912431472479e-01
2.508180184157722259e+00
7.825714688969860333e-01
7.769361702866024455e-01
2.306231706517637647e+00
2.404706557981994397e+00
3.862892949692050326e+00
4.193452457052733173e+00
6.460725884283113452e+00
1.459367010526094521e+00
2.801041061036219748e+00
6.625737653188511489e-01
7.173120732727424897e-01
2.662677691060775231e+00
3.369967858964723728e+00
4.209385167086533208e+00
2.453981255178922627e+00
1.385327590259799901e+00
2.868609246655731582e+00
2.345321575474270670e+00
1.791032809868265296e+00
4.315917906712069652e+00
2.694444568737266454e+00
8.158926628903658829e-01
2.123716575704121645e+00
1.131184594120779652e+00
2.138644543781692331e+00
3.644560169122223137e+00
4.558605912749698064e+00
2.962792245114682199e+00
1.494719677797073043e+00
2.160491625659056503e+00
3.427201358468379144e+00
3.595688340767490665e+00
1.872002517898521123e+00
1.529315243148748893e+00
3.918438912901544668e+00
2.667956261656228456e+00
1.118777993236764301e+00
1.815019574574420647e+00
1.742011726667197724e+00
1.073092457942876443e+00
2.964015888557567813e+00
1.727840284617097488e+00
3.869591131203612200e+00
2.398992541922269961e+00
2.460911012561578737e+00
2.129108464210312857e+00
1.555728652902672149e+00
1.790010179940212831e+00
3.244872958463538293e+00
2.237047528827640352e+00
2.606144643413718320e+00
1.866801469580770423e+00
5.906599043652389192e+00
2.778554220194900726e+00
1.312583276878876992e+00
3.818600010044493676e+00
2.377354445413675244e+00
2.095687723606250774e+00
2.373078474331340004e+00
1.731442799429341317e+00
1.935519167588694023e+00
1.223962313562575899e+00
2.955237802447875151e+00
1.992482348924248914e+00
2.961498511086166019e+00
3.502366531631066149e+00
5.535662333242296285e+00
3.339985128243742274e+00
1.715912468967873306e+00
3.779680940305797598e+00
2.276892884045446319e+00
9.190566083435514066e-01
3.173833064019830452e+00
1.930052898630679081e+00
3.820696790667817311e+00
2.012813778829565692e+00
2.940942281993240037e+00
2.099397444793961398e+00
1.947908786173415452e+00
1.364636865816251987e+00
1.881000923281334503e+00
8.489034106047688155e-01
2.831729663234743288e+00
3.183928848487229235e+00
4.265666139430804193e+00
2.170342068411031722e+00
3.449714230795759118e+00
1.111093491427758817e+00
1.484248058336338882e+00
1.181342351474418351e+00
3.202120196178433797e+00
2.879622264328174364e+00
1.320210712087829030e+00
3.445398663775495418e+00
7.462012531636008639e-01
2.349804216254285816e+00
2.760833117751851251e+00
1.862658846681689129e+00
1.548998482387700326e+00
9.318426197092403163e-01
4.214285400701707651e+00
3.302779264804194259e+00
3.799592981181528550e+00
2.686636957997325048e+00
2.179569033127226163e+00
3.453031792244913856e+00
1.050787309958429949e+00
3.468909080724528415e+00
2.850976317918155978e+00
1.222146115176612202e+00
1.525339700815674160e+00
2.544013460839448459e+00
2.198730377075938325e+00
3.298021729721435591e+00
4.929156816063211544e+00
1.076107636514973098e+00
2.004913812413462004e+00
1.643395162778999552e+00
2.505820930055989493e+00
2.047135575451139555e+00
3.799572893802640294e+00
3.421910667415067220e+00
4.346935743296022281e+00
2.040210856074168966e+00
3.172033122385661041e+00
1.535190564034937033e+00
3.939310372146571648e+00
1.204306167417334761e+00
7.691461875852690921e-01
3.487373208614245712e+00
2.704697097062827460e+00
2.734903581849552623e+00
1.209340048946896395e+00
1.206627345449552191e+00
3.193236455116961636e+00
1.444131141818103758e+00
3.081061409024351772e+00
1.950083682678737995e+00
2.057923899354475061e+00
1.869709885757009360e+00
1.437977124555111175e+00
3.304948379890262355e+00
1.087204873760909019e+00
3.088422047889096689e+00
1.368657131895550716e+00
3.284372919903292942e+00
1.056898048650652289e+00
1.064804005120039365e+00
1.161707560914101434e+00
4.405535167479436964e+00
8.089948917101289494e-01
2.149360424128677671e+00
3.199437907403998249e+00
1.424209590389939439e+00
1.283696347599616372e+00
3.274612240691987086e+00
3.396482893261302927e+00
2.680234648586792279e+00
