2.081213245612801854e-01
4.002141112460883554e-01
3.758841599405131628e-01
3.488164264308221130e-01
3.954582906127997455e-01
1.440301903782232606e-01
4.485578281047568616e-01
2.120530687597121933e-01
2.364125016179891292e-01
2.357546842781839125e-01
2.560413932750351118e-01
7.357879774874384049e-01
5.505206050259364714e-01
2.181637148168976414e-01
2.526185368659665809e-01
1.917155755518779592e-01
5.265039059734116789e-01
2.963508399575148222e-01
3.272303048139059700e-01
1.818240737690559328e-01
4.304218788757962488e-01
4.831668887050797334e-01
2.854692948923667206e-01
3.434853606258829739e-01
1.752213750190023955e-01
2.728946429920504069e-01
2.485548450404410636e-01
2.670080024345676817e-01
3.076712759260256669e-01
2.895242645348046207e-01
1.773839685416472023e-01
2.013954865561528307e-01
4.144272881332747294e-01
4.767629026977343032e-01
4.101122572862921367e-01
2.413071456255747316e-01
1.721160879652851028e-01
5.146738749806178959e-01
3.784711019623592243e-01
2.879006009213704864e-01
4.017662693899725079e-01
2.617825161038234150e-01
4.091459152378833508e-01
6.343345846150226786e-01
1.274751251199645719e+00
4.847850007049369636e-01
1.717533903885597457e-01
4.849252907897234621e-01
2.275236979964158079e-01
3.794624734193539628e-01
3.169966923940613635e-01
2.662064403816001845e-01
3.578098257317985365e-01
4.217120886384262413e-01
2.329817687924920777e-01
5.476241582336822677e-01
1.788076111955818059e-01
4.312098400370436568e-01
6.014066062322528383e-01
3.547429247601000535e-01
3.010069749998857680e-01
3.256782241097784802e-01
2.988444213494826918e-01
2.986259965971512220e-01
3.085949549014471160e-01
1.709096466981699092e-01
2.643789234710605673e-01
3.105329748251550170e-01
3.992579110802840225e-01
2.503350766744915634e-01
2.778729111629256177e-01
2.501730602433923090e-01
3.614614914550216551e-01
3.630245916236964354e-01
7.286487970433144223e-01
2.681587425229673971e-01
3.710612423238800472e-01
3.630595269423335658e-01
2.380050371771154638e-01
3.397804508170622628e-01
4.086605235648684276e-01
4.862558631886951255e-01
2.901123654663066986e-01
4.117442288670962180e-01
1.975550290070271220e-01
4.420334422413444986e-01
2.268709262524622183e-01
1.644931434571315909e-01
4.468586115222216715e-01
2.743749666161029999e-01
4.376161798300641781e-01
7.323081545079217491e-01
2.457888903732066699e-01
2.047051936324943144e-01
2.511837073298856526e-01
2.412711296463006250e-01
2.796094117572469062e-01
4.095755287051882076e-01
3.869735940940700059e-01
5.770207050275520944e-01
4.049148805611929025e-01
5.572700938969040729e-01
5.039680334012851537e-01
2.697865052212723991e-01
4.737232072446744269e-01
9.233440432076767124e-01
1.898065379969997024e-01
3.679383160957623855e-01
2.438940013678158603e-01
3.756426033691703803e-01
9.696649523970837792e-02
2.631591368246387064e-01
4.400382240266947353e-01
2.712668569730654622e-01
5.280838209915890147e-01
3.970902554402874762e-01
2.512062692534189345e-01
3.093684706283720831e-01
8.303808139105046671e-01
3.339717848487154805e-01
6.261275570992227424e-01
1.596737041989908512e-01
3.947828893850057752e-01
1.459529698351983151e-01
3.326152189881353971e-01
5.598680047992845576e-01
4.926017318381687438e-01
2.240016772088742059e-01
2.629422751666550262e-01
4.175808906019342626e-01
8.123945653886328611e-01
1.976089082208032643e-01
2.343391581850080563e-01
7.028453915466608137e-01
1.694020055557100279e-01
3.334916729468838659e-01
3.149429494069923563e-01
3.408027307346815915e-01
1.987877876625662454e-01
5.867960596928213368e-01
4.380441857925043148e-01
4.247241772238650181e-01
1.574599745841947229e-01
2.514933845265825418e-01
1.971445206756910207e-01
3.547380538744521195e-01
1.958465600435599363e-01
3.374195314804062096e-01
2.946131606376545253e-01
4.587033548730667931e-01
3.132047794869919910e-01
7.452885939559081852e-01
2.128915564794031379e-01
3.952705819774094964e-01
2.131520688016123599e-01
2.604576222631549420e-01
1.805083659230385662e-01
4.725161885714128096e-01
3.090778570688734184e-01
1.537555010613469442e-01
5.074552416212573247e-01
1.978602517612124412e-01
4.157011489753184019e-01
2.233998211974744796e-01
2.342800130777365486e-01
4.687247910532801876e-01
7.438599390923780197e-01
3.551308129319346030e-01
4.037006262014404268e-01
1.009378287917500200e-01
4.115015188363025933e-01
5.344014013379115857e-01
1.523991768950062053e-01
5.483708313333103268e-01
4.062275666404143171e-01
4.991126172502133307e-01
4.485981820675694065e-01
3.420760422546464952e-01
3.903547443788447646e-01
3.424858036420388996e-01
2.761339171536504877e-01
1.929030418947072500e-01
2.662246369154076531e-01
5.012693211000440741e-01
1.885532301622208640e-01
8.132350307278866097e-01
2.082248837629600002e-01
5.283714325903047238e-01
1.127834291167345154e-01
3.124775579916014845e-01
4.572928170594809938e-01
5.788301479607854683e-01
2.278486702036985889e-01
4.763914085016400790e-01
2.842322870988368555e-01
2.044762621706937289e-01
4.575322456566165430e-01
3.540583011902931898e-01
1.302142271654982975e-01
2.645627276580026499e-01
2.178608831637873777e-01
3.030708960398998952e-01
2.370493058880018544e-01
2.121444887075453201e-01
3.063874049760073603e-01
2.080519162958190671e-01
4.175793695882300538e-01
9.084142610025697229e-02
3.170641873184061321e-01
5.188628087607116690e-01
3.758810269536010940e-01
3.126756181419043101e-01
1.886502938205645019e-01
3.287732018594664574e-01
2.496985360850864089e-01
2.811902720695333979e-01
3.929686561677284140e-01
4.721821007429680139e-01
3.109751609490156721e-01
3.030553401174473915e-01
2.222343033917361377e-01
4.008335589124913390e-01
7.277986948663398570e-01
4.036060764355581254e-01
3.146980463203813416e-01
2.118906592677052281e-01
2.676078332083412503e-01
2.043207066603538458e-01
4.384199103116708240e-01
2.576267743272303012e-01
2.241113148395051380e-01
2.069266332135666908e-01
3.407444343012619448e-01
2.592685102336282355e-01
3.204250013128948082e-01
2.014689584959650781e-01
1.936756762321060477e-01
1.993952229752828931e-01
2.310746331042931312e-01
6.565059959991706995e-01
2.911881604256557066e-01
3.542981743368217029e-01
5.250844375186295432e-01
7.839189866369523640e-01
2.468844475331472277e-01
1.553092244903294117e-01
1.526864484925782861e-01
3.541756114515684506e-01
1.679681951894750891e-01
2.422679912250081113e-01
3.878394184134466016e-01
4.178468754870557911e-01
8.279730194224145245e-01
3.754025789896360266e-01
2.564669648713385763e-01
1.956613526128874181e-01
2.250424789894330813e-01
2.627458888678563254e-01
1.541067224435275496e-01
2.050961700136198218e-01
1.586443801526730701e-01
3.712089529582344727e-01
2.989561840847468899e-01
4.540374813656265496e-01
3.066539049484997559e-01
3.816200089479311330e-01
2.895495755274430372e-01
2.891946335058148687e-01
1.351137985662407837e-01
2.875344049557539416e-01
3.632994472446289813e-01
2.133532624441490388e-01
4.203903430826516074e-01
3.103977957007304500e-01
1.863907769370174716e-01
2.621259555428824273e-01
2.855515337384638141e-01
1.423389334366800818e-01
3.205650114870850498e-01
1.318364616162928993e+00
2.174582524518313131e-01
2.536597415739085259e-01
3.440417926154759609e-01
4.312973261972478656e-01
4.306187912160657216e-01
1.728954686889174197e-01
1.865362475573324741e-01
3.856463868155047825e-01
3.583628135082439492e-01
1.661844452259884364e-01
6.492872813312717817e-01
3.222676222434382454e-01
2.138597128811378090e-01
4.151138517680426077e-01
2.378545079972395893e-01
3.914298865171511044e-01
3.571067529766980275e-01
6.243799465327154463e-01
1.962855558754757757e-01
3.351567739423603753e-01
