2.153558448696142769e+00
1.666656862470106581e+00
1.426223537642042904e+00
2.016067145143555450e+00
1.168799857320287350e+00
1.266726896975636674e+00
1.307765692695205706e+00
1.290446568890136758e+00
9.466666805352212943e-01
1.899118659332430958e+00
1.898976987503055325e+00
1.554742706518334794e+00
2.437626451216566625e+00
1.649101743597178205e+00
1.897322239035768021e+00
1.185409907458418344e+00
2.042342111324751741e+00
1.134911076022929288e+00
1.967088832392026587e+00
9.745262560180273370e-01
6.443886427548491946e-01
1.063919827834781229e+00
1.101702418233887482e+00
8.793015292060056831e-01
1.772010932151375284e+00
2.041817436947586550e+00
1.231625246403585949e+00
8.909166580490364140e-01
1.480621508652595342e+00
1.813660330752558281e+00
1.502426046486019073e+00
1.203703807580659424e+00
1.971534146804908127e+00
1.678252496855654696e+00
1.808547591363421914e+00
9.406607285854889922e-01
1.501830943583627898e+00
1.435817420849289761e+00
1.413983334937358727e+00
7.843146447734946625e-01
1.533736665642333685e+00
1.326723062941890907e+00
2.108982934262307207e+00
1.398038572382972689e+00
1.695397447931668689e+00
1.591095062221384637e+00
1.349161783729575959e+00
2.045778856918821553e+00
9.081086291470182870e-01
2.252236174267520763e+00
2.127671142639743884e+00
2.439641075580277541e+00
1.160372198596368198e+00
1.895342540468692771e+00
1.891423764320572909e+00
1.451040102335293236e+00
1.298615286698759030e+00
1.136047080177097213e+00
1.495099846746044570e+00
9.393192394856657579e-01
1.771661687673530716e+00
9.563068100346412415e-01
1.389728055744316570e+00
1.145331771642235319e+00
1.386647078357661877e+00
8.952882853069168423e-01
1.325401706756648812e+00
8.018196223618681007e-01
1.442881105983557788e+00
1.099993121339496227e+00
1.953194233146830605e+00
1.581904322811582775e+00
1.020896856793739982e+00
1.652775845155989076e+00
1.202993786330227799e+00
1.100067610466441970e+00
1.147876400775866834e+00
1.605635049005126991e+00
9.752749158744771218e-01
2.027758839659845602e+00
2.590525026042797663e+00
7.464001872096811541e-01
1.685952812634773812e+00
9.504843628961624491e-01
1.759790851285269797e+00
1.111145253442050951e+00
1.553389038593834925e+00
1.583304952916329889e+00
1.403782793775369964e+00
3.317420458404944927e+00
1.798036478800892457e+00
1.063445772663674349e+00
1.375036967066022964e+00
9.536316682398593425e-01
5.731225342347811003e-01
1.513201645016863273e+00
1.182249831241483973e+00
2.270173882105145591e+00
8.792795243524331728e-01
1.373757219503547677e+00
1.341216755479494260e+00
1.520701551972063026e+00
1.674377449522628236e+00
9.820544780504210092e-01
7.688090169831253151e-01
9.970675365000808421e-01
1.463005767345737063e+00
1.794663959832816458e+00
1.056856562589371773e+00
1.353901453404893207e+00
1.345062768219266403e+00
1.391255119857092160e+00
1.378901985687346343e+00
1.289539271452913471e+00
9.196319155682396440e-01
2.030675573211645268e+00
1.074137462671435062e+00
1.343702531813506296e+00
1.545332413101106139e+00
1.321932701435556634e+00
1.618618876389168904e+00
1.006865322507995986e+00
1.023678215096325728e+00
2.961164748017352188e+00
1.556175655358921661e+00
1.645151110204505329e+00
1.581375346246570723e+00
2.245373069525204990e+00
2.193117818270728936e+00
2.227483065614791702e+00
1.379706396319792860e+00
1.463282058311698774e+00
1.017983829765826798e+00
1.344911303657216894e+00
1.189821386637306411e+00
1.393694750567894713e+00
1.488134354174153184e+00
2.063817296460041195e+00
2.330166642665815857e+00
9.570661567416511861e-01
1.134423428307415493e+00
2.128896756408924062e+00
1.631441688933874534e+00
1.301779880497369035e+00
1.389894419039708895e+00
2.648182089930714245e+00
1.343887572709308031e+00
1.799509893909160274e+00
1.867187681422211032e+00
1.069092310040189897e+00
1.829384266349171284e+00
1.388018824275144114e+00
1.224994874717455939e+00
1.577860069420989442e+00
2.817201568040264448e+00
1.724426631559780931e+00
2.542909717160755534e+00
1.655361351874070186e+00
1.650341145781983654e+00
2.465840592140339904e+00
1.362326203430985760e+00
1.198606855711476848e+00
1.101927243027875702e+00
5.728086126400500078e-01
1.629377811593758718e+00
1.102740253196148990e+00
9.117089739015321603e-01
2.499495989521475892e+00
1.703939508339722186e+00
1.172589574063884976e+00
1.723229122643966882e+00
7.447643568853113960e-01
1.458114329963774436e+00
1.279715990132288095e+00
1.825984635204064954e+00
1.135997796897738166e+00
1.451833981185371769e+00
2.379463570388345328e+00
6.770679812131945585e-01
2.145146234716148737e+00
2.103530224503100676e+00
1.540403780065387584e+00
1.877223569442717288e+00
1.384839456980953454e+00
2.065919138394227694e+00
2.053248558219303188e+00
1.195606713720845704e+00
2.080180617641384178e+00
1.331715269109456923e+00
8.039122641018210391e-01
8.988996179676520537e-01
1.834370912336400039e+00
1.968948202148133930e+00
1.560833526496325119e+00
2.186066152429803733e+00
1.981210479263195712e+00
2.063902264845794310e+00
2.360899565425377045e+00
1.640116507934793466e+00
1.520194160383433024e+00
9.364617878689940333e-01
1.299838862364227854e+00
1.326400254686029845e+00
1.910146559377083664e+00
9.588098122515907873e-01
1.973181654871012380e+00
9.692025505561137066e-01
1.633331428640278027e+00
1.760875015614904004e+00
1.106413344238970087e+00
2.066037425019646268e+00
2.057691290006077534e+00
1.594586574499156528e+00
2.550408663848962032e+00
1.635826525560297506e+00
1.476969262577736419e+00
2.581980252214069793e+00
1.391876733044570047e+00
7.195347577577274611e-01
1.090623250469512362e+00
1.091560335448825469e+00
9.181080044651177552e-01
1.929696645700784474e+00
8.317439451663695138e-01
9.903710577812411264e-01
1.435657108291181094e+00
1.435583474076096877e+00
2.625564855782279050e+00
2.427368461992981175e+00
9.888144606165513162e-01
2.973949495348712002e+00
2.113594988456119150e+00
2.283483429726250513e+00
1.606568533088303052e+00
1.254211073122795783e+00
1.746623437046837202e+00
3.145838398319982243e-01
2.135857398796397799e+00
1.026166266515089909e+00
8.821516713755056527e-01
1.301963990463955279e+00
1.004519306225333919e+00
1.250332526552287327e+00
2.899345044245574154e+00
2.278956846216577237e+00
2.058541538007214289e+00
2.236785254549409796e+00
1.601933131165830915e+00
2.127511717636124455e+00
2.191375135730446733e+00
2.245187279522036672e+00
1.425448250267911110e+00
2.020845690141551465e+00
2.541773497570933404e+00
1.549734695523933503e+00
2.038271985804607667e+00
1.587452647023618324e+00
1.556911077715947389e+00
9.966900282828937696e-01
1.520021046811003806e+00
1.418275420885224847e+00
1.413084362980842723e+00
2.362796162061113314e+00
9.300135315747763975e-01
1.319333418849245154e+00
1.056251941377239545e+00
1.516532855744444852e+00
8.257688950379393766e-01
2.146484715341282712e+00
1.243686140517566763e+00
1.284342907286284197e+00
7.313874822772501449e-01
1.012803403430853955e+00
1.254157012489001799e+00
1.740420536486545711e+00
1.112161423968302421e+00
1.292776071685071360e+00
1.666673614543906945e+00
1.377205628686634320e+00
1.650683747766895637e+00
1.365388691484638706e+00
1.099050787885683000e+00
1.568645880126766867e+00
1.931613222619552594e+00
1.707673961536132268e+00
1.558307000722548796e+00
1.226245485986325212e+00
1.046254480579190460e+00
1.631307061163620675e+00
1.437283614320671310e+00
1.765357001421652194e+00
2.930015112381508580e+00
6.488920251123903027e-01
1.305134618481742503e+00
2.423710185071387357e+00
8.091393936317773372e-01
1.212836267508266008e+00
1.284947686959806212e+00
1.438816444770853797e+00
1.691321119735819556e+00
