1.808560800056211226e+00
5.853137155814304160e-01
6.236417162045370111e-01
7.078044397381735298e-01
1.215031632919271409e+00
4.552728314789354913e-01
1.302199592119595684e+00
1.500654367182498783e+00
3.684747679568183831e-01
1.594257088396012767e+00
8.919393963797702662e-01
7.397767496130097653e-01
7.078130433809882716e-01
1.692115026175380343e+00
7.771163496717479191e-01
1.565662637603182361e+00
9.263531390978195779e-01
9.281401528244110910e-01
1.020265690556362514e+00
5.802831860968452604e-01
6.999221808636367781e-01
4.566630282189544920e-01
5.380279755151062826e-01
1.524562467101713503e+00
1.291766015004280899e+00
6.807289371402874822e-01
9.459038359426612530e-01
1.604308091129780234e+00
1.011401474541994583e+00
6.294326742523104201e-01
9.878143958433093230e-01
4.654640556043883048e-01
8.019835810613179516e-01
1.272311599808188864e+00
5.941258918641566522e-01
5.162817717953601671e-01
1.124517202033475938e+00
3.660493894209754795e-01
1.163325587178919651e+00
8.195649621925292783e-01
1.177873679757055259e+00
1.873809070991610204e+00
4.371678342543007245e-01
4.795711278899496555e-01
8.488612861420837818e-01
6.674626830685383982e-01
7.690898809828837779e-01
8.549150898098915041e-01
1.025337267887564074e+00
8.301150887290049685e-01
1.744954098254781760e+00
1.438111332525261465e+00
6.729835255173827191e-01
8.021703511859168412e-01
5.612604121188978779e-01
1.195371685123019390e+00
7.948873118464027110e-01
4.598136910523101251e-01
8.076921325386955397e-01
9.819318731818577062e-01
5.120626945928203888e-01
6.785703685072491664e-01
5.674656701254661151e-01
5.737161425438974671e-01
7.965713014273578807e-01
6.732081328532699693e-01
1.602907509656251506e+00
6.454325698751679496e-01
4.878958254432462227e-01
1.035456610113503872e+00
7.718530031602158781e-01
1.204439924333708278e+00
1.019264491827453822e+00
8.850518771718915989e-01
2.090864183529484777e+00
9.148700735658515937e-01
8.803446464479032230e-01
2.498562130255724545e-01
8.959210802931285578e-01
1.240996022480409300e+00
1.063542055414408827e+00
9.804440844701369784e-01
7.024716945004716440e-01
5.931195798565392918e-01
3.529411581482190807e-01
1.457426302184027023e+00
1.161375309994094218e+00
8.361533480100317162e-01
8.548503889091694230e-01
6.045054329359237366e-01
8.983925406136762382e-01
9.559603399241899391e-01
9.274660359432584933e-01
6.538876549513945591e-01
1.278545882093206743e+00
1.064843790267282930e+00
9.919979113065631182e-01
5.107697113739081418e-01
1.171622054790381062e+00
6.107622929626411734e-01
6.024845440631076965e-01
1.785915688413340474e+00
6.892530507127533346e-01
1.351972485999783924e+00
1.500188142613123166e+00
2.676607471786008663e+00
4.800348299227667481e-01
3.568699381684338201e-01
4.250896423004990599e-01
7.485429654501853935e-01
1.059231155658898027e+00
3.736956831761989450e-01
1.232648208808819978e+00
1.138267888078596357e+00
1.341214926329230117e+00
1.396646486812993526e+00
4.843870993523617940e-01
1.199018124647608152e+00
8.322350052635546502e-01
1.350762977152717870e+00
7.540973281039226039e-01
1.512168810226439231e+00
1.756497099225579284e+00
9.765259942739302756e-01
5.524800945092772642e-01
3.682674576197805805e-01
8.804629684595796091e-01
1.322034629550409290e+00
4.386975621323565000e-01
6.042335581801282496e-01
1.334322012184453676e+00
1.053859142114672576e+00
3.063442933073950991e-01
1.021997679263093373e+00
2.091139307272400771e-01
1.023002856819656969e+00
9.200389237396007225e-01
3.325602058897546565e-01
1.303639036325556111e+00
7.171292370674068328e-01
8.173327510781697169e-01
3.032874131360008274e-01
8.138021389897192037e-01
9.114721238633851641e-01
8.721695323686841084e-01
7.233703975705240152e-01
3.521253363103001299e-01
8.032900654028094500e-01
7.104798666886880110e-01
8.587440069459033598e-01
2.855819727889443160e-01
1.263184986195910575e+00
1.033334814688126935e+00
3.369372016451234186e-01
2.024177762440598993e+00
1.049829149947305140e+00
8.454485247319629693e-01
6.045589992621475117e-01
6.472861047428897230e-01
2.670440499662430356e-01
1.111936328484896430e+00
9.580966064147179440e-01
1.328104525914769019e+00
1.427189048248763692e+00
7.726894717229598752e-01
1.030831715355769784e+00
1.218607759121913769e+00
7.808298223082903444e-01
7.383857950834061823e-01
1.248535852640580313e+00
5.329445645890652505e-01
1.540383328942374952e+00
9.905832407438782683e-01
4.400447086285345089e-01
8.498637393734053136e-01
1.212459121951539487e+00
5.037060693520476473e-01
1.016582986778621800e+00
1.516174774475066656e+00
1.253118645630507233e+00
7.416227739213213654e-01
1.253710691832080393e+00
1.043589500817412308e+00
5.412238130267745806e-01
3.928359650301799233e-01
2.815980780605004674e-01
5.026390195797355576e-01
8.130777568406120093e-01
1.031545064330049222e+00
4.972383632142272636e-01
7.466233402238831030e-01
7.851002348986634294e-01
1.222701699305227541e+00
1.026627574213755167e+00
8.475224736786729496e-01
1.979484151872009212e+00
8.768642609500477691e-01
1.460622942203178232e+00
9.892709069455005721e-01
5.874651171001238348e-01
5.844858122870261186e-01
1.076533380803567086e+00
4.587453582512937000e-01
8.463548592592420317e-01
1.461454891521353217e+00
6.471205626925623511e-01
1.582215806048676399e+00
5.538153422701804773e-01
7.805280560829088721e-01
8.438826212583825370e-01
1.370283137761322267e+00
1.465438935934486375e+00
1.336897816955370022e+00
1.769677637951706517e+00
9.191331572687846396e-01
5.874190808176658063e-01
7.791218482232499243e-01
1.612228287908467617e-01
5.426523914191234699e-01
1.388832918479251166e+00
9.971757324248827770e-01
8.458671815536583649e-01
1.106282268067456664e+00
8.470749916154354242e-01
1.441714828684628191e+00
5.026903722836156829e-01
5.350144811352032237e-01
1.126859956791873563e+00
1.279833998941532380e+00
5.619777501948692855e-01
1.397154851560762800e+00
2.923418313743034180e-01
9.323376599063045722e-01
8.136494814849477564e-01
1.054233793044382583e+00
6.030693322530016331e-01
6.109386126001422612e-01
1.060244724292278784e+00
1.141458274777771731e+00
7.239316039245778933e-01
1.119959114689864421e+00
9.577874881158925380e-01
5.424577393951837134e-01
1.840769324278794583e+00
9.058073235702573944e-01
1.755869100863021171e+00
5.100241737499116024e-01
1.126145879406657224e+00
6.333477319871012590e-01
6.294327494099246634e-01
1.302893631049156564e+00
8.035044061406063642e-01
4.572449672742216475e-01
1.011753632979068840e+00
7.647914506979338611e-01
5.323281907849878314e-01
1.207932898227089602e+00
5.377632968351896414e-01
5.762530071694312861e-01
9.212613269876454014e-01
8.551768740796609203e-01
1.384076278099295232e+00
7.355306347778119980e-01
1.101772128836454812e+00
1.296650580988149892e+00
4.595183485767617704e-01
6.987550652650391658e-01
8.298171937216333172e-01
4.457608868534221336e-01
7.701741282378009590e-01
5.005211259243064204e-01
1.355425044693789216e+00
1.010721863316019320e+00
9.702442261961971015e-01
4.749878889220677802e-01
8.594030989715929492e-01
9.480670414354540609e-01
6.530339615049749469e-01
5.836316429813596107e-01
7.154697326420254022e-01
9.977395225504583909e-01
3.523661192183065727e-01
8.674944939714099856e-01
1.351350170703302656e+00
6.844146947480369558e-01
1.116900777006755385e+00
6.823098135843911338e-01
7.596910640924927627e-01
1.048389834407627230e+00
7.159415980416616865e-01
4.638377113572264565e-01
9.160419364781683393e-01
1.594268950768395809e+00
9.250124199180080886e-01
2.274010169273566806e+00
5.809860754697202534e-01
6.882547023199271363e-01
8.653877930339405333e-01
7.713160287636314782e-01
4.898490625092686845e-01
