3.400482809370533044e-01
3.304997624449388383e-01
2.501983953913926584e-01
4.336751072904522775e-01
3.054578809566028119e-01
1.845804385793686220e-01
5.570758777526366723e-01
4.262816542770507255e-01
3.263533342157187156e-01
2.412777183885645715e-01
3.745971167439429150e-01
4.118706539072481410e-01
2.661544707731319792e-01
2.328286524913084354e-01
1.605256324643992427e-01
4.260644280423550034e-01
2.014746608561724661e-01
1.722064289584384900e-01
1.540296863893837187e-01
4.399912452146829134e-01
3.378070331535458770e-01
3.782913465063950653e-01
1.182863611691871430e-01
5.517057242647503967e-01
1.525529942684400730e-01
5.528948000666065177e-01
3.300048707911792389e-01
3.461296739955622148e-01
4.817854736395266735e-01
3.018522457539903336e-01
2.602825412145432504e-01
4.590519400216234169e-01
4.425282735067269102e-01
1.721256072321712682e-01
1.542639197281928942e-01
3.976866962344028922e-01
1.650483276800196741e-01
5.242372245426782928e-01
2.485062087778191209e-01
4.283588111525151176e-01
6.904845347264495503e-01
2.193956505283548020e-01
3.129316687050966994e-01
2.611368256461192860e-01
4.112560217892008430e-01
1.217095205716774986e-01
4.619092714255875198e-01
2.735491254753740775e-01
1.923666206290963743e-01
1.632421142644477630e-01
5.780377959118676578e-01
2.819130756947352823e-01
2.131748514755907875e-01
1.949527165984611121e-01
5.567381441262332364e-01
1.549597924462899901e-01
3.582407262162198847e-01
3.235813825917725484e-01
9.007402991490272015e-01
4.124907491285151884e-01
7.089887128733909361e-01
7.738319701396318973e-01
6.159307052259593851e-01
2.580509710632011289e-01
1.666845456631669831e-01
4.001328866020135711e-01
3.979032578024644939e-01
1.855447333413184352e-01
6.080507529313193826e-01
3.338336684531860721e-01
2.364676220727117972e-01
7.086800664125000315e-01
2.595498065292522472e-01
6.565800796150040863e-01
2.972084441769171637e-01
3.142022144203199252e-01
5.519228868239579588e-01
3.652151846626474074e-01
5.261464783735255724e-01
3.376410737460724953e-01
4.658716600324329660e-01
4.858806473196756182e-01
3.073263606105992585e-01
1.612346213047086974e-01
3.146951176183489518e-01
2.637601099594044651e-01
4.030246103178265482e-01
2.762649938373539782e-01
2.813477359565434988e-01
2.608767797706806890e-01
2.647553291125976371e-01
6.971240250323083032e-01
4.521479165826942093e-01
3.199156443595710386e-01
4.960528932260958035e-01
1.934371824020065800e-01
2.271415217469149317e-01
1.750669448528098526e-01
5.465321108066917288e-01
5.448514844043194083e-01
2.195514775391366746e-01
5.457374120759327374e-01
6.713691552505605120e-01
3.301759327450850545e-01
6.022434543127019868e-01
2.865512208841909381e-01
1.929455386513925230e-01
5.559847867921975384e-01
4.031000042996143451e-01
3.253661683758865553e-01
2.995672210549595871e-01
4.387298981636869599e-01
2.060691215041569602e-01
2.283384854017225518e-01
3.881335801385975559e-01
6.228869945902650862e-01
2.540727294420618287e-01
3.065345807796598376e-01
2.463256475574334137e-01
2.531566348888278362e-01
3.775703209202419530e-01
4.133384769873889586e-01
4.129209879943072092e-01
4.311000027328913964e-01
2.533226478432388240e-01
4.831978955284196298e-01
4.591119903220484133e-01
5.104447713023435584e-01
1.110953162867262534e-01
2.308907447288905956e-01
3.040325973998886933e-01
7.459492858549876537e-01
3.813257498258188494e-01
1.886445624320650105e-01
5.445361986691952261e-01
7.005306029773813448e-01
5.071658942141480386e-01
3.266747111210025478e-01
2.285497347233835796e-01
2.936723602692563606e-01
7.355466185638258603e-01
4.545469451737150779e-01
4.625429518649434857e-01
5.801386253126271653e-01
1.161831430318499142e-01
8.063587094239027531e-01
2.972462319960030297e-01
4.826772826409596040e-01
1.743618351209912654e-01
3.941935856312220321e-01
1.647541394517578750e-01
5.049783903676847707e-01
2.461629631477868785e-01
5.473448575932421400e-01
5.013583615966680229e-01
3.371353526434635595e-01
4.940191338306524904e-01
2.729672728175973062e-01
2.647353600279753194e-01
5.078789859998797951e-01
9.603623975516579758e-01
8.280188884072806621e-01
2.997838093412624194e-01
2.743491960384237260e-01
3.186984051700462173e-01
6.109617824467407088e-01
3.255707353821563621e-01
1.429963195765541206e-01
3.356133122788819145e-01
4.208355032948900010e-01
1.960208654150100704e-01
2.690082446580961961e-01
3.655924097014117691e-01
5.833681826320986641e-01
4.921036058418415404e-01
2.966327933625422242e-01
2.401792574707439787e-01
4.670411929857590239e-01
5.629493531124521999e-01
4.583490817699433229e-01
2.148986082839065836e-01
2.987395631084229786e-01
3.898213078559760736e-01
1.420473568624046057e-01
3.498286765190279923e-01
2.218144238206539998e-01
3.188543305668125605e-01
5.797809806957338052e-01
2.353166283562907746e-01
3.928601763262273283e-01
7.110150508086713339e-01
4.423327553817034130e-01
2.979790810680485458e-01
3.420408283312181275e-01
3.046251707477318216e-01
1.528054061051592749e-01
2.026471526574416537e-01
3.848185478516542579e-01
4.068749377665205058e-01
2.229212152090357391e-01
3.085198052575750527e-01
2.801690010880836801e-01
2.621694015659837285e-01
3.874491217605158799e-01
1.881550693496998328e-01
2.564358386867932049e-01
3.621697678595163783e-01
4.071526391889432328e-01
1.509091054782343289e-01
2.251735942477288144e-01
5.337899675162595114e-01
6.756444833529053895e-01
4.145884250973096430e-01
3.845452720065714036e-01
3.914458929167980994e-01
1.700201193917425246e-01
5.331126334495681629e-01
5.974679106490322633e-01
6.529623914821851560e-01
4.477292859886903842e-01
2.225122645960474488e-01
6.328586198093745230e-01
1.881542373072254415e-01
4.612320653209845966e-01
4.111978222653852044e-01
5.455893508073127451e-01
1.826885806878417728e-01
3.074833837707301454e-01
4.877328517045246836e-01
4.353863289957914939e-01
3.420361863825273629e-01
2.876885439219567520e-01
2.174143916397242304e-01
3.745062658594819349e-01
2.468689415288058409e-01
3.453745572604922653e-01
2.402832632479885433e-01
5.975024377069332315e-01
8.621365999620789200e-01
2.919438962656829006e-01
2.969697780936766951e-01
2.282594235608410016e-01
5.831832277358653949e-01
2.056649311932227386e-01
1.769885357574535467e-01
1.363671145696296050e-01
5.862393534746566104e-01
4.656558045583642502e-01
2.995635411201085785e-01
2.267722864494571555e-01
6.525023370293361324e-01
6.433065771254796728e-01
3.132314570761039474e-01
1.836595000621730478e-01
3.297932654314875145e-01
1.040374082626369434e+00
2.532098593119576080e-01
3.124503021472416764e-01
8.764002003501148996e-01
2.094723483965127975e-01
3.295253380500474671e-01
3.459032503786169666e-01
2.916431039412792914e-01
1.400801051590885860e-01
1.943543415519836670e-01
2.361814921771935583e-01
2.990216904630442207e-01
2.008711160290351239e-01
2.596087296212764017e-01
2.669202622070583897e-01
3.107657161254581135e-01
8.012656015259638220e-01
5.729666447163014320e-01
6.588118192833897213e-01
1.964024086437421990e-01
3.710172620131443333e-01
3.713187600536054789e-01
2.720574582870710634e-01
2.139581140203061782e-01
1.250939836555716722e-01
3.033302164652034172e-01
3.602337118289243856e-01
2.882681754080368974e-01
5.356371333209682950e-01
3.891671009318279362e-01
3.608581716738814560e-01
2.275292126616197674e-01
1.375057732933777366e-01
2.372754110115615211e-01
2.643378634977741615e-01
3.140008751527580411e-01
3.855750563078730320e-01
3.904850263666406751e-01
5.688222841126312490e-01
4.596905970601254388e-01
3.339947878446052898e-01
2.936961384101083317e-01
3.984731009235059629e-01
3.868107528539045936e-01
3.485135484968945319e-01
