1.621392306909906544e+00
4.490244777987691394e-01
7.046791197913113702e-01
6.373911134892515928e-01
8.840967397021016749e-01
4.109456306124239511e-01
5.223185024666652243e-01
4.650086434380133471e-01
2.749966317639743196e-01
3.336245259858966472e-01
4.700817478722361109e-01
9.786773346610500024e-01
1.052759768346920977e+00
8.392497360517114924e-01
6.017984250267901514e-01
7.744624723625765927e-01
5.435762472068398354e-01
8.938651766103448137e-01
3.613029886859634443e-01
4.738071355726479750e-01
5.710662854244565878e-01
6.751738241395645046e-01
4.187566945350029712e-01
9.289599989626762255e-01
6.485384343297957432e-01
5.535369863599280960e-01
3.331492734274298373e-01
7.522041966095751597e-01
5.620790216888678081e-01
4.186497505072807601e-01
5.318204424405473807e-01
2.671151351415835817e-01
8.259842832467596541e-01
2.392920053470951880e-01
1.348309494452857527e+00
9.125979038131361021e-01
5.504107592241536118e-01
1.132550560468059686e+00
4.907020961833097883e-01
1.665643522352982242e-01
8.831617567815078784e-01
1.135714759286959863e+00
3.619306002666404232e-01
1.245909818226125454e+00
2.331217593425538581e-01
9.798308220776205113e-01
3.128083268437679698e-01
2.440967523578505272e-01
2.582758048653044369e-01
1.337238556662314393e+00
1.283005679673156485e-01
3.856281475690220839e-01
1.010739015596990642e+00
5.404207163714761508e-01
2.743979818752401156e-01
5.617608296037700510e-01
5.522527699129667900e-01
4.792163477417990536e-01
3.632692082117543464e-01
3.314277996923138403e-01
5.941982299098511611e-01
6.725876279907474498e-01
5.653193574970672985e-01
7.477427299422589879e-01
1.837502714234025558e-01
1.130982764233316784e+00
3.215469060013416147e-01
2.728355692281820288e-01
8.907183740914155212e-01
7.635768500885633525e-01
5.914383862520677937e-01
5.146215907305767834e-01
6.748152122930797248e-01
4.698339682278053764e-01
6.305140053082158857e-01
3.186575513061579157e-01
9.533537749112487303e-01
6.015919731594808750e-01
2.393361759000827982e-01
5.404770799642293344e-01
4.229105047672703788e-01
1.392679384377650820e+00
7.347830336303984300e-01
8.085617314697003399e-01
9.500915154241960092e-01
5.560830938233835008e-01
3.870102350710186712e-01
2.385181276122421701e-01
1.949894826573090323e-01
1.298985948558450954e+00
7.395178539048722355e-01
4.103889875647105945e-01
5.366120911078197109e-01
8.679769784767376040e-01
5.006373185217867228e-01
6.649376723642251852e-01
6.879797644608769414e-01
7.697433417489557561e-01
3.812351937912720201e-01
2.415376432378596727e-01
4.546179963351099085e-01
6.464523424932510087e-01
7.370017158787501854e-01
3.297868905652206473e-01
2.168771194141722314e-01
6.168771808911077681e-01
4.161785833892576725e-01
1.073431285074846198e+00
4.671816815164525072e-01
7.648961461600477518e-01
8.249766368191924215e-01
3.505332790504832596e-01
7.042808230919247459e-01
1.235501066096265310e+00
6.454943110677521245e-01
9.077804289542628080e-01
2.937850920368059171e-01
5.472737166483677695e-01
6.325018813293051823e-01
5.598531414085741176e-01
7.881509725130914079e-01
9.385765765343048184e-01
2.535304381495918635e-01
4.566886235326725330e-01
3.112452879426399477e-01
5.757161662180008133e-01
4.883199733426974443e-01
4.213177143940817770e-01
1.088278835339908657e+00
7.348540764303765904e-01
5.887738971875959848e-01
2.865602834461593029e-01
5.373602762629262619e-01
1.689156374738897126e-01
5.666946510848047680e-01
6.739083021415959163e-01
6.638458641675976102e-01
1.641083120112120930e-01
5.235704069191408072e-01
9.135231701904041879e-01
5.064877298203986911e-01
5.253271608431742123e-01
6.724073579137352930e-01
6.778724121815616899e-01
3.585093368378556300e-01
1.912733762841808405e-01
6.901160608237113525e-01
6.222997246824678585e-01
4.297335621126477379e-01
9.913425554756347680e-01
4.752431163885385557e-01
2.619166056730022341e-01
6.647390239813905088e-01
6.413907575446933240e-01
8.445045575165348595e-01
4.258041994716981193e-01
1.253878685539111526e+00
3.103107469955267428e-01
5.802700600265361386e-01
8.004457836751507349e-01
6.911842603188586009e-01
4.828374636297084188e-01
4.920841520610422237e-01
4.625681158000501392e-01
6.153470534166936012e-01
6.198766587746470380e-01
5.466740157765777042e-01
2.018228424263179555e-01
4.437303876799331692e-01
6.704513361508314118e-01
5.272650417086286456e-01
5.344486710295726084e-01
2.330154764497744113e-01
8.399017042172360892e-01
7.619253441719666675e-01
2.015003704759084635e-01
5.716443710866651040e-01
5.639794254931871365e-01
6.507976635538458288e-01
3.657640877442348559e-01
4.958314030085542168e-01
4.753476119885083340e-01
4.513841285817216109e-01
4.959098945746439058e-01
6.286362652990622468e-01
5.686813552084128975e-01
4.610110161994062095e-01
6.882245935521601465e-01
5.121530072972768632e-01
5.543906596768475303e-01
3.771510805585728821e-01
4.076969066315416779e-01
6.657643842569658243e-01
3.046931844099133868e-01
5.059512267099300908e-01
1.128789130870678781e+00
1.099924531549746565e+00
3.992395494968026814e-01
1.020849413984272536e+00
7.741813397998582591e-01
4.396840755677908774e-01
6.459714782873093863e-01
8.420463465914052037e-01
7.180193674474282250e-01
5.499491027834666479e-01
4.249245323477333636e-01
9.045641033184260715e-01
7.113551437526033361e-01
4.578498722463375525e-01
3.712655217889399561e-01
6.296731557788070033e-01
5.640983980285865229e-01
7.149421258219924580e-01
8.998643749643350231e-01
4.525368045396009897e-01
6.941035134314279542e-01
3.859270351087971673e-01
5.638861921745763617e-01
2.771431051128774303e-01
1.250529753296714786e+00
9.176481785301637828e-01
5.591458192354814560e-01
7.174308407061934512e-01
5.324522184654641999e-01
7.529575466791024185e-01
4.229357097513562480e-01
4.427363645414504334e-01
5.501170466553748639e-01
6.089326837802374603e-01
4.678707719911632812e-01
7.708004704603422796e-01
2.785333906543723259e-01
1.339744935174537632e+00
8.345366805900101825e-01
1.588713581988498103e+00
6.597372540176421607e-01
2.940787959549246433e-01
3.381468634394967365e-01
1.187092661323131404e+00
1.071419431302461422e+00
4.614972512090057544e-01
2.806164671512493269e-01
4.169150829028033800e-01
4.728151016894339143e-01
5.831678102122807017e-01
5.023259706770339950e-01
8.605537041518360741e-01
3.307774523897190067e-01
4.937982653733264393e-01
4.464887590283522223e-01
5.938111966524056706e-01
5.880528884599705020e-01
3.762325510778138371e-01
4.965085950253919078e-01
7.164708937339463457e-01
3.317514096009446800e-01
4.750182544520105132e-01
5.104125266724736099e-01
9.827341387099861603e-01
7.141378328311250856e-01
4.295084854126263729e-01
7.955442952310844973e-01
2.947895528540461219e-01
8.937988111151576875e-01
5.789144033137462175e-01
4.586598700380599691e-01
7.692256513448235689e-01
5.908580174126538687e-01
5.169459888235840017e-01
6.674688496121981007e-01
4.495620641451558708e-01
8.541729686487687934e-01
5.786769674443400513e-01
1.099633455703488805e+00
3.599646917489176534e-01
4.811144307777053819e-01
7.264466397559933286e-01
3.681739854591083994e-01
1.067351242766886088e+00
6.414460354057379687e-01
3.149712160454747889e-01
3.829562254984486547e-01
8.393587504255903831e-01
1.479383431495261636e+00
5.357280301324867100e-01
7.811127200848022589e-01
4.668268685981272759e-01
6.575227235131130277e-01
2.577031089874573522e-01
9.927797759055593252e-01
6.869929465106255906e-01
9.162913754204899952e-01
4.813793127367192448e-01
6.452930523284114983e-01
8.799959259539480438e-01
5.550281783746847664e-01
3.660174062220236668e-01
3.321143509806200322e-01
5.107313790969820744e-01
3.516203351246677822e-01
