9.429738086133790942e-01
1.221371580922357758e+00
4.377268835689654969e-01
7.908026742749072469e-01
5.553918078252378931e-01
1.387426982734353942e+00
7.876234720795453059e-01
1.299242710048412963e+00
6.051532498634326629e-01
6.302520823150057350e-01
2.288750703496739369e+00
1.476957775106283233e+00
1.419397199012131461e+00
8.481543164344553798e-01
5.038495299762674184e-01
6.004968738849431054e-01
3.516357564497171739e-01
1.444999600274429419e+00
1.311190309316252023e+00
4.264835591196683429e-01
6.116644084616867927e-01
4.660078763032459159e-01
8.318626470721754984e-01
5.761867896459517135e-01
2.950356852849843614e-01
5.113325201285819910e-01
1.444739460500173323e+00
1.598444968657553034e+00
1.759931211576692522e+00
2.402732067243187775e+00
9.021810283204318992e-01
1.511648495177871254e+00
1.079845844596141191e+00
3.906727527016645163e-01
8.440982321176865311e-01
4.831305759094953745e-01
6.289563196919467636e-01
1.252600944206756717e+00
1.192674379472797863e+00
6.820707032404791370e-01
9.411058815474762085e-01
4.329687622245934620e-01
6.357404584625164778e-01
1.210809025637613834e+00
1.565964313446368772e+00
4.471454391181283183e-01
3.873538825763657711e-01
4.559213147520658205e-01
1.253707978657766953e+00
1.201105091403544600e+00
1.227516143675495996e+00
4.936389646466226577e-01
1.498891270878199400e+00
4.768480897229490090e-01
7.074174463509794730e-01
5.212960388213832008e-01
1.722330964863533431e+00
1.036451830027194987e+00
6.800961885689134068e-01
5.910729465599311450e-01
3.773318161360552647e-01
6.537205750411896332e-01
1.420940290251442528e+00
1.177260091687030830e+00
1.623941050203536518e+00
9.110032440639858065e-01
1.098742944763589469e+00
1.257847724774863174e+00
9.472498905819703996e-01
8.504580311566972695e-01
1.179892517306163402e+00
8.277136462506059500e-01
1.466807004675369619e+00
1.621673892252566640e+00
1.202567452526154490e+00
1.106692187707023489e+00
6.166153933442306556e-01
1.042265243359788762e+00
7.303687215328813487e-01
5.001756064351106090e-01
1.014344249176050372e+00
6.054581936989253954e-01
1.871366883349985466e+00
7.267824792782130450e-01
1.062886009988448510e+00
8.662705132226273808e-01
2.052790237457327915e+00
8.695801932762557973e-01
4.648038906790264435e-01
1.853079816586910678e+00
1.191472347546067789e+00
9.331921439707880905e-01
5.780293878370527105e-01
1.351201109172041503e+00
7.796028735880525806e-01
9.182881094022125046e-01
7.524799603492747790e-01
7.761237299691482461e-01
7.232990219090272843e-01
1.368169119637880238e+00
7.742387853876311343e-01
9.205135319682098416e-01
1.280479005518862179e+00
7.406685623629268855e-01
1.140906201384807472e+00
1.420782599414647906e+00
4.655238731376277750e-01
9.843945132927079955e-01
5.445274499976920923e-01
6.230629183377724978e-01
7.900807512906302676e-01
7.356423043897702962e-01
3.398898765525090182e-01
9.418578317968088198e-01
1.139630333644620075e+00
6.631175550829198073e-01
5.159900713840027686e-01
8.907952304705905044e-01
4.726401783636050569e-01
8.599854533051634053e-01
8.252607335408650435e-01
8.307682122786537171e-01
6.734315896263126655e-01
6.120845894461407477e-01
1.445085754370358799e+00
6.726495148589995976e-01
1.122490365386649369e+00
9.197721984541961104e-01
6.716086495711085513e-01
1.522296946353042024e+00
7.943718672121068414e-01
4.269162150765923314e-01
8.431679529033478948e-01
1.592644478759375648e+00
5.357802669494606818e-01
8.229674852930161100e-01
8.200702958736870718e-01
1.347387308584991228e+00
3.842474641962972948e-01
2.926645722258847115e-01
1.550111599352758773e+00
7.982045778975712658e-01
7.858327855498022929e-01
1.911524439880624149e+00
1.097477573598001355e+00
5.834209850330823732e-01
5.045458721721378659e-01
4.908880633226366808e-01
7.877037279801334391e-01
8.623178592732547720e-01
1.169959274311184183e+00
1.741712481394842804e+00
1.030511837305034817e+00
7.847801657140365261e-01
1.352246236373574328e+00
9.262804742034114192e-01
1.116263299843265111e+00
7.356185245666845285e-01
1.044867740537878342e+00
9.366483591421040922e-01
1.266000987917110132e+00
1.282238576283406539e+00
4.428399341445765081e-01
1.062644886709701586e+00
9.537054060449252635e-01
8.292472719696558636e-01
5.950307336501079458e-01
7.701167078323771786e-01
5.247880099203817705e-01
1.038187619870788669e+00
7.057529491671561406e-01
8.073670153844055841e-01
7.589695382659488176e-01
1.127874945020430841e+00
8.054038722262780725e-01
3.837017304703996268e-01
9.064709223293745399e-01
8.947959432962188098e-01
1.918295614752308254e+00
7.312182381376268747e-01
7.750237056468591845e-01
4.146818318342033738e-01
8.507923960225813875e-01
1.535299396270287886e+00
4.984549826578288378e-01
9.657463760070218450e-01
4.411438312334506895e-01
7.473604134716882452e-01
1.233420996956725579e+00
4.996327340083407398e-01
7.302136423977215740e-01
1.574091609120297885e+00
8.931189951149060002e-01
6.549832263574197899e-01
6.327269444544518784e-01
5.615265330118789366e-01
5.541033979583279701e-01
2.014046426927757594e+00
1.094344794802849297e+00
9.295233111530626369e-01
8.210438814297058574e-01
1.149434905652277017e+00
9.096857560781042018e-01
3.979787619919307740e-01
1.048846534934711583e+00
1.155107501685693316e+00
9.740375957793937500e-01
4.791227941634863541e-01
7.161961524981953486e-01
6.921439782623031167e-01
4.599557083488508002e-01
6.357960082937428314e-01
1.142938019281081852e+00
6.605740483015022368e-01
7.361029440477933061e-01
1.213509164395816020e+00
1.126089987679163462e+00
1.292593664574268830e+00
8.563728387702138622e-01
6.951904329346287881e-01
2.296947130329634490e+00
4.106593673169498526e-01
2.756806929239655202e-01
6.959280488911990803e-01
7.777162129862604800e-01
1.552351596978791326e+00
4.763172085335081185e-01
7.628546185953969383e-01
7.322051065519081803e-01
6.574675915515499902e-01
7.942936568026919275e-01
1.180027306742978954e+00
9.219861382848737463e-01
6.599512087485440714e-01
1.233408633795619380e+00
3.438570900856131041e-01
7.896853777207519798e-01
7.339788522190408004e-01
2.873463753163535195e+00
6.113228541406708905e-01
8.630448659383399557e-01
9.416020856540775474e-01
1.284612937738232041e+00
1.105843658406840513e+00
1.184267101142511436e+00
5.229950412746043886e-01
1.097238765733816734e+00
6.512880458794267913e-01
8.186231176249001429e-01
1.102987766789362611e+00
6.280099247134218743e-01
4.028106988434158042e-01
3.736780089749831557e-01
1.047519917043070459e+00
4.919965288388907232e-01
7.694642636969218907e-01
1.410220241779570394e+00
6.277956045582633315e-01
7.228571484291616001e-01
8.473135172468388987e-01
1.577796821095785562e+00
1.087585318601956619e+00
1.499556934130910957e+00
1.409265380089495867e+00
5.957008017297804603e-01
1.935817764030956623e+00
5.805832108030231087e-01
3.480051361070027882e-01
5.785703084037042698e-01
1.464441874074487338e+00
8.897799851552405936e-01
9.190156689408496282e-01
9.950227293395242922e-01
6.611543964679378327e-01
8.128803353669586951e-01
1.129579593576939711e+00
1.223540391165473196e+00
6.336903992504625549e-01
8.051861227641922136e-01
8.510993880487992547e-01
9.288006530622880952e-01
4.053053985579614382e-01
5.195777832746361069e-01
6.781222825791012321e-01
7.546934334745812878e-01
5.666492706487061826e-01
5.817192854094740406e-01
9.224471676867015413e-01
9.018338159549057487e-01
6.451629337022980470e-01
6.272367439852277737e-01
5.209538333945943345e-01
4.698638848519492983e-01
7.473723206815878761e-01
1.364807873553759876e+00
6.645361653271568692e-01
7.692947815061428329e-01
5.720521904100912547e-01
4.240370910848921815e-01
5.925141628943362271e-01
