1.920325350553362753e+01
1.938689875053572464e+01
2.187731063418534561e+01
1.691294800001792709e+01
2.191554919561147940e+01
1.979254875287253057e+01
2.216363979107921622e+01
1.901746151255270334e+01
1.979935580005498608e+01
2.043118320179451786e+01
2.192804947285033279e+01
2.155791384380513165e+01
1.896429212354385641e+01
1.788534555526128145e+01
1.860594991023998901e+01
1.947620771527307326e+01
2.036911369023322749e+01
1.707406043509072546e+01
1.548925780660785101e+01
2.128570663087615245e+01
1.975233391305575026e+01
1.792542606101978464e+01
1.791459340813360157e+01
2.159767951671574338e+01
2.044063465880413588e+01
1.724470468777739285e+01
1.958693161433399865e+01
1.736319959032073612e+01
1.853624985585967266e+01
1.734886974856451758e+01
1.798433828834363268e+01
1.906641559830950428e+01
2.061465410278509225e+01
1.707855262698500454e+01
1.797079663189304100e+01
1.698475819642362339e+01
1.991592667529070582e+01
2.039251318303000815e+01
1.706731131801798895e+01
1.738122687969870128e+01
2.035312705174099790e+01
1.853193524271167902e+01
1.909181925531955315e+01
2.052212884244803348e+01
1.993641157853761570e+01
1.874179787499569372e+01
2.204693719266530039e+01
2.246294478238434777e+01
2.004822251651347287e+01
1.736377552269409819e+01
2.038335256519811267e+01
1.980013304488883463e+01
1.898299184498111103e+01
1.982782238249161821e+01
2.131737620353171891e+01
2.188351094941861064e+01
1.701388062286693170e+01
1.706766484358488256e+01
1.819790573163579239e+01
1.452448076884937045e+01
1.784171847795141019e+01
2.155707486058082623e+01
1.597713248340281922e+01
2.178341796937447583e+01
1.632587226168218919e+01
1.833892399451857713e+01
1.767533079755678571e+01
1.757943109948602967e+01
2.044897191296476890e+01
2.221713155036218978e+01
1.898888768772106772e+01
2.091427349078204401e+01
2.013520962372069789e+01
1.903310548845940531e+01
1.512854077712498047e+01
2.170859646695063461e+01
2.301161352006029048e+01
1.905184197740231156e+01
2.029187922574469738e+01
1.345743480879070830e+01
1.871419095319238579e+01
1.855499686905899637e+01
2.137267837944906290e+01
1.839839260003697774e+01
2.080075048626801149e+01
2.065463320146184856e+01
1.965745284629808154e+01
1.831073763961412837e+01
1.782560671501591898e+01
2.019152675309506861e+01
2.027326314881642233e+01
1.728507504474151091e+01
1.985291844529252714e+01
1.793415338501511869e+01
1.579285155980135258e+01
1.801253688762649219e+01
2.058368296842298406e+01
1.933022810060853658e+01
1.819580203478468050e+01
1.646100263611641878e+01
1.846936985823601773e+01
1.627069700059114155e+01
1.827976494482569336e+01
2.132413650635512425e+01
1.865311879023361996e+01
1.891310266530505402e+01
1.642531608934151777e+01
1.808512563197230705e+01
1.596670270581433648e+01
1.988399811917294713e+01
1.969450039729528612e+01
2.114165726694326963e+01
1.708473288449195238e+01
1.953514881452066376e+01
2.341979569770782277e+01
1.925811269168210771e+01
1.943603145431293910e+01
1.816185154770903054e+01
1.965587257502498275e+01
1.908575118890902189e+01
2.016375219701274091e+01
1.672233203767046206e+01
2.076346937847312901e+01
2.004089457428966625e+01
2.064885704184155202e+01
1.977276602640568015e+01
2.097872841895622287e+01
2.141649538913102191e+01
1.673591356800226393e+01
1.813629923880871075e+01
2.185214038787308155e+01
2.023387063913220985e+01
1.962525945489573331e+01
1.665853124578526590e+01
1.943795456699815105e+01
1.621620239303819133e+01
1.958433992832103598e+01
2.168054758341562405e+01
1.821120586176676781e+01
2.010778820791490773e+01
1.841467661242806031e+01
1.916753589250900802e+01
1.907300754643293672e+01
2.073936262779903217e+01
1.983782802915293075e+01
1.889594636079285550e+01
1.968230155780377544e+01
1.906282642392691073e+01
2.055359229388045961e+01
1.985815078595327421e+01
1.881148252806687537e+01
1.715176793268724609e+01
1.725482028592673345e+01
2.336754128033413380e+01
1.945719587730615530e+01
1.904049356467052334e+01
2.022295384203294333e+01
1.808129097169113209e+01
1.857362553922275694e+01
1.915726873390561735e+01
1.989950665207903668e+01
1.595929895706339785e+01
2.086631795838779979e+01
1.894716522292047500e+01
2.138053712248279936e+01
2.222115129695519897e+01
1.998861331257400664e+01
1.991552460383657319e+01
2.057723557202815812e+01
2.039836075052908626e+01
1.947310774208986928e+01
1.849304755785782106e+01
1.741686785455171105e+01
1.639380419978715864e+01
2.037213697035686266e+01
1.948011094450649594e+01
1.648998990419626764e+01
1.564895845948809949e+01
2.074143294300358420e+01
1.693780086431665666e+01
1.916050731064764179e+01
1.885249737487805177e+01
1.991806930606652060e+01
1.933754472491813203e+01
1.885409616684188094e+01
1.909486950602390820e+01
1.850743119237688816e+01
2.230593639321129729e+01
1.562811589572961424e+01
1.845089245859132632e+01
1.883481625708010299e+01
1.759753658347267447e+01
1.854353321260625620e+01
1.865433697848647654e+01
2.019037242631654294e+01
2.205888997543818064e+01
2.027802787545495633e+01
1.917235934275395337e+01
1.755126790386877644e+01
2.069445989400289321e+01
1.929689912899718252e+01
2.054269092062960667e+01
1.810233438587574994e+01
1.731981911002372243e+01
1.972526644071458080e+01
1.660455523164526070e+01
2.046078026839473196e+01
2.139266125257168483e+01
2.023209837012038648e+01
1.855691045887169466e+01
2.224096716792916340e+01
1.647990828641848893e+01
1.767010619675473038e+01
1.810078560327865560e+01
1.814831389643805792e+01
1.629499180607521325e+01
2.013198060123070832e+01
2.144755905324842260e+01
1.961795964936689174e+01
1.798125492578374107e+01
2.115335637112861633e+01
1.960994488385362544e+01
1.766350201654717367e+01
1.904486918764400016e+01
2.026886518138533688e+01
1.882084022867208617e+01
1.993501402259572686e+01
2.057152055910033539e+01
1.938347391108547058e+01
1.678329384399920698e+01
1.997829266003734361e+01
1.968947952544924362e+01
2.088289979365140070e+01
2.106691254747483910e+01
2.038375179768270939e+01
1.676919294586830134e+01
2.130851856329775984e+01
1.914881211563983499e+01
2.015309719236478614e+01
1.756732955734616297e+01
1.692700102536806028e+01
1.872838132518837995e+01
1.900908139047694689e+01
2.229065241330508229e+01
1.666341706983711290e+01
1.959173466942405639e+01
1.726610352131384829e+01
1.771569640056088701e+01
2.068250535661532652e+01
1.937941216578889936e+01
1.790092835954392569e+01
1.940160566224569294e+01
1.901849754492778644e+01
1.940127923536919852e+01
2.060228435452757267e+01
1.907465590497586305e+01
1.665373310926466388e+01
1.739193300462743252e+01
1.877980631408528822e+01
2.082174223680550540e+01
1.637511026704570583e+01
2.188670328697290302e+01
1.872391274239285153e+01
1.936636776009432381e+01
1.732836972865359826e+01
1.990454807954510486e+01
1.994752798684949369e+01
1.953256370576019663e+01
1.573005198670526106e+01
1.684638839620196293e+01
1.846112841509908975e+01
1.741959825900978487e+01
2.094786126911705537e+01
1.610831148061409834e+01
2.015568663023453766e+01
2.054891733490329742e+01
1.499731532023269942e+01
1.931772076822322148e+01
2.112487427711857180e+01
2.039758100767635085e+01
1.818896291566482404e+01
2.146118169162523515e+01
1.969891132198393535e+01
1.889097280517254518e+01
1.889598930891729012e+01
1.805658799331529707e+01
2.060273573829928750e+01
1.633818408619185547e+01
1.911005490581990074e+01
2.161997261173952722e+01
1.955455308165449679e+01
2.015268414313432288e+01
1.643848302209207191e+01
2.055659561080198472e+01
1.844846878497699905e+01
2.218224990350983816e+01
1.677287830837822469e+01
1.949637047519155431e+01
2.115898327358344844e+01
1.935924348108198600e+01
