1.411569582224183828e+00
2.278697292370692740e+00
2.689695343203778677e+00
1.664387322045809858e+00
9.830936297394677892e-01
1.948743509383222827e+00
1.870445153760209811e+00
1.529900992508106849e+00
1.562780686302338351e+00
2.186804161499871224e+00
7.671598097724301457e-01
2.350300260719591527e+00
2.041129047467046487e+00
3.269256037034078854e+00
2.368908270644012770e+00
1.857749133574579270e+00
1.631818589761509619e+00
3.193755539387832521e+00
1.995509969432795350e+00
1.364147163225264636e+00
1.609684304428678603e+00
1.469475841908452596e+00
1.967389105608812638e+00
2.703173224987684531e+00
1.562160538155960232e+00
1.291061726491504746e+00
1.685141204831276607e+00
1.681119470171544616e+00
2.043414221825524013e+00
2.862181429044512004e+00
1.301829309055258621e+00
2.411493896636956791e+00
1.150869962057293305e+00
3.285719504610417285e+00
1.765000401337552649e+00
3.237240479092062362e+00
1.778791322090435001e+00
1.493072060169178261e+00
1.231727064468939092e+00
2.096793143537774018e+00
1.931740016585496988e+00
1.120036528617651017e+00
2.656729015159386975e+00
2.932045364815492938e+00
2.046347304152002611e+00
1.066418569385985116e+00
1.303386060540935532e+00
1.950464545533223237e+00
1.677744684550660503e+00
2.323877496753432581e+00
1.702056291249190334e+00
3.007885706336701492e+00
2.096624698826627942e+00
2.111058058362000889e+00
1.693258233886957287e+00
4.548951187357650916e+00
1.838899464030310904e+00
1.323210985590109079e+00
1.698469047166392132e+00
1.416411407561688707e+00
2.097997867230334990e+00
1.589027463646907945e+00
1.577419869308035461e+00
2.863595681395836756e+00
2.415633606992706461e+00
1.753802074037874359e+00
2.051937062652623212e+00
1.981320245703109828e+00
2.428254988148598414e+00
1.216482811780920326e+00
2.033251600224788458e+00
1.617966319161528777e+00
1.450613984182907545e+00
1.872782668342718448e+00
1.814894991634208532e+00
6.411820333171830422e-01
1.699506515442894550e+00
1.310133109236581106e+00
1.406253136228875045e+00
1.252646308290491728e+00
1.419186945720249948e+00
1.604533421180759367e+00
2.266586349556169111e+00
1.758336831989209870e+00
2.562437760682312771e+00
2.788954639616588516e+00
1.868015354389978233e+00
1.519145189062172996e+00
2.585017653872595744e+00
1.104780896621551767e+00
8.908979783994729340e-01
2.094649735020345016e+00
2.019861564962730505e+00
2.512847600692531103e+00
8.468592705401247756e-01
3.086056839889494530e+00
2.087695693985235135e+00
1.464588677532468353e+00
2.022199758655785828e+00
1.337130835289016551e+00
1.537291004476747380e+00
2.496010634810638340e+00
2.342241176333888841e+00
2.122106085229242378e+00
1.643605662834613401e+00
2.107814166430125979e+00
2.087415713544455542e+00
2.574537086226044380e+00
1.026217607053170777e+00
2.515248871055318247e+00
1.314050333472523535e+00
1.560940410435315284e+00
2.587741756236537682e+00
1.518311710622602728e+00
3.148457470000538549e+00
2.195264313704241577e+00
1.787031476764441518e+00
2.063636721469269020e+00
1.911291645366365977e+00
1.052480815507607526e+00
9.967477612223807348e-01
2.548695815051279734e+00
1.637199508384828306e+00
2.226460159239130654e+00
2.105597950594900958e+00
1.558868303397265231e+00
2.124472101485074482e+00
2.458687620152221420e+00
1.802471316889092456e+00
1.879130316137204826e+00
2.521605440332467918e+00
2.459458708536568228e+00
1.470324134321212561e+00
2.512271044617257143e+00
2.346613526892460388e+00
6.807791728107400742e-01
2.256117301225716520e+00
2.825952949884338761e+00
2.376473141715033321e+00
2.038833158289024450e+00
1.628474147890440760e+00
1.055819837930614291e+00
2.499778310452698271e+00
2.661141640337465031e+00
2.619785426720845134e+00
2.498862351908643475e+00
1.674008283720492818e+00
1.873124577543990865e+00
2.549130135870258496e+00
2.230399064709017942e+00
1.951556965587074810e+00
1.073651956409334973e+00
1.030547588865532216e+00
2.329873485352210061e+00
1.588529741392199934e+00
1.985053313708725398e+00
2.058541160272036930e+00
1.482684861746698335e+00
1.095891444131174008e+00
3.519544636017038819e+00
1.935365128549872527e+00
1.727450890806496497e+00
1.947214133121894619e+00
2.280315793970478122e+00
1.356489625480369998e+00
2.112132777369496672e+00
2.460865769499530842e+00
1.241900615537141928e+00
1.601778090083970651e+00
2.124932381735512799e+00
1.014889344369767743e+00
1.099281732324257632e+00
1.209662959435950480e+00
1.923301913776537919e+00
2.117645922325554153e+00
1.855188100729805667e+00
2.022919495831202230e+00
2.457465294056152771e+00
2.025373930623114216e+00
1.287982404736632835e+00
2.096764035648738034e+00
2.315362703638530029e+00
1.221523539675200665e+00
2.324216114024192148e+00
2.314036096834994893e+00
2.611420327668324326e+00
1.591733085981200446e+00
1.992260275595344021e+00
2.156154004523090695e+00
2.343882839056715017e+00
3.466786760159553893e+00
2.455529046785082770e+00
2.413388724851221134e+00
2.277111638188486165e+00
1.859909690666957438e+00
1.357046486738845426e+00
2.799505739149765304e+00
1.114233644535020051e+00
9.121617467036494675e-01
1.703178552573087146e+00
1.353810475546129322e+00
2.216860884923978592e+00
2.987471766690489083e+00
2.216879472941339024e+00
3.461978863756707270e+00
2.025526364008884972e+00
2.194981324238736153e+00
2.172041305759890850e+00
1.985768679387255098e+00
2.402907123304442560e+00
1.895390146607714321e+00
1.798502728731707245e+00
1.612358536842125600e+00
1.477583307337644314e+00
2.477878142196438649e+00
2.548007659803086078e+00
3.138151936704037137e+00
1.352569514661128292e+00
1.326380319140720410e+00
1.677276771009595047e+00
1.830548071702674306e+00
2.331276256788450407e+00
2.575840079123768778e+00
1.539401952443122168e+00
1.571542528722636112e+00
1.537674245828895891e+00
1.384354760052215916e+00
1.387578834876821210e+00
2.691723199249758114e+00
1.436022025216495690e+00
1.636142291972813911e+00
1.496197947096250758e+00
1.101890080113834269e+00
2.111168980019295205e+00
2.466888157006806637e+00
2.616278088515820333e+00
1.971255439188581482e+00
1.717836642690058424e+00
1.749152402159778408e+00
1.571640846621907617e+00
2.648410146299193801e+00
2.330506592069307992e+00
1.292643169880383969e+00
1.929479349884475559e+00
2.749554281965222557e+00
1.366685674487723601e+00
1.595737867516732855e+00
1.748519565793197783e+00
1.998239429498219755e+00
1.637603523465147592e+00
1.894832521180309426e+00
2.554763718667806049e+00
1.389145149721290773e+00
1.583600083556097271e+00
2.833185457911113758e+00
8.585950412153521283e-01
3.414037747395941569e+00
1.894823186118530289e+00
2.429160719557138304e+00
1.179304939238839944e+00
2.083999929125624373e+00
2.180755841143554807e+00
3.459225463789961097e+00
2.512575393538480917e+00
8.819797652957448442e-01
2.168019513882067262e+00
2.432716653321006728e+00
2.883750051270265846e+00
3.316730334495297861e+00
1.772354194824476981e+00
3.056538034809574533e+00
3.725609607433689074e+00
2.639413149388874391e+00
2.032591483189979176e+00
2.615496229079360191e+00
7.120484433610306807e-01
2.354429275751126038e+00
1.743472730005686255e+00
2.505813707148764280e+00
1.880941215118398846e+00
1.841205083356447059e+00
1.513933929299808190e+00
1.634610110577505271e+00
1.315657896001221294e+00
2.033624085415936200e+00
1.808680070215794355e+00
1.467331806740066025e+00
2.764243078434351908e+00
6.334425867714469360e-01
2.334063103359516500e+00
2.392090098280892363e+00
2.410399219548177374e+00
2.802660022076893576e+00
1.490291091210766306e+00
2.951472992853442445e+00
1.488963321153587316e+00
1.648203530141514550e+00
3.449271923427404740e+00
1.661752565397766723e+00
5.800132420232909647e-01
