4.277617638557169033e-01
5.875968922970846720e-01
4.502389870654172621e-01
2.896251911055079398e-01
2.892264638780693842e-01
2.468147009328399422e-01
2.123888413813979914e-01
2.022077060549098138e-01
4.777244168845275474e-01
1.797749559299333111e-01
5.335531814192122635e-01
2.871734297227687693e-01
1.870486197308398602e-01
2.531315616257678314e-01
4.002252609383120663e-01
2.414566365948626891e-01
3.503991327859170557e-01
3.327191047918269251e-01
2.049189555993773393e-01
2.017923867201367460e-01
1.285505586946283085e-01
3.272631042861562367e-01
2.451282881111741252e-01
3.540825761740620803e-01
2.745258955069326268e-01
4.105638928702898816e-01
4.556747192317877060e-01
3.203624249754733477e-01
2.277168207772631014e-01
3.382657570586150575e-01
4.884004722322859982e-01
2.586602490631773610e-01
4.910627430747867006e-01
3.625430363851799287e-01
3.552712745035880304e-01
2.962471137538564281e-01
7.343222351615165122e-01
2.533571722123292291e-01
4.419357136532246488e-01
1.337849383755909394e-01
3.097158496093477820e-01
1.888973234613861574e-01
2.131888473604879874e-01
2.850380537064397535e-01
3.909380938626820789e-01
3.925984636795207816e-01
5.382009260712740106e-01
5.372158688059066600e-01
1.809829449339813434e-01
2.611882620048707748e-01
1.405834215218511873e-01
4.074199526102676439e-01
2.603066838995756749e-01
2.195154185736899466e-01
3.005334465043735248e-01
3.808881098628220108e-01
3.024595438027457561e-01
2.933330818217513292e-01
1.725348858939797780e-01
1.428251534432508074e-01
2.289662311753774826e-01
1.482404641028732817e-01
3.385736615755411960e-01
4.465794077064401124e-01
2.775295065369580705e-01
2.047809313990007207e-01
2.624024417174581902e-01
3.930335095719562077e-01
1.947057507537680310e-01
2.632282770701246388e-01
3.749102673551438225e-01
3.463313827810110546e-01
6.925303963636074700e-01
1.596634789467474835e-01
3.272061013635645943e-01
2.566065197602979131e-01
3.292309695936920244e-01
2.037773263012948588e-01
1.631274965840180946e-01
2.385120331951532391e-01
2.658881875901372704e-01
4.539678553685376206e-01
3.387521506225895096e-01
4.262560421438955083e-01
3.221963621942379730e-01
2.334440793639689371e-01
2.244795533667258702e-01
1.819613900178458643e-01
4.232841212024740507e-01
3.946276225076936206e-01
2.702496964466605256e-01
4.590443352419583678e-01
2.631831490194578849e-01
2.673833194975522298e-01
4.021734882083434770e-01
1.610076483180586104e-01
3.738236574276098678e-01
2.196918209864558713e-01
6.410227809991516645e-01
1.905689325521624233e-01
4.328793599485352139e-01
4.370850553820403439e-01
4.450596061601161946e-01
2.761697559146601977e-01
6.913453123983686055e-01
2.575189494636024867e-01
2.602253290234900485e-01
1.459977154664477139e-01
1.962636022191028562e-01
6.341585617172834644e-01
5.361023929195585236e-01
1.871219113108116006e-01
2.864499297483641960e-01
1.866864937455978979e-01
2.234642059852761653e-01
4.906481919653329360e-01
2.724789751457395992e-01
3.434684214984727868e-01
2.862047583798640882e-01
1.488032400202083660e-01
3.750764386695438768e-01
2.874390618881124682e-01
5.492611125998664301e-01
2.746219200674069882e-01
2.035950384501143962e-01
2.627191403919423851e-01
3.981995021983195659e-01
2.368200719887296468e-01
1.855128731649998419e-01
2.071080077178229506e-01
2.384999443779715345e-01
2.421667171377814842e-01
1.872685445145691741e-01
4.484775764339408721e-01
5.759918096516474240e-01
6.479087684033524308e-01
2.117598260385762932e-01
8.936388577110403464e-01
2.962706027087484428e-01
3.131292191610273723e-01
2.564440129718441597e-01
2.205148307916199590e-01
5.747189964005252616e-01
2.561125037490392664e-01
2.427701585464187295e-01
2.762465972612319076e-01
2.497625996770636292e-01
4.159526631364656724e-01
1.826260820053780820e-01
3.330347645908099952e-01
1.517361092396526112e-01
3.295949059027221129e-01
3.299116503545354018e-01
3.068723804272916467e-01
2.303609463765650400e-01
1.299943523786406541e-01
1.834326149913094450e-01
4.565984978857990928e-01
1.310137080669073195e-01
2.951224760666033564e-01
3.208772321159358287e-01
2.996667374998665534e-01
1.444891987045277271e-01
4.286574186656351704e-01
3.210786691676811855e-01
4.717959088280712088e-01
1.607425520569375765e-01
2.678979327753204798e-01
2.981934289976113095e-01
5.464255400289784737e-01
1.881521254936363297e-01
3.883579315662489817e-01
2.042112268000579878e-01
2.896213325938364336e-01
3.931072242156822827e-01
4.127716969074511355e-01
3.754421829921481546e-01
2.723465907218875492e-01
2.954498452859961044e-01
2.096252051841906161e-01
3.246256732715583349e-01
3.723920400789683671e-01
2.761662397989041451e-01
1.940548371716573073e-01
1.891225382509747754e-01
5.819760312957724668e-01
3.219106410135676999e-01
6.452284036472560880e-01
4.547369189232951525e-01
3.303053750378582842e-01
2.786309754813060535e-01
1.910561938807755211e-01
3.736145129060490233e-01
3.079458717869741902e-01
3.050146958425205557e-01
5.447967830820177326e-01
3.644136826081560976e-01
1.654352708559425067e-01
2.430393633122093777e-01
5.946758141060887182e-01
4.372554498283982016e-01
2.542498903786908904e-01
2.273864188853884916e-01
3.656081836872916435e-01
5.965879129677207349e-01
4.972712778612793372e-01
2.816121471223925754e-01
3.915014473717640664e-01
5.388728485619114217e-01
2.928633887055632767e-01
2.230350936289589858e-01
6.243657706585553635e-01
4.271065395202905957e-01
2.657409189491048984e-01
4.037057545658454538e-01
1.211263960834362274e-01
5.019319621197828596e-01
5.826568690672824236e-01
6.141610562532174855e-01
1.615988004365934150e-01
3.876555940381638532e-01
6.319176658524991996e-01
6.416860384512866888e-01
2.451002578032990264e-01
3.754084122777804344e-01
2.860868661948482994e-01
3.125888892241266426e-01
1.533990858706767157e-01
4.855956384923491020e-01
2.798907657460317222e-01
3.820360113249700040e-01
2.269134119780721048e-01
5.614553408549229907e-01
4.104971407297492991e-01
2.658328522147053730e-01
2.483594588025956340e-01
1.673593787334088367e-01
1.809105251741809639e-01
5.735119784839032286e-01
2.214174634797141106e-01
3.684388032480600539e-01
6.717742180212047387e-01
2.782324990655531960e-01
1.419799085357789925e-01
1.695096191673593211e-01
1.505757355371312167e-01
3.309563232314003400e-01
3.199307749710648130e-01
4.104663550907641789e-01
4.314500643244136846e-01
2.079112007843476051e-01
2.730410620511009023e-01
2.034928810912315367e-01
4.477562572038356614e-01
2.578666544153525586e-01
4.022831820441190587e-01
6.278447137436372616e-01
3.711309752941553963e-01
1.815059391424174717e-01
3.380980472302657081e-01
2.202931571892214890e-01
2.912638377948328916e-01
1.093105128404074089e-01
2.860510714770390650e-01
3.220915390823199109e-01
4.163422697049080634e-01
2.660233672507842928e-01
2.636975321371948788e-01
5.373235603255712700e-01
3.678195095902124789e-01
2.657515288835639589e-01
2.841667166663860988e-01
3.609462714794926530e-01
2.569700341572848101e-01
1.591688999111347813e-01
3.047273421424401274e-01
4.815680951608241056e-01
2.277718678406594754e-01
2.874933075156331230e-01
6.766122368332141424e-01
2.466332121648351638e-01
7.717173359554343470e-01
4.066388399340817861e-01
4.264887758534398610e-01
2.645888166903866967e-01
3.220960488171786262e-01
4.801719887815300014e-01
4.762286768858411956e-01
4.405923221170280901e-01
2.511931938874215620e-01
1.659954183308466058e-01
3.314576892563801946e-01
3.764810523204553117e-01
6.662236909365146786e-01
4.590530469789607659e-01
2.144478127959062452e-01
5.574399114038879333e-01
3.489503724016511654e-01
2.858180247143976005e-01
1.302493208984762396e-01
