6.830345762978619062e-01
4.840350314872087778e-01
5.397700529131805869e-01
9.852616568226878480e-01
9.106023394429439977e-01
8.214624357883979489e-01
1.463297012759043669e+00
1.103300882081864165e+00
2.490166471737547405e-01
5.104812933061037006e-01
8.383866502222496742e-01
8.253704749539770846e-01
6.570940952408016456e-01
1.266134078134611318e+00
8.487030318255323058e-01
4.887718290608443761e-01
1.364265133262884344e+00
1.358445551113369065e+00
6.637700632579194293e-01
9.105941413462237399e-01
4.522835171171959989e-01
6.293876959309933072e-01
6.156123133989809260e-01
9.138073202978732601e-01
3.226903238031256227e-01
8.573757692392686147e-01
5.535449851667585408e-01
4.890992627731566289e-01
5.525797474773957996e-01
1.106638141141622178e+00
7.309402574417253051e-01
1.038821466158986295e+00
6.539504641555824449e-01
5.171158166310316773e-01
8.256792026777139970e-01
1.204821063674356374e+00
4.815945072250578662e-01
7.790411846483320524e-01
5.394389316010053115e-01
5.583884232785167878e-01
5.728118216259219242e-01
9.587763964223895430e-01
5.566505521932954004e-01
1.326433158711736393e+00
4.943847402417856363e-01
7.572180168155440150e-01
1.350328549094126807e+00
5.280272954129445750e-01
4.843373961367208880e-01
5.964104114525513589e-01
4.902296102134524602e-01
1.524718613754969754e+00
7.740418251013523321e-01
8.711446830939042485e-01
1.040309699353378692e+00
7.470165707172907732e-01
1.018277937781918441e+00
8.509571265945615748e-01
1.444408789098597934e+00
1.504455959399789045e+00
5.565798446802380228e-01
1.229165226599743033e+00
4.979029046063062625e-01
6.400155075531858140e-01
8.237952420959260280e-01
7.287055532051628370e-01
8.440612316650546454e-01
1.107636716192259119e+00
5.662935327091223048e-01
5.429284845107206214e-01
6.788503586270461243e-01
8.276453871514739546e-01
8.604209924559563794e-01
4.034285806590183210e-01
1.412765122933506312e+00
5.012115823656405622e-01
5.478551371915035828e-01
4.400796753001372519e-01
7.542319188061928914e-01
4.925824701547693585e-01
7.136102855959542968e-01
1.515306378933704234e+00
8.607960486744677953e-01
5.175218060616249005e-01
7.948516362415697367e-01
5.922459616639766944e-01
6.306758286628069143e-01
9.070648079705717626e-01
1.154069557585504890e+00
1.079832248019881424e+00
5.782965235329972087e-01
7.507595277300895820e-01
3.122364009946141938e-01
1.653661312867345801e-01
4.413437636188183855e-01
7.187357645273872997e-01
1.178300741972542198e+00
9.080725259630411106e-01
6.592075612977674748e-01
8.074696963722169940e-01
9.952256425064790468e-01
2.311515207007692196e-01
9.183735857732192587e-01
6.228056743961980501e-01
5.649111750329839365e-01
3.506790386915303870e-01
1.297710839772528102e+00
5.891047884562338188e-01
6.637336234394974888e-01
9.990151134835825175e-01
8.502779787172042303e-01
8.012124319935904904e-01
5.616979885954364038e-01
2.718672263212336127e-01
9.748665810947222399e-01
9.352381939995674243e-01
1.210599361760301695e+00
5.513460025081111660e-01
5.798611835953240146e-01
8.088542826000717501e-01
8.730722580549089562e-01
6.993484103392145768e-01
4.775262616746895894e-01
1.234968859569837596e+00
7.431574147924586704e-01
1.638692292698897379e+00
6.187661656274531241e-01
7.481356189405027335e-01
7.781336943031104125e-01
5.144192017055287947e-01
1.115141409982788989e+00
1.171577065539317175e+00
1.604984928790292642e+00
1.217389698337111303e+00
3.345986210064875732e-01
6.617377073276055066e-01
6.784046569526862580e-01
4.651010927497810643e-01
5.079339415359167553e-01
1.093773240193172347e+00
8.549757662700747662e-01
1.433217963016156782e+00
7.392498643528239155e-01
5.228883454813920695e-01
1.986084523248827560e+00
8.054347257030194385e-01
3.939420632312158332e-01
5.542986586570683993e-01
9.542923039176810507e-01
1.203915906370468525e+00
6.283619990395262755e-01
3.424695466486376016e-01
4.568086087371219239e-01
4.636087390708494849e-01
4.083367169493730131e-01
3.798126386426308176e-01
4.830114722777290592e-01
5.040810412357341619e-01
5.648634892378930905e-01
3.208600878613084295e-01
6.754424986798805985e-01
3.684414588098451349e-01
3.640561910147284141e-01
1.956958836977026772e+00
9.260656254247755514e-01
8.054040615312066942e-01
1.207059549608531901e+00
5.176437288581633434e-01
4.127442418823485393e-01
4.622995815628684335e-01
1.935022136839516183e+00
8.338123449570665757e-01
6.077339062798994274e-01
6.374916286783997021e-01
1.097574497366684998e+00
2.730520410727044767e-01
1.565755406628206226e+00
4.350150576178796191e-01
5.110083194588236344e-01
5.903374566650407829e-01
3.451016282811058544e-01
3.641598702415375644e-01
5.857691566469507283e-01
4.035760604758254488e-01
6.012540980199007068e-01
5.182765746133203288e-01
8.358584236674382328e-01
9.232425711874818752e-01
8.009721692043209051e-01
7.668883127296014512e-01
3.050832254995454185e-01
1.122559848762199053e+00
4.181681532614243690e-01
1.115988035916927856e+00
3.070623602800559571e-01
1.065798960582663657e+00
3.643204695391653036e-01
1.058182863726198741e+00
4.863649611732823175e-01
6.673182291778412267e-01
6.764561062776547340e-01
3.408095060224947681e-01
3.874113928810025143e-01
5.499714241234033851e-01
5.269498173534814534e-01
8.667596885258272987e-01
8.457573196542325089e-01
4.007805351851203568e-01
8.575784198992748575e-01
3.802969341364580980e-01
8.155152186151564120e-01
6.768319997550112932e-01
1.019920625235679390e+00
5.390691866556589495e-01
3.721993525025165117e-01
7.475723436302887936e-01
4.208021699642959246e-01
1.226930533031476589e+00
5.214438754133858822e-01
5.703438033207522961e-01
5.378800497623537069e-01
6.845666330189439375e-01
1.215708185710553613e+00
2.720760615931184789e-01
4.503207298372338685e-01
9.589868678103750099e-01
5.097365854829727372e-01
1.091068151742627279e+00
6.466875402605284373e-01
6.666802192542587990e-01
9.140349940119709693e-01
1.133527364279717231e+00
7.779639132805181712e-01
1.576746189626970551e+00
7.189735119068285663e-01
4.872815910475346568e-01
7.262839614920307829e-01
1.038281811428800161e+00
8.407540087526864658e-01
4.515357065253396418e-01
5.373128128635644707e-01
5.371306898303459532e-01
5.936415153073726358e-01
8.542505683579284526e-01
7.420312870542097317e-01
1.075707348600142277e+00
4.924582476317139745e-01
7.703591144899688548e-01
6.912204309739449215e-01
7.103685213395749543e-01
2.964661630882120535e-01
8.861343209563896650e-01
4.888719462558879236e-01
5.143927647710001549e-01
5.867381986519941695e-01
5.066587699649551801e-01
1.081846858348022522e+00
7.780360447213918729e-01
1.469153742300238097e+00
1.384293030389282420e+00
6.226857499599443013e-01
2.222413824247632119e-01
6.302114458461005597e-01
9.868957099805355515e-01
3.532168961967243614e-01
7.718303978253465703e-01
6.610987806983010806e-01
1.072709836136394923e+00
6.161594884108893000e-01
3.656332781090084194e-01
4.129211980695909334e-01
5.205262168940157919e-01
3.298513798463112989e-01
4.681563549740022645e-01
1.026369390975763407e+00
1.837373361621034151e+00
7.087791493849238122e-01
1.165027466802194711e+00
4.798428861555686931e-01
5.824203630259119358e-01
4.863829218213573391e-01
4.123266424013353193e-01
9.055605182235992867e-01
6.357081548286470651e-01
6.156223748455051936e-01
9.329732675900631600e-01
1.456592051425972922e+00
1.040622158058559510e+00
5.614864856102497193e-01
5.174559551691672032e-01
1.086312799151385677e+00
5.229328561286430421e-01
2.031209129051358420e-01
1.145154412260804389e+00
5.250539342269175958e-01
6.558682611447639310e-01
1.649684554895722632e+00
5.065297868074404297e-01
3.787268046297028734e-01
5.075208042925388741e-01
