6.819696463016184929e-01
2.172077458517318038e-01
1.169714019187565901e+00
7.342261922136349428e-01
3.743203225576838822e-01
5.881896718019314907e-01
6.243907663748813341e-01
3.848588299041599270e-01
9.527762656838066890e-01
9.203040453860878989e-01
1.270149825972305635e+00
4.728965067402006173e-01
1.017866595221393000e+00
5.970803472733140493e-01
1.030279654058359862e+00
4.416996054515981984e-01
6.443954657865600399e-01
7.146820238891443688e-01
3.156501737438175414e-01
7.004205543377369780e-01
1.532125643278984040e+00
1.151411717852948602e+00
7.039152220671961446e-01
4.702290570116603452e-01
1.036112731018807853e+00
7.796992252520557054e-01
6.505098647147925517e-01
6.967959396958532947e-01
3.595001843185842150e-01
3.880440386389707452e-01
1.136465011236230005e+00
7.743787548192330172e-01
2.582373566567571221e-01
3.651490511445560916e-01
8.396837944243767948e-01
1.361368359675622530e+00
3.270601591321627977e-01
9.358451827423267533e-01
8.070854651643595279e-01
5.070776911020401512e-01
7.895208156680482148e-01
1.005134428003308544e+00
3.705259554767018626e-01
4.336183038106061205e-01
7.271171430226996968e-01
7.603877328838065663e-01
1.067451207170458272e+00
9.728868845719619296e-01
6.258025843044996428e-01
1.106469038496435076e+00
1.414441757085151963e+00
1.028154423047945798e+00
1.146151747360984352e+00
1.194797804819378362e+00
1.015938383166764991e+00
9.768319016653398412e-01
1.150705644060685096e+00
9.009206862636995883e-01
5.741436630810118347e-01
8.269513969074998583e-01
8.876885608585758369e-01
8.925905493470289720e-01
5.500884387422309008e-01
5.730712628666521091e-01
5.443224064590884703e-01
1.091718037806713282e+00
5.548216018601463961e-01
2.218744020251822491e+00
8.095509737607625711e-01
1.733236408618392677e+00
7.462376283227470930e-01
1.176931860558215748e+00
8.871975775004237175e-01
6.155592909155511716e-01
7.014826907925671984e-01
7.463435652778116491e-01
5.521121163320504843e-01
1.445181998538060508e+00
3.793270244348669329e-01
5.745786954289736626e-01
1.508907439893603986e+00
1.016197804395155391e+00
9.570133161363247876e-01
2.903667688467819752e-01
5.958537992063823729e-01
7.488316404746896415e-01
9.795166591363837494e-01
8.292747602779457772e-01
3.568792099114858618e-01
1.114287131984760926e+00
6.445797398190059591e-01
7.087867527277257329e-01
3.500487760606375010e-01
5.562925726679935901e-01
9.599204124556871554e-01
7.578382867666587641e-01
5.141001008810633932e-01
1.181131154239394521e+00
7.504484331693668242e-01
3.568843228573036486e-01
1.253173593173668277e+00
6.024602268660314008e-01
8.792728776112758160e-01
8.043707269237914126e-01
1.395785256942595476e+00
8.474804109200028135e-01
1.138690235149049546e+00
6.114680392432529921e-01
2.553275847926805286e-01
3.746019728256057002e-01
1.146557677168220657e+00
4.307577396684763582e-01
1.129978133820953135e+00
1.494183832760141994e+00
1.362003966430343160e+00
4.876533054107284326e-01
1.257206908110702903e+00
1.272662605004783565e+00
1.056224508974044074e+00
6.597661268800519840e-01
1.047316694730798803e+00
9.695262016199587274e-01
6.877395509110972860e-01
3.458017749244010064e-01
6.867941332215595773e-01
9.257785694096450912e-01
4.965296849943624524e-01
5.726527310845197505e-01
5.482660080190651097e-01
3.747677179121433610e-01
3.672718839103194521e-01
8.378541786354128940e-01
8.883536850667196338e-01
4.029327996313066262e-01
2.562225913131358501e-01
9.860691329590043352e-01
5.289564451277650736e-01
1.079146363033937739e+00
8.086310794712666672e-01
2.791746823178619663e-01
4.506964037844534698e-01
6.083238002236278641e-01
6.149881623190284197e-01
8.506168729651552018e-01
8.127918638651666638e-01
7.064135470887438206e-01
8.538133640633629451e-01
6.935105128933969354e-01
7.089007836301944865e-01
1.175909501550488345e+00
6.022592253567742304e-01
1.268873288179527048e+00
6.655712091279774034e-01
8.616313385445563133e-01
1.694262564412204686e+00
7.423581128356869785e-01
2.809926594872567684e-01
9.056901866285561598e-01
4.989612324552768485e-01
5.467005681157137698e-01
6.255449680072646679e-01
1.300924078028581787e+00
8.260983748997988707e-01
1.547106252485012989e+00
7.932885114394072623e-01
7.866321507194340423e-01
2.707221186247850131e-01
3.682071992698080498e-01
6.682396149968976573e-01
5.614579163614982216e-01
8.353798330546127193e-01
7.984444652291802225e-01
1.457544303057752400e+00
8.878705433057625385e-01
6.914216273689522962e-01
5.364055993858445337e-01
1.308228043865512058e+00
6.561230984357344642e-01
6.441194248716584081e-01
8.681885982512130839e-01
7.286267249338478358e-01
3.900951317902335846e-01
8.486961188195480954e-01
6.275724689356154684e-01
1.111664049319384562e+00
5.695469536101258612e-01
6.556404553189832951e-01
6.945927186779523588e-01
4.485533850349213703e-01
8.076064580785233815e-01
8.870755960042929766e-01
6.157391955604208933e-01
1.451214869434202415e+00
9.186777682905343800e-01
9.177595717196167513e-01
5.810642381802251233e-01
6.230684635725231013e-01
5.659465609829021915e-01
5.393916005028980276e-01
1.053059404767517249e+00
1.257933451389981361e+00
1.329013853509625420e+00
5.081618068128055388e-01
1.124058693099031281e+00
8.281308698381345534e-01
5.855935132903619111e-01
5.093651889100733188e-01
5.308171300272479520e-01
1.177565405803101317e+00
9.766304188897323435e-01
1.081916736819682923e+00
5.536994964801122965e-01
5.038638510125518222e-01
2.321429545702609898e-01
1.100652203466722545e+00
7.399592258158208535e-01
1.132285758200883619e+00
6.725314081014927003e-01
1.159746523989631406e+00
7.553720253526529094e-01
6.891899539874125624e-01
1.002238100472008897e+00
4.392753492857686681e-01
6.658812128813785813e-01
3.998880559942634694e-01
2.777440725186107184e-01
6.417119049346680093e-01
1.219013523937513499e+00
8.561694245809322590e-01
5.910871500052938821e-01
8.669540410595228952e-01
8.818587873029296587e-01
5.518068120543523358e-01
1.451536942621452386e+00
7.133994051359109356e-01
7.343037156868883475e-01
4.657447176148585832e-01
9.655799026307129163e-01
6.139508980841712482e-01
1.612536674373153955e+00
6.782245482666655612e-01
7.217507909853687620e-01
9.442683213419669208e-01
7.359253295489752711e-01
7.755195070151126302e-01
5.455312001371468433e-01
4.000577742531272740e-01
8.958231193786398983e-01
4.685512458967139304e-01
3.675087829200636702e-01
9.767471929035941303e-01
1.348800674744661032e+00
4.399755707488385847e-01
1.099509495762854838e+00
3.836794640829309655e-01
7.830337831955604955e-01
6.394519313573994168e-01
3.423798739933813229e-01
1.199849404098473515e+00
7.523374200848902404e-01
8.829486745417639559e-01
1.193855870342837466e+00
4.558363878763584953e-01
6.044247772309706557e-01
8.115491112173290889e-01
1.330122296629315581e+00
3.143015975760231062e-01
6.393605688267460785e-01
3.054811271314009646e-01
7.177564645798337750e-01
4.844834191260485312e-01
1.166622878677302966e+00
5.868585342952405970e-01
8.986835707494368330e-01
7.942287768304103768e-01
7.437471666047098529e-01
1.387828045301227275e+00
5.890942178710520949e-01
4.709507172514953433e-01
8.323296548228485969e-01
1.113030794382133593e+00
3.661988291869985312e-01
2.019275523067428635e-01
1.530606477958509792e+00
6.211366049533357803e-01
4.321902385865081797e-01
1.255885619517413510e+00
6.210817142825897363e-01
6.776593285055507732e-01
9.324042017300595564e-01
5.249587690025168119e-01
4.445494866766216968e-01
1.416513413119607101e+00
5.497316176309238189e-01
4.762439470181607515e-01
5.234224346104334735e-01
1.508470071118018119e+00
6.930763978175464857e-01
7.513320983421931665e-01
5.219330134773353391e-01
