1.932730590726158937e+00
1.044291574615125118e+00
1.895192714139387169e+00
1.143840205830922940e+00
1.181306395216423777e+00
9.724599792267398790e-01
1.498742723131163190e+00
1.648618618914617917e+00
1.008332690907417950e+00
1.821390974612183244e+00
1.198667464776240976e+00
1.648537566789315401e+00
1.611265394291952591e+00
1.130840087985751641e+00
1.274483449632404231e+00
1.977880769788644688e+00
1.329069079350838178e+00
2.448482555647260028e+00
1.292832139092118693e+00
1.443442789188957187e+00
1.523693915080998496e+00
1.526899862894470328e+00
7.609150555136680039e-01
1.251527529777108683e+00
9.588031902858035194e-01
1.585336894200126912e+00
7.726514079399108281e-01
5.790654997221654776e-01
1.611456075502967433e+00
1.212021511141061270e+00
1.127187473432601283e+00
2.356282358772411545e+00
1.257607701461179062e+00
1.688492811166019569e+00
1.013872062751884240e+00
2.272593511777464048e+00
6.381363702484794675e-01
9.450650848769229784e-01
1.131020910636297616e+00
2.173249091773109321e+00
1.831557125643240802e+00
1.388825224576464956e+00
1.211705190276807231e+00
1.480338261337463379e+00
1.136556238951300202e+00
1.232678989145846060e+00
7.552076834911256586e-01
6.408892980503455572e-01
8.762459628347263330e-01
1.776955030504846267e+00
1.149543971279661791e+00
9.136595799879388968e-01
2.129129249063926643e+00
6.693005595584439194e-01
9.596872352146371687e-01
1.261721898784694984e+00
1.533395306753342124e+00
1.481162933033307372e+00
1.841699070287428963e+00
1.142238482355335094e+00
1.492072653638410795e+00
9.029547943931822696e-01
1.507122955948801968e+00
8.578010672684909244e-01
9.613054678422483512e-01
1.965359446718602188e+00
1.561869487608928297e+00
5.061920050188868370e-01
1.355502656298388287e+00
2.453779299867774544e+00
1.073083015522216632e+00
1.901268675397487007e+00
1.258386871897650083e+00
6.606675749731959479e-01
1.741130638232829098e+00
7.408822198234882306e-01
1.955448708835822780e+00
1.437065325604208743e+00
2.394327065555907019e+00
1.577098158363874569e+00
8.413824766128693566e-01
1.302383182545580054e+00
2.107425561757023225e+00
9.637139570947597100e-01
6.952613905752993428e-01
9.637323322892686894e-01
1.625477597140975172e+00
1.767850456209347998e+00
1.424621892620077546e+00
2.287538821727115312e+00
1.095254205897231881e+00
1.545990991924649727e+00
1.167867921411543719e+00
2.592804726511250824e+00
7.334837667614035883e-01
1.523416855268758807e+00
6.345834227631940161e-01
1.125016474633845798e+00
1.016441451942780239e+00
8.109002463284954443e-01
2.283077759285019770e+00
2.071226788708069755e+00
1.649786600646365953e+00
1.361179012931809318e+00
7.208817291656809401e-01
1.332127508746384636e+00
1.470240905121783515e+00
1.195280542145673142e+00
1.197122017220964008e+00
7.939906741699156445e-01
5.160729319152602690e-01
9.485111175940905692e-01
1.118675928849391266e+00
1.434088725832300071e+00
1.588148159751769928e+00
1.055918705582949313e+00
1.348220255344265706e+00
9.774267862814807195e-01
1.232156247924194536e+00
2.056061064287268092e+00
1.303383528805895031e+00
9.466507115414740658e-01
7.128728383119051770e-01
5.251037149190816988e-01
1.584085520080751985e+00
5.922975522549863703e-01
1.606506803350390200e+00
1.531861141873548160e+00
2.035046683464829087e+00
9.882455600797046547e-01
1.007656248900308471e+00
1.618493206933807382e+00
7.674498767187496462e-01
1.486075573455764687e+00
1.909573862627056418e+00
1.540689312157103918e+00
7.653680075569975205e-01
2.497060882272365667e+00
1.427948134468248087e+00
1.924628667081214495e+00
8.851098290296874893e-01
1.246241492700795872e+00
9.400352710828899783e-01
7.814262931721752681e-01
1.694870349009035992e+00
1.746838206429407014e+00
1.313779778267553766e+00
1.419018923656791165e+00
1.612480188246771640e+00
1.769695380550812214e+00
7.654437007880411370e-01
8.819419530137476704e-01
1.363606897958423936e+00
1.598894922155077891e+00
1.595290749398117436e+00
1.875766086684477862e+00
2.532414659401221790e+00
1.142892017467217247e+00
8.286798682650841075e-01
1.140547674549255097e+00
1.778296404517834217e+00
1.190839372751721692e+00
1.483489124755887012e+00
1.776083033251196763e+00
8.770363771797218266e-01
1.375961358834559611e+00
1.368154426511412058e+00
1.203741252596163935e+00
1.012673358962415948e+00
8.814655493387971719e-01
9.180955125908737413e-01
6.607156434739214212e-01
6.922496635001720300e-01
1.589021602603479799e+00
1.106363295131745916e+00
1.141989035981688216e+00
1.229249731068008611e+00
1.178739988789928139e+00
1.202635259897308906e+00
1.539050359649703159e+00
2.171144850774458401e+00
1.156503998305198566e+00
9.143564900071361468e-01
1.434648934428989442e+00
2.504686779711061018e+00
1.752532117089787844e+00
1.531538592968816559e+00
1.325598218811327333e+00
1.167069300761799155e+00
7.750907015617900520e-01
7.552587857375606673e-01
1.419760047948161352e+00
1.039724117072762244e+00
1.451187968656857175e+00
1.461948065623928317e+00
8.166495223051501995e-01
1.336917049414177550e+00
1.642532650727114518e+00
9.926751627669675448e-01
7.200915430360484981e-01
1.303355197901840068e+00
9.162720002611106640e-01
1.095256477593810507e+00
1.523942075359268955e+00
1.286447767626342831e+00
1.794420895360709034e+00
1.681892397947963858e+00
9.008008991203730886e-01
2.885193395550099016e+00
6.845318609908642715e-01
1.281235271398445619e+00
1.535964097637580794e+00
2.515597541397275538e+00
1.222926039700230616e+00
1.102778033745167807e+00
1.093909420554536771e+00
9.380501428082500537e-01
1.885663299230957213e+00
1.432035683194980091e+00
1.423253986495958801e+00
1.912569222339824293e+00
2.101664851026708636e+00
2.101231789393698701e+00
1.804671104847189289e+00
9.366353933895542605e-01
1.255481281456517717e+00
1.218389276004786304e+00
6.818848833098960505e-01
1.837838347212146672e+00
6.882698122724779655e-01
1.518821185608487001e+00
1.527707804544764958e+00
1.144287275676114213e+00
1.267740854501081982e+00
9.487651151968686802e-01
9.403242222378642712e-01
1.231184690137100413e+00
2.808949186762947470e+00
1.264090035863139727e+00
1.151503886441953117e+00
1.333606431512120105e+00
7.930529260590177820e-01
8.655612445264377897e-01
2.071094623720442396e+00
2.114534041697340161e+00
7.091113311980471456e-01
6.861664446665178829e-01
2.572349960385865941e+00
1.428271958413479314e+00
1.452683349573396843e+00
1.110785097824340761e+00
7.684078958159238359e-01
1.413272846976540320e+00
1.408792534401444474e+00
5.558120357637296172e-01
1.179024096030976354e+00
1.789030010208599863e+00
1.581335824819169122e+00
1.842128302391853989e+00
1.633912870242446136e+00
7.604506958633314717e-01
1.201310466491261275e+00
1.030107282460628104e+00
1.639652003465134067e+00
1.039275948765757240e+00
1.071221772677384054e+00
2.274007700896007567e+00
1.628499087749983643e+00
2.154541007852778467e+00
2.453826247876341071e+00
1.022002815084671168e+00
1.378144865385690032e+00
9.605017890464701003e-01
1.435353404150311540e+00
1.029961043021778044e+00
1.707523711736434135e+00
1.294868545507372071e+00
1.144051469423603251e+00
1.501406160895945918e+00
1.400924094935800168e+00
1.444096177753546151e+00
1.419009951585845419e+00
1.400119359979445921e+00
2.387712454877437107e+00
1.412711317200634697e+00
4.591045637804501145e-01
1.541461831481294009e+00
1.800850751208941336e+00
1.202479611623560762e+00
1.672932857963086439e+00
1.439003587970395071e+00
1.106628678475568117e+00
1.470421752173250551e+00
8.762123391533576111e-01
1.390972579493304551e+00
1.138895211110247274e+00
8.148877674569471319e-01
1.869776241977036291e+00
1.773537963628558423e+00
9.461941075554586300e-01
