9.048995951080214262e-01
4.995102298120043249e-01
4.664765653315269267e-01
1.159512713609813339e+00
1.081442755027288261e+00
1.102821526853581924e+00
1.047026576982856394e+00
9.133625044480004895e-01
5.101441933553539920e-01
3.781989671235711503e-01
5.584197605158768285e-01
1.981702206397323751e+00
6.597986769245162142e-01
1.302199096223639607e+00
1.160431554413520638e+00
9.488450802943458884e-01
1.342083331650335110e+00
8.153736660638720712e-01
1.361426641394149595e+00
6.917232996106608134e-01
1.158899076780895321e+00
8.745364065350185179e-01
2.909903367238455552e-01
1.478676263184210971e+00
7.519601060999017150e-01
1.293400376136956131e+00
1.352075517229715196e+00
6.749268311125370401e-01
8.957213422953284043e-01
1.136616994109464818e+00
3.679638298200093582e-01
3.431445195666753545e-01
9.411696341394087950e-01
1.575537391514772567e+00
1.092010338239890688e+00
9.024068913350073995e-01
2.088445818840864554e+00
4.825474605441731346e-01
5.525505436711768414e-01
1.140810286699032394e+00
1.321207342262521234e+00
7.057331922344490804e-01
6.772006154009437839e-01
1.611624528700857706e+00
7.565739430672289156e-01
4.519918909074396307e-01
1.354511449968242243e+00
1.714454821498530901e+00
7.223932772552446036e-01
3.536051497057823845e-01
7.898644015508823335e-01
1.663342553471192531e+00
1.461122797008223673e+00
9.163214151090938175e-01
8.137936194465745787e-01
8.605805631886924711e-01
1.543673507205862716e+00
7.143320243847590678e-01
5.462204805932474594e-01
1.102350628499216167e+00
9.880266281149233665e-01
8.211416644841327273e-01
8.308086321756049664e-01
3.538571483799702877e-01
9.118084210526206101e-01
8.755903814400366469e-01
5.667692453476008696e-01
1.356545361801350102e+00
5.935621288331957013e-01
4.704707311518778190e-01
4.073125646356322016e-01
1.152151726707071555e+00
1.092637600532310183e+00
5.405333546658053212e-01
6.512079798947547626e-01
7.528821273378186740e-01
1.045795224785076361e+00
1.064146846752072051e+00
1.088465310145032561e+00
1.054048067031061686e+00
7.342409293068243858e-01
3.057129523200704524e-01
8.473569794083394280e-01
5.913680683579651820e-01
1.196924541353929783e+00
1.034034065929744672e+00
7.716285570018059925e-01
9.282721109334142184e-01
1.069789105681814734e+00
8.898996514083505893e-01
1.709208350909422913e+00
7.934281637221787253e-01
9.458236578222195545e-01
4.252300937575915762e-01
1.297439469422536851e+00
4.359217017346824208e-01
1.382962692125505599e+00
1.447597901439855228e+00
1.127285479687107905e+00
7.760097929261250416e-01
7.952521548367099680e-01
7.848759385843899761e-01
1.169396647281632617e+00
1.292802071921346885e+00
1.634165095830774739e+00
6.773152644453691584e-01
9.857038429535416313e-01
1.138848545510963373e+00
6.557348409925974897e-01
7.631710595791166840e-01
1.185325153157685385e+00
1.090508576030577714e+00
6.558288861060779240e-01
1.150585166691969308e+00
7.907499403502373791e-01
1.013868864681082504e+00
9.514321630261340923e-01
1.035673477333743042e+00
6.105395623091781632e-01
2.638996162339914964e-01
9.994111320028224998e-01
1.025143739001406651e+00
5.904013448085705384e-01
5.134758991479471124e-01
1.886034094537028860e+00
7.763405155893694509e-01
3.755105728086016725e-01
7.667622870816518388e-01
6.372261997400718858e-01
5.341855125197688681e-01
1.019931550371132811e+00
5.052269300820675380e-01
3.762483720615913407e-01
9.518769517272782643e-01
6.201986236809496900e-01
1.042642519568795390e+00
8.983407192230998817e-01
1.272874115684752505e+00
3.006812736445771961e-01
8.452437285020526492e-01
1.472312894392497684e+00
7.588372380722282484e-01
1.183741703564374470e+00
1.163133692024030941e+00
1.088275575296828945e+00
4.531854009629453506e-01
1.476189884324044188e+00
7.641691478389868175e-01
8.712806271054003293e-01
1.654125619258826063e+00
8.822620761651194243e-01
4.851693258758243421e-01
7.824061953166855377e-01
1.564075627307897731e+00
1.174383937842995884e+00
7.657108261214816691e-01
3.826289273274834368e-01
7.947826703384328617e-01
1.215543775277414973e+00
4.131855070893699078e-01
9.739152306950650262e-01
1.883212958718607943e+00
5.775927381091654489e-01
3.988117388409055941e-01
1.006202098948121071e+00
6.224065878163503873e-01
6.320206160997454692e-01
1.733988810695078486e+00
3.986747091497438999e-01
1.286335485493137254e+00
9.244712138510837729e-01
8.110510577048597458e-01
6.121991783193216907e-01
6.580551269452934449e-01
1.043430257848378506e+00
5.791669035057056547e-01
8.957509611470263478e-01
5.861801694911943361e-01
5.262927015485244775e-01
1.417415278920986399e+00
6.354467620963355490e-01
8.386841316666453494e-01
6.992484699472975018e-01
6.731448810675513261e-01
1.552814780088903612e+00
6.442184386302510779e-01
1.150879313769777035e+00
1.253640871471908946e+00
7.857255253808034245e-01
6.957309396507992405e-01
6.709752644812033706e-01
1.088237753542460329e+00
6.821986327097498970e-01
9.526202727104469137e-01
1.297946451424484504e+00
5.487031595588061084e-01
9.055751249656320834e-01
6.771293733922941760e-01
7.603177490666368499e-01
4.184048677829836915e-01
4.828398168921290146e-01
1.108016440236942346e+00
6.415783569499804440e-01
4.107983565021416372e-01
9.684686966541210529e-01
8.572015890698502227e-01
3.498839933054118112e-01
1.426244560915788551e+00
7.566559956269202081e-01
1.140036715704452197e+00
8.077024446527210078e-01
6.749666531302426220e-01
6.721546518648222612e-01
6.117589829054482786e-01
2.079422040831416574e+00
1.084383630075961724e+00
1.001287131605787195e+00
1.001734558329931746e+00
7.735321114745521420e-01
9.540897927707208126e-01
5.815630841218368818e-01
5.344372447216756417e-01
7.714262895317550717e-01
4.989173074715646528e-01
1.407882093062215123e+00
6.227265922432159151e-01
7.137126739901605843e-01
6.767400706103040564e-01
5.163859622149227224e-01
1.473533990378723901e+00
5.299712226959687467e-01
1.060093890149879092e+00
1.406656380624894620e+00
6.949212976742089598e-01
6.582203279234422055e-01
3.567042475111747435e-01
7.168425819395822796e-01
5.494703204928854667e-01
7.202732211620016534e-01
7.479526230548090293e-01
1.318042491372682701e+00
8.771054372481170702e-01
1.089415758283085234e+00
4.626295519292636937e-01
1.186107362514570829e+00
1.092866622282187450e+00
7.637201873269023888e-01
1.230583176152991065e+00
2.169826202137682625e+00
7.649844935812717406e-01
6.923058788327073332e-01
1.180340247347507532e+00
4.472916411446745122e-01
1.456070696288168209e+00
6.444219146112282193e-01
7.864698292410861047e-01
1.154453354315948532e+00
7.889349766752938864e-01
1.044967755913682073e+00
1.137905256596208670e+00
3.973196255558189005e-01
8.081558123695421481e-01
7.653464048683331633e-01
1.305573125861951178e+00
7.160552387529123264e-01
8.227241738011149552e-01
1.409924434535587690e+00
7.886785400269979984e-01
6.381427121109817246e-01
1.126145189929953716e+00
7.610594499054528228e-01
1.065685702141173863e+00
1.550550786531055047e+00
1.009762478357343785e+00
7.807763970202651338e-01
5.773997011008347169e-01
2.119999426437559897e+00
1.596716899724187844e+00
1.816452834139367090e+00
1.334184511225925407e+00
1.443896644320797673e+00
1.365982920459795302e+00
1.525715784607139192e+00
4.590911523117958692e-01
8.356038147931948989e-01
1.388640409370569540e+00
3.748069982980047898e-01
9.388599157308746834e-01
1.535668335834206477e+00
9.167472394552383941e-01
6.114513714784016729e-01
1.023070032205866120e+00
1.187657200243318112e+00
4.439361370026460030e-01
2.170962366167092927e-01
3.715326883659662571e-01
1.292677505728845766e+00
4.633051013018908426e-01
6.811946176699789079e-01
1.357177460634098942e+00
