6.768221517006179910e-01
9.946371512123821645e-01
1.057791982042595613e+00
1.374383417854641021e+00
1.459458260349804970e+00
1.622168275345555744e+00
1.646734562318456829e+00
1.854187478894345986e+00
8.186596038315780977e-01
7.254185158591039961e-01
7.939337130635462092e-01
9.174881096635818523e-01
8.897538406402309974e-01
8.249716252903566138e-01
9.821288857247750803e-01
1.435770198273261800e+00
5.419255262627858949e-01
1.583752409821132634e+00
2.105402933070251170e-01
1.192456024108229817e+00
9.392979244391036486e-01
1.229000876350356819e+00
1.356069039056031933e+00
1.140909446978916275e+00
1.028203421102361181e+00
1.130929453646655869e+00
5.797944579872996718e-01
8.199287154809974387e-01
9.050942699912911671e-01
4.226872549064703000e-01
1.441925198156469135e+00
1.082196525852153979e+00
5.123489833127802262e-01
1.652239697551365794e+00
7.433543839366347772e-01
8.435254672575611679e-01
6.477565467887833606e-01
1.389808114155258290e+00
8.767316011666176356e-01
1.085974871072896475e+00
1.208665166221540854e+00
1.318280772597549166e+00
8.652748102984019196e-01
7.951179408695049355e-01
6.823220712389898024e-01
7.766689795593768597e-01
4.630985917527171147e-01
1.038307546105873724e+00
1.010506745531395412e+00
1.109287176677536957e+00
1.267979670866290043e+00
9.753531928707960263e-01
1.056568198695957195e+00
1.332065309997163771e+00
9.451966175954955585e-01
1.674916535201629531e+00
7.637007551893354451e-01
1.046675478091807276e+00
1.637560187964131275e+00
1.152877789534226816e+00
6.103031162350708305e-01
6.659478049706780700e-01
1.000224863792059216e+00
1.168373315504166232e+00
9.831586464116185420e-01
1.422262112342308704e+00
8.084191023814683019e-01
7.422276270111483054e-01
7.547495629069683742e-01
1.604128468271418972e+00
1.060271487980078531e+00
7.580510593436510236e-01
1.773365688413184094e+00
1.185828852958301871e+00
1.020938235037185615e+00
4.452988606066632937e-01
3.893315288664285778e-01
1.738191406567069164e+00
7.561413887534614853e-01
8.738645678082825885e-01
1.031868459600135068e+00
8.881700795675249172e-01
1.440722235741506596e+00
1.074514216383632093e+00
5.387243544297175557e-01
3.152121292784748063e-01
1.425262138363858400e+00
4.772672559948538673e-01
7.796889972233392863e-01
1.648773669740636993e+00
7.002972227495023461e-01
7.706269906106201217e-01
7.866876811525718161e-01
9.603095862132580152e-01
9.266600558420735601e-01
5.700950097503522107e-01
9.843539709330890730e-01
1.172541209812608454e+00
6.400830746371951596e-01
1.139070497866949250e+00
6.944490025102578734e-01
9.447021065736896928e-01
1.074575943557907420e+00
6.169711904923569357e-01
4.084663541230254546e-01
1.258782789722996842e+00
1.115995871260904826e+00
4.525081522382068400e-01
4.425031623837384354e-01
1.195985226976372884e+00
1.575066558588068322e+00
8.088311121002473847e-01
4.625309755614674945e-01
1.599704322406457768e+00
9.981636877437867206e-01
2.221791751771365231e+00
1.057023984390554672e+00
1.460391012543460043e+00
1.053017552328069595e+00
1.314393728122543070e+00
7.991361093438874574e-01
8.290260471203865222e-01
1.714697483408651912e+00
2.174899850875835483e+00
5.369813433902004274e-01
1.333892977913189171e+00
7.364821610767025017e-01
1.135669173163295298e+00
4.596896504095500102e-01
1.197771262818608129e+00
7.270145240393028896e-01
1.046433277252905691e+00
3.770708409267123917e-01
6.964288227172734658e-01
6.873865121072113560e-01
1.448951924390625479e+00
8.772434214592810253e-01
1.131071486207580579e+00
6.695087495895940544e-01
1.069598381528518383e+00
5.869756772771941300e-01
1.010928822075762401e+00
1.688304373126854330e+00
1.121659423512498366e+00
7.101049766339254665e-01
1.297820677596067673e+00
1.633301668130901163e+00
1.110610501625561630e+00
1.562307156055421142e+00
1.072244833662552965e+00
1.458924752498216515e+00
4.844544281093851046e-01
6.799826908398930447e-01
1.280329311339844400e+00
7.359667235931516283e-01
8.750626805937973263e-01
7.404527816286146091e-01
1.278193003301182351e+00
6.429018949142530914e-01
5.796369305559888607e-01
6.641534611505368613e-01
1.232071165291813708e+00
1.036832319430292415e+00
1.212700555919149048e+00
1.689761593562876030e+00
1.014840098332401741e+00
1.026019602499820937e+00
8.154453990069242542e-01
1.359833653596231873e+00
1.815345881598949607e+00
9.760394238470442296e-01
6.207064692892256819e-01
1.061597991487067461e+00
6.354363911274023557e-01
4.063907049886640310e-01
9.198534027510848476e-01
1.216801392022191397e+00
4.369948342279499909e-01
1.266416954925345228e+00
2.718865936834353181e-01
6.172806459966425630e-01
1.487711820837138266e+00
1.270904074765256242e+00
1.600525267472805657e+00
5.628543355290337447e-01
8.982976638327099250e-01
4.522792523612485516e-01
1.679304392299627580e+00
1.543247407588945741e+00
1.201595368437168743e+00
1.234791666588517911e+00
7.292103920993179278e-01
7.315595439769745356e-01
1.513847399721295561e+00
9.077866508798950740e-01
1.409613984010475107e+00
3.496155676776874222e-01
1.798240941268667958e+00
1.156562770607611368e+00
3.740918119019533972e-01
8.055788490230847421e-01
1.400027066893042127e+00
4.858924669498563276e-01
1.624282492247403509e+00
8.926001002975707532e-01
9.303249491946588012e-01
8.218173149755232387e-01
5.801708627716377631e-01
1.075294750603974059e+00
9.935214907315343957e-01
1.124424496937518558e+00
8.901207103524855224e-01
1.296020756763700321e+00
1.110054946269000364e+00
8.763659738286673218e-01
1.528131338649161952e+00
9.955848267834084275e-01
1.651093228635086341e+00
7.996997420319623684e-01
2.321466934346674282e+00
7.713961066271582956e-01
1.023611499602075314e+00
1.385443808994450965e+00
4.801989954193389698e-01
6.686623467559664746e-01
1.190595259631821667e+00
1.559817795652299388e+00
7.409891540134555532e-01
3.885611833647852342e-01
1.238300916459816881e+00
4.691271956759656692e-01
7.721916684920558938e-01
1.170406034229301007e+00
9.776383412826959995e-01
9.636040806105208301e-01
1.502623800987194613e+00
1.066168593095387029e+00
1.375360242025399860e+00
6.879501462930678324e-01
9.776487293203545148e-01
1.177904650225895633e+00
6.496012392801472357e-01
1.951040200159629867e+00
1.209791846312824326e+00
8.196460013620633367e-01
8.073216476217740523e-01
1.679805777600362537e+00
1.382056122331570380e+00
1.126829212922368484e+00
9.679252499850033997e-01
1.700454220667171557e+00
1.402439719237761118e+00
9.449029025732165188e-01
7.453352332656629775e-01
1.880492661534279630e+00
1.719548989706869646e+00
1.058473688016837055e+00
9.182387527879868339e-01
1.584943571656315386e+00
2.092125928479313668e+00
1.292172166639194542e+00
1.317598360450396910e+00
1.173356555027923021e+00
1.042126365866923310e+00
1.674509682315465486e+00
1.161568274946240154e+00
1.180845578623433978e+00
4.638072792373259534e-01
9.088483291577881262e-01
8.138540811450960533e-01
1.219119382371343319e+00
7.856132498831587263e-01
6.153061879128747247e-01
8.390739456882824188e-01
1.276519745284200757e+00
1.896231475590826721e+00
2.071833446645419130e+00
1.203335356501487263e+00
6.350228132885914478e-01
5.439361703790582814e-01
9.905950930432660950e-01
1.423826789383125568e+00
6.159439330986766770e-01
1.112990689770497088e+00
9.403040429489383234e-01
1.572038903661143738e+00
6.656348857577348843e-01
1.176886063986175790e+00
1.210317209963171381e+00
8.995601162164280629e-01
9.616285294802614514e-01
6.432992102753141150e-01
1.399813188483809645e+00
1.642051483049135285e+00
1.092929982229273289e+00
1.665642773005203692e+00
1.217151617336524660e+00
7.614656076721070255e-01
1.382148418265584766e+00
5.240261921744213680e-01
