3.903844586917150306e+00
6.167548073891579108e+00
3.959315576484291110e+00
3.969777725410264413e+00
5.405098703126687276e+00
5.386372061090281882e+00
4.167798247619097118e+00
5.520582885662258299e+00
5.462723767127231511e+00
7.145318342226794961e+00
5.388289532253041969e+00
5.508751298587927003e+00
5.269051627085957534e+00
5.037174423353873109e+00
4.864621722269575343e+00
5.479540925132583951e+00
4.695973119152885289e+00
2.780738304322666110e+00
5.654037264607080004e+00
3.075761530756418338e+00
5.775270452798663356e+00
4.442558399593329987e+00
4.739172734218414895e+00
5.129355171588092510e+00
3.753356347885322908e+00
5.657849826027591789e+00
5.542547346849800327e+00
5.479520139197100015e+00
6.509981004898006240e+00
7.024230890132272975e+00
5.072853322967260326e+00
6.562637916744912481e+00
5.756134062075218161e+00
5.291156572192676322e+00
7.289692007244801708e+00
4.649748764233311071e+00
5.051449808795517527e+00
3.903336166541299335e+00
5.409433183383466570e+00
4.666894281043505011e+00
3.950763493453057329e+00
3.890221778525014162e+00
6.015635599460207317e+00
4.745121053655233290e+00
3.282760595569539142e+00
7.476492792993573389e+00
6.100703642252391923e+00
4.267620477735529327e+00
5.579241927178660632e+00
4.070510330585729974e+00
6.556904145845346754e+00
5.849072307757642974e+00
3.426921028929839963e+00
4.562117302599582480e+00
5.661537684046366259e+00
4.209784710887660708e+00
4.095833700248365794e+00
5.479610959013907490e+00
5.661864298603842549e+00
5.515178779643774121e+00
6.086094473366673974e+00
3.871467177773478152e+00
4.593990882162571232e+00
4.577418711546794583e+00
4.141250566833567959e+00
6.023035468700194350e+00
8.062136628485472301e+00
5.583448718404761202e+00
6.419904292356591213e+00
4.836974254936925455e+00
7.362665152090194454e+00
5.449117290727389040e+00
4.298471715073898025e+00
4.897502667718422131e+00
4.234142243321008969e+00
5.524908621132280651e+00
5.188314424621241372e+00
3.651163896313893709e+00
3.046680034880666632e+00
4.518734464200060863e+00
6.906333039230363013e+00
3.453609451228037752e+00
5.777739891550355722e+00
5.644542975351638070e+00
6.432475635727771035e+00
3.645160104347763053e+00
3.669449278260271896e+00
5.269628164451062524e+00
3.984488180008976865e+00
5.288968294569762918e+00
4.599605311116784279e+00
5.824060660172740711e+00
6.344534541464797783e+00
5.854359597741146004e+00
3.277478626378687920e+00
5.225709338976997742e+00
5.989922162922690418e+00
4.690660536642347722e+00
5.367666784075532327e+00
5.915673157160420637e+00
4.058375346848138499e+00
4.117290160508996877e+00
5.975474765226317153e+00
5.045111714080793064e+00
6.583823854316694479e+00
6.051353160379076002e+00
5.513612712113630465e+00
5.578378391386625168e+00
6.503253652072527480e+00
5.218186124349022847e+00
4.076050446442572195e+00
5.366129374631767313e+00
4.283097577528241828e+00
5.238639180780256588e+00
5.460023402463423103e+00
4.889337561049674541e+00
4.751865161884874844e+00
3.860665197886998801e+00
3.701388703087543419e+00
5.221072732717404463e+00
4.182360887371998182e+00
5.466224793233397605e+00
4.553175987605863284e+00
3.652973186796753868e+00
5.850452117936449703e+00
6.711801450672340685e+00
4.574985463954158504e+00
5.365046363636285953e+00
6.680053256140683793e+00
6.018693119518019330e+00
4.460416770188651014e+00
3.916758100322440317e+00
4.899187494717665459e+00
4.266550375515931748e+00
4.242614013074913260e+00
4.263917004426714286e+00
6.001535397793536397e+00
5.178381961429531444e+00
4.929610304653196273e+00
5.953579523326292033e+00
6.135160285808296976e+00
5.063671994714626479e+00
5.292931965395861305e+00
5.826399191393441868e+00
5.212025826424335762e+00
4.365827475608694996e+00
7.629040973674483972e+00
6.247182873385066060e+00
3.522373953341161545e+00
6.279666757678374900e+00
4.111566628835029213e+00
8.165719439550962022e+00
4.667269819373641049e+00
5.244758589289768125e+00
4.956457680443567604e+00
6.048140747503421899e+00
4.028792589649986766e+00
5.814776411947573997e+00
5.830025117935029755e+00
5.567960959325705339e+00
4.968601331587966463e+00
4.088077757498539633e+00
5.807930607907907827e+00
4.051226908437513430e+00
4.929686352716955433e+00
3.771910900918495901e+00
4.284123494465139181e+00
6.155915732074644708e+00
7.629276179659517432e+00
4.018552526319781215e+00
4.896692740255372378e+00
3.990420947469043078e+00
5.166368548048398068e+00
4.050745233724975414e+00
5.482145325677315384e+00
5.291086697193997601e+00
3.685352398858196210e+00
5.013741370949601261e+00
5.297041575500645472e+00
3.282587846375777385e+00
4.610308420887423431e+00
4.178503701791155933e+00
4.133493283864863699e+00
3.926575199913998393e+00
4.299970915602489896e+00
3.678465182676475376e+00
6.484361677212267416e+00
4.275915246931799807e+00
5.275864934382696880e+00
4.361015401428057103e+00
6.846769720637033707e+00
3.714552255122084201e+00
3.395857313556291945e+00
4.991877483220250156e+00
4.843635704920817631e+00
5.907161031374576154e+00
5.169328264612421009e+00
2.446810394272810552e+00
5.036389400495525415e+00
6.087230010176359229e+00
5.751837220155057828e+00
5.623606868546478843e+00
3.853232942609276179e+00
4.086061930734837588e+00
4.314307033152027238e+00
2.321063758581157987e+00
5.081016428488084102e+00
4.131994499644846996e+00
4.486222799685252838e+00
5.258628570602506436e+00
4.994872623379871257e+00
5.052633786027367790e+00
5.795325483101803954e+00
4.994732352697784705e+00
5.416443044857286893e+00
4.168691172450132321e+00
4.346679297197604264e+00
4.922853528641009113e+00
5.050356627172494228e+00
4.378902417558025562e+00
5.963542082461207983e+00
6.061154789575931012e+00
4.299105333282400743e+00
6.662468310385015968e+00
5.788376393654228735e+00
4.465852192873590809e+00
5.029675847088307172e+00
4.438049456779288526e+00
6.282978658141082917e+00
5.470105445465729410e+00
6.767519407621918504e+00
3.713013138521600531e+00
4.774251526044433369e+00
5.777450916401084768e+00
5.050411266113163045e+00
5.276391499248640926e+00
4.111942823890210263e+00
6.029366219300121621e+00
6.379545920279767302e+00
5.792619113887761628e+00
4.750060031503859470e+00
5.429306548708298763e+00
4.714393021283150631e+00
5.324479575469138304e+00
5.435796948858838462e+00
6.139421565286100169e+00
3.501856133226829204e+00
4.502920817209138171e+00
3.806492499123432793e+00
5.563455093037998900e+00
5.733836253027278396e+00
5.208469864131251903e+00
7.068650285014839163e+00
8.280269383581792653e+00
6.989146626188595945e+00
4.386742104055087133e+00
5.121830808305343652e+00
5.830818038835097639e+00
4.404136299523244702e+00
4.342075156419270776e+00
4.831685082053714275e+00
4.917975781663336932e+00
5.786371637724440298e+00
4.336755150196093034e+00
5.873102604448263264e+00
4.036763316238876520e+00
5.714367805602449835e+00
4.164158976419090052e+00
3.894281601457123543e+00
3.412861445420071860e+00
5.583057085581905277e+00
5.972955902819889751e+00
3.917780222547528446e+00
4.996670016318478069e+00
4.749438260497442776e+00
6.269607828316319242e+00
3.924489239476353752e+00
4.127763979641089875e+00
4.460023410456943616e+00
4.489343167869602524e+00
4.573621530297694804e+00
6.703177477528535988e+00
5.124368952577319725e+00
6.260586611320793082e+00
3.911550421312517400e+00
6.240665831324120560e+00
4.273308564221031780e+00
8.931597289046994348e+00
4.590235578422158902e+00
7.058513382576521167e+00
5.145832840161316035e+00
4.294366829829688648e+00
4.392083358800264570e+00
4.421075920416420502e+00
6.742589306712429398e+00
5.316156751136835723e+00
5.632475462639924935e+00
3.004887458187372129e+00
5.522421656940450063e+00
5.230028804860662461e+00
