6.648156317646805036e-01
3.003906523171632204e-01
6.109408210361736424e-01
2.604339107080570481e-01
3.218664010865446845e-01
2.797838641885324051e-01
3.686328889215341742e-01
4.589022157793218870e-01
3.915127475064738016e-01
1.201219881016525770e+00
2.764173221537056246e-01
5.065438157824680987e-01
6.177616943314329090e-01
5.958941277230999090e-01
4.587052307292555087e-01
3.282644518300512626e-01
4.099088008712344355e-01
8.506463331685878426e-01
1.201623773157468156e+00
4.656428580071238499e-01
4.046501655260638097e-01
3.003366909038801547e-01
2.896222023347998498e-01
4.214282904906775928e-01
4.584653358321847394e-01
7.189437287493408713e-01
7.635747991044670169e-01
1.651785110514981447e+00
5.557709823974301688e-01
2.152171280688840727e-01
6.975153691355580055e-01
2.008667425349801305e-01
6.302868918459904046e-01
6.564976233667019212e-01
2.071397093543266010e-01
2.977846129749546211e-01
6.535155936926431153e-01
8.509609233387233074e-01
4.645379164266459360e-01
2.943916667964120992e-01
5.512677545074787799e-01
5.509890970995182657e-01
3.656359418143315110e-01
2.449338069771214710e-01
2.608404070224009108e-01
7.400044892680286424e-01
3.989689441817459437e-01
7.277702219432921060e-01
3.906556671744298437e-01
5.105201695148975372e-01
2.590241464362233459e-01
5.054319970017985275e-01
4.787374871286969036e-01
6.956664834333928793e-01
3.797818310566729028e-01
2.777634688707196209e-01
5.426620278079004045e-01
4.413626873814120999e-01
3.855516258150089581e-01
4.208473239065532168e-01
1.783572514984936297e-01
5.751510760816340717e-01
3.805951387713381040e-01
2.150827385407721726e-01
2.997677353638930620e-01
1.879782873172059221e-01
7.749977527476057393e-01
3.580379542679774652e-01
4.618144368880125472e-01
2.080254589572746726e-01
4.513832442426127800e-01
5.884477918210191394e-01
2.252417320930248379e-01
7.589992542118655372e-01
4.138334748501262261e-01
7.865476402266162737e-01
4.495833981378778987e-01
3.775949143037567457e-01
6.049778432252320703e-01
3.346773919936651409e-01
3.837319990217044063e-01
2.809348545833881272e-01
1.212664476369097244e+00
6.643092256369504955e-01
5.512916211631574415e-01
8.351069432649306234e-01
1.035320615242499187e+00
8.900193993758827027e-01
3.015129781401282294e-01
1.180550409743149398e+00
7.471865747470868291e-01
2.804501837475173454e-01
4.006991212482060027e-01
2.322470020602686591e-01
7.124668048964761802e-01
1.021070920137046922e+00
3.282128597287304328e-01
8.600799830754529696e-01
3.228871676686177472e-01
5.624141756849319052e-01
3.671726213346101497e-01
1.056266632453391363e+00
2.453009798301505617e-01
3.756073567582280948e-01
4.907142733593715667e-01
6.870512678508927662e-01
2.543912100568724854e-01
4.299135287193433519e-01
3.319176069795675144e-01
3.005510701221478231e-01
7.081585259188343251e-01
3.657273765193254644e-01
1.596054913526329389e-01
7.081494415012412613e-01
7.258194975749607813e-01
4.052888866154626957e-01
2.659007968912601716e-01
4.865538242955813053e-01
4.091735469527841285e-01
4.136564083086823329e-01
1.481462507473878309e+00
2.816487867562211811e-01
1.475008390755155052e-01
1.171798386677229464e+00
1.023380892362812489e+00
6.794889440319201723e-01
8.528080258612352749e-01
6.485768440678020275e-01
7.737992521226335629e-01
4.459487289357230710e-01
3.471111789014408311e-01
3.421197806731958724e-01
8.871146521029495968e-01
4.209630616214430354e-01
5.183453296441045133e-01
4.789681600154795937e-01
4.003993068622223594e-01
5.677729450810632406e-01
5.020777922894650303e-01
4.342177604783637457e-01
2.060648221781994915e-01
4.831769927334202408e-01
3.515228377709617158e-01
3.361494605424684146e-01
5.460644810397167204e-01
5.351718105961209559e-01
1.033975141973272560e+00
3.003854531154083740e-01
3.602889876990144069e-01
3.072278794621859932e-01
1.620097389788175135e-01
6.727813681854929451e-01
4.982187348953057149e-01
4.318140628951757098e-01
3.170739837736294420e-01
3.908857657277394759e-01
6.087047698409723262e-01
1.161926948250987079e+00
7.862431997411937212e-01
4.169890442146947929e-01
3.859861772737454566e-01
7.162412417697070488e-01
4.709249613652758404e-01
7.616859514759036776e-01
7.315420787961851579e-01
2.952890441881768635e-01
3.161375312506273794e-01
3.194803725455262478e-01
2.442719001904953002e-01
4.130800259418307974e-01
1.437149474648023728e-01
7.247488120721690130e-01
4.144954405562081279e-01
8.274081420699764822e-01
4.547443275395559592e-01
7.384714744482410165e-01
4.905234844916899761e-01
7.269392502479302687e-01
3.376994845516081978e-01
8.420383749357922554e-01
3.003178498919581996e-01
5.095836923864858203e-01
6.063480979805867532e-01
6.804688850148786772e-01
4.300598192678772858e-01
3.273266432120869873e-01
8.338048354156839537e-01
3.617045623709633229e-01
4.092190288731297199e-01
2.798529358995968108e-01
2.808737687291393281e-01
4.344061924768292116e-01
1.176289399345069153e+00
4.874312683350391917e-01
6.388037260879466661e-01
5.695416775351066496e-01
6.497460968621232569e-01
6.951498593874095855e-01
4.131062042821715408e-01
5.051044588542817904e-01
7.461488030279018746e-01
4.897873750335290932e-01
1.045642366317496741e+00
2.739789386520524728e-01
1.095674051486237310e+00
3.027582332248167085e-01
2.990555832261397318e-01
5.198939047637665123e-01
3.687412894129713514e-01
4.754245098435763706e-01
3.203250030220393674e-01
6.112963189924593976e-01
1.206508172543003798e+00
2.633798676348579892e-01
4.335455594164993598e-01
2.665091773140182974e-01
3.074125745700815315e-01
6.556531130871426916e-01
5.269227326458092442e-01
7.007667215692172658e-01
4.400413301071819938e-01
3.570534735389112035e-01
4.696231357259595396e-01
3.664140936574522001e-01
2.933043492038242550e-01
2.747423040192227273e-01
5.440199014322260052e-01
9.838617799704505451e-01
2.745517677979735227e-01
3.029543607328250565e-01
3.052795969430424639e-01
4.207122755043959939e-01
6.766953738438978849e-01
4.229109691579025498e-01
2.032042051394310767e-01
2.920295368408551973e-01
6.948419607308589097e-01
1.124622519510536600e+00
3.281966638009704562e-01
3.415452841709927800e-01
7.315249305556086323e-01
4.347744226173053672e-01
5.684182160067910994e-01
4.737295667611485794e-01
4.448198073880837988e-01
9.694005962562166068e-02
7.757141872125906668e-01
1.043624262081540355e+00
5.327137256076596161e-01
4.248611326064591354e-01
3.641592563097740265e-01
8.166468819417216363e-01
6.620579855040820139e-01
3.115249100908166202e-01
5.141793878843191612e-01
6.096473135242553854e-01
4.888776435013528765e-01
5.766156905309780534e-01
2.956829904055049418e-01
4.231735831403075632e-01
4.263392018748716206e-01
3.579322907742134019e-01
3.320201142890412682e-01
6.091385932649352464e-01
6.030541663258045526e-01
3.501503094276048333e-01
2.728782231700499494e-01
4.594982440867402818e-01
3.434339820285217115e-01
4.978730031577933701e-01
5.237365520384228423e-01
1.410607789684640956e+00
5.117208665145545066e-01
4.484644972208343128e-01
2.243930462986414021e-01
3.132631128112942642e-01
4.217187774106095355e-01
4.582799545286340703e-01
4.642307319524905385e-01
9.145549205031513473e-01
5.851336593620007909e-01
6.235777498738646063e-01
4.929292835421724694e-01
5.888721233991507376e-01
2.546535943861786278e-01
1.241332757268203579e+00
3.081440859497897033e-01
5.015678559953091753e-01
4.876675393567819761e-01
7.207850449402761761e-01
4.876662356993142211e-01
5.896705589676743964e-01
4.912595185472796167e-01
5.416137221108322519e-01
1.204192839932538422e-01
5.065820864464714024e-01
4.379838111299687586e-01
4.103867285990009384e-01
7.400121807440500632e-01
5.128822882506677283e-01
