2.786407449870796360e-01
4.617490812514595255e-01
1.698754875580530399e-01
4.640718015423071496e-01
1.936120499359094693e-01
2.966104287781876625e-01
4.266130315314137222e-01
3.017165764279781115e-01
1.578763366487439257e-01
3.570674489024209808e-01
2.205674235186463883e-01
3.329394576267605266e-01
3.100653083857601300e-01
2.620315867386811548e-01
5.228439122745622836e-01
2.327306970882111470e-01
2.206842952671489444e-01
5.540142266757409617e-01
6.358858977948151914e-01
5.064719094937359944e-01
2.684156405149091262e-01
2.518956602940560230e-01
3.183176323239971794e-01
2.923396465589150894e-01
2.988692260482378460e-01
4.418571829630206227e-01
1.366761688081737924e-01
5.535116947289285827e-01
3.723142604449359294e-01
3.517255962373558309e-01
2.550289152853416064e-01
2.784645046048689343e-01
2.101232419881297053e-01
5.056367022974207481e-01
3.752481873490607911e-01
1.957596738048114626e-01
4.613198914944253715e-01
3.513902881222490393e-01
3.501408505593406328e-01
2.782003155137197647e-01
7.499614135013551453e-01
2.649944938355749402e-01
2.128171397776560669e-01
3.180470311145893736e-01
2.658802295190519360e-01
2.565001903434896979e-01
3.063952995960069758e-01
3.428433560394575363e-01
5.638245051891075388e-01
3.849100989051464361e-01
2.288798035240245388e-01
4.167849279887849701e-01
2.197041733841026412e-01
3.422623890738753505e-01
1.026940563964608699e-01
2.955167027664971080e-01
3.650660721525676999e-01
3.906150973241996338e-01
1.993304152526118589e-01
3.619883196172214990e-01
2.326814018548413465e-01
4.019061332752362770e-01
5.359523465105132667e-01
3.134935955332685542e-01
5.043116713572771692e-01
1.901336138364425610e-01
3.604910812012037669e-01
4.486645135473790735e-01
3.179964870534578991e-01
2.065657003616638288e-01
1.663369422761504235e-01
3.537573232784646526e-01
4.851214344146052015e-01
6.266528881146513630e-01
4.363891132538805784e-01
1.549726125883593986e-01
2.819144404341666910e-01
1.284659348233993525e-01
3.364273883432259971e-01
3.051959909880621602e-01
4.029608053522927835e-01
1.104205246973234966e-01
4.031043561790310092e-01
3.460032059621871436e-01
2.420343248048986429e-01
4.349231406728235605e-01
3.517652506369579601e-01
3.247131606092762968e-01
2.527769516975078568e-01
2.092614883718073027e-01
4.139667239920009623e-01
1.836686817122846760e-01
1.162190571064065092e-01
2.413915577141450275e-01
4.094783372654013931e-01
2.243210625001167136e-01
7.856267927557087916e-01
2.197577195154421792e-01
2.277794478266762235e-01
2.806961001018508650e-01
6.968034284178158400e-01
2.083792939608046513e-01
4.606565006729353984e-01
2.818416977773684495e-01
5.083094682652125051e-01
2.266052186729204665e-01
1.981098173032343479e-01
1.497542241313927769e-01
3.017510284942823695e-01
5.877706729073943759e-01
3.431519441857530661e-01
1.750541130400864731e-01
2.516858811568352117e-01
1.776605013422478951e-01
4.821672002885367680e-01
2.612549020322590954e-01
2.465657810292046503e-01
2.589453260345202512e-01
1.220970337909867420e-01
3.218138980237728042e-01
4.522004228941197690e-01
3.414892271167739302e-01
4.869019692244940800e-01
2.471443545697655508e-01
2.334116796077534695e-01
2.409783080631509034e-01
6.236351297428037732e-01
4.630609615322942019e-01
3.098551442702986436e-01
3.102007120425620545e-01
3.780600827402285091e-01
2.624191218671146908e-01
1.425212057344953931e-01
2.036733806625133092e-01
2.400614130467481622e-01
3.031295870145391813e-01
2.458367717197758595e-01
3.222358450490361292e-01
2.659716861953736466e-01
6.536718813664977867e-01
3.107872431442851302e-01
1.686168096674379724e-01
1.895474187237135011e-01
3.762718190850481426e-01
4.595034329898813330e-01
2.025649942527265879e-01
1.766786759675217366e-01
2.273092916318348589e-01
3.044136817344144097e-01
1.625866023917768299e-01
9.303187381887764174e-01
2.435292958268897856e-01
5.652121922499931950e-01
1.491788311905399567e-01
1.811144740255464514e-01
4.192527237012639851e-01
5.972459736164810185e-01
2.589171515505289678e-01
2.238381505530334659e-01
2.567795946139779240e-01
4.138800465195340839e-01
1.876587144747332014e-01
2.228397437488773836e-01
2.038498385469224572e-01
1.794918059040511160e-01
2.994893513092972692e-01
5.504227403210919523e-01
1.678979005373480438e-01
1.165055155842407431e-01
2.844145196366119066e-01
2.422018118595893610e-01
3.073207077401624576e-01
1.982408520799962270e-01
1.638365498085003480e-01
1.975060695061150451e-01
1.864261785441479469e-01
3.625532482712133797e-01
1.263973750477668800e-01
3.474812041485482172e-01
1.449628988958207576e-01
3.378469230784564847e-01
5.687112360396302524e-01
2.304864330781104809e-01
3.706355605495268435e-01
3.843922385271512643e-01
1.612677475979206743e-01
5.981440730991384180e-01
1.330432853701515317e-01
2.065117187455117465e-01
2.134829343333099760e-01
4.162508005272992362e-01
2.969398488915912515e-01
2.961940612318954003e-01
5.965263204814060805e-01
2.498093481306098707e-01
2.565989998134033945e-01
2.867725306113889094e-01
4.670512185571787378e-01
4.081206820020890080e-01
5.442948326080557786e-01
3.838295406288181333e-01
3.093985897243561323e-01
5.300036602809347075e-01
2.867965740250748574e-01
2.662800539140224854e-01
2.492338600142412208e-01
4.294101426492314411e-01
3.040428223362670046e-01
3.397465290318500974e-01
3.256088052723459803e-01
2.240287331324026521e-01
3.127311806050488419e-01
5.046427625867422329e-01
2.957414038020281244e-01
1.618225490488970075e-01
5.494200435457313736e-01
3.004311663601199056e-01
2.210372597026394326e-01
2.707918640664067067e-01
2.035949663598120019e-01
3.025530340637719307e-01
4.712213846158386787e-01
6.320562777519960207e-01
3.466314351704277708e-01
3.835370059781319507e-01
2.809360075207276708e-01
1.694028343689680249e-01
2.598963433524968392e-01
1.708808599885495993e-01
4.546151084153254862e-01
2.413197929286131915e-01
5.493047399340451609e-01
2.487533386480057229e-01
6.485661387579932935e-01
6.372203870961662409e-01
1.906212911393576348e-01
2.251893010563733588e-01
4.815041749155514750e-01
4.459779248084657088e-01
1.669539798452897295e-01
4.998150953051406775e-01
1.528741743502544381e-01
3.209070588574248761e-01
2.541843534658891901e-01
3.659957788823647307e-01
2.279364400448996297e-01
3.975137143962863551e-01
2.415887595630420159e-01
1.104177116800848374e-01
1.888790494701609035e-01
3.778442995010183880e-01
3.402505446901595287e-01
4.769642097564291139e-01
2.922345478607480951e-01
3.151665793960142792e-01
3.708023132067040928e-01
2.627165690446592872e-01
2.577134638086089335e-01
5.910316267941224666e-01
2.738834031715463579e-01
4.087908848174365284e-01
2.933282543193513336e-01
5.521328623754175879e-01
6.177287138056432036e-01
3.513166202554768858e-01
4.629143540906821008e-01
2.373238451786063574e-01
1.987237842719447034e-01
2.837841045766805737e-01
4.053459271971814326e-01
2.535615535581458024e-01
3.358434185032982411e-01
4.343997004428350461e-01
5.419689371316011028e-01
2.832543759210416900e-01
5.170379877654253109e-01
3.709651039015617879e-01
2.519890028304676566e-01
1.801250329302694075e-01
5.149936628656606175e-01
1.804004283219284022e-01
2.380911478463013375e-01
4.270928016467370747e-01
2.589190062759650357e-01
3.233968180908904366e-01
2.019047521043130233e-01
3.452073059170748248e-01
2.800978685375896671e-01
3.134898142377273711e-01
2.312661394296091355e-01
3.022244107844840322e-01
3.213215818283836067e-01
4.115525720861795134e-01
3.120422225784376113e-01
4.871995508274259978e-01
7.786310605701499132e-02
3.372166122453303383e-01
2.275367117421948082e-01
1.830058930637240011e-01
3.040961780284284210e-01
4.406116404914365292e-01
5.764132558037553533e-01
1.343232509255950780e-01
4.801243550894510048e-01
4.381317002610201627e-01
2.844259793104410572e-01
3.200316073834303388e-01
3.089600511576416908e-01
1.029271534214621087e-01
2.478794069286414381e-01
2.375427599110719878e-01
2.008299176017763199e-01
4.045153442539466404e-01
3.181723128948847346e-01
4.946248026040450663e-01
4.232239091624624416e-01
1.312978104218363029e-01
2.507299295938090200e-01
3.659558817232616001e-01
4.063885646764928694e-01
2.852372002721909605e-01
2.057567329273762569e-01
3.501473306203576885e-01
4.253703171618526957e-01
1.965523824262356833e-01
2.313985759060908087e-01
1.803070409351511805e-01
3.002610658804785726e-01
1.619347775179516835e-01
2.507062769794044521e-01
4.105817807379714135e-01
2.683488331166433150e-01
1.921981936047383877e-01
3.123393045985087824e-01
2.594990291448579511e-01
2.373625942294529945e-01
3.265158692340108804e-01
2.979944295888072858e-01
3.772597860065455833e-01
3.532952956643459763e-01
4.678944603465002849e-01
4.972623670570704979e-01
5.312790495988984896e-01
2.260517457659504126e-01
3.762761662329456303e-01
6.108164953258369279e-01
2.948384841410595092e-01
1.742906178672243289e-01
2.981686901831533398e-01
2.421074589238419172e-01
2.049442365974355196e-01
5.915376851703297856e-01
3.281229858430316226e-01
3.076031464749666156e-01
3.063634861772360773e-01
5.568848097430083577e-01
1.842717272956503338e-01
1.206896359414162817e-01
3.163299307229135993e-01
3.306857508130165435e-01
4.680205111088481251e-01
6.705361254075989930e-01
2.596140876140026199e-01
3.291651710368426187e-01
3.712589734356698812e-01
1.014353806738557573e+00
2.521112711652729876e-01
4.411735749066001966e-01
3.693951128264474915e-01
5.110401737707084280e-01
6.549083741157009086e-01
2.355164986018619955e-01
3.663026919460073416e-01
1.824354191978448114e-01
4.925234249049851298e-01
1.814748079334632114e-01
4.377931381650236875e-01
5.549030499522280557e-01
2.202536458541695941e-01
3.677456224199489032e-01
6.262640874200235963e-01
1.413003538258529590e-01
2.708398041400031930e-01
3.483023727677136416e-01
5.140754534913405394e-01
6.012750117217701140e-01
6.342541661531753139e-01
4.051967674938539710e-01
2.614881730450531738e-01
1.586040295500437403e-01
3.859037668602343651e-01
2.436410810607602950e-01
3.256833052310046384e-01
2.030896219879580744e-01
2.916065339336788020e-01
1.973229562221274769e-01
4.980566163595306906e-01
2.937422222260392402e-01
8.185432100357189489e-01
2.603361333850368609e-01
2.288083141971912204e-01
2.780233949862863096e-01
5.771373405633847264e-01
5.329464697031093268e-01
4.873460421034268575e-01
3.981480962358327491e-01
2.601131503057387828e-01
3.047462780652584469e-01
4.216726358570142552e-01
1.985932501605465195e-01
1.830318149389227045e-01
3.857491891124755767e-01
2.082915502772517413e-01
2.314792886199386612e-01
3.933507095575841661e-01
4.026392654847681385e-01
1.331670809561724123e-01
2.646591073849396403e-01
2.455191387120025936e-01
4.347050580757277349e-01
1.835728950106531032e-01
5.672654453087385695e-01
2.257930727372079727e-01
2.730155810018363161e-01
9.180560062800628973e-01
2.712930314488731787e-01
6.072943677291323672e-01
4.610315638010215045e-01
2.901675016074712898e-01
3.539546066875797203e-01
1.695957781911160145e-01
1.472448772199679845e-01
3.360145069460576672e-01
3.231057834093227221e-01
3.295302870676362073e-01
2.441580901947016102e-01
2.920779871921582171e-01
3.073590909360582879e-01
3.699252185701664142e-01
3.196095834582972084e-01
3.582303849616005897e-01
2.810032069718494951e-01
3.615979313244535587e-01
9.329690358765633240e-01
3.672771706479263099e-01
1.972489948975973684e-01
4.830351500507040208e-01
5.341221355433944940e-01
3.757912721070659767e-01
1.608663416062874607e-01
3.074337721238544208e-01
3.637973454182957256e-01
2.596289430059217640e-01
2.560270886786401023e-01
2.906701308142902729e-01
3.745170351452696833e-01
2.085421763630565251e-01
4.042294300170125032e-01
4.338093989283528518e-01
6.519974835203143915e-01
3.155635944273803561e-01
2.286787554947349588e-01
4.339960114516390188e-01
2.943622348142097556e-01
1.779821327726819058e-01
3.234091810292858971e-01
2.699259126746131887e-01
4.206738988821476233e-01
2.514035621386913055e-01
1.540450474032222516e-01
1.541448302335470810e-01
2.749893225740468461e-01
3.200786360462795077e-01
3.177712315344102811e-01
1.984223920592554369e-01
5.845374843227600925e-01
4.502398064197905558e-01
3.803816574180185484e-01
2.908683475179784650e-01
1.999549846222370142e-01
2.275071470135064666e-01
1.919959055266824144e-01
3.180646635738697547e-01
2.650061392310876784e-01
1.493988319904355211e-01
3.174926621767339419e-01
4.274300801205345168e-01
1.118277952895342930e-01
2.803878734154093277e-01
1.793276676155623750e-01
3.052756633353184146e-01
2.779775016356280104e-01
2.645452694058139653e-01
2.407894425005056016e-01
3.021329845729358587e-01
2.987213949063635687e-01
3.933346642444980334e-01
9.382823005813616113e-02
2.628300536084764993e-01
2.528997145833168925e-01
