5.052971470193088344e+00
6.646217128965214549e+00
5.728763316908928260e+00
5.034769937450382038e+00
4.940301448439502252e+00
7.784923921083143128e+00
5.159397785553198723e+00
4.855877153847459660e+00
8.371423375135238487e+00
7.032635180815607789e+00
5.848811359685913480e+00
6.856276424721684748e+00
5.831195369762634861e+00
6.491519079635079237e+00
6.045442366919818511e+00
4.279157000572979541e+00
4.614843705526898709e+00
6.015413493686296853e+00
5.531715879184299745e+00
6.060999375407257084e+00
7.258979871183411703e+00
6.186167314962381703e+00
6.022438594898475550e+00
6.931721798370070964e+00
5.976928590331038293e+00
6.032622405106483399e+00
7.543422441216517171e+00
7.192403597662372583e+00
5.744396507337675928e+00
5.740935864810678524e+00
6.847253198602179403e+00
6.923280395882303928e+00
6.433436557452852256e+00
8.873575852035347822e+00
7.418983741580731817e+00
5.438946061911519969e+00
6.437817121369071138e+00
5.865051253128211073e+00
6.458038195163148920e+00
6.309543869645870551e+00
6.823792082131767245e+00
6.915354470589370806e+00
6.834204763511686487e+00
7.402390172107977229e+00
4.832601606131344596e+00
6.236664394528741440e+00
4.856891589468350645e+00
6.010295729296550427e+00
5.932683296562870190e+00
6.306926450464040101e+00
5.380384796880802512e+00
6.953800081350106410e+00
5.998444134984629805e+00
6.248427277517556000e+00
5.518163316428126741e+00
6.180038981414627486e+00
4.564337596122796548e+00
4.941927250020694551e+00
6.173488589078938382e+00
7.220936974130518493e+00
5.136967981153965468e+00
5.364235318801855001e+00
8.280648755065074695e+00
3.736447463479817710e+00
5.886148898452985279e+00
7.535774329494000945e+00
5.267129425422703015e+00
5.251377999753673365e+00
8.032605672597743052e+00
6.534056536234986723e+00
6.411356793380609709e+00
8.585760304462992210e+00
7.742226645657767747e+00
6.166780524652376805e+00
4.790560586185984349e+00
4.646390545452589116e+00
6.723935161752965683e+00
4.937886735412464922e+00
5.079652259881997978e+00
7.253255558816536386e+00
6.725352509308204496e+00
6.669360334242563582e+00
9.577746980264024046e+00
6.213235484428025757e+00
5.779346985039731877e+00
5.416118367965586877e+00
6.284130327128892191e+00
5.107531874945177464e+00
5.413066004188656244e+00
5.937045257606198945e+00
3.906687880271080271e+00
6.048982198705013857e+00
6.165906981016490818e+00
7.163328178137361668e+00
6.389416557120106255e+00
6.092222316949516880e+00
6.344115490586404782e+00
5.406657717671087049e+00
8.115331459148851678e+00
6.378026287721182186e+00
8.225384965772461143e+00
5.956566339403840615e+00
5.026324550380606659e+00
5.477191989510339809e+00
6.044544120048491287e+00
6.121476876658149990e+00
5.835651225887047211e+00
5.141755771551289378e+00
5.170861888583528909e+00
5.275563262829405353e+00
9.348873587459971546e+00
4.270529515909301743e+00
3.819673136628936927e+00
7.536070574795380672e+00
6.761176951947938996e+00
6.472758993498205271e+00
6.325349133288641568e+00
6.847998200729062290e+00
6.600034480914853674e+00
7.622251832028268836e+00
4.066904842506436246e+00
6.342656180482214801e+00
5.203657311074117331e+00
7.323725712718373693e+00
6.199974128706571719e+00
6.837199562959235699e+00
6.710400557385630904e+00
5.640085543746989671e+00
5.516807076184193193e+00
6.426483197153449289e+00
5.165356258441469173e+00
5.827135320524795326e+00
6.298706856794900055e+00
9.323727792653201618e+00
6.630400533850750122e+00
5.357844931327170102e+00
6.423071894786375857e+00
6.516954543601866767e+00
5.156482655963964490e+00
6.316105368724959312e+00
6.862969400017369104e+00
5.613746959158598671e+00
6.863099341249498941e+00
7.715098051271781721e+00
6.292385640272023295e+00
6.019471788580921690e+00
6.211561067340007014e+00
5.521982434676632856e+00
5.435647812947609125e+00
7.064845325111912544e+00
7.107036357081342182e+00
6.066343114626995714e+00
5.707084565901141104e+00
7.928160856178949167e+00
5.862067842461089917e+00
4.924761774025136596e+00
7.061650129521271246e+00
5.798995968852074689e+00
6.615639444632972932e+00
7.107467613016751784e+00
5.978117052123113062e+00
6.778059575682712001e+00
5.179095247803784829e+00
6.750167020231859105e+00
5.340536447993777358e+00
5.883052421676434385e+00
5.890793820307870909e+00
4.550751276478708363e+00
5.880444708667761589e+00
5.015993874322661306e+00
7.199835335586997509e+00
7.893856146311816424e+00
4.738133769640413107e+00
5.550622715045628652e+00
5.803462240020641261e+00
5.178807220635413877e+00
4.950051148579593274e+00
7.481589181273757383e+00
4.893462303840004246e+00
6.390639390777087314e+00
6.682704971718277598e+00
6.689235070356308377e+00
5.714867305425578969e+00
7.223367629728409511e+00
7.798105176884929435e+00
5.463523829286412337e+00
5.061317308873743315e+00
8.265449064956728265e+00
8.019582242954301776e+00
5.404289057771141103e+00
5.174954167750033918e+00
7.195127202699425517e+00
7.912003027573773828e+00
8.002936456881299065e+00
7.419671593992129388e+00
6.966885099040673879e+00
4.912560860060523282e+00
7.258901270793544747e+00
6.579478096046478264e+00
6.919171652694114272e+00
7.870776656018189321e+00
7.775088352800730185e+00
6.425695056412028983e+00
5.773946039987462697e+00
7.230870505815792271e+00
8.525579439774901402e+00
5.885887498816506636e+00
7.283364994435550521e+00
6.283079411816047788e+00
6.119023075666805589e+00
7.551689222127921930e+00
5.198326215518124016e+00
4.967448663340559456e+00
5.601108496141273818e+00
6.619828821487310222e+00
4.679437460044487018e+00
6.771823571207185033e+00
4.821065298472369420e+00
5.285400934519899785e+00
7.469420871687673547e+00
5.552929073717290720e+00
6.063107102192670794e+00
4.947551397205436352e+00
5.232610864225282654e+00
7.692357002121795517e+00
7.104257709328224202e+00
6.428307500873602365e+00
8.168065799705599872e+00
6.475229149140663054e+00
6.587974055582020760e+00
8.018841640345728550e+00
5.158153107442822183e+00
6.390439556510713714e+00
5.567572622783776737e+00
7.549797007426941597e+00
7.395169601426223593e+00
5.449124073122963985e+00
8.400845072592254326e+00
7.669362673015831966e+00
6.861964563955025298e+00
6.750521454158789680e+00
7.740860135688146570e+00
6.089729074516772478e+00
6.198307211662202221e+00
5.980371542379933736e+00
7.703204747090698135e+00
5.714756143147817546e+00
5.226906264707000815e+00
8.596425286643246011e+00
8.009206226019299990e+00
5.848864919646343807e+00
6.666530453099946740e+00
6.599015491264683675e+00
5.172739762320405887e+00
7.079785906126355499e+00
6.125030655655002043e+00
6.533427298508200920e+00
5.052938408934919856e+00
7.629615878001736462e+00
6.230275656383509997e+00
6.309057777842918213e+00
5.413519666369853489e+00
4.765022434034935195e+00
8.074378722936605968e+00
7.199849211003547467e+00
7.103078065711106781e+00
5.842682988794729582e+00
5.472672168569252982e+00
4.668019981183567424e+00
5.880349786734780260e+00
5.662381187789608639e+00
7.765006188450127134e+00
6.789465660099541999e+00
6.185125378424157105e+00
7.332747772115687290e+00
5.660066148165989297e+00
6.195291916086357986e+00
7.847117329642828487e+00
7.313050471347467330e+00
8.969794764863593173e+00
9.504682888684882869e+00
5.741719546027598930e+00
5.773076793528816530e+00
5.556969027528553262e+00
6.186900817654410467e+00
7.422402907182660492e+00
6.069684493662159674e+00
7.762737337117061820e+00
5.677910281450578189e+00
8.815056124276846816e+00
6.578163781828902934e+00
5.058251841364391765e+00
7.083124172525588236e+00
6.594254064378116453e+00
7.489732250079603304e+00
5.652066209687857778e+00
5.630698714231734847e+00
6.477349579013179870e+00
6.810761181387245067e+00
6.419967130020098445e+00
