1.740839078954231067e-01
4.574991819351786893e-01
2.453500583321028272e-01
5.307228850766440020e-01
6.720799470965507227e-01
3.567054213390493111e-01
2.263295755927707542e-01
4.116246656660853542e-01
2.912024869504673541e-01
2.956883142930559205e-01
3.260274232051923460e-01
4.645204506702529934e-01
3.889451730901877791e-01
9.475744466153543932e-01
2.528006131916650800e-01
5.200768236726242000e-01
4.107547343613392465e-01
4.572924699303166918e-01
2.638985670273963358e-01
5.209652353751275111e-01
3.062716870465623242e-01
3.190687864462162238e-01
2.963321261295844278e-01
8.531462761783824567e-01
2.952284070007560879e-01
3.637923223598364952e-01
4.919442714632261682e-01
3.058301657597894407e-01
2.299204530453740625e-01
3.276965547432902914e-01
2.819362747786228751e-01
4.152310893955113991e-01
2.138624552866638939e-01
4.028551583669610636e-01
2.038921713958055382e-01
4.178064664208195333e-01
3.598160591976737877e-01
1.855894192542995313e-01
3.266440303763164521e-01
4.445675007041925975e-01
8.558704281677149694e-01
3.488386214488667370e-01
3.202565335916857103e-01
3.037990025651506332e-01
4.262540294002196140e-01
3.528247941547571487e-01
1.996505407837741997e-01
3.325083875227619612e-01
6.997920094621544740e-01
4.430195739749372974e-01
7.084788689098121539e-01
3.407692662799198802e-01
2.819365899908864437e-01
4.593943088142201092e-01
2.513416843026002323e-01
2.998846500969604700e-01
2.664726504601017676e-01
5.367718066362383578e-01
6.456952927111908602e-01
2.296726183070282590e-01
3.862517343648787516e-01
3.629185237168074951e-01
3.296490515406401145e-01
2.108060611654357097e-01
4.502696788234218928e-01
3.306247037234937847e-01
5.522972275656854446e-01
3.413145018831732491e-01
3.449548506677992399e-01
2.416058047084179428e-01
4.453620492939232567e-01
2.121482140261945759e-01
1.573838520155938225e-01
5.855971601440123075e-01
5.270678660906586988e-01
3.376591299538157509e-01
1.612292862861820220e-01
3.278169012033371743e-01
4.803570473150934883e-01
4.599983576102388283e-01
1.886548982327785062e-01
1.628977349663896790e-01
5.491586903728260527e-01
5.663811474038845661e-01
3.408176908054020848e-01
8.323948233312911116e-01
2.790247937668078326e-01
3.129876864882804033e-01
2.949041469507314162e-01
3.068015530357142695e-01
3.611699744482452235e-01
2.785269183958906658e-01
3.731449116962660129e-01
3.491232216125087495e-01
2.650432616485894344e-01
2.684077487257624517e-01
5.907682286410820272e-01
3.719061289666624748e-01
2.329979423784759862e-01
2.674108314488156113e-01
4.434157784048953221e-01
2.600658279395445249e-01
3.982270192864619252e-01
2.611708163222102863e-01
5.502075089085827209e-01
2.387494911303055523e-01
3.910727578241942615e-01
1.476682737354333419e-01
3.374989059046999418e-01
1.999269280569008767e-01
4.457901764151415702e-01
3.010738873979843522e-01
3.901104108438983586e-01
6.186406897500146274e-01
6.788021983843299800e-01
2.692940925296107846e-01
2.558127626514827835e-01
6.035229986615048281e-01
4.141163711577263706e-01
3.701725478821344950e-01
2.556373008319946516e-01
3.871164158446258607e-01
3.160308675082562635e-01
1.933772680163882984e-01
3.109915180773956123e-01
4.578455588163363732e-01
3.687782308932266440e-01
3.509917582051039209e-01
4.752352738254442821e-01
3.223604793366033894e-01
1.995762819374961583e-01
1.044552535292879947e+00
3.321600435840889598e-01
3.918986649489658025e-01
9.723324835159588009e-01
8.586712205522814001e-01
2.426944336235944133e-01
6.920283577806909392e-01
4.314051629153130007e-01
4.760881663109137740e-01
6.000731494615491046e-01
4.872546332774766453e-01
3.808057886210440279e-01
3.178505563390858768e-01
7.234676753670944427e-01
6.309843371882948304e-01
2.877681654625604546e-01
4.216496010543634432e-01
2.620157920718988454e-01
2.238176923447732780e-01
1.730197206956225753e-01
4.463861128211035201e-01
7.506868129758279551e-01
7.617799865292236294e-01
3.412352779349557275e-01
7.307593790539260725e-01
4.215709859303273799e-01
6.443432469152032827e-01
2.915847574195226666e-01
2.656009401614778387e-01
5.820725933764834270e-01
4.965146800548138062e-01
3.080581927993848446e-01
4.906967645752672857e-01
5.475699388411294777e-01
5.246793081178782181e-01
3.522371164631731277e-01
4.446590029501981678e-01
2.159010187569070371e-01
2.270027421660152922e-01
4.252317488726535810e-01
5.098648098406899365e-01
2.308961668794654309e-01
5.880089577086411445e-01
7.462959533490940434e-01
4.469765161010902932e-01
4.063325076169362338e-01
2.158856861319292386e-01
3.480827045031379408e-01
1.891542420588919193e-01
5.295741634779532747e-01
5.243984783179511666e-01
1.681927275394302923e-01
3.359132212485577695e-01
4.160090859070169622e-01
6.483634390245751611e-01
1.958859817303590101e-01
1.889062732265237021e-01
3.044203746820021150e-01
3.947263866524037823e-01
5.983126817953634546e-01
8.432368446832823050e-01
4.580867448000676689e-01
4.702168176538615296e-01
3.813217503691773702e-01
2.755755802913001928e-01
2.253807725017218655e-01
3.546962240737449590e-01
2.846636397925396689e-01
9.990194874340099229e-01
5.368858067612007900e-01
3.008124213249565027e-01
4.630428095305474945e-01
3.050378106184949978e-01
2.815502258784308709e-01
1.252423642372914314e-01
3.969508108330040419e-01
3.629000202872253444e-01
3.620346809023476387e-01
2.853019723597929880e-01
6.135939766687449337e-01
9.152153075040845298e-01
1.963472662864717277e-01
5.315442243763658370e-01
2.401452779379686375e-01
4.064714645076029642e-01
3.633328403069409074e-01
4.581005163199686758e-01
4.446288608964990563e-01
5.512000403365093781e-01
4.270292525914745618e-01
7.574603134417977612e-01
3.651579160518700906e-01
8.118475473843700385e-01
2.520079226340724565e-01
4.628723113676255219e-01
4.433337355802552393e-01
4.287941003180730237e-01
3.499727483651614013e-01
2.424974763928225974e-01
4.224222423757181821e-01
1.656348410612175082e-01
1.996110984459051607e-01
2.305176254337760744e-01
3.771185776959731784e-01
2.618474699905072312e-01
3.127139455690444159e-01
2.092995929156812873e-01
2.902807676935272307e-01
2.990622911592244471e-01
3.881455846666029830e-01
9.080400131519158480e-01
2.223605958335841681e-01
5.564642516944051653e-01
4.299898599554528023e-01
4.213419578143978161e-01
2.373512809183919714e-01
4.263179426750453027e-01
4.602927938194606439e-01
2.975052361007848867e-01
4.439036619393135208e-01
5.954074968316686034e-01
5.284975355029597477e-01
1.537671364107762173e-01
4.933929097165385969e-01
3.404363863668157797e-01
5.553781320571741231e-01
1.836193510427951980e-01
1.720625432002587385e-01
4.985269351664751158e-01
1.727863541978798545e-01
5.539275805562647870e-01
4.167166187140035061e-01
4.239794404443132936e-01
2.572226294197587082e-01
4.253963529045148295e-01
2.381826680302343568e-01
6.205716540781613944e-01
1.361287721583199495e-01
3.511732829394242916e-01
3.362897413494517207e-01
5.025763994625085385e-01
3.549658718868620721e-01
3.097853642138371777e-01
3.722536044330184146e-01
5.470531771947574340e-01
4.453443188945802600e-01
1.912786894801515314e-01
3.302160484617869818e-01
4.100774169780379008e-01
1.817988597448365606e-01
4.261448432379776885e-01
5.287279312468089465e-01
3.256041581783806760e-01
1.991668670473061009e-01
4.347783809767363228e-01
2.368027743288841358e-01
1.889660005119249420e-01
3.507448443248570302e-01
6.948723217984047462e-01
2.543169297064259982e-01
2.028918094673444750e-01
2.554590208016814246e-01
2.925405787775702260e-01
7.456388845339422256e-01
2.932482360824333334e-01
2.136614440003913318e-01
4.662369735768809864e-01
5.455402908050649424e-01
4.503847004500082241e-01
