2.551441451838531993e+00
2.502979503543858453e+00
1.706431217815050694e+00
1.637116652655324467e+00
2.730320610066619302e+00
3.177959524853016138e+00
2.144180707170704192e+00
2.006005032101993102e+00
1.767642089790625759e+00
1.379395285191343801e+00
1.647875269045019131e+00
1.737992565045622939e+00
3.473431718775150667e+00
2.023191869576962176e+00
2.784410921859601817e+00
2.527546741074779391e+00
2.735978484487693763e+00
2.944149980689959811e+00
1.433509699141328309e+00
1.607372854555190189e+00
1.778065965879229049e+00
2.221352683927609206e+00
2.834688901945320083e+00
3.169567287465464123e+00
1.017440669984136736e+00
2.295860351242361208e+00
2.064311675609370234e+00
2.007556296319837230e+00
2.934418619427987096e+00
5.259809415675463562e+00
1.601066064391789334e+00
3.086820114326056519e+00
2.694698902690651821e+00
3.095572761651290250e+00
1.033899139965697600e+00
1.953193000480793140e+00
2.982781929963537859e+00
1.561352149925848698e+00
2.323444331150282149e+00
1.790460758112580875e+00
3.323251936559861619e+00
2.080850894619949987e+00
2.676672142941192600e+00
2.100662474719627859e+00
2.126881341420433280e+00
1.520506060398540971e+00
2.145965911163241202e+00
2.011241328760573044e+00
2.514197170826161010e+00
2.043703298698083870e+00
2.348519422256631461e+00
2.105460026439332388e+00
2.909384925236809138e+00
4.228805009822329986e+00
2.251792001294741219e+00
2.063446392770377891e+00
2.139889181157161424e+00
2.118364523413311939e+00
3.088319246684609443e+00
2.399412218987393874e+00
8.917941564854348080e-01
1.752178313732117410e+00
2.755232934547768853e+00
2.786797489126779492e+00
1.764293458663090730e+00
8.942481137055817708e-01
1.363635700580683396e+00
3.035538678418453262e+00
3.326831942939477482e+00
2.194814908479679971e+00
1.696099025619900891e+00
2.669514177449304970e+00
1.792723468298748735e+00
2.965063462853755105e+00
1.784751771937869158e+00
1.771250818495921253e+00
2.350994256497257684e+00
2.209882492145260002e+00
1.990137903297286792e+00
1.573258635851499054e+00
1.677719126371537639e+00
3.157074728566999333e+00
1.856305709084252298e+00
1.851825529097154366e+00
2.259617800124766429e+00
2.859714709293440738e+00
2.679075345599997160e+00
1.950076552962160426e+00
1.623917600514040105e+00
1.933753411057226090e+00
1.200137939930862485e+00
1.818371412353133154e+00
2.063020862393815769e+00
3.306308409273887694e+00
2.554446960094850283e+00
2.456490665690095110e+00
1.318375196149964346e+00
2.732364902939166118e+00
1.695419978122749249e+00
3.581989983819739987e+00
2.235774253102876585e+00
3.318161651347713903e+00
2.729915827716407506e+00
1.692944925345170049e+00
1.430439813974355712e+00
2.259951890190176726e+00
2.159460102282788174e+00
3.302030007206799400e+00
2.064043304137022528e+00
3.366563567367972354e+00
2.564227549084773017e+00
2.364484336823022836e+00
2.274918232309493415e+00
1.384509442648620414e+00
2.979952612297903425e+00
1.773689413617465460e+00
1.504881740388871236e+00
1.557787027444063277e+00
1.894947050048864989e+00
3.085607900044530449e+00
2.699405301327806761e+00
2.876460400227506042e+00
1.495699108927479593e+00
1.992365120545823709e+00
2.425905330750150579e+00
1.396285494386857229e+00
1.868652156921377872e+00
1.154932611292521782e+00
1.396314999286623060e+00
1.518110372784402529e+00
2.269050747009352609e+00
1.725828403960938839e+00
1.574651151259511606e+00
2.363641989999373028e+00
1.900790500232160563e+00
2.140167291873792621e+00
1.768261823081244799e+00
1.498760121952252389e+00
2.053212809895680113e+00
1.519363217158486767e+00
2.461346901164418011e+00
2.285210645021503950e+00
2.409530874949887824e+00
2.258666946616491700e+00
2.073281312088929074e+00
1.574724155097145806e+00
2.752992225926705228e+00
1.617388354956561525e+00
2.344400734703716349e+00
1.679209626371952702e+00
1.769047021453147295e+00
1.746224756092549457e+00
1.696415280562070027e+00
1.910969146579760913e+00
2.751800982751218427e+00
2.180990190119640904e+00
2.135777473354557365e+00
2.699223714617247527e+00
2.347537366178657159e+00
2.216580624277630029e+00
2.529698951010912022e+00
1.904089629004700024e+00
2.582935747767902246e+00
2.189623768978301133e+00
1.708423251320112302e+00
2.556129862601074443e+00
1.525195461940474839e+00
1.406853977253289534e+00
2.141426385343609073e+00
1.186774909490874830e+00
3.087563704402024989e+00
3.076918784428975595e+00
1.941279801616610179e+00
2.248673701936522829e+00
3.006460747012605683e+00
1.214055899070976441e+00
2.492341143744643439e+00
1.273619313276488141e+00
2.247682902880330680e+00
3.194923302719358649e+00
1.597334605976500566e+00
2.126464215280031489e+00
2.178751054620065020e+00
3.313722091061299224e+00
2.141511552283038355e+00
1.159346865711784913e+00
3.241403522884418464e+00
2.029355885267408954e+00
9.330220862799407655e-01
2.497321187952147969e+00
1.419264612881780296e+00
3.143954847625967552e+00
7.853067593059542828e-01
2.087297792433763899e+00
1.805947919563255732e+00
2.907325434184706570e+00
1.301841599538395400e+00
1.310927735701744812e+00
2.397470527685928499e+00
2.155375807096541863e+00
1.740424117136046611e+00
2.191698434292170372e+00
2.183047347566756446e+00
1.793210891374431126e+00
1.083601824974629313e+00
2.656108781126422791e+00
1.875672501366718814e+00
2.497514649871519943e+00
1.757648659747257369e+00
1.806784643007869340e+00
2.138296172452689881e+00
3.473170802572024929e+00
1.571144492581533658e+00
3.311329782510956221e+00
2.566759550265924172e+00
1.582194930279810396e+00
3.131257220431594934e+00
2.288893610549918023e+00
3.502320001456005638e+00
2.031024678794215887e+00
1.862170396790826077e+00
1.845394621832905591e+00
1.169633724388497997e+00
2.191696882232916810e+00
1.570492718227943119e+00
1.954734484280096218e+00
2.558991398042536503e+00
2.450529509313619236e+00
3.564328594153719276e+00
1.823027050476290656e+00
1.389937464377364540e+00
1.173380025996697329e+00
2.496700942548840008e+00
2.258551888292234633e+00
2.400380911731054834e+00
2.357435695747313709e+00
3.242126231509232515e+00
1.586745647805004378e+00
2.208302821664695603e+00
2.870767054686723441e+00
1.999052920037660996e+00
1.529485242660040711e+00
1.440689033058959900e+00
2.498931905255547203e+00
1.904214487091110408e+00
1.849332656260358476e+00
1.968397041638886957e+00
2.292830680660579379e+00
2.552461558562315158e+00
2.841054633646456828e+00
2.382296976014932621e+00
2.359773221833028511e+00
2.256495357152906944e+00
2.091863261013424236e+00
1.355867965331614355e+00
2.230460347825860001e+00
1.458457873616920697e+00
1.385501347917920789e+00
2.279455806422579389e+00
2.245272123847988244e+00
2.152064135914268928e+00
2.407773865721785533e+00
1.204822973537276631e+00
1.147661137840792822e+00
2.032822750139099188e+00
2.510757061210199037e+00
2.631298193602010116e+00
2.204303602622457614e+00
1.820849257938249810e+00
2.175143717958040401e+00
2.109987912026309864e+00
2.027638059777739699e+00
1.584412535507409903e+00
2.505249247333929841e+00
2.072239671482213552e+00
1.533080365200270023e+00
1.976618617961706681e+00
1.653750697360956368e+00
2.112192546981989327e+00
2.412189173909565554e+00
3.430216192996459412e+00
3.595365900692417682e+00
2.900140724563659234e+00
2.456170653178031404e+00
1.534030231677089962e+00
2.731665632793716547e+00
2.631610917669519711e+00
2.437633518104175945e+00
1.687785438392316317e+00
3.190037711659403641e+00
1.552969299570852613e+00
2.613857573746745100e+00
2.922121293483978643e+00
2.473404285957566007e+00
2.523624053580415971e+00
2.172092991635250048e+00
1.907274162945279183e+00
2.123975796403585026e+00
2.152205272648578305e+00
2.666474208837013915e+00
