6.639226552558724626e-01
7.318315926344297617e-01
1.339598114835290232e+00
6.837604649278608004e-01
1.737618823657992140e+00
3.104661131221105874e-01
1.241131436733422300e+00
7.033048986030729921e-01
1.001952973941822034e+00
1.103197989446863092e+00
6.810842333674272941e-01
7.191287710433885705e-01
5.679613421102603921e-01
8.730481293496917816e-01
7.277893828843065016e-01
9.727957754859878348e-01
1.808455964403977267e+00
1.384149034765458142e+00
7.245412643939476149e-01
3.904229036116561580e-01
1.045176049619223058e+00
7.807715939183674791e-01
1.098063974495705697e+00
2.711703244937208046e-01
5.739026417452331996e-01
6.061711056216261273e-01
1.326468060538440019e+00
6.725298807805893953e-01
1.173351194563780231e+00
1.381290453946841135e+00
4.582538082757694475e-01
1.284824694259102174e+00
7.905828281701451354e-01
2.774127050882257084e+00
1.041522475756353483e+00
1.640062773295960064e+00
4.310800592579924206e-01
4.805089579156238133e-01
1.438148492920698240e+00
9.755431323415092448e-01
7.844554547382581733e-01
1.189356560583445299e+00
6.296732839586980379e-01
9.837462035394557436e-01
6.238645518262972978e-01
1.175445527070455132e+00
8.113777373879909049e-01
7.046251988216702955e-01
1.759106647521907929e+00
6.074296047530922671e-01
9.164758307365309387e-01
2.035692615496979663e+00
4.316509227187136921e-01
1.041178977133261574e+00
5.057453229500002978e-01
7.376034268374265235e-01
9.264253881042501249e-01
5.162651972129737032e-01
9.237496793265614903e-01
6.973413893463922264e-01
6.767011477857433066e-01
4.199110705223773610e-01
5.960405714293723900e-01
1.407266383168982893e+00
3.417912782621039813e-01
1.382137089101536542e+00
1.225290256847099135e+00
1.338750365671902864e+00
1.011363093972398097e+00
1.164204937632644876e+00
6.545938336807070046e-01
1.127283199384967682e+00
1.241751139917594671e+00
1.136034737529199479e+00
6.477857956231761749e-01
7.023464633128999601e-01
5.014806713842397956e-01
3.642169006283861310e-01
6.045698672564985277e-01
1.013777668080045435e+00
4.208279244212893566e-01
7.583325853945723782e-01
9.928759046692805512e-01
1.180870627238656212e+00
1.158394089604333432e+00
4.713542370789518543e-01
1.135768169921535620e+00
1.190013306383962632e+00
1.116700163831100490e+00
7.532088085384066600e-01
6.547468610772838593e-01
7.062461809663702628e-01
4.063369816252629385e-01
1.287977111289911214e+00
5.085445381596653824e-01
1.327235398274227540e+00
7.000266517199967842e-01
1.056697868879330038e+00
8.871697963997001724e-01
3.057919669337134660e-01
9.021626251290755238e-01
8.481000779708343096e-01
1.671197613996220133e+00
1.567202593490746976e+00
1.321262542014679298e+00
2.908173029107050667e-01
1.412922998532325725e+00
8.045552769770566437e-01
7.506256434943816558e-01
8.760874380050935883e-01
9.019827133798864471e-01
1.265566398663829029e+00
1.178135867117414470e+00
1.627130535687899560e+00
3.177507196030043279e-01
8.590977844855200996e-01
1.054654657214699975e+00
1.547839271247783532e+00
7.035956060929797751e-01
1.057465132178747380e+00
6.727022541269062073e-01
5.038932414563424000e-01
1.168872311309776757e+00
3.257667716300999272e-01
6.040660000329272084e-01
7.857702821698635542e-01
9.126369248578030113e-01
1.105743755214840363e+00
1.179942892568668134e+00
6.135954468435411702e-01
1.012191698133644957e+00
3.854176051579398243e-01
1.485789785469747271e+00
1.063687635589555480e+00
9.472052863816522450e-01
9.518629754609894134e-01
1.271017135313651458e+00
8.727026100633944461e-01
8.794108837895927566e-01
1.541682066741517865e+00
8.180680494817283988e-01
1.144942354451633948e+00
3.895344282697048022e-01
7.138866629180603551e-01
6.550568913618153299e-01
1.692007957896650039e+00
1.693599885224883028e+00
8.894500387654418194e-01
1.434439357688629402e+00
9.611858250904521395e-01
9.093127043030226897e-01
9.423168387814665481e-01
9.411574415908114943e-01
1.263621444147236650e+00
7.428211266788065092e-01
5.746938348856038825e-01
9.329631439808822035e-01
5.285665791339730912e-01
4.273074472290096515e-01
9.451202957916337022e-01
7.756244792575927027e-01
1.316494460829731539e+00
5.025478025318695918e-01
3.313290917327880725e-01
5.996195523221573564e-01
4.239760713225707023e-01
7.047481052696795700e-01
4.993390446526010940e-01
7.286898462009985256e-01
6.604353440658893293e-01
6.852181788142422958e-01
5.553605844147285753e-01
5.170643825908288749e-01
1.008902900389779589e+00
1.954983753175658423e+00
1.667924324769671340e+00
1.314552833469906812e+00
3.873024236210192428e-01
9.461810594372340733e-01
1.711339840663231415e+00
9.608847688591664049e-01
1.135065945389619690e+00
1.899301280783032508e+00
3.437226554114014565e-01
1.268956683100100236e+00
8.290671242866922697e-01
1.286466480268753321e+00
1.308701638319690552e+00
6.928900118752266968e-01
1.109761176149109296e+00
8.044071518414398492e-01
9.457338412861500121e-01
6.298178059776547988e-01
5.462743348355308948e-01
1.392144424814453885e+00
7.613040382805184025e-01
1.164580640077033546e+00
6.158618269995754790e-01
3.844392043241356416e-01
8.037053931025675002e-01
1.400487676018713712e+00
1.628073229251013831e+00
8.559290615073198438e-01
1.113926677977200130e+00
1.490161136406036313e+00
1.505438110498510840e+00
7.554553104656200890e-01
9.277338143994598996e-01
4.964975060094926063e-01
7.028920713532030851e-01
1.148708619038416590e+00
7.907754072436343762e-01
1.157939000737130852e+00
1.306927899974847040e+00
6.939491112889490942e-01
6.048960556930220722e-01
9.275235805175322534e-01
1.003290810616029205e+00
1.584976486009916030e+00
1.618522003782614460e+00
1.202435219627392415e+00
6.909783936217553935e-01
1.365684435214193471e+00
1.422084914152309532e+00
6.724502549582709321e-01
5.019747130264158308e-01
1.190958085593385674e+00
6.226732329969166813e-01
6.561259962964878234e-01
8.284863769374880560e-01
1.176347332275743840e+00
4.570166104927139705e-01
1.116134209929684928e+00
6.408976466460918342e-01
5.109588531004107814e-01
8.608475341177118656e-01
5.566007098899430350e-01
1.643742487538671027e+00
1.159667507729216451e+00
1.111887023244292116e+00
1.465348769267640794e+00
5.478515882748982158e-01
2.388067052220953279e+00
7.950566753916024076e-01
1.647965294548357607e+00
4.281919033914905470e-01
2.031705786426988514e+00
1.854369611338451573e+00
8.516496155650428168e-01
8.060356308216429788e-01
9.230545998749432046e-01
7.370963768280321959e-01
5.772386303810643771e-01
4.740584172757841275e-01
1.809958559651789978e+00
3.897763576956762566e-01
5.941603829544349624e-01
6.819863207872923772e-01
1.145544124342469328e+00
6.492698188483959632e-01
4.074279809031690625e-01
7.080702865556500747e-01
1.119768253303097483e+00
7.707048659974958804e-01
4.482902256674906605e-01
6.985378250579648007e-01
1.107989180689996633e+00
1.260456748386034276e+00
9.458607531006919533e-01
6.957213758467643006e-01
9.192181651113858765e-01
7.541004350368968323e-01
2.062805117747949613e+00
1.516503010210048519e+00
8.374271041405435545e-01
1.021969652738749179e+00
5.822981593233210740e-01
1.248491798672243913e+00
1.187341196412822875e+00
7.962967908505209635e-01
2.079357983785230957e+00
6.351511814987041982e-01
8.450353245614508069e-01
5.686932991394175740e-01
7.083335261687687678e-01
1.110373684400768779e+00
1.003886341888792888e+00
1.182561372224469665e+00
8.982531559692117362e-01
1.360603057437535401e+00
8.070459387661020889e-01
7.105662169702293696e-01
1.550466285555642365e+00
7.310552600804405277e-01
1.888947219923366783e+00
4.529239512975481441e-01
4.169510664836827973e-01
8.467807999553236264e-01
8.029246122009457975e-01
8.542571147845509083e-01
