4.080692831593025205e-01
2.177988084464346774e-01
1.946644574982296094e-01
2.734611192055454443e-01
3.234763573589812258e-01
5.455398182178647914e-01
3.811943685248339042e-01
2.353955349300471678e-01
3.415125877967576384e-01
2.509233950393200407e-01
4.133690904914567588e-01
1.658479968144528360e-01
3.058551613745202902e-01
3.042669987974291890e-01
1.726881412195920562e-01
4.022946878333259479e-01
2.652778589346577176e-01
3.808406201028977089e-01
4.111304952453585515e-01
4.895237068372078060e-01
1.798260590024940708e-01
1.612883083122318983e-01
2.106147208575943341e-01
3.379146632814011286e-01
3.715757998395479711e-01
4.730520262156130973e-01
2.983188907923036703e-01
2.949365872290848900e-01
4.769403774151996234e-01
1.670993057353696853e-01
5.324831126188559471e-01
3.217612896721213644e-01
2.390819359920797194e-01
3.184945520315104472e-01
5.255388641137989092e-01
6.567828517027861635e-01
3.295420048444825945e-01
3.633999517666497980e-01
2.848296469784749596e-01
5.695359683816992868e-01
2.643483726464338490e-01
3.143299836291918448e-01
3.161647436051369109e-01
2.816202195948308007e-01
1.730486111949208483e-01
2.929653828734626320e-01
2.271780857243353435e-01
3.138564208958837254e-01
1.518355988647765720e-01
4.100166366960771858e-01
3.536166100298354653e-01
5.219125247981800664e-01
1.494402566536849053e-01
1.978017908340310438e-01
1.824710341308833361e-01
1.693246578098095145e-01
2.817289046575583988e-01
4.971032049907252448e-01
3.690025843106463643e-01
4.239054896651213156e-01
4.292503824300286097e-01
6.852361131954499696e-01
2.896695220295547046e-01
1.741133360870154856e-01
7.886978037791975149e-02
2.703336857056135578e-01
2.377546299909989447e-01
3.372051042698515633e-01
2.912648524863752919e-01
1.244304150957073057e-01
2.197185466392905240e-01
2.211557246143573963e-01
1.420109357845010245e-01
5.416510206457141319e-01
3.999099825417700149e-01
3.231983872674104030e-01
3.095168125988567165e-01
2.341034718941386594e-01
2.150266543045947776e-01
2.210977379408601839e-01
3.439049917927458622e-01
4.434686742994879416e-01
3.487116960878707816e-01
4.129238198379616143e-01
3.249253224559791597e-01
1.659238434023980469e-01
2.822853099008840738e-01
1.661199741425689325e-01
2.818772175690270054e-01
3.502452086893662608e-01
4.012273227299711920e-01
2.892602368366253840e-01
2.528047124234957810e-01
2.215766129277641772e-01
2.513011876510736764e-01
2.531271148162182461e-01
2.807137284150554302e-01
2.702087146973582432e-01
2.543022033911572777e-01
2.168897075789885942e-01
5.133476963736586240e-01
5.052325834702393603e-01
6.078534029594889754e-01
2.572598846579815524e-01
4.553568265249536839e-01
1.235253116036544446e-01
5.776277791237275361e-01
4.017993145032718871e-01
3.009567632226221590e-01
4.423097912648444319e-01
2.491089554726902411e-01
3.251795221115334478e-01
3.550944340400346566e-01
3.524095046106763274e-01
3.686687480772548042e-01
1.442983418078559177e-01
4.217778867352923733e-01
1.967003606574328212e-01
3.941189074918035051e-01
2.610776406499003555e-01
2.211425852729315966e-01
4.780170132518762882e-01
2.141398673268884445e-01
1.891285567895029385e-01
2.306240135079552500e-01
3.024723797204786346e-01
4.781064587282539691e-01
2.556174777598641534e-01
4.127148101781142331e-01
1.987880522266085581e-01
1.143046802162609898e+00
2.280140386913729889e-01
4.871331408393176909e-01
2.110180636912849794e-01
2.070442191138809895e-01
2.943710113272871576e-01
2.820552992951930737e-01
9.055434236526518910e-02
1.841236133007904119e-01
1.324420196148624052e-01
2.004906927508585679e-01
5.022455585755913887e-01
2.971440551377337314e-01
2.913020124453463144e-01
1.608236381579053742e-01
2.811562540070871585e-01
2.373328965702934390e-01
1.973756016983412298e-01
2.288270954858762640e-01
2.934668171002821624e-01
4.458257049108472203e-01
2.202858801767768049e-01
2.967073059087713682e-01
2.334777581907620803e-01
2.529998017313897507e-01
5.410136800900464671e-01
2.422713273939150203e-01
4.481479981169384508e-01
3.341046775335650976e-01
5.320733058692365125e-01
2.369595619367712569e-01
2.965007705260313542e-01
2.871254413043414222e-01
3.784028541684679725e-01
2.404041930311212327e-01
1.242086356427479360e-01
3.184379995046565104e-01
1.969545153552814398e-01
3.288868570252613810e-01
1.465317384538996903e-01
2.984351440674579137e-01
1.535922443248761982e-01
4.195821313887114767e-01
4.744483899137456606e-01
4.882420637876259129e-01
3.387495439073145986e-01
2.529709516286582360e-01
4.561869612508293037e-01
3.185117067625818366e-01
2.400088330503721001e-01
3.804360636235666338e-01
4.134277309773125575e-01
2.755801888846005632e-01
3.647918900135816433e-01
4.307070213747223875e-01
1.878659673621951853e-01
3.772970941919945864e-01
1.558043520451935504e-01
2.602573732915959281e-01
3.169388647323191366e-01
2.540253235606446114e-01
3.989218866436047839e-01
5.361927568022452073e-01
2.079523522477857433e-01
1.774717621165165238e-01
2.810319638013591970e-01
7.542769160822012653e-01
3.440240176829951202e-01
3.508947765420791232e-01
5.730753817601837996e-01
2.306049603302856299e-01
1.464763263234230561e-01
4.074502553523065562e-01
3.057387411206279881e-01
2.741205738669502678e-01
3.199092632145208448e-01
2.513544493325188811e-01
2.112772665352898871e-01
3.701858248512311933e-01
2.814331165233260879e-01
3.951455865044382065e-01
3.864065358702678532e-01
4.993659878109257821e-01
2.536683881367432503e-01
3.460197067280985084e-01
1.711912974443710322e-01
3.241456455932835712e-01
2.269907072886762078e-01
7.341522120673633633e-01
2.623037270037513746e-01
3.526663877444829454e-01
1.975130469571905467e-01
2.356442977133825500e-01
2.713500951304519959e-01
2.322717956420409791e-01
1.402833488300173348e-01
3.604282469992293181e-01
2.148783025209520803e-01
1.618732636057143293e-01
3.129160374611442696e-01
5.017442252742106978e-01
3.686333795893644849e-01
2.557269821557149880e-01
2.943455924033414051e-01
3.423175901438024749e-01
6.324648395551952795e-01
1.083349534712798601e-01
2.900403644779520618e-01
2.262131204605869195e-01
2.438355964655679053e-01
1.399545684268407031e-01
1.933477407575939500e-01
2.627825505587921828e-01
2.699656353581989521e-01
1.517665602280065806e-01
3.858675014822432470e-01
2.213783062591302142e-01
4.831896975181520504e-01
4.084087211954248176e-01
2.082120990546783568e-01
1.147679857853685786e-01
2.937013690145914846e-01
3.869908072174912950e-01
1.933685087637911637e-01
2.782662423482725744e-01
1.722389160798237506e-01
3.078478908841664752e-01
4.751925178413921591e-01
1.973695820816090962e-01
1.589384626618261798e-01
2.108566195801777621e-01
3.984804184327492838e-01
3.321911825170715815e-01
3.725036494899369721e-01
3.560806286026824696e-01
5.914309545417697489e-01
3.173356489598109231e-01
1.982574150736114704e-01
1.427825505870342904e-01
4.478717970925909508e-01
3.462483394217788502e-01
3.946884971451216639e-01
3.337661150696660251e-01
3.402624559694784057e-01
1.440951393623218224e-01
1.781906861740273074e-01
2.373768154274503994e-01
2.194437414809239650e-01
1.438323713463813269e-01
3.003464590625537500e-01
2.805977624027390371e-01
2.112658961260650836e-01
5.814064745733280581e-01
4.692468325827945375e-01
2.418609423825706928e-01
3.689843160080811812e-01
3.239792948643545056e-01
5.932501841406835341e-01
2.953692293924511936e-01
2.192589095001844235e-01
4.170388361544641320e-01
1.605377397899924174e-01
3.607572032118481764e-01
7.340322837447547100e-01
3.670340053069077180e-01
1.866339395177642191e-01
3.484104945400131603e-01
2.972071574825235207e-01
1.329966864464967591e-01
4.413269801282988514e-01
