1.291388592208025377e-01
1.930253923741970523e-01
4.158416956247709684e-01
5.518725034221211301e-01
2.868654009331575439e-01
6.069935341019436770e-01
2.419699586162273874e-01
3.329028596987774202e-01
7.344983251748200548e-01
5.184260643324443141e-01
2.138574334755430628e-01
3.803617553313393684e-01
2.618374994347745233e-01
4.854384766045768962e-01
2.827006834547536318e-01
2.734660818476539190e-01
4.348513681510541851e-01
3.124170102562767171e-01
1.914388417148462362e-01
3.687766931415273897e-01
3.657737117267509386e-01
8.295516461755763071e-01
4.761690029690194836e-01
3.399092247254549282e-01
2.579008285583684335e-01
1.547476536989044194e-01
4.433746461797814509e-01
2.064518798253132115e-01
3.886815966814252676e-01
3.989541132940144230e-01
3.122239291902552671e-01
4.570671000299732500e-01
1.312094718074963418e-01
8.812990738046714290e-01
2.950448346557044133e-01
4.080259223811190661e-01
2.448841466316823701e-01
1.867998922052752087e-01
2.521551551000209557e-01
2.229213435737606441e-01
2.366782013530811246e-01
4.805532091129144923e-01
5.956113129708748843e-01
4.847425352157390122e-01
3.246475141459324032e-01
1.792303551672256023e-01
2.163796597355968909e-01
1.794471179626343504e-01
2.172878525807491745e-01
2.734639750266886216e-01
5.626589502978989188e-01
3.044567297844038012e-01
1.856760893729178796e-01
1.606854589188476123e-01
3.746596265522347813e-01
2.697984730386330798e-01
3.647900304159372720e-01
5.616534525644090170e-01
5.973899866630071331e-01
1.938112337115741046e-01
1.536773106010440870e-01
2.115520730658741744e-01
4.002619507913131591e-01
2.539672490820344408e-01
3.753242682624637894e-01
3.377994363226635155e-01
4.498207310224183741e-01
4.559389269213512952e-01
3.518468841319406515e-01
2.489005969539200558e-01
4.004078367716130682e-01
1.746901444594521347e-01
5.660933641162000374e-01
2.755513089354377776e-01
3.986468113357959364e-01
3.526155018999270196e-01
1.857992430159536579e-01
2.603635778802986245e-01
3.920683462499803817e-01
2.759089411390965862e-01
3.150598443382897074e-01
2.105030425384036008e-01
2.116215324693543898e-01
2.235379237114743789e-01
2.779859105841562261e-01
5.728342503271006692e-01
6.837492093468161558e-01
1.913633768708681848e-01
3.235230261307214805e-01
1.718325708306350230e-01
2.521171239771191619e-01
1.913641248235437853e-01
1.247604643216390502e-01
1.937798901178223454e-01
2.871899387524822211e-01
4.334279107235864958e-01
5.603545083970303819e-01
4.385432143471546529e-01
2.050439417258116959e-01
2.401525376742959794e-01
1.203601689113533435e-01
1.476435307654054840e-01
4.427609760770860325e-01
4.195795188538549159e-01
4.791044210974585993e-01
1.427993184334206689e-01
1.904467198205563871e-01
5.432607877413576647e-01
2.475819226339237566e-01
2.207625092771042519e-01
3.315710608929995917e-01
1.792025332110534219e-01
3.317700253056574677e-01
1.725328166605213931e-01
2.435681189364035937e-01
7.262189575504922612e-01
1.228326151655612097e-01
2.626934392922760098e-01
2.929053854428768089e-01
1.952426005880969484e-01
4.296374205711502858e-01
2.872068781911664148e-01
2.924377182371091788e-01
4.585445694831831731e-01
2.156313518585795952e-01
2.637199152064636509e-01
4.840653698883972678e-01
1.486049596768806991e-01
3.713621747628111924e-01
3.006280345886040983e-01
2.637300234114016151e-01
1.717371902590106580e-01
3.416222801640509399e-01
1.008199813615937995e-01
3.390234759314122992e-01
2.904428907578757713e-01
4.020822945885602073e-01
2.950854446800578179e-01
1.416768562740219617e-01
4.538057988008000754e-01
4.360376688476336748e-01
1.391885478926578323e-01
1.939550738804827201e-01
2.491310423833776599e-01
4.976263917589411889e-01
1.824711848260532621e-01
1.842345340714737767e-01
2.429688116818030652e-01
2.688187404581625084e-01
1.561127644498872813e-01
3.852438674419363385e-01
2.981309180096524125e-01
2.005542332436170971e-01
2.006475546333723603e-01
3.277175745941019458e-01
2.374609140571146693e-01
6.038608759482703148e-01
2.141464548150280589e-01
6.446100264411269709e-01
3.235636299623024792e-01
1.370442283398575767e-01
3.829031534953494242e-01
4.021428597844924901e-01
2.670622267156058105e-01
2.956727405079957460e-01
3.547149552685215923e-01
5.245334050821101046e-01
1.923884572737535048e-01
2.533303162098975436e-01
5.747298861770954170e-01
4.645089485006741459e-01
3.117875434953176761e-01
3.077632420841414085e-01
3.236333477904267397e-01
1.508277736978800576e-01
1.233989678878691654e-01
1.956943877741070814e-01
3.501253444445572294e-01
4.633010005856652569e-01
2.760455438353049407e-01
3.200400645308027481e-01
3.085061661894770157e-01
3.799227119720158807e-01
3.645967731612840823e-01
4.416159678368500874e-01
3.638246755260803322e-01
2.074743999970256048e-01
4.261197268679163264e-01
5.326660371473042055e-01
4.188039661103898359e-01
4.802483610928368618e-01
1.484329540347075760e-01
9.865304341308292480e-02
3.538429685566738536e-01
1.968143847960948378e-01
3.237955436776045470e-01
1.266733783913492339e-01
4.851751694526451053e-01
2.632023430654379381e-01
1.525212932905276875e-01
2.902304792998429139e-01
4.692560228677010725e-01
4.247179775996072215e-01
4.353881408902806061e-01
1.597160551518416183e-01
4.420877635530972571e-01
2.646543178457515522e-01
2.617590466971250196e-01
3.133501754104609516e-01
3.410427041044187257e-01
2.589746428970931547e-01
2.172342123043197459e-01
4.047382109404686346e-01
2.789971408118963048e-01
1.679361269429130166e-01
4.961960744595287909e-01
1.859089212267656388e-01
2.471488117936107842e-01
1.606054547494178975e-01
2.452074475240430818e-01
3.956802761289410220e-01
3.932013344521108067e-01
2.969177520297462403e-01
2.258110908981535714e-01
2.658105116149506175e-01
4.573994536439906500e-01
3.579089907789804181e-01
5.649226227412446066e-01
2.894417669054360487e-01
2.790946728908259011e-01
8.423079502078445469e-01
2.447723010259176268e-01
6.141923440759291530e-01
4.519963244779462985e-01
8.270952562165939659e-01
2.422953463684645870e-01
2.122959131446886250e-01
2.769173369314559263e-01
2.929058198744312613e-01
5.643717713382301326e-01
1.485166063600978081e-01
4.068986652046432395e-01
3.564383423950803764e-01
3.095836042162644075e-01
1.949409724126980881e-01
2.196478253828660632e-01
1.879284731767400241e-01
4.375014572921067102e-01
4.263133191931851584e-01
3.876237359710921759e-01
4.865618152290729914e-01
4.881737513597855793e-01
2.909136252185611782e-01
1.603263419244287669e-01
5.550507182370256754e-01
2.375750169303305903e-01
2.673580308344901679e-01
1.344872632540213830e-01
4.657785833790626384e-01
2.432600893456510760e-01
2.769543043655510739e-01
2.583984677363110882e-01
2.449499781897550577e-01
4.111343309130244261e-01
1.483351382984318123e-01
4.760327043914238110e-01
4.607002981424277999e-01
2.852557744302507414e-01
3.855198750103833172e-01
1.752135594490596970e-01
2.127660860533948373e-01
4.400902245428229831e-01
1.998867602691637990e-01
3.138620396439690818e-01
4.420932427051162961e-01
1.811016574512569477e-01
1.243808571838394550e-01
4.603196221558926160e-01
3.200521336411841777e-01
1.981675613849714079e-01
1.938321186088310943e-01
1.462615986074753960e-01
3.337070686981248868e-01
1.866755958747272348e-01
4.439903060038903893e-01
3.575481642204499932e-01
5.063376652943796241e-01
6.583632085618208452e-01
4.748897585378737962e-01
2.144039687473059674e-01
3.099164540134193291e-01
2.124182957367240498e-01
2.602325815253734298e-01
3.190807977604763757e-01
4.383755128914911259e-01
2.562115920662354496e-01
6.316110190494138577e-01
2.583760412500993864e-01
2.452239010798300811e-01
4.052386892091431325e-01
