3.906082707125689524e+01
3.711689463879379502e+01
3.912355228241376892e+01
3.927415111023342575e+01
3.964750124241907514e+01
3.569089329468256011e+01
4.007557283644463553e+01
3.335357987087411402e+01
3.651829222915281292e+01
3.565097574258534507e+01
4.558911339587758960e+01
4.137902079659777144e+01
3.828686217422108484e+01
3.527123402082043668e+01
4.206081071615025024e+01
3.689989798214642747e+01
3.719590064573999655e+01
3.524390401587746169e+01
3.767894855711121238e+01
3.879739338793643100e+01
3.926550568758030124e+01
3.659012081985398623e+01
3.313546543090110674e+01
3.985413531317504976e+01
3.368955198514272098e+01
4.201078378862803930e+01
3.888479541213680335e+01
3.889100165848195445e+01
3.897964284676026381e+01
3.738193786241173910e+01
3.771013700599293372e+01
3.813081985882065794e+01
3.426093191378276970e+01
3.834423655646184415e+01
3.468030287694023173e+01
3.595411963209279804e+01
3.633273547721196906e+01
3.249059167028263317e+01
4.131984610239554456e+01
3.520805537435595767e+01
3.550834162684349593e+01
3.657273106067771096e+01
3.914730372365635702e+01
3.540136608093833814e+01
3.730612028759779975e+01
4.029364925914184425e+01
3.966647222005926210e+01
3.996266579338716696e+01
3.819874141268547874e+01
3.788414936391973242e+01
4.043123531220219746e+01
3.594413073002657910e+01
3.790320902450266516e+01
4.128461319350819281e+01
4.295630334416173923e+01
3.586527578828646057e+01
3.609662715899876417e+01
3.653957948431046532e+01
3.681331974065724921e+01
2.951655560465109929e+01
3.597115428975767060e+01
3.955749428729084372e+01
3.892584336820601720e+01
4.264193951254985393e+01
4.050639214922146181e+01
3.851720447990051355e+01
3.577155656820373508e+01
3.745873329856635081e+01
3.785241340017443434e+01
3.986374719410693501e+01
3.588190913673457771e+01
4.131613044376046417e+01
3.942220652333436703e+01
3.776727811779410615e+01
4.055018607880347048e+01
3.222712332023329651e+01
3.684729192336386916e+01
3.849174174532129911e+01
3.778639847532845408e+01
3.830233993498189449e+01
3.397755696693505456e+01
4.014056613197538326e+01
3.726431219820720742e+01
3.878623704970085839e+01
3.680509370714005968e+01
3.881970371012008059e+01
4.018313934147499111e+01
3.620709998747323510e+01
3.708526856453919862e+01
3.675948512043341765e+01
3.947196299389550234e+01
3.317432489066776213e+01
3.297887620130046571e+01
3.702838065725757843e+01
3.563393723275078884e+01
3.769003582278350706e+01
4.306030437369317099e+01
3.666247212742000983e+01
3.766964762627917196e+01
3.338169080636835417e+01
3.865156791996896146e+01
4.159866105393661684e+01
4.035151327121047871e+01
3.520224569320395602e+01
3.727267400149980858e+01
3.573046719823145878e+01
3.753977406010006490e+01
3.590056765270201566e+01
3.799931523836055902e+01
3.529099378001305354e+01
3.878091257364134492e+01
3.450709334327130762e+01
3.665737106289444114e+01
3.950539254088193530e+01
4.195017906354464543e+01
3.737171563072953973e+01
3.351226456611105675e+01
3.507766556423302262e+01
3.870991137955340378e+01
3.690472933785642340e+01
3.354942749532057178e+01
3.601865115367425574e+01
4.069850640592730429e+01
3.499078273737288924e+01
3.592008020739935148e+01
3.464296646053065132e+01
3.877112174296416214e+01
3.556898529318315383e+01
3.602482296986519827e+01
3.863070730716899703e+01
3.836854579045925107e+01
4.097386114131815305e+01
3.612606882191273172e+01
3.972945984824021082e+01
3.534027513945898846e+01
3.907879175667660121e+01
3.106714811291129763e+01
4.076511430279800408e+01
3.923918046345887944e+01
3.776014281312654219e+01
3.804202759434750192e+01
3.561197377835818401e+01
3.593110620386237741e+01
3.414842383409352067e+01
3.472746802751564132e+01
3.330453647905077474e+01
3.715770256354049650e+01
3.561931438160122099e+01
4.125915082075227502e+01
4.031210892570900484e+01
3.819203135905729596e+01
4.079268043398418087e+01
3.724682935065828104e+01
3.692040177355141850e+01
3.061498360157866827e+01
3.476230789083019346e+01
3.657294129406481886e+01
4.075622985328626413e+01
3.633489600471541792e+01
4.299026774776474724e+01
3.793244782182770081e+01
3.737947676017915200e+01
3.496193807644847595e+01
4.070107386700677665e+01
3.200079741928849586e+01
3.535032655691409786e+01
4.139434885797344776e+01
4.110340994805999060e+01
3.802281414016305661e+01
3.389648327844761866e+01
3.684513278744363163e+01
4.269981407639942717e+01
4.009389361037246857e+01
3.693953067737942320e+01
3.173856576173639965e+01
3.625284325940830144e+01
3.880542249842357450e+01
3.571332732866837745e+01
4.009645798362609526e+01
3.950483036611956322e+01
3.754129426297755145e+01
3.605701447877991939e+01
3.823005036264935796e+01
3.774292852719610636e+01
3.770713783613959436e+01
4.151847817274904173e+01
3.718676108314439688e+01
3.563471769371164299e+01
3.703416716575180345e+01
3.881281266716380429e+01
3.835956268842348749e+01
3.689197948943007077e+01
3.454220277457883270e+01
4.213909474497061325e+01
3.579110645573862115e+01
3.438839023352214497e+01
3.244462024500187880e+01
3.782717476144528490e+01
3.596202676327127534e+01
3.625635148927315043e+01
4.152716950148653297e+01
3.838642100429473913e+01
3.650722570126331590e+01
3.811306534579886574e+01
3.648398013788694527e+01
3.759490227934299611e+01
3.753662050466235911e+01
4.050930813789644702e+01
3.330957984046475673e+01
3.706848674980358282e+01
3.585450631520395604e+01
3.701792276035847351e+01
3.497470073157413140e+01
3.848667470734672946e+01
3.523299046587865746e+01
4.057453656863099667e+01
3.836472854459854176e+01
3.506507975185854775e+01
3.678431626701016910e+01
3.751310083299678411e+01
3.792621855763853489e+01
3.520705039750167487e+01
3.987269471172550084e+01
4.030667262914106885e+01
3.502030489243946931e+01
4.125816993918460440e+01
4.314090420876164700e+01
3.787202168284892423e+01
3.563380372711278454e+01
3.643585131705991387e+01
3.621979015137132762e+01
3.758159087573925916e+01
4.254516059752013746e+01
4.094715190701425911e+01
3.845491362905374189e+01
3.499097561316048655e+01
4.090522760085878673e+01
3.644115288377931705e+01
4.130982739109512636e+01
3.559032407200248826e+01
3.552268875418485550e+01
3.636850729175630903e+01
3.631387742360753634e+01
3.924869335673513859e+01
3.724587180787629848e+01
4.033118789858443165e+01
3.862302482890400768e+01
3.629874462069021490e+01
4.206687419192246580e+01
3.505787126782523444e+01
4.021383706962338067e+01
3.769809428756667558e+01
4.183793495675715945e+01
3.417658684533877533e+01
3.732156155817365573e+01
4.105076008616968863e+01
4.228171347928175550e+01
3.495164403457829394e+01
3.663472075613233869e+01
3.662922907049029675e+01
4.125260786541343094e+01
4.309543631430856436e+01
3.609704814544714679e+01
3.727805638355138029e+01
4.005532290835030551e+01
3.633718872059276350e+01
3.703700640270159283e+01
4.298577842932959925e+01
3.981841105425357341e+01
4.080322832675900457e+01
3.887035197612757997e+01
4.354914021424634996e+01
3.705830984509368875e+01
3.651165075683627492e+01
3.888654994572348045e+01
4.035861569631980217e+01
3.836936641064453823e+01
4.050279881925715131e+01
4.174032791711799462e+01
3.834868461763951331e+01
3.606396675621797954e+01
3.781377275908107549e+01
3.620940435453587725e+01
3.790325795582803181e+01
4.142040721481318144e+01
3.968224228747394022e+01
3.800159958760482226e+01
3.875613972947759578e+01
3.592405665489167887e+01
4.045573691226557145e+01
3.887738234310330654e+01
3.085089054429109012e+01
3.578753141439317886e+01
3.613951373392126953e+01
3.667608421883213765e+01
4.334545793740479525e+01
3.597007497717173408e+01
3.804676860506837954e+01
3.458804204466189702e+01
3.536372114043604853e+01
