2.117032646904708493e-01
2.262596679504895736e-01
3.359429596017164954e-01
2.984453419329578527e-01
1.732931331566390232e-01
5.503284875948916133e-01
2.847543659952934125e-01
2.235699608186873799e-01
2.778339346164739876e-01
4.790734232954675376e-01
1.507238958910864235e-01
2.224386597595784942e-01
2.647322345944867483e-01
3.858103901852401041e-01
3.112666577884392605e-01
2.167713631546134001e-01
2.604298025741076383e-01
3.934916743777623349e-01
3.346535652857163257e-01
3.084916941181025107e-01
2.113733600098370857e-01
4.674528049500819016e-01
5.962489698210008404e-01
2.284462246707835154e-01
2.186100262475501044e-01
3.099141284486856551e-01
5.081320875029204931e-01
1.659447243399020111e-01
4.761189816944492725e-01
2.874311351075001242e-01
1.510711546719223364e-01
2.341141396553561571e-01
1.205538843958602474e-01
2.245025880222117076e-01
3.418938214136545972e-01
2.962547100481722762e-01
3.556148060332007255e-01
2.668605333677119829e-01
1.356185052606647401e-01
2.094616727033639381e-01
1.919782079113127038e-01
3.080160426482344005e-01
2.852316459032762097e-01
1.678081439188885693e-01
4.248170482106695123e-01
3.225595818308577556e-01
4.565936341893882533e-01
1.687192380035726635e-01
3.331149568715032205e-01
2.393936307463503388e-01
1.869549072223533337e-01
2.495965187533976670e-01
4.881920153025475217e-01
2.302794393497593628e-01
3.689674593111832990e-01
2.061499601662605541e-01
4.271333669324592908e-01
3.140163646269368836e-01
2.627715567102810179e-01
3.359217862539917165e-01
2.325138998145460933e-01
3.291411078714252536e-01
1.795517386633888324e-01
1.352955955635009033e-01
4.258877850037557367e-01
3.488144884046825434e-01
3.135335957280598329e-01
1.570203983599201547e-01
3.194695559522901518e-01
1.996481375410185388e-01
2.247823031378731184e-01
2.470457993402514207e-01
2.144205774153078170e-01
1.588710275741593847e-01
5.518654146661646775e-01
4.793602706719085060e-01
1.994463825277594526e-01
2.356164069791117643e-01
3.985245018281679541e-01
2.727859282814665276e-01
2.719745796913791702e-01
3.142068094478502882e-01
3.663454710555938409e-01
2.169365256637472983e-01
2.416205298037447657e-01
2.001136485330973769e-01
1.590808680054831559e-01
2.585407214639365292e-01
3.970016021585664467e-01
2.289186693946975160e-01
6.165895110218541086e-01
4.588738720797219117e-01
1.597299209935277020e-01
4.897463563028459088e-01
3.321744516801440339e-01
2.081428513637166577e-01
3.105356984770521467e-01
2.671133329794092570e-01
2.660290703818037339e-01
7.196467845602483315e-01
3.539983600288506560e-01
2.815269824881165284e-01
1.466395188190544319e-01
3.234347085265615318e-01
5.367193197739120736e-01
1.385444209154085282e-01
4.744577853913156118e-01
2.970735645141325820e-01
2.399188583321262835e-01
1.583066625370944946e-01
2.382597208496262942e-01
3.310630177580476952e-01
2.759264841910454846e-01
1.666506968196659610e-01
3.353823378031336455e-01
1.826742140073079612e-01
5.245799372675187255e-01
3.333200481822247152e-01
2.473113195982797607e-01
2.590268501143500046e-01
4.091939451318453713e-01
4.155640792365765113e-01
4.204236771872191802e-01
3.416473202471484449e-01
4.964454675684565887e-01
4.702086510351610182e-01
8.004030983193538562e-01
1.570042893597107803e-01
3.682103720445799588e-01
5.954147032815367835e-01
2.797106786929846045e-01
4.212551071206849795e-01
2.986299652651109859e-01
3.460880954562333689e-01
3.439335073219638161e-01
9.968856046363941958e-01
2.843178712659665264e-01
3.964826114229856868e-01
4.665287675729672401e-01
1.898822623124395426e-01
3.525371915485825958e-01
4.207892695283922402e-01
3.643116272064484962e-01
3.800773075565498926e-01
2.737202225055571092e-01
1.936195537827608559e-01
2.375467618164296413e-01
3.895260236710798574e-01
1.268818325894016663e-01
3.120966471299178591e-01
2.172378401635910172e-01
2.933184653031494782e-01
2.375932943703766842e-01
1.970722515906984385e-01
3.370109820060513961e-01
3.511732960261118031e-01
4.564367737737793362e-01
2.460562409420413987e-01
4.127378248186650556e-01
4.062967421831543136e-01
5.465457090775194260e-01
1.935860409269371529e-01
2.083587468253031982e-01
2.357360810781211347e-01
2.856156539554931539e-01
5.831261243134833183e-01
2.317758404815461470e-01
3.433997441134111761e-01
4.573452928936367345e-01
3.862296564452574188e-01
1.901628541793989324e-01
2.209869524161624244e-01
2.970972344803746168e-01
3.880450638672867103e-01
3.619532574347680276e-01
3.817122153915186167e-01
2.133787865943426176e-01
6.306922014855813607e-01
1.639690784031221649e-01
1.794381562240985883e-01
3.618200128153702955e-01
4.885673792815077854e-01
2.845722538973273763e-01
2.023316804144459635e-01
1.837331204366079995e-01
1.952683863182674839e-01
1.347885410845487686e-01
5.804280681931337504e-01
1.304630845407179218e-01
1.938710352119031866e-01
2.906988030707682302e-01
2.952249459760954431e-01
1.803379206266977064e-01
4.901481503939842943e-01
2.096359984992481329e-01
2.425802493946279947e-01
1.651910569639011284e-01
1.847337862473603654e-01
5.622299158415495768e-01
1.659092676959911250e-01
4.144321817376042660e-01
8.274805180313794528e-01
9.025753855872546694e-02
4.918462716448603333e-01
8.235652328720550752e-01
3.163756799639052542e-01
1.728452427814875514e-01
3.352340807347994334e-01
4.665767174009906038e-01
2.082216701077376220e-01
1.920750883880054383e-01
4.251385682061530336e-01
4.510834667215216642e-01
2.517596654035184622e-01
1.182555649591070651e-01
2.905934503040250583e-01
3.248937566307085745e-01
7.757449433267957772e-01
7.378649734456378395e-01
2.663974395909960990e-01
3.486853337262876829e-01
1.835502877250629883e-01
3.207412908310148247e-01
2.663180699289717790e-01
9.009599576861953008e-01
3.809901504858962396e-01
3.731190267042440722e-01
3.051107990463534647e-01
2.834320271578660844e-01
2.843846361851837257e-01
4.565042582820795780e-01
2.120548220807861040e-01
5.687570844020104488e-01
1.783368045001764990e-01
2.650698440972427683e-01
3.015886867180744835e-01
2.174947819175930275e-01
2.518870642267184157e-01
4.262252152077506961e-01
2.697451745835451886e-01
2.544697467967604876e-01
2.588532321912691558e-01
4.173286977001429698e-01
2.498916990670174421e-01
3.207420782685987404e-01
3.130757797371838680e-01
2.867013757895355286e-01
2.088692313098106657e-01
1.946102900563757010e-01
2.422970783394234884e-01
2.484228180893963966e-01
3.047105345828881595e-01
5.206181054393528296e-01
4.386524209155803211e-01
2.965285076887405613e-01
3.819525753720875438e-01
3.386671156206134126e-01
1.494624094492230937e-01
2.109999485220047377e-01
3.424457283160550758e-01
2.872205185857163445e-01
3.905837334760009494e-01
1.380483058962584664e-01
5.113061829448806161e-01
2.318753586564912261e-01
2.784845595540292873e-01
3.894778646350712803e-01
3.420556770346787623e-01
2.015903794354561296e-01
2.710053191145992968e-01
3.537694278614291754e-01
1.043053943751532098e-01
3.608868714722954785e-01
3.347470288558923035e-01
2.953881639560312355e-01
3.071025468981350426e-01
2.664516178437402738e-01
1.910022404734995349e-01
2.475282460808705398e-01
5.676410442963744085e-01
2.681098858894076509e-01
4.631479147569964594e-01
3.947348861341219983e-01
1.479335875010648060e-01
1.358134582064931262e-01
3.057181039023000868e-01
3.501216768635802556e-01
6.038299426207980325e-01
2.124446013549487755e-01
1.913151468588005222e-01
6.278339159107581002e-01
2.689240197052816250e-01
3.269160669131892516e-01
1.123018316809261813e-01
2.025972515490440107e-01
5.154775034288406887e-01
1.902150049763901563e-01
1.552961793839630900e-01
2.516317877848439633e-01
2.985863164843295392e-01
