3.160365127564780607e+00
2.222043129717971244e+00
2.029682419691086093e+00
2.343862401729580380e+00
2.562502881248701847e+00
3.048792862375926838e+00
2.182581627354355014e+00
1.843517911039267210e+00
2.564726627220331956e+00
2.205492524403862564e+00
2.224833233325956616e+00
1.432447586690304364e+00
4.161774090870876464e+00
2.567385762685251205e+00
2.788565209102425779e+00
2.575102480778337810e+00
2.996239230499926354e+00
3.135026024106895015e+00
2.935629241964559988e+00
3.066027436446228105e+00
2.257103840997691346e+00
2.567148847039193438e+00
2.488018210958994114e+00
2.144058945441540853e+00
2.314563730833365529e+00
2.200088307924686681e+00
2.870033231008757291e+00
2.006741740241605232e+00
3.057968690259442290e+00
1.768935128747742391e+00
1.944781633010127075e+00
1.977763344395455647e+00
2.151551731033586101e+00
2.022169356336609436e+00
1.809559697480266793e+00
2.384283704736991805e+00
2.891778113891191104e+00
2.281093253288911438e+00
2.371737015940273974e+00
2.431487160922446655e+00
2.228375537729269773e+00
1.867864986795439997e+00
2.449336237204048139e+00
2.690213522834803417e+00
1.163121000325513466e+00
2.023302670868138975e+00
3.721821925748783677e+00
2.743604511071858099e+00
2.757950908942676360e+00
2.967191299712992780e+00
3.505950097834997337e+00
3.429713384295937750e+00
2.715741299344262671e+00
3.544721261264006440e+00
2.928490228938707141e+00
1.953043274395030116e+00
3.810637450612950339e+00
2.501190754493214818e+00
3.229214817604886711e+00
2.311150678705130357e+00
2.759025611582389459e+00
2.410574725667313345e+00
3.546583400485004312e+00
3.349095079260706598e+00
2.402006476175424066e+00
2.475776350448197327e+00
3.066856128802834647e+00
1.525305841808535456e+00
2.696009045955135353e+00
2.583034980091911237e+00
2.021818142833168519e+00
3.293414943424707531e+00
2.439756742282246815e+00
2.906035628700988305e+00
2.148534999630063780e+00
2.401693078940164039e+00
2.574231179600847241e+00
3.439003785907048805e+00
2.535430233429440960e+00
3.728731172009803974e+00
2.513991754262116185e+00
3.633727810394797864e+00
2.841870285301294707e+00
3.517080611813761859e+00
2.365986954553806587e+00
1.669756702408902838e+00
3.309522591028754235e+00
2.107887301593475815e+00
2.246812420310932090e+00
2.039699597488463745e+00
2.770778623523991513e+00
2.192517490806153102e+00
4.682026085012936711e+00
2.562039691414993658e+00
1.814040901119563065e+00
3.164895998038373737e+00
2.012546952647814358e+00
2.369661149895214258e+00
2.356562758644865418e+00
2.186427988667784650e+00
2.183104863197953271e+00
3.059882664795121610e+00
3.125145835920826620e+00
1.971309133358647658e+00
1.955325290478207467e+00
1.536070733113337194e+00
2.412713712596235904e+00
3.532991361158067001e+00
3.212446236333712069e+00
3.982097884575839686e+00
1.762086213787597666e+00
3.078253063500491216e+00
4.133297084898981844e+00
2.096671267330654675e+00
1.935172244216315507e+00
2.659815135612443093e+00
1.642807320280808447e+00
2.199202682585340796e+00
1.474914932918816257e+00
2.079742996547287337e+00
3.480813362819555667e+00
1.659751249791588501e+00
2.824324851714972606e+00
1.879868306489366647e+00
3.398336383218439671e+00
3.089199310516413277e+00
2.054520808505792662e+00
3.004860295065273412e+00
1.227735603959057453e+00
2.271688867689401370e+00
1.871772982549493758e+00
3.633803239871226776e+00
3.145497110597711643e+00
3.072279127231550611e+00
2.717332305585338670e+00
2.154203712600832432e+00
3.675188421811006023e+00
2.526498933801599733e+00
2.452744960519326778e+00
2.843728192785728748e+00
2.105034455207571931e+00
1.721739443735703423e+00
2.859004008637278549e+00
2.283386255539219256e+00
2.769465265994120351e+00
3.444768640293847106e+00
1.949507881429991984e+00
2.799998297968113725e+00
3.741818017349144210e+00
1.824712865455719202e+00
3.174977606439887801e+00
2.095252088154365033e+00
2.657867533732896970e+00
2.091805564116585359e+00
3.383672678313125459e+00
2.308726892459770585e+00
3.314078974069131878e+00
3.229756926504965708e+00
1.466044532286349344e+00
2.875179786852962494e+00
2.696593628458181957e+00
3.374624902531601300e+00
3.434326412281282881e+00
3.053766689304322490e+00
1.847137070124175606e+00
1.878070764793531966e+00
4.002414497064131993e+00
2.632587017787293426e+00
2.375144611833874375e+00
2.390814154407656211e+00
2.073956934699274779e+00
3.321996797290364789e+00
2.814125641157569024e+00
2.293211717021146345e+00
2.058742610499184167e+00
2.789637885175167753e+00
2.392306220349003087e+00
3.407371081176380212e+00
4.108916746386666929e+00
3.298111743476994651e+00
3.506374361567114573e+00
2.918175187270017901e+00
3.082031995371791400e+00
2.850917273117320239e+00
3.450302771519511147e+00
3.342262107479609945e+00
2.572270401628262260e+00
2.856696448888470297e+00
2.163713205877523915e+00
3.233351756184327019e+00
2.670764588136139484e+00
2.061358151629074875e+00
3.329160379344202170e+00
2.558888450865584918e+00
2.385593505876740128e+00
2.726744631984862277e+00
2.191826257403928668e+00
3.585499984457181100e+00
2.684780603163551937e+00
1.954979952614079197e+00
2.285319024865313686e+00
1.565212337791954011e+00
2.430028200638181701e+00
3.093517350874159799e+00
2.449637223884541193e+00
2.451388091777332079e+00
3.666360789444704782e+00
3.169082032037907837e+00
3.003978868254969292e+00
1.676955888587625676e+00
1.336096846369843716e+00
1.855453237467898031e+00
1.495429590838533773e+00
3.715320152255954245e+00
2.583237489894592898e+00
3.098306834627300610e+00
1.966962442887979723e+00
1.950849959959205959e+00
2.434733210579553830e+00
3.618407703671406406e+00
2.951162290447308933e+00
3.027970246605453664e+00
3.562254999593827520e+00
2.490965669610430755e+00
3.463356844729766681e+00
2.638661161674091815e+00
2.826955473091031568e+00
2.252679847925970869e+00
2.693287397411344042e+00
1.783559716864566713e+00
2.584228856199692892e+00
1.831990157357800797e+00
2.662770738735530163e+00
1.575373888584841620e+00
2.317934838460353308e+00
3.367619616910758396e+00
3.018256204530458842e+00
2.433398416758965066e+00
2.557436414898902832e+00
3.369331269423423869e+00
2.918193857576846906e+00
2.427997105963307423e+00
3.520859332752322324e+00
1.988617941820158830e+00
2.526863299480821112e+00
2.571019363407832437e+00
1.854833768381015657e+00
3.848259845433751103e+00
1.357126136585394605e+00
3.323990421604587464e+00
2.385781168285677989e+00
2.714837747194740025e+00
1.878438305168481870e+00
2.458841610429868929e+00
2.827767300756035329e+00
3.133320224157686074e+00
2.358519468836437039e+00
2.519440777854931923e+00
2.638877764150529881e+00
1.116957163485195359e+00
2.430710439751026630e+00
1.885546096703116570e+00
1.930454924594452226e+00
2.085528174540228985e+00
4.274117457301812806e+00
1.859491698312529584e+00
2.411679656842216524e+00
3.269261522155414212e+00
1.377975541117744562e+00
2.292282188095408291e+00
3.003875236264122339e+00
3.012116990545929962e+00
3.359988936798346870e+00
3.082997469536875812e+00
1.850016472224404573e+00
2.395873120281607704e+00
3.121142808316813788e+00
3.091383186087194979e+00
2.768092748404126446e+00
2.456897303525690912e+00
2.897264484981428190e+00
2.514297817126167178e+00
2.544440250831486949e+00
3.536734917518286725e+00
2.923147651275474157e+00
2.685221194710687431e+00
2.795460363601531384e+00
2.558680162849639395e+00
3.201255860697141742e+00
1.539788500029083407e+00
3.177256172771395271e+00
3.049892043415519449e+00
2.841544818612676604e+00
2.656899513133029522e+00
3.915439138598290292e+00
3.471827801117389534e+00
3.174270975131664230e+00
2.398248407589106179e+00
2.313219615690219388e+00
2.156398773442351313e+00
