6.871401034997550727e-01
5.231369046435433434e-01
8.985364102861187474e-01
8.016394437561488173e-01
4.176621486094092561e-01
6.641998967716803426e-01
5.190604554872594312e-01
7.658329510220438507e-01
8.115473323891975177e-01
7.009107354336581164e-01
3.952120207851368971e-01
5.214592538447379022e-01
4.234591500663279495e-01
8.060147308069255390e-01
9.631464594095331400e-01
1.217116305292322176e+00
9.586095121832389765e-01
1.033343431238956889e+00
5.356830189536042619e-01
3.052007886343877652e-01
7.262356281379506173e-01
4.923146569563225383e-01
9.034253425389789927e-01
4.406663630371416285e-01
8.721345247102005871e-01
6.191484503735182887e-01
4.559820879852561348e-01
3.410535027814441400e-01
8.427878517926467028e-01
1.115587975114269659e+00
8.155633749374452401e-01
8.128920654991946826e-01
8.049253691212244766e-01
4.888780263008463689e-01
7.439984692733955240e-01
9.521321305611863961e-01
7.991630026209691762e-01
6.947599581681720426e-01
2.372947946028087507e-01
5.485697877397609501e-01
9.477978619310137853e-01
2.552593887952261942e-01
4.568935483030253653e-01
9.365375835646777558e-01
6.939038104604096091e-01
8.113837801667482807e-01
6.074712780003920232e-01
1.020216678581781000e+00
4.780279435113348740e-01
4.241062828540002605e-01
3.094923377093871664e-01
7.167050187978416531e-01
1.157788355059155894e+00
7.281522284132326828e-01
3.367550111020498615e-01
5.205939129773791141e-01
3.293176242588176650e-01
1.288264417975639953e+00
2.693261060982830024e-01
5.597295788179420528e-01
6.173953042186455242e-01
3.515436039519261868e-01
2.689688403530151040e-01
6.336912328805832662e-01
8.417482987799396188e-01
6.309880909928644588e-01
1.299451808081328208e+00
9.943024799119283275e-01
1.130763789785570905e+00
6.974692502361312663e-01
5.012932185166661947e-01
1.143154460249860671e+00
7.233184065384776762e-01
5.307545608898870393e-01
3.950646328439256783e-01
7.264822200293133969e-01
1.318195373272405435e+00
9.135147002415090478e-01
5.225266307243482400e-01
8.802766890056362703e-01
1.397053350186783449e+00
3.844068305685340303e-01
3.680239616749680920e-01
9.580250513698262971e-01
6.972536380772155207e-01
5.030074817627768757e-01
5.890598501955314203e-01
5.753268510893770893e-01
1.303751598769216313e+00
4.462328284698188763e-01
3.608958084174925252e-01
4.457004964916645995e-01
7.455782263930307296e-01
5.503857537070491190e-01
8.915594594689324470e-01
1.693285779479322795e+00
4.610378263612167071e-01
5.090645662720484355e-01
4.399206970123399341e-01
7.368717272802246532e-01
7.669159867667421082e-01
7.485485806049869684e-01
8.511337486035336353e-01
9.694412075522668149e-01
5.593893141447974227e-01
4.961327615852005879e-01
3.531222313939791357e-01
5.329763479411151472e-01
7.084436133097010702e-01
3.456251068725908482e-01
6.287762894222868049e-01
7.395726595792987412e-01
1.268893251751416429e+00
3.203710213880428537e-01
7.587982749723666265e-01
4.691787692802975585e-01
5.465213239872952489e-01
6.385700296258965958e-01
5.539652891516485544e-01
6.161214278010949119e-01
1.019245195264733450e+00
7.881784305872067131e-01
6.114821434684787338e-01
6.530720582601579061e-01
8.484505145012525285e-01
8.861222279200651197e-01
9.361037909136502577e-01
9.334368054378702206e-01
4.859019163326177004e-01
7.485842596030789498e-01
4.487099299454023194e-01
5.543560521734480773e-01
4.477709914737386110e-01
5.451269609679959549e-01
4.521809601026780534e-01
7.522781774807965061e-01
9.301667837253583260e-01
3.354451318176981389e-01
6.044228923613920168e-01
8.195421617779429235e-01
8.768409867733755192e-01
7.717158588549856146e-01
3.806267673533169082e-01
5.294525901999835860e-01
5.416494486126400831e-01
3.828882738003293040e-01
9.276639651571494394e-01
8.369813172456446182e-01
6.908874864013130335e-01
6.821745042418425609e-01
6.133038977479386977e-01
5.158022080637377771e-01
9.999058365072664989e-01
8.588162001102201959e-01
3.496558440226796294e-01
5.124379865334909301e-01
3.228107609021547142e-01
7.689355974765128554e-01
5.945029612048778889e-01
5.521571685969047794e-01
5.960158496035504738e-01
3.031138249493884884e-01
4.583417735525011083e-01
9.740599586070375349e-01
3.956532155968129350e-01
4.110401647781355972e-01
4.957869944638005899e-01
1.997203366403083880e-01
2.936199928571213702e-01
2.137241900486945845e-01
6.067423572020106404e-01
4.007950435514490706e-01
6.866777491257872734e-01
1.190141240293560942e+00
6.382060963832015821e-01
3.591986707571441229e-01
7.756201497148226265e-01
8.203809309732187360e-01
5.662774128928349526e-01
4.469253455158168631e-01
3.919987197271892487e-01
6.295577500483096056e-01
8.107403867705466061e-01
7.655410605482885211e-01
7.388294299553502809e-01
6.924626058832160647e-01
5.062237380618951343e-01
3.544766963331444920e-01
8.115916908461244805e-01
8.106049169050413283e-01
5.101699336460708833e-01
3.681538116984719999e-01
9.556415712204614499e-01
1.100738985410455451e+00
1.593187824883830261e+00
8.421417733651413995e-01
4.836375827294323582e-01
5.157641745458957372e-01
8.028433167423922878e-01
5.483156767078047888e-01
5.783046765034454140e-01
5.870851980329971909e-01
6.185432311906465808e-01
6.920917998212757771e-01
4.077647087816719806e-01
1.298345139856607489e+00
3.035758019752856085e-01
5.123912868341349292e-01
1.007421244543766914e+00
5.525732675816779071e-01
1.970578362705010245e-01
3.636947223239671567e-01
4.884933540141107589e-01
1.072257845037902113e+00
7.682119261293127721e-01
6.364733218453834107e-01
4.105240088768236650e-01
4.308232252153580966e-01
2.159539046718321753e-01
9.080715138937107689e-01
5.451387172198474129e-01
1.235868303180276406e+00
7.326775463209465045e-01
4.076810172662145293e-01
3.215045372262907430e-01
7.124205158230628721e-01
1.283700069119182219e+00
2.344292639367112907e-01
1.367137379050772150e+00
6.088410778574742110e-01
3.567682254313442325e-01
3.479981801553207466e-01
5.936214488992894722e-01
8.971788356634471384e-01
6.298586130701003816e-01
7.503723994560740351e-01
6.050984931218784668e-01
1.042194118062242936e+00
6.162351071544621695e-01
6.123555664168004453e-01
1.125245558530199697e+00
1.237904918042987745e+00
5.993130045827809171e-01
4.100785871133926230e-01
7.199464761142222446e-01
2.662588148814499789e-01
5.819460074481893619e-01
5.439822390125581553e-01
3.735931667804597844e-01
4.530545952160031087e-01
1.017181631280093201e+00
5.324291524205333470e-01
2.632333474354888181e-01
2.082414618568039777e-01
8.911677546902052605e-01
5.181133204194042774e-01
6.512137223366750716e-01
8.604717867770227402e-01
1.040071467292333907e+00
2.226989908495320969e-01
5.811228505765827501e-01
7.220622931675185763e-01
5.076856716286439752e-01
1.314639482315206775e+00
3.704554950839721861e-01
4.484672698956680970e-01
5.020567349884746955e-01
1.959754129239985598e-01
5.698121553329992262e-01
3.177584155751242423e-01
8.249968466881715257e-01
7.088644248754660815e-01
9.428058111441567357e-01
3.992993022112926171e-01
7.119893771732296317e-01
3.729142349407571499e-01
1.126633247544329697e+00
6.740203821829517938e-01
2.755300497431138473e-01
2.473431365482416378e-01
2.906832043298720469e-01
4.634163799495377156e-01
3.702854992794316069e-01
5.108469373171971029e-01
6.080106299481208287e-01
1.283394373792522858e+00
4.685702293252472228e-01
1.320001948847719930e+00
8.726208732625195807e-01
6.116593339627605097e-01
6.981383003742698268e-01
6.518352183486615381e-01
5.146757085211498550e-01
5.872331831783812461e-01
6.469613612469590214e-01
3.328371815003361989e-01
5.862140992709209408e-01
7.551378816239670000e-01
9.861311928507484614e-01
4.696053377817976937e-01
