1.739316263794965789e-01
2.254931088429830699e-01
5.411084424771246404e-01
2.326986945597847578e-01
4.775701268891297535e-01
3.032954594974483498e-01
4.608515939198695177e-01
8.391196934238833727e-01
3.038563667210973929e-01
2.005459664078134974e-01
1.689689676027705534e-01
2.578210946261852987e-01
3.469226181386141361e-01
1.561998835679482001e-01
3.907091336239056356e-01
1.910711392713501100e-01
3.211120725634107886e-01
3.755744876976854218e-01
2.279212488965268180e-01
2.471338923229121076e-01
1.277562181911702788e-01
2.488434676284132230e-01
3.115447274691779955e-01
1.989324418350211787e-01
2.199306789484844760e-01
4.122773374430169779e-01
2.685435386203139374e-01
2.163446743217418144e-01
3.232037678401485370e-01
2.654633498821526438e-01
5.667352025093044254e-01
2.962684593130201494e-01
4.835514106479824603e-01
3.237178104202554918e-01
1.999481049032499347e-01
1.543044079170486360e-01
7.003145505690875350e-01
5.124010818106392584e-01
2.995266542592273096e-01
6.016331880430486612e-01
1.462129021955105579e-01
3.252281771303383029e-01
6.809117600585550267e-01
1.057203338218902083e-01
4.145831157885103702e-01
1.536066674656039743e-01
4.513443172649654889e-01
2.315637583113416831e-01
2.976695293713946810e-01
4.923888581098774808e-01
1.162505146387527721e-01
3.170738031890077968e-01
3.030557385289296968e-01
2.894954319804071696e-01
2.591250992602260883e-01
2.124561277133324710e-01
4.149618875825893949e-01
4.993662149881850087e-01
3.130722200189611226e-01
3.315140096827869365e-01
3.974559721413745139e-01
2.026434810829167987e-01
1.709090202341835840e-01
2.806910559604789968e-01
1.107031740698443678e-01
1.112067408803252277e-01
1.518618047666072390e-01
1.338355019566786208e-01
3.381577567476398150e-01
3.901460848221358080e-01
9.802585676923599722e-01
2.478897125059988382e-01
4.120856978845328644e-01
3.495533425118236281e-01
4.151889516171958783e-01
1.656959993367181916e-01
3.811101984331728421e-01
4.084474831097049119e-01
2.211599007638722636e-01
2.513569196081995027e-01
4.121073183020823594e-01
3.977141844961426531e-01
1.587567937271358587e-01
2.668750052967526210e-01
6.503386675466720224e-01
3.839633850792030789e-01
1.519232286482669614e-01
2.411933136424942170e-01
2.865277075412969721e-01
3.365579597312299276e-01
1.582664801470024807e-01
1.683640134360169516e-01
7.315612800955118011e-01
4.867446606388853292e-01
3.587049968102148378e-01
1.572829020024227864e-01
5.694728132136964716e-01
2.515924499687227089e-01
2.378337152814987143e-01
5.976172214160493379e-01
3.711655587279497626e-01
1.986169555521021535e-01
3.323783741624791732e-01
1.572269384542186732e-01
3.073961804603448367e-01
2.775970423718749358e-01
2.397567865594784076e-01
2.520761265135435525e-01
8.189525438127190915e-01
3.172677409141138605e-01
2.702431865957869439e-01
1.338212881337158822e-01
1.786584665724085808e-01
3.107799485240015924e-01
2.425830515162494816e-01
3.849018356921486972e-01
2.619401925154439259e-01
7.356385605150225215e-01
4.538931722881330844e-01
2.153943776419789680e-01
4.961103312630913975e-01
6.244867177061574903e-01
3.935042945988923013e-01
1.383534140613837671e-01
1.551736790571395519e-01
5.163089879013594841e-01
3.153065866946785922e-01
3.584344463523529978e-01
2.984842867763304319e-01
3.692141517550910357e-01
4.605099880297423010e-01
2.908561925303078666e-01
2.824448698372242772e-01
3.201192554319984285e-01
1.986397728430812915e-01
3.889037578301927645e-01
3.997406808178149973e-01
4.770367348513020467e-01
2.188141475087524435e-01
2.714077961696306773e-01
4.423804531467107615e-01
2.270072092391503260e-01
2.623363947531464624e-01
4.287409012770366235e-01
4.280189580925332637e-01
2.145395001763610310e-01
1.203482219762999766e-01
3.481208072835905165e-01
1.108286770268642474e-01
6.068147826267704659e-01
4.906594598202552726e-01
2.674773249716355106e-01
5.466540498958851746e-01
3.454503642879150904e-01
9.193630600110868079e-01
1.761649137665880216e-01
2.602254343302137229e-01
2.100840414512185339e-01
3.575559859866328516e-01
3.323119043671795003e-01
6.043652953297824482e-01
1.077748462079763658e-01
3.457663642826093175e-01
3.607507858918216903e-01
3.169961084132854046e-01
3.157116102693631188e-01
6.733770495629707309e-01
2.884429794209084630e-01
4.881411381848153042e-01
6.585048861117476227e-01
2.533555991459722767e-01
3.292464565827106227e-01
3.415800920822040787e-01
2.358815099187943076e-01
3.707891630530523175e-01
2.514240033613856506e-01
2.817858922673332489e-01
4.593775655327786422e-01
2.980612151480834249e-01
3.749707396236880985e-01
2.468878805432359880e-01
2.842428639555526493e-01
1.870710985848362540e-01
4.212434816176985897e-01
1.593268374677826449e-01
4.168568737814524194e-01
6.139800204649639159e-01
4.777974593315732488e-01
6.062550258335130948e-01
2.740951754458964551e-01
3.768036024436106080e-01
4.028967636511912032e-01
3.286083217520660016e-01
3.556226140427287130e-01
3.660829159654238607e-01
3.269429681115867958e-01
3.625931293074325379e-01
4.535479995799394648e-01
7.203428530191074985e-01
3.433064875410952732e-01
4.932880289350144443e-01
3.491900836165784394e-01
1.730092178941075864e-01
4.683190334556943668e-01
2.174052885266929136e-01
1.437273756533215263e-01
6.228559947468231828e-01
2.676060607528663593e-01
1.677241440257914440e-01
2.259311824735164287e-01
2.728035856695640859e-01
3.222967742427535476e-01
6.636998944369136844e-01
2.364104794554762745e-01
3.734468345183039606e-01
4.188652872155184115e-01
4.996487285878193352e-01
3.010826453388626422e-01
4.769526712917372957e-01
6.174632920772002986e-01
1.142748696250553420e-01
4.538259733475479840e-01
1.749069300861879339e-01
2.330212543419257210e-01
3.436913752425257984e-01
2.052484291617055479e-01
2.592359755961561318e-01
3.944410117803287541e-01
2.945381120204716430e-01
2.187253592751890185e-01
2.460075607374700157e-01
3.499514692942877758e-01
2.316879410356610103e-01
3.209084666044311196e-01
1.434136741221089251e-01
5.847291211953593582e-01
9.347222194974350029e-02
3.205363131250787978e-01
1.639984420304520241e-01
3.065572783901839293e-01
2.646561645250552486e-01
4.320378047080630779e-01
1.996799586042407593e-01
3.989602842401123728e-01
4.913646545255629383e-01
4.995892821265645045e-01
3.938214605647478717e-01
3.377107125919153185e-01
3.486860839889428521e-01
3.207388098428666234e-01
4.882104142396375135e-01
2.961119691909561702e-01
2.319531720598959068e-01
3.041074332044361728e-01
2.971794836395756922e-01
3.483147723484472102e-01
2.005734565996954155e-01
3.505149158558739653e-01
2.858648429975548244e-01
1.327391987334944068e-01
3.522939709589953394e-01
2.012536271864990567e-01
2.143873948496525239e-01
2.546921393368281605e-01
2.822647093980961142e-01
3.626842910657043784e-01
2.086994497853312536e-01
2.968915752032991184e-01
3.578608780938444811e-01
1.963781958329985922e-01
3.299521748116722164e-01
2.077793402196394523e-01
5.142969785723603415e-01
3.060278031794506082e-01
3.175063801964810861e-01
4.810612558418557727e-01
6.629461729247535517e-01
2.771836660841261457e-01
3.287734773954038014e-01
3.491421531363911313e-01
1.899461319277700178e-01
3.364963720565518068e-01
1.784379789177190367e-01
3.447797228135131009e-01
1.248531016866529092e-01
8.025174576832567741e-01
3.687799208809067197e-01
2.274870602237947792e-01
3.802984322301617981e-01
4.144174029751789834e-01
1.666432503213413907e-01
2.007353091715446958e-01
3.125927295290121255e-01
1.564731272580101307e-01
2.695333177166324146e-01
2.915842361706186270e-01
4.696316166435487993e-01
4.555387841472867683e-01
6.809697174243277695e-01
2.224344569921376802e-01
