3.257526961562646206e-01
2.676985768595069870e-01
2.581223891835473516e-01
5.678928455856784296e-01
3.077422521004075651e-01
4.756690531887882156e-01
2.787577726245659138e-01
4.943992596427666530e-01
4.640704791452866518e-01
1.928763337215504692e-01
2.607668957425142153e-01
2.375046510642788711e-01
3.392734793351227518e-01
2.410432198405650650e-01
2.036179208314222999e-01
2.866426047441165137e-01
7.373745098992003921e-01
4.249000385280896075e-01
1.544061756503641858e-01
4.849636273009734766e-01
3.538285793330178675e-01
2.431867707477361751e-01
1.445683500035160884e-01
6.561242633310325756e-01
2.206996377784830599e-01
4.076706615348033025e-01
5.136329514032814680e-01
3.055017258097554311e-01
2.974935920588530625e-01
3.183678961808099617e-01
3.409747058278671528e-01
2.061611252869796629e-01
2.459547495446612886e-01
2.886869808335633114e-01
2.901024756445610420e-01
1.981402948031897315e-01
3.142520669370207909e-01
4.108711009213716348e-01
2.244890444296902543e-01
2.278177947147548843e-01
8.268794115880960804e-01
6.032194257332119669e-01
2.894565133652479694e-01
3.065887494002083047e-01
6.155275456507331988e-01
3.139173090820601142e-01
5.142278102146518037e-01
3.165751176258305155e-01
3.028495873094160795e-01
3.202956789235126833e-01
4.266362989350561685e-01
5.878351387370818193e-01
2.546331679475200005e-01
2.947281306777577714e-01
1.390654369672144064e-01
3.790869426417335375e-01
2.706304957568539393e-01
4.302014679739827874e-01
3.226108181734241298e-01
2.448404684552709376e-01
5.544905756532076957e-01
1.415522226466189304e-01
2.570743731931764975e-01
4.502738904261476272e-01
2.598863142193335585e-01
7.596422007171232949e-02
1.606842192196362151e-01
4.719013542905238778e-01
4.159337793666814109e-01
5.087346843537954300e-01
3.934481129445908665e-01
3.048385915446137351e-01
2.262673315803402918e-01
2.641993320590086403e-01
4.386703053749335113e-01
4.197703332019521727e-01
3.917003174665313892e-01
3.902535907103977797e-01
1.329664924945190840e-01
2.108529497401314123e-01
3.693005343280866826e-01
1.790661902033090225e-01
3.660168610455706295e-01
3.214566687753313001e-01
2.840017328562036703e-01
3.514317564646262659e-01
3.246126182794271120e-01
2.320611203031772707e-01
4.263624383031336951e-01
5.069427740719608666e-01
5.558485225656786266e-01
3.353422327441438755e-01
3.324656183370633955e-01
1.486939052638846515e-01
7.367597693715930429e-01
3.312818239871968551e-01
5.484531230139054747e-01
1.785215854746738384e-01
1.637451967718213941e-01
2.710894603267762215e-01
5.142521394827850312e-01
2.883515882783578843e-01
2.609752108780759028e-01
5.283220599477493895e-01
1.815473085482405824e-01
2.653458582455242021e-01
5.790827815883876628e-01
6.522336692970933658e-01
3.975033322600518559e-01
3.211549945706070885e-01
6.025159222466894837e-01
3.562931795532133794e-01
2.895756515696594757e-01
2.768768677098952247e-01
5.558508574010452286e-01
3.619002666569981486e-01
5.885665423539592211e-01
2.046507917581565084e-01
7.047213802887769551e-01
2.959814702689018140e-01
5.547935968234494197e-01
2.284479007495271718e-01
7.974942994936683460e-01
3.441415162786781723e-01
3.303379632517062792e-01
2.095942429384685113e-01
2.113417437184762770e-01
2.549399599134260508e-01
5.023637071754485373e-01
3.984483056970689607e-01
1.869183999766200477e-01
3.121173183745307722e-01
2.213431396402067985e-01
4.052035947747244515e-01
2.505539645557912642e-01
2.407950409368439515e-01
3.664271747711603244e-01
2.934481679683115241e-01
1.336750404046921081e-01
3.639638611120702971e-01
3.411836078186877286e-01
6.064419355689765201e-01
3.401611603799022387e-01
3.034577433865469631e-01
4.693440718994505989e-01
1.593572187314828414e-01
2.943589585425443467e-01
2.718265312529321576e-01
1.747949409758834671e-01
4.965831428896236854e-01
2.443962846675457323e-01
2.210333354719661580e-01
2.235977839127252786e-01
1.073119386869785391e-01
3.370947415478124376e-01
1.793313155009384763e-01
2.804286336720197559e-01
6.673564927074908670e-01
2.973967243514795689e-01
2.896809041197398460e-01
9.615995048494255237e-02
5.449572585206293729e-01
2.036486961566980891e-01
8.191010960178273237e-01
3.514796875429103129e-01
1.951416189974733983e-01
4.396677175082785438e-01
2.558877613240212456e-01
2.700481483519662773e-01
2.036045489749899462e-01
3.341928369391314324e-01
2.124128683450696997e-01
5.879350285525248854e-01
3.262850909820581569e-01
4.808293119021467277e-01
3.306078771068978739e-01
4.267256974706628569e-01
1.067463489314484509e-01
2.283099335436614141e-01
6.911448474591593838e-01
1.460606768482415330e-01
2.659156380281731402e-01
6.754010276356767761e-01
4.563843573151481481e-01
2.564383083882114667e-01
3.562136832463926872e-01
3.551826023323148007e-01
1.761226475575720374e-01
3.105996092676742149e-01
2.772725625416727624e-01
2.040564547101215986e-01
2.713474003929917666e-01
3.967056776971261689e-01
2.269863527539780490e-01
2.910420265979901666e-01
2.511620061322190622e-01
1.396787961038158388e-01
2.709215673184248163e-01
2.321509085866323985e-01
3.324307025954116868e-01
1.513337785943991431e-01
1.594255307036125113e-01
2.812125227650523751e-01
1.716868143697806992e-01
2.266927313659752308e-01
4.795046991667725189e-01
2.957050978178757394e-01
2.156943470925992978e-01
2.514388532119197772e-01
2.625653743841100396e-01
1.911049740033290145e-01
3.775899495862551913e-01
1.531380085140694181e-01
3.796307018447312442e-01
1.711406284167738545e-01
4.346936952896374162e-01
2.734501401754465544e-01
2.318544724180395811e-01
2.403347243287095314e-01
3.610666715265699045e-01
1.645381466808826243e-01
2.663942460926613243e-01
2.985540195295044441e-01
2.154848581267060637e-01
2.583488394858423631e-01
1.737439081321297818e-01
2.285154684211447018e-01
1.294661776520576457e-01
2.329058836822763823e-01
3.373778405125177904e-01
2.512296974047378284e-01
1.479731832216168441e-01
4.995504870079556237e-01
3.453851453673609240e-01
2.251409629191419848e-01
3.839855839734075960e-01
2.599915084785627273e-01
3.364840955899999764e-01
1.786239364735926760e-01
7.641276738690085946e-01
1.853178049689413742e-01
1.565494813531127238e-01
1.880198229005547728e-01
1.350463758485381804e-01
3.576150895071540381e-01
3.975948983865666975e-01
3.826216010306654480e-01
5.108923582294809806e-01
3.451626165046701167e-01
2.626885565492079744e-01
3.560705147696372475e-01
2.171099558788603112e-01
1.811426813038371497e-01
4.241600893516092596e-01
1.491130659524650959e-01
1.590609605018804829e-01
3.905674632856626638e-01
2.275590599995959973e-01
3.773056677395004166e-01
3.871594017740917493e-01
3.086432934912386461e-01
4.064613264887352306e-01
1.665405127447246447e-01
4.438615991305171482e-01
2.559962645816138416e-01
2.824562071115672701e-01
2.445621532533804321e-01
3.528881970413969560e-01
2.113943982416086609e-01
3.106259067153664954e-01
3.589517031096867150e-01
2.582573540760332298e-01
1.370798365405878072e-01
3.385765546755626354e-01
2.784765040081102483e-01
3.650777208583013689e-01
3.811410217546898904e-01
2.980608272249917201e-01
3.677832836956650420e-01
2.592420474632531890e-01
1.748398045925161071e-01
5.915611965816816031e-01
2.839677084097628201e-01
3.057937722644120115e-01
3.462639426604596227e-01
2.158877830551394483e-01
2.545217955712690827e-01
2.813519126971437134e-01
5.795680375922380723e-01
1.621585941043948986e-01
2.649576409218823425e-01
1.314115475054705995e-01
1.681675267592840084e-01
3.967843461483596679e-01
2.631732051325028077e-01
3.813450560909801834e-01
3.045633316225903053e-01
2.521116284109606864e-01
4.453154200943186258e-01
2.594796622201953062e-01
