5.666984049496737619e+00
4.768929536754848542e+00
3.609292245225853346e+00
2.521245623981832384e+00
4.808986812760267959e+00
5.021600727988806412e+00
3.780621119169561783e+00
5.039212255222221160e+00
3.904901186730024509e+00
1.849098712093933283e+00
3.197996154617418263e+00
4.905108128665298217e+00
3.283411015679748246e+00
3.246775601008498491e+00
4.109914809721955997e+00
4.835777699853732514e+00
4.143163220697225313e+00
4.988915268444417350e+00
4.776028893795235319e+00
2.945591130652136957e+00
4.422069274061486865e+00
4.193203283209351540e+00
5.374673798220995558e+00
3.460812127745990008e+00
4.854127530010634572e+00
2.365881859605476478e+00
4.494719808043112330e+00
4.240771576515548702e+00
4.833301238505355535e+00
5.770780406191069467e+00
2.874600789942705958e+00
4.466763324315767392e+00
4.786133676274543447e+00
4.344973640203209087e+00
4.134876961139157814e+00
5.227601336591454206e+00
3.898429122893430687e+00
2.897046763611615727e+00
2.370079865531488306e+00
5.158084014530459172e+00
3.294383922225445627e+00
3.505934987792801660e+00
4.081527783402123077e+00
4.725566907838687492e+00
3.456981548732534826e+00
3.389006389393664609e+00
4.370055657463114862e+00
2.940577607924001580e+00
3.212056025886786514e+00
3.384472264501473759e+00
3.138353308177598944e+00
3.278737805342133438e+00
4.047949986871023142e+00
3.746783370601915131e+00
4.384756793933060948e+00
5.493901398885664200e+00
4.208431242614245171e+00
4.996260461835275279e+00
6.499179388728281381e+00
3.016937738016137072e+00
4.072300084739209680e+00
3.125895845812492801e+00
4.151275097460419339e+00
4.322236149824065343e+00
4.043913487326509681e+00
5.188235620375552415e+00
3.705398460364912161e+00
5.115138481876268628e+00
3.706704097459908365e+00
4.277937801277849061e+00
3.895038965497507721e+00
4.053223637611170993e+00
4.400678193702852070e+00
2.973606775740735397e+00
4.179101111531691615e+00
4.473918236642522750e+00
4.435130957634711990e+00
5.031710433955669970e+00
4.109186472792143441e+00
3.949400556854153699e+00
4.165733504980493329e+00
4.306273429567795574e+00
4.607182325004727019e+00
3.453903984844848285e+00
3.493464565320093751e+00
4.917092166506038531e+00
3.311953668713782939e+00
4.705176653992021230e+00
4.027398935808483849e+00
4.489562077285660813e+00
4.029610355384177112e+00
3.348555845320008384e+00
3.592644405792539963e+00
3.692569886501471554e+00
2.733307570486660065e+00
4.006057250449504892e+00
4.500241907443504275e+00
3.406745874989082878e+00
3.612281420978389335e+00
4.510575260832017541e+00
4.051164166830510283e+00
3.391779029934626877e+00
3.640476658758805328e+00
3.717864232697329463e+00
2.874793497823124433e+00
5.077081217099061128e+00
2.960816370962719990e+00
2.972044653361218813e+00
4.303037461739214642e+00
6.065970384826064432e+00
4.453371092917030261e+00
3.869024722484890599e+00
2.172549007615769412e+00
4.087271211679214922e+00
2.679909842968797751e+00
5.841739735841664505e+00
3.562801207901559408e+00
4.513142797663852512e+00
4.245121234304984448e+00
3.350935685802674868e+00
4.163706700023533713e+00
3.654544944501069370e+00
4.324392877843255434e+00
3.187647477669035112e+00
3.887767831576874666e+00
3.950994728321296723e+00
4.925459954027046727e+00
2.295054804241126067e+00
4.303412058345361224e+00
2.533615936705526206e+00
4.094150980245914617e+00
4.790820416570543472e+00
4.345016609496627602e+00
4.546910855040222188e+00
4.583171568075806945e+00
4.379700991584638992e+00
4.496619083236403469e+00
4.101355575004641096e+00
3.119687826830668698e+00
3.410511321710494315e+00
4.147080826304596179e+00
4.606183677217408068e+00
3.553494659588166904e+00
6.021661370918640621e+00
4.760315686002431157e+00
3.713454725612463037e+00
4.604045569348040878e+00
3.373526404410804869e+00
4.462671267450706303e+00
3.908410569673557156e+00
5.184192670769069089e+00
3.891545898684427129e+00
4.045959650128219565e+00
3.025716185192024898e+00
4.497015317620123298e+00
4.251350896417829262e+00
5.082869729077957643e+00
3.847485133121858691e+00
2.361739753828209665e+00
4.802360083191525852e+00
4.502915725237775391e+00
4.167460867049635809e+00
3.648426263038330397e+00
4.848171592270520414e+00
4.550983089214291510e+00
4.325573320836375579e+00
5.751180967792427268e+00
3.988882050858308048e+00
4.299503474238965950e+00
2.988923513747520300e+00
4.251069158634443568e+00
4.186845212639152436e+00
5.021671018110863471e+00
2.367468449331242564e+00
2.891122972672993008e+00
3.040221851599184788e+00
4.063517343009626082e+00
5.008412700140403295e+00
3.588802784433423820e+00
5.201027259167874561e+00
4.049782793381252688e+00
3.872935248879529890e+00
3.873909901742853101e+00
2.604830544160678940e+00
5.159939626104807608e+00
2.200417438898019107e+00
2.960780497569643455e+00
2.259716914285967437e+00
4.535479666780688923e+00
6.094143156828479846e+00
4.220622931594212979e+00
3.636360515849220487e+00
2.873062604340367976e+00
4.139879535010385858e+00
4.181805003388483044e+00
3.206808208583083797e+00
4.612525175698063862e+00
3.735598226656275500e+00
3.176914549921028286e+00
3.554978090094028431e+00
3.236094514178369685e+00
4.189846812400895182e+00
3.227000431879021303e+00
3.378466013370155174e+00
4.699144658248644468e+00
4.559123984027415588e+00
3.977614395451358753e+00
3.737413513966050704e+00
5.014439581205373031e+00
4.532170983893608174e+00
4.236452105957251746e+00
4.819096099613005002e+00
4.196643953696127305e+00
5.608214599321072136e+00
3.923309091345876354e+00
4.106266395153747695e+00
5.208083853194754198e+00
3.355671450428180158e+00
2.775147555307166947e+00
3.283800101906541702e+00
3.443403322126286970e+00
3.907726913355369813e+00
5.211994892425752646e+00
4.162500456237970603e+00
3.439851786449688920e+00
3.476770517035546515e+00
5.784274726340961514e+00
3.189883340703481895e+00
4.335855833029133244e+00
3.288212360151756108e+00
3.393148531479744268e+00
5.407220193852078971e+00
5.025267110846170837e+00
3.417683465663360121e+00
2.535425369656615135e+00
4.302418882710711934e+00
3.592890474002039980e+00
3.091887762945111806e+00
4.616088741247503791e+00
4.128992180988130478e+00
4.435429064041760405e+00
4.625104356093439506e+00
3.281440597610893573e+00
3.667002492199872066e+00
3.829611418209725837e+00
3.764617879490770314e+00
3.024134811577336990e+00
3.859586604859146508e+00
3.172770793392736266e+00
4.322859418757209582e+00
4.287815484368523222e+00
5.097751907690212470e+00
2.447520571797522138e+00
3.808575130347342075e+00
3.267674827725385533e+00
2.702160256331229249e+00
5.817966778197625644e+00
4.221534469697034275e+00
4.544804134821453623e+00
3.600327735015224739e+00
3.192077786226416691e+00
4.490796865560882090e+00
3.668490801999575446e+00
3.214793777267006103e+00
4.626322147474684954e+00
3.789301681210690109e+00
2.376825359853806496e+00
3.064390613003532771e+00
4.359922236478147362e+00
4.340678053195675012e+00
3.345109536480896040e+00
3.934650818672094097e+00
3.372586111501591599e+00
2.968713106743968488e+00
2.774261794160189698e+00
4.670959828871718678e+00
5.434652413927210546e+00
3.464241869009148989e+00
5.378054836548613160e+00
2.775772015230681955e+00
3.227091582656746560e+00
4.595221076355874068e+00
5.426482707111823345e+00
2.994654691076023223e+00
4.422438299758129965e+00
3.507125501898840536e+00
3.590436359163821756e+00
3.659275446461329295e+00
3.653134285248731850e+00
3.741348092274405346e+00
4.958391063640165797e+00
3.519757004010520163e+00
4.043082962335803110e+00
3.353113695018184792e+00
3.767981002857201389e+00
3.435333684338700344e+00
2.906302265816912644e+00
5.019185836178083449e+00
2.884838716310931694e+00
3.546401676251745627e+00
