4.007364464632253709e-01
3.728206101734080069e-01
3.563730668978905003e-01
1.299517675978097975e-01
2.711193440009978528e-01
1.557135997674404526e-01
3.582215372681158416e-01
2.160092359246190141e-01
2.253583328278183640e-01
2.137593460989420657e-01
7.300379021081110364e-01
2.334041131141041114e-01
1.762316549498915697e-01
1.501083213217618562e-01
3.888200555968961969e-01
1.928282652619685844e-01
3.505612272723894196e-01
2.343708638292862356e-01
2.864654805883813382e-01
3.047594351927624401e-01
3.651657999235605190e-01
2.665389899297328502e-01
5.255125349149889491e-01
5.720653994392246311e-01
1.583806371397886992e-01
1.950519628684445339e-01
2.378455522744766237e-01
3.600542026466335144e-01
1.482345109019303220e-01
1.541947453397629897e-01
2.393616748381858228e-01
3.515345048150238516e-01
1.414933583160769837e-01
5.153163516619818640e-01
3.476300589405939001e-01
4.152307588944095240e-01
3.751838493708574140e-01
1.964947421316332321e-01
9.026906844669448093e-02
1.478285977106609805e-01
2.733430112530267908e-01
1.453672894920298164e-01
2.373200921570135513e-01
3.215687731676070138e-01
3.257057036437439046e-01
1.731054673817343514e-01
2.236556043282282857e-01
4.183473540821339154e-01
1.733784263956278660e-01
4.528833468909483906e-01
2.171040389723749853e-01
4.490051376032856423e-01
2.017245449896575282e-01
2.968067235210734567e-01
1.710258438082158938e-01
2.453448368636538535e-01
3.202120153158085625e-01
3.327511142820367973e-01
4.564212943243277643e-01
7.211517814750740829e-01
2.053298011485962526e-01
3.300242202014980752e-01
2.952294133705205548e-01
2.799165289483551144e-01
1.616418778001726120e-01
2.650664001520970925e-01
1.757652423846205181e-01
2.912719258733242333e-01
2.180409317344095821e-01
2.094668085831787596e-01
3.315265317823400393e-01
2.147237114451035489e-01
1.837329952892584883e-01
1.448885657061433074e-01
2.579406939518361086e-01
1.770057801117008722e-01
1.433229151005420421e-01
7.134240390377196706e-01
2.480719063732153007e-01
5.783049796800073805e-01
3.062845075850904597e-01
2.269127555095444559e-01
4.304523453070406291e-01
3.604754563972072945e-01
1.940011289982647436e-01
3.031696077412328050e-01
3.633384265968983007e-01
2.180133720688726129e-01
3.181886876123191099e-01
1.916539778956956042e-01
4.675732387744619967e-01
1.948080948674019153e-01
3.582750221241593480e-01
1.414554023745883959e-01
2.880105141549659797e-01
5.425085718438207305e-01
3.389545450835692586e-01
4.043345791089787977e-01
3.565603968645004174e-01
4.738458450371330066e-01
3.573977242175309654e-01
2.237380549103839267e-01
1.884354587575028106e-01
2.051160434692016199e-01
4.509530076748921590e-01
1.575316928574013176e-01
5.384273568773727536e-01
3.457082570201240879e-01
2.666443713477736899e-01
1.239759444131723204e-01
4.625758097499135801e-01
2.566191098530851145e-01
3.351662174043981146e-01
2.298644690872627683e-01
4.308342999823914221e-01
3.058314354458181450e-01
2.116145286813901627e-01
4.894458362317062883e-01
4.404850722464354607e-01
3.504690193635612294e-01
2.710348092190911218e-01
2.764485680114900368e-01
3.232395112097354306e-01
6.575234738482576002e-01
4.104787713694383888e-01
8.883250248144844985e-01
2.781996238036769653e-01
2.265376550398420508e-01
1.597822646094351762e-01
2.725451676941325063e-01
4.315130374003308678e-01
2.506097862853165492e-01
5.301367347307006650e-01
1.428806762389487062e-01
5.040209643287826280e-01
2.743943409295128144e-01
1.706840717783786598e-01
1.673008923898138822e-01
2.642712033706491881e-01
2.257992646761236288e-01
4.051079888043404020e-01
3.943118628872555598e-01
5.345608066538325431e-01
5.486648687809062563e-01
3.183751237349414787e-01
2.003633686887779097e-01
4.469534305441098532e-01
1.899235235827226864e-01
1.218699049118750904e-01
3.465563783180037882e-01
3.974397264446453693e-01
3.870866841283637783e-01
4.076688107408816264e-01
2.514844890472215377e-01
5.517793093232247204e-01
5.336710303360571173e-01
2.693017476911690467e-01
2.120623286202216184e-01
4.015401489331425489e-01
3.398013938082927732e-01
4.062462263458821998e-01
2.335333042530285674e-01
3.448113210053393995e-01
2.237202655733891987e-01
2.143484508997380855e-01
2.717488152715651362e-01
2.227093084948124080e-01
5.558377910907035258e-01
1.684763907821751894e-01
5.661160140944739849e-01
2.294757518744513503e-01
3.999754806019049092e-01
4.792794948536702182e-01
3.334186976184733697e-01
2.036600468853494439e-01
1.999058203482585727e-01
2.660843591562055965e-01
1.429517311444612193e-01
5.121092158628161028e-01
1.029057950235039431e+00
2.732994694931053514e-01
2.785228364554094838e-01
1.902808957004168688e-01
8.762669700706413045e-02
2.976291188907331242e-01
3.238197514080984329e-01
3.633520073624487146e-01
3.436171581844569833e-01
3.425790793431426895e-01
5.622553791450761729e-01
1.097532024487984648e-01
1.880552234035366421e-01
3.629660383468704121e-01
2.592415255357369830e-01
2.851941358462234399e-01
2.815910314247255242e-01
1.772251561973327838e-01
6.230893318314589813e-01
4.332421129101245993e-01
4.710999903026412139e-01
3.386842768161439921e-01
3.622827787851780612e-01
5.703699809550675237e-01
3.413783347038985561e-01
1.985661054548175097e-01
3.413715886757432982e-01
4.522161540844072958e-01
1.607243796441637784e-01
2.321320020968077880e-01
7.885107368865011679e-02
1.937064945718314501e-01
5.109711954072240214e-01
2.600971009588214367e-01
1.204564352157121015e-01
4.524720642561695927e-01
3.488672007521221308e-01
4.159992639928885572e-01
2.768688588519534477e-01
2.267226965547536055e-01
2.564617858413121287e-01
1.978690141488194665e-01
1.923575919765083686e-01
2.083349892996440578e-01
1.540692266056484794e-01
3.601787685099557823e-01
1.798745247846881001e-01
3.658062649309156700e-01
5.349666698038096913e-01
1.497601079080206066e-01
2.096735934575593152e-01
2.820442204717434898e-01
2.822603880747369676e-01
2.526233037047713736e-01
4.128598604216147105e-01
3.726328942711430448e-01
2.236365569341543236e-01
3.115678648684488405e-01
4.643650560294216856e-01
3.270571618948976411e-01
1.944183393072032862e-01
5.627027680075340488e-01
1.994450615431793139e-01
3.692788146112056524e-01
1.192563253746483226e-01
2.821954287327438360e-01
2.737299440957656205e-01
5.970453435448047630e-01
2.543530512512240938e-01
1.799048014520034100e-01
2.657628523957204503e-01
4.314985603284870463e-01
3.409217518741514685e-01
3.156313167544560483e-01
3.957463828598870026e-01
5.901823714759693029e-01
3.385309075023134051e-01
6.061290499513088958e-01
1.157646644392044954e-01
1.014283838011323241e-01
2.271037053654786364e-01
1.456551148407862484e-01
1.559801970501053237e-01
2.924505331672109798e-01
5.433417292985125435e-01
1.958685890558045095e-01
3.322793327798387875e-01
2.182586147908184560e-01
3.537008699026315539e-01
3.830536084794491924e-01
3.118058148966113552e-01
2.841676937329586927e-01
2.617145507952557404e-01
4.724168166167287963e-01
4.834075892953108022e-01
3.237498650445702619e-01
3.221541669929854357e-01
1.924457431806885777e-01
5.158096375686892499e-01
2.336652879195366961e-01
3.201521176921031109e-01
2.214346778901722934e-01
3.903082975647063080e-01
3.264325573817148940e-01
5.291632576639303531e-01
3.095111731785273324e-01
3.116368041276728063e-01
1.719335407440069630e-01
2.400013893338504845e-01
3.377207312326931388e-01
7.226374665980291045e-02
2.140563909697059952e-01
6.804022148544694448e-02
2.068853797478818202e-01
4.307753365609633400e-01
3.017163721732332715e-01
4.498097143338137816e-01
2.279513326780960303e-01
2.400271115983215742e-01
8.533848418562155480e-01
1.607453872304130671e-01
