9.822487791657311007e+00
1.008933663908132949e+01
9.823368945693392362e+00
9.727159805259256942e+00
9.565309144537549102e+00
1.040107822196477727e+01
1.080253036566704239e+01
1.001561203818876322e+01
1.022938707702011563e+01
9.413658545557204604e+00
1.094036132760287572e+01
9.656265755995532274e+00
1.066371603211345409e+01
1.017831680836814456e+01
1.053534470912232379e+01
9.794403651905994934e+00
9.613468496212453474e+00
1.015644653898810290e+01
1.060866294229342621e+01
8.838325074880520660e+00
1.068356596060713493e+01
1.038087238091674180e+01
9.152354750120597515e+00
9.459160835524638600e+00
8.977200081658835984e+00
1.072123221682286420e+01
1.033757660650410770e+01
9.059624543337498892e+00
1.056174089127157778e+01
1.031020207950889933e+01
9.797381479436378271e+00
1.011090317880427136e+01
9.667086453603820573e+00
9.739733828964229900e+00
9.974835893852157298e+00
1.061933010967828039e+01
9.956748784223318438e+00
9.652459010907071146e+00
9.912329892669685449e+00
9.488045081173748230e+00
1.005789326415218987e+01
1.064440509262055912e+01
1.212551033534484191e+01
9.782901490729962291e+00
9.623984515095628467e+00
1.014714971207233773e+01
1.021054297074392103e+01
9.593982178702024299e+00
9.442249355681635592e+00
1.016830393326906901e+01
8.845058536962628892e+00
9.465599946019869648e+00
9.898278804984196100e+00
9.917732424021455273e+00
1.003503782933952060e+01
1.003013646406330750e+01
1.053665849808107957e+01
9.720510194673105175e+00
9.174805789909889597e+00
9.104241667557484874e+00
1.025654650229042986e+01
8.975571481244765337e+00
9.738334421851416067e+00
1.011103461434336026e+01
1.072458464940596912e+01
9.852797527575694048e+00
1.073365490688379609e+01
1.002252844443029289e+01
1.052826158639714826e+01
9.310888181274584952e+00
9.078467762001432462e+00
1.027897893298224474e+01
9.364689444743246938e+00
9.303338699456729088e+00
1.052851104918968694e+01
1.079973944208191661e+01
1.014297267053719409e+01
1.020358421158577222e+01
1.056750195087789734e+01
1.089545686770799904e+01
1.061408727844103872e+01
1.007435184440167042e+01
1.000969511962336433e+01
9.700741498326346246e+00
1.041518743176411554e+01
9.854253643400145535e+00
1.017701464144007417e+01
1.003954320563921065e+01
1.036490200369373582e+01
1.077341285909825075e+01
9.037649926424569102e+00
9.806514697136574199e+00
1.017279373848785262e+01
1.039501933063966099e+01
1.001656958682765186e+01
1.032982633374959924e+01
9.285760506450985829e+00
9.605249112919636900e+00
1.057785141171300936e+01
9.632815124913266303e+00
1.014446825578155043e+01
9.314249265154002089e+00
1.022953753546887867e+01
9.783080409427613588e+00
9.347641915395813683e+00
9.205460738259944264e+00
9.327209193610517701e+00
1.062546117754850883e+01
9.172995881435804577e+00
1.029378013682632442e+01
9.192985464065772661e+00
1.104842032091156945e+01
9.684789383541763996e+00
9.286031616224482477e+00
1.008651040738582516e+01
1.076799313588985818e+01
1.012222146580198512e+01
9.935488375556976948e+00
9.031790315282021808e+00
1.038065756485601021e+01
1.033610316091082559e+01
9.372616998759079721e+00
1.063468539784320477e+01
1.018168441871556773e+01
1.061949401753642697e+01
1.010904215410703344e+01
1.008931465467476052e+01
9.580288088017507420e+00
9.394176109803654029e+00
9.457536629545815643e+00
1.007679631928673736e+01
9.173751010619993096e+00
1.141578050624054619e+01
9.525571255272451410e+00
9.709593354246454311e+00
1.118421758343995265e+01
1.019176586043312405e+01
1.030551511625066574e+01
1.157996422483233978e+01
9.848522595391935752e+00
1.137810481655799499e+01
1.035364040417458220e+01
9.568362535879419539e+00
9.782404246829939254e+00
9.568912592954559315e+00
9.595012481732087650e+00
9.863488892463808000e+00
9.950183692462267970e+00
1.062218838979558377e+01
1.030699936772768588e+01
9.910312375402982710e+00
9.280434418518359152e+00
9.055736648362577412e+00
1.089721310555348488e+01
9.663638890989007635e+00
1.043422494995394523e+01
1.030240980291165975e+01
8.855723472149321651e+00
9.753356993789831009e+00
9.722901802039856989e+00
9.569436267686283415e+00
9.630162593557964001e+00
1.032251120626887797e+01
1.008196760942970904e+01
9.411511131826102883e+00
1.031577256807717546e+01
9.303973869723410672e+00
1.074756160196433363e+01
9.474090370261929905e+00
9.944413724634573626e+00
1.001823682032780916e+01
9.316867061356226998e+00
1.085378302331797329e+01
9.782595954720807896e+00
9.366822918454216662e+00
1.023176485761661603e+01
1.051185491068945588e+01
9.476443430721413819e+00
9.465764089013177340e+00
9.563222581100637498e+00
9.366700509723081325e+00
8.967300122058537326e+00
9.983679764715967409e+00
1.001176107044643970e+01
9.772154396886914896e+00
1.075614322356854302e+01
9.688081719551995263e+00
8.865090801081315419e+00
9.037721871743922719e+00
1.038833592038078280e+01
1.068305059872606932e+01
1.003340165653840543e+01
1.052530777664923534e+01
9.911486926802728803e+00
9.680352755921713737e+00
1.058603641019755948e+01
9.604191166726698370e+00
1.068463955473431248e+01
9.094229811845412570e+00
9.680441349108125593e+00
9.548124015154314748e+00
9.979932386692798474e+00
1.007538368832825348e+01
9.585359016278628630e+00
9.957202731893904257e+00
9.946412781037034634e+00
1.038706254599687639e+01
9.684488982340063501e+00
9.325834944313079689e+00
8.811442381141757707e+00
9.458071422010830176e+00
1.035014994257458731e+01
1.058875069368195909e+01
1.031392163233008930e+01
1.043816157922756460e+01
1.043957616570821578e+01
1.032354198018889768e+01
1.023577515134626381e+01
1.077626330405694510e+01
1.087988382257168674e+01
1.034671813296189846e+01
9.347217190723908331e+00
1.038770992391274106e+01
1.143623177977886840e+01
9.916414738330097123e+00
9.617380294825203180e+00
1.035787919071487373e+01
9.427888551159812280e+00
1.007319937188777814e+01
1.036061762974465239e+01
9.629379898658434911e+00
1.014294650215568083e+01
1.005770907847711904e+01
9.438940445791635270e+00
8.520391147114569463e+00
1.073454489665235023e+01
1.024794165752532038e+01
1.029149684641402196e+01
9.118111873042856530e+00
9.905756160747058559e+00
9.822037508715625975e+00
1.029884386125562834e+01
9.831141498179574612e+00
9.108097997239182675e+00
9.922831933469668186e+00
9.423733166302115549e+00
9.952673050500484564e+00
9.649340937319363931e+00
1.042150320584055834e+01
1.008588674729826629e+01
9.749120399968024486e+00
1.035314827372983082e+01
9.324177798199544398e+00
9.458438916315605738e+00
1.030217384999612307e+01
9.719700476647275877e+00
1.091115239495036882e+01
9.880002436892667106e+00
9.111304602369285632e+00
1.002633658236342917e+01
1.050403901573880106e+01
1.012086796652319087e+01
1.039012226365576730e+01
9.637956254481190754e+00
8.906188692496453285e+00
1.006075443623792864e+01
1.089177548801331774e+01
9.629698416951958606e+00
1.006552683757074362e+01
1.085188434900309140e+01
9.437520408916931558e+00
9.643371821511166786e+00
1.019337639461676837e+01
1.033883375591757847e+01
9.952143065558818336e+00
9.380996855596688278e+00
9.955144159588197539e+00
9.942902381792388056e+00
1.044557318479681562e+01
1.136481605233669612e+01
1.152863350779010965e+01
9.476773521544934908e+00
1.138111317829079105e+01
9.571914238198788283e+00
1.083578344234327417e+01
9.642148406996952303e+00
9.358195159761567794e+00
9.950751168084169151e+00
9.351745872880583121e+00
9.831151400416919373e+00
9.254826886846579725e+00
9.069496121493866525e+00
9.955053445549426172e+00
9.877262450112194614e+00
1.091943617136592692e+01
1.030405004307408667e+01
9.717087325195327807e+00
9.907596501456874094e+00
1.041486374472191123e+01
9.326385504663045722e+00
