1.163408740004112429e+00
5.848737558614571785e-01
5.073756697812694672e-01
3.996152770574321056e-01
4.652891584945140768e-01
2.095937027164127275e-01
7.402830753765999861e-01
5.271500782869954493e-01
6.317023624581439289e-01
4.226505781012086516e-01
5.638981226529347079e-01
4.659640791069937782e-01
6.761989463782221987e-01
6.450996212390092133e-01
7.383403548842953912e-01
3.593828646335862076e-01
3.003305444808535007e-01
3.604849776269170580e-01
7.485000820750844497e-01
6.095545744218600070e-01
7.036957342516371172e-01
4.231391826622383223e-01
1.004930568831878146e+00
3.526566830314715184e-01
4.128908001389572369e-01
2.043465852517098447e-01
6.501007245993458694e-01
5.738654105578999687e-01
5.146590897754488303e-01
3.575100018796949497e-01
3.976286808141371032e-01
1.346209888095777796e+00
4.316376885413849007e-01
6.299288693912165060e-01
3.232621445994644516e-01
3.242210823323130597e-01
3.808645894518116748e-01
7.381281871134801609e-01
4.848518473390517336e-01
1.518219340020607211e+00
4.944155788875730373e-01
8.385408350914655973e-01
1.803139426911923859e-01
6.173671406987055743e-01
9.457571776634489114e-01
4.313750147824431669e-01
9.543939341935132603e-01
3.573236967928347108e-01
3.573768814935502913e-01
7.554523314784458154e-01
4.631219645867649670e-01
5.844707624339902097e-01
2.765675891135723763e-01
3.170352298040278183e-01
8.463361251926858619e-01
7.108230452995948356e-01
2.893886341836581777e-01
7.975737011772608964e-01
2.587234133777461254e-01
6.354912977588518253e-01
4.886540152304161277e-01
4.625825566764350527e-01
3.690939844509252832e-01
8.086808851045667046e-01
5.659084608756126400e-01
9.029588443829145161e-01
8.300878195605864152e-01
1.501382180924254683e+00
7.090900237663234629e-01
8.791333175496734986e-01
1.286401847004192411e-01
7.317342006079736727e-01
4.759259317210689511e-01
2.181836390947916315e-01
8.677872940221504905e-01
6.611757167543111935e-01
9.860735638858568741e-01
6.808424517955029565e-01
5.905636459186290876e-01
4.359241530698970690e-01
3.165340464757784300e-01
8.939534070887509287e-01
4.250706234140604334e-01
1.057851447059997563e+00
3.375657001100087484e-01
8.991538487277934699e-01
4.633578783782958399e-01
3.983533708534966467e-01
5.849991292963716560e-01
1.437494644875755512e+00
3.705011931722375640e-01
3.975468423426141706e-01
1.180460241431874779e+00
9.661554009322514958e-01
3.905003920852962440e-01
3.597438059493319740e-01
8.354406477124354247e-01
1.086028110800981938e+00
6.585027786944094297e-01
2.413093449514313871e-01
5.082038581433004909e-01
1.471719998371655791e+00
7.403332382775300591e-01
4.794357997182855380e-01
7.204568171109221320e-01
4.681445521194305681e-01
4.229927129109817274e-01
4.871454171566493851e-01
5.206971985983430695e-01
4.557764086287393601e-01
8.628543291734104281e-01
2.033513460779801107e-01
2.444069381928786200e-01
7.901881015673428710e-01
3.673989283166420594e-01
8.689442399917594040e-01
5.315399045281498092e-01
5.308605754807697030e-01
5.437581889824321113e-01
4.452975268142321807e-01
2.930540679178549324e-01
3.568685215624796125e-01
4.540792224793935294e-01
5.340211261057041803e-01
7.647630704949164304e-01
3.955536705437178724e-01
2.973645501693324422e-01
7.831320873052796117e-01
4.641621630986988434e-01
3.536732111905410703e-01
1.641157550143795829e-01
5.828876977178525376e-01
6.230813975553851636e-01
4.586313418315630108e-01
9.697650399916925013e-01
3.845777101139060683e-01
7.697553992528213263e-01
3.330474021904922255e-01
3.024790386991364488e-01
1.179517410670939848e+00
9.497378609598189358e-01
3.948454436540186907e-01
7.432590896575523853e-01
3.510137858469524197e-01
1.496798297465572913e+00
2.368925962740712488e-01
3.983935299721098611e-01
4.060238643154878146e-01
1.038336159905042466e+00
4.901383120640497304e-01
6.756689547906364890e-01
8.678232411486470621e-01
2.786645158975111780e-01
2.791538231257358338e-01
5.015245869239471910e-01
2.684004246309881769e-01
1.096019537505394270e+00
5.915037043048329002e-01
3.468663039266622339e-01
3.276987155402457663e-01
3.937995355385656704e-01
5.346692530698891055e-01
1.001979383206748730e+00
1.133734877335568880e+00
4.746797525620627400e-01
2.918531386578548381e-01
3.261541709379675580e-01
1.115614378904291160e+00
2.789180339475014758e-01
5.282615445884338845e-01
4.746753924246859269e-01
2.524667236074756849e-01
5.352792825297539858e-01
4.262822166369389376e-01
2.163273059726225633e-01
5.029641590718071376e-01
1.014031483395349653e+00
5.373235160810858613e-01
3.996412581872857417e-01
1.038612954412871492e+00
3.532589445311430376e-01
7.405002473633073290e-01
3.545144185575525020e-01
1.200015211353105071e+00
7.367981613793199713e-01
3.101498969117105209e-01
3.376999325820418951e-01
4.828596500911924161e-01
3.186427114450931519e-01
1.200013705207017667e+00
5.303627482496665602e-01
5.488160397344633568e-01
1.012037596215938695e+00
1.790339069091044510e-01
6.179508048820083754e-01
7.683445640357363660e-01
8.872765678521682409e-01
9.435780255677761463e-01
1.287299215696819044e+00
1.101698309483872817e+00
5.175282240029444036e-01
5.437844788638843685e-01
3.995599529656307380e-01
8.447697899190784732e-01
4.763058624449080791e-01
5.205490295238501819e-01
8.827805125342523818e-01
4.350072611844781889e-01
5.772480964424049343e-01
5.204314459011779581e-01
9.322657593326623138e-01
5.787908798305060332e-01
1.736293573155741343e-01
7.069244744632756650e-01
4.638724695509264806e-01
1.672185904800817524e-01
8.496079462700363294e-01
6.701719629936145894e-01
3.386890533692174521e-01
1.179403876189265343e+00
5.836969701459814308e-01
4.219158095438140244e-01
6.319251568888151205e-01
5.503228659354322261e-01
2.569531554684688635e-01
5.782364375924242683e-01
3.624859524831136048e-01
6.609024580361390067e-01
4.322918115819432416e-01
3.078893837249008225e-01
3.381598997201591961e-01
2.519208275530789853e-01
3.938435307734299284e-01
4.711356770393827498e-01
7.494049748374286279e-01
8.770483760803589046e-01
1.070135701978191634e+00
9.852966750229966708e-01
6.608365255360462154e-01
4.821046254015619592e-01
3.310641925116041828e-01
7.117769700028881985e-01
6.390790503561610825e-01
9.260388257595600914e-01
9.155614716517869178e-01
6.629119787542637754e-01
8.402204418862047053e-01
6.701429107205166824e-01
3.601768684810017773e-01
5.448205865558712890e-01
4.646607182039295680e-01
2.108355886637289511e-01
6.697663108583691294e-01
4.828287505929729773e-01
3.017702239320607105e-01
9.708335079907582932e-01
2.658567187161914314e-01
1.595002107877910857e-01
4.183902781692823702e-01
5.108154711906570666e-01
8.638244282992056933e-01
5.019756276905328329e-01
7.489970779462831185e-01
4.969969661301699149e-01
4.598074859732670938e-01
2.046784713054659866e-01
3.371654542142282218e-01
2.964792526093475433e-01
1.250724625604812346e+00
5.398081272668572295e-01
1.003390763503702710e+00
4.930238582200366371e-01
6.259617321868738982e-01
7.978118105796820902e-01
6.045317754668687593e-01
5.703450952259138118e-01
8.376643871990802070e-01
3.520070269035618926e-01
6.296138090425494882e-01
5.745525366692757485e-01
6.909201921207461794e-01
4.095566839383359414e-01
7.972720450132922965e-01
3.123965541420491987e-01
5.838239883955037568e-01
1.739034228785940051e-01
1.439211246486782558e+00
3.018916274734276262e-01
3.959995233886324795e-01
3.945597846392497887e-01
4.419221319345992827e-01
5.930562503819832854e-01
6.844578558151442893e-01
5.188090152869101468e-01
7.413965077420769934e-01
8.378020958014542607e-01
4.671816691220401219e-01
3.809523649809161139e-01
1.241894616460263556e+00
9.240733383748719332e-01
