9.974847752499940157e-01
3.223681377170864448e-01
1.314715812141807216e+00
9.291368689980383788e-01
1.043595163956739125e+00
1.011503712453708292e+00
2.323636450781601859e+00
7.712750445651465059e-01
7.699591406531092197e-01
1.455828258363491168e+00
1.328588865627916782e+00
1.202670382507466496e+00
3.326176914892881031e-01
5.957897034766451716e-01
9.166248726837830096e-01
1.364356526195725117e+00
1.974141766589856850e+00
1.316151815607674136e+00
7.097275128950830680e-01
1.274138510720262296e+00
1.093805828385957080e+00
1.478358403648896591e+00
1.573219208959939719e+00
8.662402070914326790e-01
1.434503402804188754e+00
9.831425089820846619e-01
1.827159236057446012e+00
9.304338993670387969e-01
2.264284058086655893e+00
1.236780746440040213e+00
1.100799897576851816e+00
1.488673776167152019e+00
8.460935469731587499e-01
1.069663270384085596e+00
7.947277734242821357e-01
1.460834747475923567e+00
8.914491127938576343e-01
1.625645173405465327e+00
7.028964908997112904e-01
8.570327571635660835e-01
1.418834354910410989e+00
1.177566077725168636e+00
9.949071097881863057e-01
1.342958348290998360e+00
1.194773503290303740e+00
1.279791654392608891e+00
1.043615833030529405e+00
1.392876349313318496e+00
1.052103982703582297e+00
1.115540621751595074e+00
1.004810608502957114e+00
1.736279009545824925e+00
1.527777567537699888e+00
1.026921063439449222e+00
7.475589264708492054e-01
1.335631276052308358e+00
9.506072326453915977e-01
5.908272984156324181e-01
1.019534223055681421e+00
1.360816304902505935e+00
1.422243791767179077e+00
1.933894599586551299e+00
1.189202381369499850e+00
1.315901793192035818e+00
5.445836554712815136e-01
1.076794157200694935e+00
1.170172004469393956e+00
1.103309543407595017e+00
1.224797084013414139e+00
7.972012898589663221e-01
7.401315424600866111e-01
6.416379078603970942e-01
2.397319203929150877e+00
7.428717881281813318e-01
1.137489114092587128e+00
8.864435401067819464e-01
1.059958670620894106e+00
1.190010025122198556e+00
1.680878094926604449e+00
9.171796137214305311e-01
5.682975357066959443e-01
7.443266008656446164e-01
1.143334371344211453e+00
9.648395045399360548e-01
6.070966802086567027e-01
7.119030290687403673e-01
1.738990552057859684e+00
7.897360188754244392e-01
1.549093222891989585e+00
7.003357360301731838e-01
1.816122861016523871e+00
9.511641469863247877e-01
1.178499049713675806e+00
1.580941508704426512e+00
1.344644627544599569e+00
1.081969270540277028e+00
1.470925626624583371e+00
1.137183738795993326e+00
1.951879263002475051e+00
9.853405612906617206e-01
1.177456857491554931e+00
1.748285197183941708e+00
1.249143985368817322e+00
9.136087856612812308e-01
1.765104816486917638e+00
2.204019092514689859e+00
1.346403548261909222e+00
8.319807239415496491e-01
8.664647406495582516e-01
1.356997805788639155e+00
1.919521925449178879e+00
1.375737471314036675e+00
1.049993900735501029e+00
9.057771976345078135e-01
8.922965274010699055e-01
1.297213848471424180e+00
1.683358580097793711e+00
9.357674547018528521e-01
1.127084295846192630e+00
1.693469064646365485e+00
1.502202666517498786e+00
7.654074775362446070e-01
2.529216291585529408e+00
1.283737517944883555e+00
1.524788041643115433e+00
1.645376550879193100e+00
9.084691809994501766e-01
1.526610906013850855e+00
2.318854226585552070e+00
1.787486252371425444e+00
1.904468886386500470e+00
1.351762496396004209e+00
1.930588051728931109e+00
1.713823782403642859e+00
1.889167949566192828e+00
1.138940265640785654e+00
1.886925761432466375e+00
1.247279444330037679e+00
1.019805470368289946e+00
5.815136815285532057e-01
9.012900655982341025e-01
4.209456298486581316e-01
1.502216321589650239e+00
1.165261837273335654e+00
1.596460242559390119e+00
1.864085642586554403e+00
6.461359620123771075e-01
1.584531781982731591e+00
2.629536877316676069e+00
2.121990953617310272e+00
7.754025432226046011e-01
1.844123043175580623e+00
1.578075229239985777e+00
1.584813049619455239e+00
5.919107177338560621e-01
1.124900713926469731e+00
1.703092528417937235e+00
9.739655078258580012e-01
1.652485088137062075e+00
8.694158808444879538e-01
1.405148453773858552e+00
6.875396663425793475e-01
1.608232476006600686e+00
1.014672088058719002e+00
2.058990608152326818e+00
1.308951077713321753e+00
1.155698704619445571e+00
7.038952542646247368e-01
1.390700213606224533e+00
1.178715838126406679e+00
1.504450754991246031e+00
1.617366670312945232e+00
1.182393616641378209e+00
9.484788237981184311e-01
9.415456579617780264e-01
1.631418763074909073e+00
1.093089503155086462e+00
4.233446803949094672e-01
9.114270434510319818e-01
3.394301757794919161e-01
1.203155617013454970e+00
1.020164336512956460e+00
9.699182274484775546e-01
4.099387535879401856e-01
1.575990560890856429e+00
1.702641434473947779e+00
7.725926499178894513e-01
1.612042972282575315e+00
1.120325314025562458e+00
1.250817500005720229e+00
1.126929584670233631e+00
1.128281430987223999e+00
5.473376946736203674e-01
1.113423545652736379e+00
1.314883571261121764e+00
1.783179544473595612e+00
6.144268658343755574e-01
1.644086243890480192e+00
1.585880195842981788e+00
1.116857465601588162e+00
7.713908418376341780e-01
1.366671238835427626e+00
2.149731220815203958e+00
1.311662173499547501e+00
1.003933173042449667e+00
1.472795639190144001e+00
1.391013592502585272e+00
9.302167350045221772e-01
1.523789829383662475e+00
5.716004383223609597e-01
1.735540434823216627e+00
8.941738245850413547e-01
1.553368552246291445e+00
1.452923966278336643e+00
4.991310637575115394e-01
9.275921966352151937e-01
2.397797402714092918e+00
8.238947172854725887e-01
7.129790083136389178e-01
8.911039157340857608e-01
1.071184830194908955e+00
2.067465706700909234e+00
8.789722163300286439e-01
1.436652658188185105e+00
1.860566094739930953e+00
1.002897661221262560e+00
2.310743685118236801e+00
1.562302040440168183e+00
7.368824093475717651e-01
7.240128541618543467e-01
2.229694108715484901e+00
6.367545011176399816e-01
1.506615071225790858e+00
5.454481169819817010e-01
1.189345483516067725e+00
1.435670751734032136e+00
2.060043033983895544e+00
1.952185203590185436e+00
1.695738071914876688e+00
6.250830468260335504e-01
5.778630953649420698e-01
9.062165037105367471e-01
1.295225757808832423e+00
1.823298446469998613e+00
1.107952339501910854e+00
2.275318025802051558e+00
1.187370942325422840e+00
1.749397908455225803e+00
1.618336831119585595e+00
1.676067898548125656e+00
1.007388255355839535e+00
1.190696529487493160e+00
1.380014134477984822e+00
1.918783853935796202e+00
1.379076286008747543e+00
8.109954386040447716e-01
1.146640372517433004e+00
1.024630976649108849e+00
7.796316402808950441e-01
5.917358963448874354e-01
2.261389909179007063e+00
1.213225918838111372e+00
1.022335552366781863e+00
5.686345599525455263e-01
1.282378697431711512e+00
8.533723858773085702e-01
6.274470601204726883e-01
6.555661949184767856e-01
1.984712059064574374e+00
1.907524743957192959e+00
9.696420009328338141e-01
1.761104974972358628e+00
1.099077221333906396e+00
9.733075228509218135e-01
2.277495824267876667e+00
1.695901552707242743e+00
1.688036170206048237e+00
1.462459044405154618e+00
8.212090486577516835e-01
1.078249177377668122e+00
5.837052533093280982e-01
2.440174394221667153e+00
1.908886408571220716e+00
6.374965696867261888e-01
1.449865307799582448e+00
1.585722964061802909e+00
1.504200700063864860e+00
1.199983042387916754e+00
1.565337238399350461e+00
1.481649287029554785e+00
7.523517961771731821e-01
6.307295721533802135e-01
7.079255004581495037e-01
1.375925190869575543e+00
2.316733858167323579e+00
2.190083955392489456e-01
1.908664913125628360e+00
1.325949445415407935e+00
1.564689878364388109e+00
1.840147188750650198e+00
