3.378968200324135585e-01
1.749368047545140636e-01
2.875079658337200694e-01
2.793737911538832774e-01
1.918999229136826579e-01
1.577428527193426022e-01
1.441146773338032316e-01
2.648216823334111347e-01
3.126816073926788619e-01
2.808168806421243446e-01
2.492496295770580683e-01
3.794109043451556751e-01
2.523258028717775270e-01
3.383399548305524029e-01
2.604641963532147164e-01
3.917068276207444910e-01
1.933622205848291309e-01
6.912002652696592753e-01
4.704039350498442906e-01
6.462386284334765696e-01
2.960585562641404600e-01
2.282397054700190941e-01
1.605794340180543289e-01
2.924371617053561634e-01
1.372336315529471829e-01
4.237765178268136923e-01
2.842901225916611430e-01
2.543377201282450151e-01
1.587706822472446377e-01
2.192740490323333569e-01
3.217093224936228846e-01
3.557653822566150259e-01
2.192286362337522998e-01
2.446945462305050445e-01
4.798966889418841975e-01
4.570837563183584584e-01
5.096216137445015448e-01
2.336928469342497428e-01
2.628513794620237487e-01
3.931869788899553519e-01
5.534377318010741398e-01
1.545288789522856199e-01
5.695288629934300850e-01
3.385300188057566162e-01
1.067107719270939531e-01
3.513260443409811362e-01
2.414815573984816499e-01
1.471793552288761242e-01
4.486200867748647014e-01
3.484146819367782144e-01
5.770966974276436900e-01
1.858192147766273006e-01
4.419940149161705190e-01
3.135821001243661033e-01
2.746469490541437741e-01
1.912016158862954451e-01
6.043489316511603260e-01
2.087064319134969981e-01
3.497969733156067740e-01
3.260523431614384959e-01
4.268000400830808116e-01
8.282523773568088998e-01
3.266733833537233123e-01
1.791365400124999840e-01
4.681317643276966534e-01
3.821685964480558417e-01
5.814390910792769374e-01
3.218022748225651819e-01
3.822805410613782096e-01
8.553591574369441564e-02
3.131192276124660223e-01
4.798754249071215394e-01
2.735612247549780163e-01
2.240140653053942499e-01
4.023659173923798127e-01
3.928159056445617026e-01
4.695449711649241076e-01
5.197108645682239070e-01
4.247832182737769635e-01
1.742002332563655775e-01
4.085492999402312586e-01
3.673389057732342478e-01
4.036934523276577425e-01
3.869848128125693010e-01
1.507073026945709160e-01
2.319545136836365928e-01
2.670883887069278040e-01
2.814316331441200636e-01
3.098600601339497329e-01
2.760509216578517777e-01
2.731495360698162345e-01
1.373095714595721495e-01
3.721570327415604229e-01
3.635473852263099714e-01
1.698435211826621882e-01
2.794284403376048886e-01
3.494380048604196487e-01
1.784536439125062046e-01
2.534231592423467627e-01
1.879510553105814552e-01
2.826537999426677605e-01
4.568088467774609196e-01
2.603606214867115742e-01
5.615422551984474708e-01
2.981791411299780648e-01
1.828784916815774930e-01
2.848909897851150119e-01
3.060803087922946975e-01
2.639387347571499620e-01
4.085980812374543358e-01
3.001151436445451681e-01
2.249361215982328410e-01
2.097378744662063421e-01
1.747241905142412344e-01
3.076901429619479655e-01
5.149491960111746147e-01
1.567890224390287857e-01
5.718835090957766765e-01
6.126224296326685526e-01
3.690989436803498447e-01
3.385200193568580485e-01
2.281176470383692312e-01
2.414489519597854961e-01
1.224709943034965332e-01
2.702093889327183973e-01
3.570153857509235085e-01
4.901728896087715892e-01
3.705222044483400534e-01
1.550292423590849955e-01
3.020376398635108428e-01
5.503304335440407646e-01
3.181846379785960299e-01
4.736291648011647371e-01
4.990281051987841554e-01
3.362472965168906147e-01
4.388923364398802929e-01
4.561349144790947663e-01
2.199513247364325297e-01
2.780681539128724844e-01
2.377332704392753904e-01
3.299419817425489065e-01
3.733600116425908610e-01
3.332280819240303615e-01
6.138529417475206973e-01
3.130282962720876139e-01
2.365149010261725637e-01
5.043843421666790450e-01
2.168793730941505626e-01
3.977071900670525184e-01
2.881830092948820532e-01
2.150844203291052692e-01
6.501500690996500076e-01
3.092257198580610766e-01
2.998956344806097407e-01
2.485684966302781351e-01
2.130647833648984524e-01
2.651011598928156854e-01
1.580147788357266492e-01
2.792088344293336966e-01
2.337032252616822736e-01
1.597253870658305319e-01
5.227500664975990308e-01
1.590509803980751924e-01
1.469119583889704761e-01
5.549926547346573091e-01
5.527694345321958469e-01
2.313805860196825048e-01
4.531245314545069847e-01
3.989109191249483044e-01
3.822717122050701688e-01
3.606274723176823294e-01
3.356923121174548164e-01
5.310278201964482303e-01
3.820718188240025959e-01
7.438681873707737591e-01
1.795548116717009812e-01
2.644261876008592305e-01
3.061582087269809072e-01
4.957106880264898763e-01
2.280281203417251212e-01
3.582606313044775503e-01
2.328547823091045577e-01
3.971485582840015294e-01
4.401299315944371959e-01
1.887106739956014023e-01
5.047089388328223070e-01
2.962475925164464452e-01
4.862255402242573465e-01
3.681141809591399472e-01
1.524393046175136213e-01
6.079589568053016535e-01
3.831235682493828731e-01
2.704906991862188748e-01
3.305968388892424059e-01
2.968823279793382786e-01
5.173721911173181365e-01
4.677810152631283747e-01
4.064120766197304446e-01
2.309546111297759996e-01
4.519301403089159841e-01
3.555051077371952917e-01
2.959618576866319684e-01
7.854958773369311031e-02
3.972073599609466932e-01
2.010037757068930397e-01
4.084937445609746476e-01
4.653516077529640249e-01
5.948951522186045615e-01
2.733118942148400343e-01
2.633539221881188719e-01
3.795503773503886014e-01
1.679487296135967200e-01
2.238882726931900879e-01
2.488119980242629592e-01
4.622441075287616608e-01
2.586767583700971262e-01
2.204275867041494141e-01
3.208458525745060408e-01
3.956438600798338201e-01
2.393985507706686278e-01
4.053389885341575627e-01
3.942126242403224956e-01
2.814615337779177162e-01
1.722561617914604715e-01
2.143896284928868690e-01
9.012458502420966910e-01
1.730349478873203783e-01
3.708031106886215955e-01
5.565013291774506543e-01
3.611662565347565912e-01
3.436438007853493404e-01
2.947740256943657267e-01
2.053615031519606116e-01
3.494323482074833676e-01
2.920866156617396014e-01
3.575921868823210836e-01
5.063079046494785018e-01
5.725122086820036982e-01
3.801177634867909383e-01
3.002035228706884107e-01
2.882392741914708290e-01
4.341455330904711030e-01
3.624031721005968598e-01
2.350264563949489849e-01
2.258410373619749167e-01
3.135816420389426762e-01
4.220727548470681323e-01
2.460585862699985471e-01
1.529027764746894724e-01
4.022770806569300195e-01
2.342049714611383060e-01
6.813272392099108954e-01
2.323521309496809906e-01
4.112058578090207472e-01
2.647597291489443005e-01
2.753013177503067510e-01
2.253914632982002564e-01
1.988645886292052523e-01
2.194003915986806053e-01
1.826636124182460519e-01
1.523214682383913499e-01
3.424800678570655843e-01
2.276805684372926186e-01
2.194987698413259358e-01
1.680424982985770088e-01
3.341269033373172048e-01
2.220208125629574702e-01
3.445417664059865492e-01
2.964996656902468275e-01
4.175488227781359307e-01
2.686348520258369788e-01
2.650650397445635797e-01
5.270201360264343826e-01
3.366742077538263933e-01
4.486328799638319431e-01
6.278040818220022024e-01
3.500949405328140918e-01
2.212745207218513310e-01
4.345136452446046182e-01
1.875947732690758929e-01
2.636108802269480633e-01
2.873612362601402626e-01
1.842833087074554343e-01
3.482823970204367292e-01
4.768278568393106154e-01
1.819419589341671195e-01
4.318666675254871912e-01
4.957778090451100406e-01
5.635416774301463816e-01
2.643685306428749104e-01
1.237943030675167227e-01
1.618222888965949458e-01
1.873153649655338315e-01
2.855706476799271254e-01
2.283920115073724000e-01
2.177359483505802717e-01
3.587375619461251053e-01
6.208190426605553203e-01
4.255249828940851908e-01
1.562868404494985319e-01
