4.643027720441861850e-01
4.122399898714246835e-01
1.576863524215323664e-01
2.546373150870029911e-01
2.405799266513275747e-01
3.023917848880119386e-01
2.132325801670046095e-01
2.453135719933297321e-01
3.511471339064992647e-01
3.477465737605999196e-01
2.956142563234460119e-01
6.486130184006860810e-01
5.118979139764894271e-01
3.474293560215792609e-01
5.315161483678392251e-01
5.579168377976869708e-01
2.544119785748492624e-01
1.942106130534347053e-01
4.242850924808648783e-01
1.480583025319434365e-01
1.992513271362779947e-01
2.172949729216617221e-01
4.350454453801930188e-01
2.583657594212228070e-01
3.006833981516274790e-01
4.095047384184047345e-01
2.410791599119148643e-01
3.247429208103613796e-01
3.567578923693324189e-01
2.251019292896504487e-01
3.027896204509997191e-01
2.271916766721213954e-01
2.460574074645416054e-01
2.319119278202574908e-01
3.748922436993742391e-01
8.095375631370594904e-01
1.431591242532465058e-01
2.849612205436673484e-01
3.229948990019307908e-01
2.308248710842989437e-01
4.262937527230974966e-01
4.480120658976164960e-01
2.263640676763932214e-01
3.181249956649492283e-01
3.631034261252013007e-01
1.934881165032755479e-01
3.886665660333047945e-01
3.578635238480109004e-01
7.551443285523156135e-01
3.087432126995324766e-01
3.249442769249688001e-01
1.059829828831447274e-01
4.095479859794208810e-01
2.452305238340003191e-01
4.367246712243725293e-01
1.986220546749448146e-01
4.284713425954635446e-01
7.820746983148977316e-01
3.451017374181657993e-01
2.572713193369611240e-01
3.610401989891051100e-01
4.998221209484386973e-01
2.285707470607481195e-01
1.507980356215614381e-01
6.666439048000601941e-01
5.252872784852314902e-01
2.360333095021431848e-01
4.147609338531338952e-01
3.412028207872372376e-01
2.260848729820814085e-01
3.097535666459009795e-01
1.823336730304311870e-01
2.011645408428008042e-01
3.810716726629332918e-01
2.873297621223132037e-01
6.958095410441206274e-01
1.573716039867828764e-01
2.701878927924795670e-01
3.595710307344699985e-01
2.056037932038339844e-01
2.667906047473671549e-01
4.287032951871330710e-01
3.996526068889219019e-01
2.952137678873202886e-01
2.013389784415192396e-01
4.793765078457705164e-01
1.651985904238354730e-01
2.859622575259747612e-01
2.356471326553248036e-01
3.531208811547497106e-01
3.606460444978844548e-01
2.715199998214773980e-01
3.292249036649245730e-01
4.901476338956594625e-01
2.844088766641624799e-01
3.940516304592572849e-01
2.402306435107604277e-01
2.935064762096321056e-01
2.946529308194154595e-01
1.306165804860344726e-01
4.374756800024974246e-01
1.405046718850633813e-01
3.317663394859149961e-01
1.954044171169469768e-01
5.003293232436890614e-01
1.934375489423390271e-01
2.628657408362818915e-01
1.393872207769149552e-01
8.016018229312763532e-01
1.794485521050290522e-01
2.740383876121452178e-01
2.161867950240954628e-01
3.349011153980101518e-01
5.981337939733619713e-01
3.482451691386929116e-01
3.432312669079088940e-01
1.594885345292068601e-01
2.933106541425126168e-01
2.194445751211771822e-01
3.706307133404810883e-01
2.565688795121995325e-01
1.448852055925333449e-01
1.004930147250931716e-01
1.600661142938467341e-01
3.131851637421486645e-01
3.036994720129911340e-01
8.001433229529015811e-01
2.706144158240062492e-01
2.045668478220591668e-01
2.698100353217865455e-01
3.469992864610024208e-01
2.802321844713223653e-01
2.594601720875285844e-01
4.288756631121706242e-01
2.485751645888974182e-01
5.956226584133067492e-01
1.691085905423749258e-01
2.361512503290166543e-01
4.061408044085303981e-01
4.555151005550319709e-01
3.269868992575329925e-01
2.676587295152452750e-01
1.319618283508365575e-01
2.489100194484034911e-01
3.833200003199058181e-01
4.556910487344739691e-01
1.870723732611463130e-01
2.990987272069457470e-01
1.662265557503319058e-01
1.690307754498515114e-01
2.347186548269240836e-01
5.013572309336490340e-01
3.310012665816190469e-01
1.932832385595356361e-01
4.346993040690654286e-01
1.917438843592347286e-01
2.829867304130279093e-01
3.605741088269298067e-01
2.287773670386546165e-01
3.972251447224614540e-01
2.502435695612104105e-01
2.931630934151807089e-01
1.428817509768575411e-01
4.300826665839809770e-01
3.879471397481513706e-01
3.063017556781923445e-01
2.496095753794995709e-01
4.291131541321436815e-01
1.791344017509969577e-01
3.898164417734281129e-01
8.739629464966967853e-02
3.278925911489133926e-01
2.048481199385953078e-01
4.038445636222316448e-01
2.089205832008460828e-01
3.589782208923729678e-01
3.601444564701285489e-01
1.848852974401477833e-01
3.729649291843817882e-01
3.652267070600542787e-01
3.561854136326897957e-01
4.300078373990387504e-01
2.037892615687761921e-01
4.199969176066338794e-01
2.996774592898409639e-01
3.701913823801282755e-01
2.939481460626056086e-01
1.906395305800938633e-01
5.388881497999514769e-01
2.971307137257610531e-01
2.955068930280589368e-01
2.413299184056855728e-01
1.629602843040110494e-01
3.772993498081911867e-01
2.114737202461317578e-01
2.682149261200316714e-01
2.233464777815156455e-01
1.438165078995268242e-01
2.224792719279595765e-01
1.937379144503848794e-01
2.893122448201964070e-01
1.976710854571367693e-01
4.057713834277521525e-01
2.695806490813232315e-01
3.050133390364078712e-01
3.370466499886110023e-01
3.179476754490177526e-01
6.615085145317124438e-01
2.129307112962332549e-01
3.334785522714636130e-01
2.177557739689495175e-01
5.625707752016823049e-01
3.293594264232425073e-01
6.002040036530223999e-01
5.045112453613247450e-01
3.296399739492598124e-01
5.870683739910996790e-01
1.559206023857519496e-01
1.854288660136774458e-01
4.253796292195562434e-01
2.454001184263241986e-01
1.282475078822394032e-01
1.943024431751969872e-01
4.375160889268888131e-01
4.133467761756044467e-01
3.612108420081922011e-01
3.482861073458826673e-01
2.455714304308280471e-01
2.120976648555086552e-01
1.641023432960316830e-01
6.460249562373399090e-01
5.550239959312509574e-01
2.753678472149457268e-01
2.958381348847426984e-01
3.416229925828994651e-01
2.199251516394291894e-01
2.452935027759637343e-01
2.930712322101214351e-01
3.772004202912234705e-01
3.997604638787398690e-01
2.766484056844129014e-01
2.101145846278462404e-01
2.267121976243646475e-01
1.133511674402946506e-01
1.471540165424023161e-01
3.773614712903010648e-01
3.032404434801043158e-01
3.900192711740457230e-01
2.900138990650322768e-01
4.219434034681714407e-01
4.563032401323950382e-01
1.490498856459973875e-01
4.502267475465226987e-01
2.423195570182929415e-01
3.324589188323608391e-01
3.551920015400163999e-01
4.425861136679385965e-01
2.670062084330988017e-01
2.276451784100142484e-01
2.622141523807122732e-01
3.026084718483494362e-01
1.249805466002110454e-01
3.908601437807734391e-01
5.961783247218969128e-01
2.924211803247203645e-01
2.407036345676545619e-01
4.501497916115322351e-01
3.499420841278375605e-01
3.575766177649311595e-01
1.823834638044311285e-01
2.726826593135522891e-01
7.316755024424876908e-01
3.107872247894962192e-01
2.362265175469838996e-01
1.965191536578556053e-01
2.641364812755983005e-01
3.124149058896276143e-01
2.653581320556295808e-01
4.911723863858858397e-01
5.235510652869388437e-01
2.559708974634597456e-01
1.932264977973780495e-01
1.502916439093756606e-01
3.577384760986035417e-01
1.997867291332981743e-01
4.948271750350735076e-01
3.965290326024797363e-01
5.367898123072607497e-01
2.205905653857661297e-01
1.630039709077841514e-01
1.449194501543929481e-01
3.311203597555633649e-01
2.200474426893078150e-01
3.630789965931658925e-01
3.539867632301721412e-01
3.240716133403154786e-01
4.768080304351734466e-01
1.796743955887766808e-01
3.123107867005285865e-01
3.641395784805977476e-01
2.861145145988509553e-01
1.375680643994692531e-01
2.682998954736458552e-01
2.470553513933288203e-01
3.090159225656617381e-01
2.827143472707873695e-01
3.045907573024215220e-01
1.768090870690118277e-01
5.851607809412171513e-01
2.597951159340085026e-01
2.142973756572033039e-01
3.619713828364113373e-01
2.473753629021326061e-01
4.192707788738704311e-01
5.781870437607002922e-01
1.667550641178171256e-01
2.298799515777540936e-01
3.861105881752185387e-01
4.418166532969162730e-01
2.559984322189702288e-01
3.530733018756539998e-01
3.679159223000612600e-01
4.166732358077520626e-01
2.457521279178175866e-01
3.849050156934296640e-01
1.184182613608300016e-01
3.001851036287702668e-01
3.085036593184649623e-01
2.177457054293257255e-01
2.193683332438634004e-01
5.003983642860571068e-01
3.274155550986795338e-01
4.107086683393707527e-01
3.962998400602773530e-01
2.928411699712789029e-01
2.010311161362692833e-01
3.839319794075787828e-01
3.572568553172930650e-01
1.806107827075322525e-01
2.938233342915264057e-01
3.021050130916348442e-01
2.404826027192719373e-01
1.968950340474432681e-01
4.060452078929338016e-01
1.980176609442846902e-01
1.828536056627028117e-01
4.148637460012938871e-01
2.076882673238451826e-01
4.704707813211005951e-01
3.471958629436263655e-01
2.692050324821179119e-01
6.839811819986082453e-01
1.216076984704442809e-01
2.953346424256019231e-01
2.992880794298580782e-01
4.114962593844626593e-01
5.118802977832208612e-01
2.651905398121167101e-01
2.623561733658737460e-01
5.811853559505452127e-01
2.319033198163854281e-01
3.170351089867871619e-01
2.089607137634864331e-01
3.103576010643473992e-01
3.341653578673495217e-01
2.645964373903365030e-01
2.076636916929993637e-01
4.548163533137847270e-01
2.961013258579452412e-01
3.947328914219840335e-01
5.515968025220842064e-01
3.126120082887495211e-01
2.734899665155633430e-01
4.456020916364540896e-01
2.084288187897248568e-01
4.389957974038272148e-01
1.641593198463780212e-01
5.059360426672185884e-01
3.213476600055820698e-01
2.099348058847599063e-01
3.655081912087342899e-01
3.430501690695764716e-01
4.876462564880534867e-01
1.431044803720616654e-01
2.241156313128468691e-01
1.479227827401059514e-01
4.004237351622813024e-01
4.100147930680014263e-01
5.096075499388487140e-01
3.370903336277606410e-01
5.808465915782166089e-01
3.308704441547027919e-01
2.751642808956841768e-01
4.525055283520135752e-01
3.427521330532191102e-01
3.079866869231449589e-01
1.723308939831008635e-01
2.596182470710035051e-01
5.560634345885476781e-01
5.469932010244429321e-01
4.476001090920234127e-01
1.965244839214902728e-01
2.245630847026718335e-01
2.809863507552664008e-01
2.740450551867721352e-01
3.677830815336041170e-01
2.856111306764452240e-01
5.928353774245053165e-01
5.050209905090322637e-01
3.666659561904361819e-01
3.498847197109992146e-01
2.482590410311580065e-01
2.129140917377394249e-01
2.638519769687962535e-01
2.077420396238893185e-01
3.087428539085719792e-01
2.547790061986735521e-01
5.104876163395338784e-01
3.000334983549935997e-01
5.203981441376300809e-01
2.391943879815467966e-01
1.822467497930900793e-01
2.888983850822390842e-01
1.822317506619548499e-01
4.314590939054118723e-01
6.301078193447751108e-01
5.601275711954919467e-01
4.066634195546852126e-01
2.911828162174671664e-01
4.487303612192469204e-01
2.493956194658678294e-01
2.834872488952697722e-01
2.098182096815676967e-01
2.594133317362387059e-01
4.116064544910794099e-01
2.933428090194700188e-01
1.920916899089318008e-01
1.419562800059345486e-01
2.410759076530238632e-01
1.808173720317716171e-01
2.206528969006756602e-01
2.963563511322453436e-01
3.511746393025971802e-01
2.324992638007616630e-01
1.724824542595221610e-01
2.672901994360905586e-01
3.253206286199026853e-01
4.639177424982123821e-01
3.240239941065148899e-01
2.852577971547576308e-01
7.086494848059223806e-01
4.902858442504521297e-01
1.913082074994724435e-01
5.886209160563307119e-01
4.141119565319397178e-01
2.542819965765861778e-01
1.313780782454525842e-01
2.826688404989874948e-01
3.902213680241961025e-01
2.147337188656406048e-01
5.677167673167636819e-01
2.994461974700968754e-01
3.563510148652895282e-01
2.447982560203071645e-01
3.107705976661733760e-01
3.784193716942327868e-01
1.508419128724076408e-01
2.081867876307504917e-01
2.739363755355921914e-01
3.578473101773492204e-01
2.562337831594008186e-01
2.517670535462602777e-01
3.252992638266739012e-01
1.124234067260875269e-01
1.452624575186776679e-01
1.650639752999971677e-01
2.183477627815909872e-01
1.857511409557041915e-01
3.954132735792661446e-01
2.525266489295075467e-01
6.036565064039154382e-01
3.102800551295384346e-01
3.523590895494220221e-01
5.266621822856505375e-01
4.164279856041315786e-01
4.983141871136112511e-01
4.480837827699369336e-01
2.618820645349477227e-01
2.047100473645776519e-01
3.000370979869350641e-01
5.852787997109500928e-01
3.678058415785132040e-01
2.522593077784481275e-01
1.491452853480788321e-01
4.871091443660220399e-01
5.693386528671934288e-01
4.993032260274992695e-01
3.375726186251747918e-01
3.177674869346961972e-01
2.643494544954716474e-01
