1.031059460387006910e+00
2.355057896481516089e+00
1.559776945116349678e+00
2.644390107211334939e+00
3.152993246179671694e+00
2.263620565668478246e+00
2.825263922051166610e+00
2.292900470681522584e+00
2.527298720054778070e+00
2.687599442818469964e+00
1.820420178157587054e+00
1.301749011594405481e+00
1.455413694510262923e+00
2.042467701696984772e+00
1.950764074221294608e+00
1.359591828014759196e+00
3.077144154133445220e+00
1.369062668516762615e+00
2.058088362437581864e+00
2.125052432305259309e+00
2.122485406907026917e+00
1.487487032708527224e+00
2.851615616849133339e+00
1.859776185877967114e+00
3.506635768895757899e+00
3.199163374540939575e+00
2.051818677513423061e+00
3.157501699159662500e+00
1.915669199747844109e+00
2.212479482877704573e+00
2.558625540004372034e+00
2.419049642244508913e+00
3.063538250225560144e+00
1.774748017119285759e+00
2.579058390330724482e+00
2.215632431047382056e+00
1.644001645446616200e+00
2.025495833928043776e+00
2.385314203832959556e+00
1.573949068472782375e+00
2.315873023611589865e+00
2.591101881031872445e+00
2.569960996104556639e+00
2.159716513741814392e+00
2.735277151525058237e+00
2.215413453583535031e+00
2.799508011030692689e+00
2.439446424906723365e+00
2.266884055918676477e+00
2.748463810274503594e+00
2.641497522935600806e+00
2.363711919632168090e+00
1.858055139764708041e+00
2.279771005390146321e+00
2.310261717944159798e+00
2.164083691026307932e+00
2.002790837759843345e+00
2.050739589878034952e+00
1.397570227770095430e+00
2.110123774940134034e+00
3.122070738019520064e+00
2.416379385022772830e+00
3.160206633117950581e+00
1.821432689890501777e+00
1.726142492772288817e+00
3.073721993831461496e+00
1.683277493667404201e+00
1.840788746927006780e+00
2.369211605615638483e+00
3.181878218514156753e+00
2.574274859324675813e+00
1.769291893309329122e+00
1.621386380578746067e+00
1.198277404239074917e+00
2.077157046805641727e+00
3.528168258570925087e+00
2.060690747844095672e+00
1.901570530996919306e+00
2.526235127124853097e+00
3.209971154115847547e+00
2.574949411329213511e+00
3.115167045210208485e+00
2.813526524818450003e+00
2.892097448353011746e+00
2.119448603696579170e+00
2.158540529451137946e+00
1.956950753381531127e+00
1.986757445862388893e+00
2.781578196317910479e+00
2.847226261940036363e+00
2.239007906850930318e+00
2.556155990987469373e+00
1.325673532209513228e+00
2.999331866582604089e+00
3.055216517088266581e+00
2.582101650364755585e+00
1.995038828966497313e+00
2.572366292451711001e+00
3.423014803425814545e+00
1.849912473981996541e+00
2.943406700329144421e+00
2.300556497245235921e+00
1.983046673082416334e+00
3.011826637966818154e+00
2.972633220823646116e+00
1.676440841017204475e+00
2.714443418391612184e+00
2.350441193920570715e+00
2.085093636813838192e+00
2.764799417114035318e+00
2.413255745989383083e+00
1.997326576399070630e+00
1.559579625875733511e+00
2.326818953353808173e+00
1.503104491064078285e+00
2.826077300369431722e+00
2.199544566465703621e+00
1.747871747904157003e+00
3.637026756941069916e+00
2.752532088993428161e+00
1.581977139790240905e+00
3.420158455369364692e+00
1.814520148903849162e+00
3.011064195378141850e+00
2.079204699288314195e+00
5.313294106362591585e+00
2.469377195688349236e+00
2.117821758487138162e+00
1.919425108368378430e+00
1.760173257772086775e+00
3.008901763243479355e+00
2.939066830429665877e+00
2.155448527741202991e+00
3.354930876507890680e+00
2.615176987266463637e+00
2.285469230059633094e+00
1.770386115473672195e+00
1.454972307998189329e+00
2.161656003912696189e+00
3.266526924779158403e+00
1.166533001286343962e+00
2.559607714869336359e+00
3.136108450273283665e+00
2.386006085559216672e+00
2.651168625510773147e+00
1.401499714553162468e+00
1.848000220228186663e+00
2.029991958737716207e+00
1.836068322341687153e+00
2.558584431364479883e+00
1.627607443116914299e+00
2.396576234334835132e+00
2.114746051229774881e+00
3.443695279140583043e+00
2.316845044049130387e+00
1.968438267998086078e+00
1.859731321292867445e+00
1.775492133573382425e+00
1.982584935973836560e+00
1.457398245852274066e+00
1.998058470539012310e+00
2.422493956015973282e+00
2.862410402745434013e+00
4.148436974071154637e+00
3.471341934065714341e+00
1.575637781487018829e+00
2.412034421608591384e+00
1.722739238095266412e+00
1.926689445004536427e+00
2.288573263649209100e+00
2.366646550709675889e+00
2.542691957882055487e+00
1.981095431120582395e+00
3.525454146565511593e+00
1.844208393271633994e+00
3.989267626394647603e+00
1.357914428646387339e+00
2.998390313537552032e+00
1.342414063067762342e+00
1.901981844126950483e+00
2.346533210001970904e+00
2.193604829213694707e+00
3.550759654010565924e+00
2.160405958958940609e+00
2.882689066507199360e+00
2.690155779550773119e+00
1.820597858119972434e+00
4.081606279008829219e+00
1.628953412018456337e+00
2.763290438667430404e+00
1.815659952960098522e+00
2.345067965171430568e+00
2.212501559181596633e+00
3.470471641212975022e+00
1.529765944521860321e+00
1.871170208774157073e+00
3.439385523777709786e+00
1.696860339178585697e+00
3.690142495377737752e+00
2.084648293310221057e+00
2.336390534610270908e+00
2.565562415487490977e+00
2.194590697402761581e+00
2.186317327019552614e+00
2.818055921069784642e+00
2.292835803607010892e+00
1.715211318768891768e+00
2.094859003043199941e+00
1.983815623417533924e+00
1.672283687133930830e+00
2.138346210386490309e+00
1.405613243316044425e+00
2.082690305027875777e+00
1.839625330678983151e+00
1.779958539645520421e+00
2.672014233532043814e+00
1.418751234219965296e+00
2.449141707132788781e+00
1.680089564247754019e+00
1.961922530654889085e+00
2.139791500461155405e+00
1.594782429178491778e+00
2.552672031281735698e+00
1.304833326156654039e+00
3.741020024829190938e+00
1.459452450730989392e+00
3.159106599784913261e+00
3.033698649611553666e+00
1.866096749717635728e+00
1.511029397813533182e+00
2.439222657835065089e+00
2.326166784643777685e+00
1.368996976921158071e+00
2.027838648469287186e+00
2.231839746651179457e+00
1.379219588096357141e+00
1.843891106217397491e+00
2.325205965140001663e+00
3.485569343079303550e+00
2.139666081739009407e+00
2.611907173985454911e+00
3.038914517952923333e+00
3.055221601669800613e+00
2.616943289437489550e+00
1.965624236315728579e+00
3.344709447923380541e+00
2.310935167483538333e+00
1.685626320497107811e+00
2.703167399594704978e+00
3.412440182461585980e+00
2.201388570214622309e+00
2.712029287157626811e+00
1.609079501767132214e+00
2.077699589190104223e+00
2.005010876898923655e+00
3.245061296154807540e+00
2.635130963063747167e+00
2.807020654710850049e+00
1.399317999551503711e+00
2.664935694788370668e+00
2.472957952928875880e+00
3.449747680950760564e+00
4.395944852347634324e+00
2.065010602866359068e+00
1.714108222771392187e+00
1.657467596280719713e+00
2.176071122729239082e+00
1.451725338652347652e+00
3.794666092164292071e+00
1.946096233072891701e+00
2.746268308997440233e+00
2.878267198848056818e+00
3.667296759717697086e+00
2.030827058370746840e+00
1.967669164401026904e+00
2.383077485794764527e+00
2.380637354689579599e+00
2.890725571571152397e+00
2.156831962221405607e+00
1.487447538422347115e+00
3.043338345612037088e+00
3.123333028600337791e+00
2.410125438743669246e+00
1.117833879246798556e+00
1.482206490324869730e+00
2.266864972010039114e+00
1.346928225144803593e+00
2.219345244245491511e+00
1.928119902304034738e+00
3.862287403507812300e+00
3.786561737785568482e+00
1.784314951764848223e+00
2.142793701259109174e+00
3.993264690202213085e+00
2.794479811504670064e+00
1.740061738337223884e+00
2.872610742478614920e+00
2.951460831110148675e+00
1.575419724817915146e+00
2.041069939660629551e+00
