6.849320430730390097e-01
7.415783535365709778e-01
7.927383420661049396e-01
2.945486814547453314e-01
6.571103581041197739e-01
3.211912115951020552e-01
3.820390340862911960e-01
3.821048891915406198e-01
6.759476295155354419e-01
9.997548340190089977e-01
6.761201154756407705e-01
5.544573309756541946e-01
2.576940951914939437e-01
8.348888741589463036e-01
5.397847647551319294e-01
2.946159277529254994e-01
1.602694758885893966e+00
3.341298086330471984e-01
2.670235143165229363e-01
6.577703781754868917e-01
2.803604828494560275e-01
3.899371273496866630e-01
3.065862610089146179e-01
7.901030707658724950e-01
5.336245029684991703e-01
6.534355850724710146e-01
3.853146623265392701e-01
4.269227069918554163e-01
6.322272872342423744e-01
6.771267052634253325e-01
7.330951338800824058e-01
1.002349532696010570e+00
5.829608592040245174e-01
1.147631420614950271e+00
9.870840616774927412e-01
6.307975716866200955e-01
7.893162993523521465e-01
2.419197734408631284e-01
5.355537983685311199e-01
3.670952206832566733e-01
3.035761432959115380e-01
7.116209721592364756e-01
2.952891147184883436e-01
2.648960121723450412e-01
3.992307266275753608e-01
3.902330321153879011e-01
3.031421398107309040e-01
2.334198885692789771e-01
3.420791927056542892e-01
8.903185462012809248e-01
5.830283194338004016e-01
4.556906802371421539e-01
1.054552347860120642e+00
2.846745953659962636e-01
6.430158222897520703e-01
8.282072022490516439e-01
6.696875611831301089e-01
2.305799704666933181e-01
3.845955350979932130e-01
3.341860776313603787e-01
6.723465736378358981e-01
6.884781544554775534e-01
3.140392511196476999e-01
5.000374269777572156e-01
2.582982557768914722e-01
5.073347894961373061e-01
4.500433153855795121e-01
9.850906267167385266e-01
7.232191755906148822e-01
1.088533406968472672e+00
4.326599520160742673e-01
9.573406467824384647e-01
1.656006338193452665e+00
4.593499499418984833e-01
3.728719447345224536e-01
6.396923981773929846e-01
4.622223575498790038e-01
3.128056957959140516e-01
4.864483163205337579e-01
7.029803923749350369e-01
2.382042809642879178e-01
1.415397307406357497e-01
2.868151186649482987e-01
5.212638836225191863e-01
5.137291016948044575e-01
1.110284656987095664e+00
5.346734356490366880e-01
7.848649813885180127e-01
7.138924713094111363e-01
5.308821376040379070e-01
9.397572996237343324e-01
5.167686364174356450e-01
2.703990712504196758e-01
4.022893936317956665e-01
6.582685573333892926e-01
7.838917825694865504e-01
3.471494761472371238e-01
5.438367692760232019e-01
1.025563732295928565e+00
3.049491963582344201e-01
1.353227594893997299e-01
2.766115775079800443e-01
2.324745189265366441e-01
3.453448478606773175e-01
6.107608277245762940e-01
1.383744998088246358e+00
7.707408757600725524e-01
6.206583330515347274e-01
4.878074433033552371e-01
4.851888644342565726e-01
3.478759332710402163e-01
3.439387673061095607e-01
7.910045224450621415e-01
6.285560775310123915e-01
7.184875169686294472e-01
4.269133349160220692e-01
4.475738302124239176e-01
3.527004017492978427e-01
4.673735365697896382e-01
4.876035887819452630e-01
4.712118434850156579e-01
5.800176953233472377e-01
8.565769482473745144e-01
3.222585074423390261e-01
6.231005465315576641e-01
2.847140035015217618e-01
5.213698681818581537e-01
2.948771773622256287e-01
5.944820040792857530e-01
7.499759813057441660e-01
2.968280258468825039e-01
6.517739892642064881e-01
4.971846703119838229e-01
1.024449596051673517e+00
3.203759030539897745e-01
5.803999750815229675e-01
3.553622448034115533e-01
7.883979479915628197e-01
1.861434597902595023e+00
6.845976798823428799e-01
5.040013658871949076e-01
8.921117087092860221e-01
7.237675322546871515e-01
3.267876748862322822e-01
7.837680496922069251e-01
7.565566519069749640e-01
4.763156966445138418e-01
6.883660778987646944e-01
5.596261805880246021e-01
3.612863157008814885e-01
7.146005392448964155e-01
9.026477973038004032e-01
7.667517169042772363e-01
4.878968322148755088e-01
9.254707594211750710e-01
2.962996375529199922e-01
7.476517958366356575e-01
3.337997549030659039e-01
3.528925688802038163e-01
6.887667388017647552e-01
9.531763400985485690e-01
5.690066005375015168e-01
4.951935194723079414e-01
3.434364228093959026e-01
5.431120023926910845e-01
5.529471471839345620e-01
6.100813803232071342e-01
6.565122903050742975e-01
4.570593116968116321e-01
7.463719953924594641e-01
5.118101019645127092e-01
5.985942325879941572e-01
7.266332228445081531e-01
4.109755097712946559e-01
5.960097258014143140e-01
1.046133774709796072e+00
5.562726568920725034e-01
7.955930755305846702e-01
5.028037522933873626e-01
2.885900205793918150e-01
3.059494081344359961e-01
7.184557218943882217e-01
7.036344165445446164e-01
5.087675221863319219e-01
7.781989022221456054e-01
7.401299933318589153e-01
4.215416419596580422e-01
3.549609355284989998e-01
6.606977606202997233e-01
4.264552475008455690e-01
5.397076456201100880e-01
5.479480509785138453e-01
5.348211460695135866e-01
6.111784407225695492e-01
4.918275794041520044e-01
5.234195193763619969e-01
3.221766265231295612e-01
1.031313078544953132e+00
2.656323111632921674e-01
4.095984925636282359e-01
6.112447622224637112e-01
7.917343061341671762e-01
1.371604921374745434e+00
2.445986805546072063e-01
5.723299348998300839e-01
8.232013603498492538e-01
7.519095809339282344e-01
5.123846830321098222e-01
5.332198898160459555e-01
5.639687244967855895e-01
5.266978368964341239e-01
5.000570678604352448e-01
5.259379746015392376e-01
5.071023500954834340e-01
7.827138983180116361e-01
5.978201582675172210e-01
8.055422995803478425e-01
2.972409462101885946e-01
1.128549333514994091e+00
4.665801855882894533e-01
6.112146442383453726e-01
5.958237647595074904e-01
8.336477496388247088e-01
4.252104749068068568e-01
2.493820588005802030e-01
9.617465714217084960e-01
8.680609635173867078e-01
9.034131531353856159e-01
4.905432571390960783e-01
8.064654462782421263e-01
3.074331727128152281e-01
2.524509655196010560e-01
1.041057068689369869e+00
6.638912210781343637e-01
5.980805286024764023e-01
4.964855782386787819e-01
1.926852051368947438e-01
1.138393189154497165e+00
7.669864251208763362e-01
2.351575121131323776e-01
5.190149109015628204e-01
4.490125078690654359e-01
6.102663927632422380e-01
5.694242075660937985e-01
7.764474105273629911e-01
6.460823583357699906e-01
5.035042256240102043e-01
3.285674658762937628e-01
7.513261166325240215e-01
1.153251166413671980e+00
4.071596145855879700e-01
8.947025771534449223e-01
4.254694673472148025e-01
1.150044016201831720e+00
6.297611156112224995e-01
5.755041988559462807e-01
8.612381828432174036e-01
3.039197429264438033e-01
3.888704517906607094e-01
5.988433544094140526e-01
5.548466068618423952e-01
4.169500488318989007e-01
1.296818005071212587e+00
4.926878998889382966e-01
4.752040782328242896e-01
3.360720759572359273e-01
5.549311941721754016e-01
3.500836552356548781e-01
1.312234182623029932e+00
6.836022159729218117e-01
1.009350215871252843e+00
6.121516627030775259e-01
4.187557867534130729e-01
4.922725790145889846e-01
2.574001244976022451e-01
3.485919477249000975e-01
7.305102608315942048e-01
3.296326399475513202e-01
6.781954102462915968e-01
2.215177647647970649e-01
6.255285816142061028e-01
8.496344304219577426e-01
2.717450649436864429e-01
4.858060990034399063e-01
6.617012573400958830e-01
1.342896358467564388e+00
5.076189764560367079e-01
6.423163386520898133e-01
9.803312634726123465e-01
4.249408883313118279e-01
5.472231730798380323e-01
5.760702592195290350e-01
4.405287623162266186e-01
7.519032286756445194e-01
3.017515917526816249e-01
2.372889937906596802e-01
8.090108157146836954e-01
4.921002873499786268e-01
4.553779467437968353e-01
3.657978248071285243e-01
