9.054374646101075452e-01
3.245974247235348664e-01
5.574208352540851452e-01
2.579048505460942997e-01
2.216999607796627803e-01
4.717532521958538450e-01
5.135806089829183518e-01
2.551896214913266792e-01
5.780939864022570651e-01
2.940360549612300312e-01
1.832710771086429324e-01
3.582931422797744347e-01
4.946988044569860521e-01
2.601207023509267136e-01
4.019131332255334033e-01
3.374665875435142182e-01
2.927323645154513154e-01
1.127334968614958521e+00
5.085546249463613888e-01
6.031992219452602111e-01
4.913449642068233314e-01
2.474982218826730362e-01
2.828830897098745800e-01
4.498700831296937319e-01
1.079937514452880887e+00
6.187195593875267630e-01
2.582777675194296574e-01
5.344981533667166884e-01
1.429814730397938605e-01
8.390428052428144934e-01
1.178751273587926196e+00
4.419241247111455606e-01
5.895997719524647129e-01
2.782837538421158441e-01
5.362509264775243700e-01
9.107279454495154081e-01
6.540143068037145291e-01
5.772904561242305777e-01
4.226926242960832858e-01
7.209633212213478748e-01
4.475652492796455273e-01
3.357606700812637013e-01
2.817832630475481381e-01
3.191196990567994884e-01
5.100008172254574257e-01
1.209337370575629844e+00
4.477515511887747990e-01
6.386175895961274662e-01
6.769300768477050090e-01
5.430540996460507808e-01
3.967762415479050286e-01
2.681399575844874428e-01
6.989595797917710351e-01
3.392768333408274217e-01
9.196965191766912628e-01
2.360863021547997820e-01
3.225359090138256724e-01
2.416788204827736430e-01
2.421680288543132109e-01
4.295638520110660052e-01
2.550818059434553642e-01
8.919735164607218714e-01
3.956161474664938171e-01
1.184145927234198314e+00
4.648781579217591831e-01
2.275720201958756073e-01
6.804912853013105334e-01
4.411804247673231094e-01
4.824229864298302251e-01
2.889215817021701938e-01
2.969335077698597170e-01
3.508234087587726591e-01
2.632924089624057440e-01
6.528110703463729791e-01
2.084162249141124357e-01
2.388625972443169376e-01
4.031790017682034821e-01
6.180318147274749263e-01
3.574887317808154164e-01
3.053383078000774797e-01
9.625522960943591055e-01
8.427828739577087891e-01
5.151296870710314613e-01
5.609775409812567393e-01
4.649664032731583019e-01
5.037839236476734373e-01
3.307515463795507871e-01
4.981627345242607974e-01
4.836314082473427978e-01
3.557533066918728282e-01
4.041804835013216857e-01
7.410927717145845417e-01
3.310156115340777694e-01
8.890014212198331656e-01
4.137684708770650865e-01
9.308099205444366753e-01
3.707385383070234686e-01
2.656386779497901807e-01
2.976615495396151001e-01
9.043597309298111453e-01
4.168393584305835065e-01
4.329681198298917510e-01
4.063807375837703018e-01
8.680777761246576407e-01
3.942963091736261805e-01
3.150478300461761472e-01
6.588393546561208680e-01
1.663495209261948993e-01
5.405473929764037511e-01
2.488255555334230040e-01
8.350262260808170023e-01
4.990934880606125446e-01
5.792161481557508429e-01
5.664900082787913682e-01
2.279803706878197056e-01
2.283641071496544939e-01
6.249210379596215059e-01
4.496750274362222299e-01
4.257790795651949511e-01
4.249153445991820655e-01
7.227137397260801066e-01
4.984995013731978730e-01
2.220268962245476596e-01
2.450508714403335231e-01
2.577773310297040155e-01
7.434171940217642049e-01
6.052973234039418227e-01
4.245811885522886020e-01
5.535249000777148209e-01
7.397974666078740436e-01
7.407282065550484518e-01
7.084334028734750044e-01
1.136501314446756394e+00
6.466215191881649060e-01
2.714944418576454854e-01
7.647229384098399585e-01
5.897558324633855875e-01
5.819216508321979342e-01
4.912550675512731280e-01
4.072719834484179735e-01
3.081551179608135183e-01
4.574110265125514996e-01
3.755655014350008924e-01
2.920644289295719065e-01
4.292333992080146765e-01
4.635079235625618743e-01
6.413733844067467382e-01
2.677568800492369783e-01
4.266739694645320102e-01
3.412731746239933139e-01
3.031005061134185996e-01
6.440626698929252658e-01
3.401961016471837240e-01
4.561264699887607743e-01
7.548922186166800996e-01
5.195057491736535527e-01
6.712407529724676580e-01
2.803371081502472051e-01
3.914132943186015012e-01
5.771970661498420085e-01
4.071691268319413415e-01
6.557678436583920245e-01
7.935218669268235825e-01
2.060990632645711418e-01
6.261292171107051274e-01
7.294675672182305837e-01
4.874396428404990655e-01
4.588726933140653830e-01
5.816414705012687980e-01
2.216460848341082479e-01
3.230806138631904245e-01
3.311844654273430333e-01
2.807946951676963954e-01
2.361393500163038728e-01
8.118856106595381261e-01
4.891192469044897684e-01
2.542879141458263548e-01
2.774758825613953261e-01
4.829137840846184360e-01
6.206994387043951455e-01
4.917503438020194295e-01
3.459303008140279245e-01
5.638263566296419782e-01
6.391272404878073354e-01
2.463176329975587664e-01
4.658237079791793245e-01
2.596760738622462816e-01
5.053492439496515276e-01
6.720933549368530713e-01
4.098288901531814132e-01
1.865425526276476287e-01
2.228395594378093647e-01
3.962324348281832664e-01
7.115059227958482335e-01
7.140432574052992809e-01
8.447857858496279349e-01
2.640733633206933662e-01
2.661897758072792608e-01
3.708217073443391132e-01
3.814126774181170743e-01
2.734046734966258385e-01
2.289699796553076594e-01
6.931549592627749279e-01
2.223443213597229851e-01
2.400207514721230673e-01
4.534400654918712692e-01
1.017763238870887044e+00
4.371391426003858882e-01
4.117883969869913785e-01
6.901471560404734973e-01
1.019378878541519429e+00
5.606302950382467953e-01
4.569393298832674644e-01
4.011415255896324528e-01
7.152487680121538682e-01
6.889790222537837128e-01
5.242747969975865008e-01
2.841502542327606351e-01
3.732800979748863157e-01
1.928956767094305025e-01
1.509328166681530581e-01
3.026687131735820158e-01
7.009266646677062562e-01
4.798221306705260369e-01
5.489693908204501538e-01
3.187841161468986662e-01
3.829792829138682353e-01
2.979174412942880434e-01
5.758789128726381490e-01
2.840498033054763560e-01
3.185473702235112614e-01
3.989211053580729582e-01
7.873333915372876524e-01
2.453449970519047119e-01
3.966241857965933093e-01
5.153401686412106830e-01
5.134477381425962550e-01
4.996367297614186520e-01
3.157556727458458723e-01
8.781039905343740459e-01
5.938222944355419086e-01
2.309832141906633385e-01
5.933622838280921963e-01
2.289439622727913459e-01
4.724788070394839723e-01
8.458545448946599432e-01
3.042023680387214157e-01
2.333495481646933323e-01
1.698593348356599864e-01
6.023499676160822824e-01
2.466605883268576382e-01
4.733556241506025053e-01
7.565610314698604233e-01
2.789225055644182216e-01
3.135642847896547569e-01
6.366070912068101384e-01
2.476388207283393428e-01
6.646069502954783381e-01
3.520881575212679859e-01
5.376730074328105458e-01
1.968892976467579714e-01
4.483555471788159830e-01
1.817044147051147529e-01
9.181343662048774279e-01
7.860971596550077045e-01
4.478882674177834256e-01
6.488303397021610852e-01
7.048622514355550317e-01
5.060845566242744287e-01
4.229425520693343432e-01
3.490669759817336959e-01
8.724222724741376167e-01
6.994963762103698635e-01
3.536625723604803206e-01
4.848233330208066016e-01
3.551003558911711155e-01
3.632955794362059954e-01
4.788711410368786670e-01
2.748284888601943976e-01
5.844376316807742278e-01
1.151121179902699909e+00
3.504235506955145629e-01
2.847523625812391490e-01
4.809996015971656491e-01
5.137102653769568539e-01
4.657360017597272916e-01
3.803388662635290851e-01
5.024640748706643567e-01
5.447790067321131025e-01
8.601989672265581977e-01
3.114135838512137600e-01
3.058823562789598771e-01
8.084907295918847270e-01
3.953957151140774506e-01
2.825641041054764435e-01
4.767833285930435094e-01
2.438516032137920675e-01
7.681401102775423650e-01
1.829758879487099199e-01
9.136960618517868671e-01
