2.730690388333312235e-01
4.528113083985469967e-01
2.662136682130862853e-01
3.950075853287128846e-01
2.234632910799908279e-01
6.656842860997926881e-01
7.804139712566042775e-01
3.385985734320313134e-01
4.143432687748507814e-01
8.019507110308521369e-01
3.410963566406938763e-01
3.637244994110896967e-01
4.945033953399899374e-01
3.293596117075722751e-01
9.586492078007426976e-01
5.230804321704393134e-01
3.428930428216219739e-01
4.242114910261348681e-01
3.667868422240907478e-01
5.848956703086979347e-01
1.967928183214175397e-01
3.988455788397536339e-01
7.736941486950553726e-01
3.440814470404670034e-01
4.148029623171627933e-01
5.393031184161861669e-01
2.292851757015828551e-01
3.034382197073816623e-01
2.304628192246689078e-01
4.025726552417874804e-01
3.963218428370113844e-01
5.809195799806172733e-01
1.715176858841089558e-01
4.583090659642457543e-01
2.139722437745295025e-01
7.700424121704833036e-01
5.547483699062167872e-01
7.020071516233418185e-01
2.865600977883512868e-01
2.533759935372177918e-01
3.957020816498506011e-01
7.370719076206827536e-01
4.199790889131705396e-01
6.052370558671505973e-01
2.962822908806889699e-01
3.275550718634607228e-01
4.981961869926148645e-01
2.403684753642396921e-01
5.806976926998805855e-01
3.681156850646949974e-01
6.118965861523796290e-01
3.939218648483783780e-01
3.187208485803498248e-01
3.202900655727032309e-01
4.221592709183816239e-01
5.784822470879336098e-01
1.471178113430236800e-01
8.848229348402192329e-01
3.546553567457263467e-01
4.172611596483142837e-01
3.144057578263619313e-01
9.046184159998762464e-01
3.980905865318891124e-01
3.643933253101738767e-01
5.639966936049850554e-01
4.581209632392632680e-01
8.824081119611042467e-01
3.450545648062179338e-01
1.448130475091829739e-01
3.271597752029441475e-01
2.835170618115950281e-01
6.274500263619434692e-01
4.066613414862614295e-01
3.170140502662978643e-01
3.726797119103620881e-01
6.008775989450805266e-01
6.048257829953048725e-01
6.526199598290657322e-01
2.024522824174247448e-01
9.603774670361489019e-01
1.408213780040056262e-01
3.942258424652855808e-01
4.464442812510791558e-01
1.241363646912757357e+00
4.157472116299647524e-01
3.472829724377172189e-01
4.208428273300973133e-01
6.489127209588900769e-01
4.500528203644236780e-01
6.636283886489681150e-01
2.648360212943582370e-01
5.698256476315000096e-01
4.765743860162982015e-01
4.655836215234906428e-01
3.660645437310722228e-01
6.379604793477873237e-01
5.038543325479051260e-01
4.841486606760729283e-01
2.816176385612319533e-01
4.350062752149673750e-01
6.523907475448277316e-01
1.818878227780355572e-01
4.278052527286919648e-01
1.854458153443915014e-01
7.114166040492400089e-01
2.713098121785441630e-01
5.644661010961736780e-01
4.176409889657426988e-01
7.190031423099317864e-01
2.008314413937694054e-01
4.580394248526590273e-01
3.104819754228419493e-01
2.248926101311568282e-01
5.024515981413726351e-01
2.595694560938077711e-01
6.868122487346812743e-01
7.432232896668248268e-01
6.995786026396709767e-01
3.802516871947871913e-01
6.643327726101807551e-01
1.887637023974489681e-01
5.623386655006834545e-01
7.971539824926631157e-01
2.952338004240350200e-01
4.157225594843969585e-01
4.490614442141995788e-01
1.001828164975289592e+00
4.085199434206630564e-01
6.017758730512846599e-01
2.648557043853632664e-01
7.654295669817700043e-01
4.105806122571769579e-01
3.970498892559299886e-01
3.950575256118799561e-01
2.083678819109774649e-01
1.924234446106422858e-01
4.790313808333417356e-01
2.640853466428298435e-01
3.786985769348490405e-01
5.416553071210574721e-01
3.674438664913505237e-01
1.953215763103587910e-01
4.672716044607380659e-01
2.267376369185219454e-01
7.067856570706717578e-01
3.516775139081054213e-01
1.423139004175341393e-01
3.273703433719029610e-01
2.588510321532236924e-01
2.578013137422951462e-01
6.206733743444432516e-01
1.968605503546842495e-01
6.372859619377442275e-01
7.239433735796655389e-01
5.156434123250186463e-01
4.443488276469182985e-01
3.524034811953473678e-01
6.246855923911592834e-01
2.766109828286613115e-01
2.717804767182231962e-01
4.046763156843160014e-01
1.755323080198962771e-01
1.573328173748144709e-01
8.189056760077045860e-01
3.819111688565617335e-01
4.712349610950598566e-01
1.610890848435288791e-01
7.012910341008956605e-01
6.381418561799784284e-01
3.097435467694512612e-01
1.469026279332000806e-01
3.409355970749017306e-01
2.224738972478512988e-01
5.124976316224569839e-01
3.124011200348500994e-01
6.266762047623628540e-01
5.531179493251449086e-01
2.385221481177729475e-01
4.535142020954812669e-01
6.194165557304899261e-01
1.813569628224902808e-01
2.676564152514876449e-01
5.340092524846005162e-01
4.820633851135178727e-01
5.110994692736560152e-01
2.428629961180475139e-01
5.133715787816646170e-01
3.886429713186937973e-01
8.810436451658685275e-01
4.507728583687458102e-01
9.822140655063461567e-01
3.071891506597243526e-01
2.375209406863047490e-01
3.614756253388762275e-01
7.101805984302370645e-01
6.178030243760168627e-01
1.664004852933886613e-01
3.416921087475938701e-01
4.496811865805138697e-01
3.082384467325916533e-01
2.487460680443048522e-01
2.981494785089693345e-01
5.520582623474834527e-01
3.490699370183263373e-01
5.804559141357837904e-01
3.306201723894378053e-01
3.804983124703513186e-01
8.838726742011689952e-01
6.333872856182768407e-01
3.317519210548076081e-01
3.759872517945182513e-01
7.612087817061712336e-01
4.663126043581060642e-01
2.946116076448055399e-01
3.113185280146945066e-01
8.149302118381875903e-01
4.531101052933344531e-01
1.177926213709801884e+00
3.097552998905974131e-01
2.622412219972586889e-01
3.621721352131833105e-01
4.466689919327258562e-01
5.142720186045092179e-01
3.952673243350470766e-01
9.986628140718344371e-01
2.249377217743426249e-01
4.892019594606653587e-01
5.276726045678619137e-01
5.172261426174570298e-01
7.867237468912512410e-01
8.301007070206597449e-01
2.558453177623348229e-01
8.456679782610337925e-01
5.028770515086685711e-01
2.079592757890037502e-01
2.312729699284989671e-01
4.983444299116658316e-01
6.435581705053827761e-01
4.583595685384185825e-01
3.286340627268262704e-01
3.613331962617181148e-01
4.794027797167086935e-01
2.099037984511221699e-01
2.401249865687178631e-01
3.050775035692511739e-01
5.291735893433583415e-01
2.177403608419021808e-01
5.603748494374328759e-01
5.380480654212803637e-01
7.431233802935115484e-01
1.679857720514414954e-01
6.886741008508241446e-01
3.934928345525800508e-01
6.866768048943122649e-01
3.389877345674100484e-01
5.006124618992165987e-01
4.166364714800176450e-01
2.064541151308054434e-01
6.811489264980800096e-01
7.857491073818648752e-01
5.750749336275896573e-01
5.046220163974045603e-01
4.818564172726533812e-01
4.605060192855746082e-01
4.718597178527568214e-01
3.689768706396769349e-01
2.088236363412220298e-01
5.005605706735117844e-01
4.075988299527472103e-01
3.182283462805117202e-01
7.787871732502220645e-01
9.391779266396875769e-01
9.343152470891269434e-01
4.967053396893574280e-01
5.698737241194078429e-01
5.935119644862311139e-01
1.734053834482847389e-01
3.103889969021012551e-01
2.680787691584661236e-01
5.138179875258412910e-01
3.375186681075845185e-01
3.134452962487729311e-01
3.116318314417202417e-01
2.465494624027889936e-01
1.011375407098830115e+00
8.150314455129313851e-01
3.462638995962604160e-01
7.899602277989103971e-01
9.312651558048352651e-01
5.824173344945405839e-01
2.643987923951400809e-01
2.801898710967018480e-01
3.261241614276494394e-01
2.730977011777334651e-01
8.045649318930375715e-01
6.537310188397806865e-01
6.062550126483858826e-01
1.435972730230503369e-01
2.857951219202147231e-01
9.421792430273606689e-01
