3.024554858136144109e+00
2.520108655604548886e+00
3.024771258588977219e+00
3.575132186570435078e+00
2.738983705101034616e+00
3.372825557755009473e+00
3.750869808721534859e+00
4.667148455620610648e+00
4.008972925348301963e+00
3.588538989680203795e+00
1.752981816289681083e+00
3.102426719295494184e+00
2.015886940381387493e+00
3.637413660331848320e+00
5.177101889356521269e+00
3.070849135315305567e+00
2.328222505295296507e+00
2.557849255110331121e+00
1.654989468438099687e+00
3.895960145055825663e+00
3.411732739672365344e+00
4.411821484207718136e+00
4.817797878083078800e+00
3.211880445889999436e+00
2.319732244870547522e+00
3.504817413581491348e+00
1.819067722866731129e+00
4.904049788405301591e+00
2.545146433154351406e+00
5.392669264942804297e+00
4.116636793136866146e+00
3.735174231238591158e+00
2.527107236619730024e+00
2.570121354189056184e+00
3.446966530605946044e+00
2.937399647339916875e+00
3.678610597039194463e+00
3.031658981056386093e+00
3.714268358919528445e+00
3.807860346022071241e+00
2.898137181115769678e+00
2.788211604817954825e+00
4.305952254087464404e+00
2.980834895527928463e+00
3.502959370238159398e+00
2.387158471187780240e+00
2.059706043802499220e+00
2.148609302599645776e+00
3.498389350865578784e+00
3.030733932922763163e+00
3.496240112962647473e+00
2.481653184840182380e+00
3.619747150809029534e+00
2.288909283648523640e+00
4.351309972269286952e+00
3.103276689127075993e+00
3.123720028091165002e+00
1.901548117708971031e+00
4.050330311489330981e+00
3.152796753116164030e+00
2.476732461024323761e+00
3.984419694073292550e+00
2.800683065910834380e+00
3.538818031863846247e+00
2.542434140211610849e+00
3.140585142355408088e+00
1.799586821942182002e+00
2.707864806215612319e+00
3.379586184809557192e+00
2.639235147232285694e+00
2.557057920925760008e+00
2.194134829292467170e+00
2.830477690991953565e+00
3.246476668079462335e+00
3.107284841648060514e+00
4.511949304230193469e+00
5.136817825624013345e+00
4.179529227889466014e+00
3.401413209058996134e+00
2.359029902429191861e+00
3.439138815068112809e+00
3.933223029874065357e+00
4.194395249687680405e+00
4.260503837742929178e+00
3.014969447096831789e+00
1.607161592277338791e+00
4.010434982343215715e+00
3.163804885778353171e+00
3.025987501676907776e+00
2.264904061429821702e+00
2.954833786178154398e+00
3.505397995560822544e+00
2.746363132139079344e+00
3.505216880593517548e+00
2.517393885195529979e+00
2.493788194668882241e+00
2.638164215504785304e+00
2.826478482128043979e+00
2.907489973653446302e+00
3.736853652046647767e+00
3.921713221236779123e+00
5.266996308485401457e+00
4.101010941419610312e+00
3.063346529340263302e+00
2.853183037241250997e+00
3.135582191627582116e+00
2.981482055308240398e+00
3.734059291423189375e+00
3.072088588043209612e+00
4.095046228872197602e+00
1.755636021429439531e+00
3.217839511395285346e+00
3.538178109676861638e+00
2.914305412996911482e+00
2.978935301561254967e+00
2.328476820841460793e+00
2.667767832004435569e+00
4.206674016135969474e+00
1.951388628257069158e+00
5.265623782436939848e+00
2.935594288534041141e+00
2.705646050864959573e+00
3.085767390678249456e+00
2.486266218582653398e+00
3.774823716041013189e+00
3.823521785139107010e+00
3.227928466732744806e+00
5.393191396522865055e+00
5.706215449715882571e+00
2.875597841001757526e+00
2.582982604330895882e+00
6.691508273103640825e+00
2.719404277875917764e+00
3.508652694766825508e+00
2.559173022632002414e+00
3.412020717221063926e+00
4.476665515711191645e+00
1.739597850001523893e+00
5.250442510241085436e+00
3.351918680911310400e+00
3.338968723810586070e+00
4.028817195104798188e+00
3.446053395163827471e+00
3.593737547220117179e+00
3.688195697440557641e+00
2.881057697658324201e+00
3.259731435409227718e+00
2.783757047944591001e+00
4.732133017138740350e+00
4.597596718279446826e+00
3.710742082178942081e+00
3.547089193425758680e+00
4.861313068791652370e+00
3.311673826942214127e+00
3.859727256829031283e+00
2.103994545789974691e+00
4.227914828153829241e+00
3.424896810605545294e+00
3.906590922482223949e+00
3.187301882616592419e+00
2.963966813136026612e+00
4.243607836012533774e+00
2.643143222592728492e+00
3.952260850516212010e+00
2.683592934185598633e+00
1.939530836463240204e+00
4.460863381772652403e+00
3.356885968512917984e+00
3.119682890679171816e+00
3.121295097638259630e+00
4.159129035197446811e+00
3.080249384151967362e+00
3.235496816253188079e+00
3.152204138650144927e+00
4.294758953799821199e+00
3.801776795658390551e+00
2.637496548064871327e+00
3.264746334353103130e+00
3.955565257986924710e+00
2.401680274031676721e+00
3.184340675339266902e+00
1.732654989141058532e+00
2.375028945101387290e+00
2.613507976245965203e+00
3.434459106522886884e+00
2.425496312336122173e+00
2.974544658396285346e+00
3.371496572433821726e+00
3.427204177912846372e+00
2.934019724307115329e+00
3.248536180255144679e+00
3.143034119604342980e+00
3.123527847347045583e+00
2.221644229221712674e+00
3.235500250294941260e+00
3.061619842931801561e+00
2.912448566036879960e+00
3.880254408696786061e+00
1.680458558060006879e+00
5.154862125833259867e+00
3.219543025437256567e+00
3.140250332024256075e+00
1.791971189643610574e+00
4.158362968399879733e+00
2.746301198444652147e+00
4.786302498199360045e+00
3.777988627230534302e+00
4.320180175380036403e+00
3.946263536725231891e+00
3.082685045113287003e+00
3.466651204339113335e+00
2.786408750650379407e+00
1.801697415893144694e+00
2.048032971494299748e+00
4.158792176703460797e+00
5.159309365634243250e+00
2.698514624695605324e+00
2.149975670457417998e+00
3.989057104827634426e+00
4.051718676577763745e+00
2.599250483120411737e+00
3.530259017909720853e+00
4.465728192952761688e+00
3.708416359727550571e+00
3.201239417849957913e+00
4.727988462325397379e+00
3.672338237037108488e+00
3.721343861503339845e+00
2.792359968798954206e+00
2.764659291482348458e+00
1.842978701135623121e+00
3.221996206181618305e+00
3.666489227409033713e+00
3.072514756045588769e+00
4.339081985836043209e+00
4.376036197213364787e+00
2.578285277704372991e+00
3.017409412005026326e+00
2.355951711183951414e+00
4.528461991794983987e+00
4.868351807265240971e+00
4.960451762840209611e+00
4.924082451827266560e+00
3.124615798141789469e+00
3.540890491720173561e+00
2.562886257448823368e+00
2.063902486825111460e+00
3.272135344958719827e+00
4.008657792155589483e+00
3.174666204376403122e+00
4.288217425025382390e+00
2.929017437806464841e+00
2.829951187957790992e+00
2.687665316109681957e+00
2.500439724766184479e+00
2.764947809174240767e+00
3.039547229184392130e+00
3.247542834926604005e+00
3.400505734267632807e+00
1.958224863306965435e+00
2.600856816212837153e+00
2.210047384648349933e+00
3.378369066950854815e+00
3.733523355963673129e+00
2.929303151668650962e+00
2.143870977032614089e+00
4.502231606520736840e+00
3.845019631102273738e+00
2.666847113491197074e+00
4.052114156145381507e+00
3.220572583652672627e+00
3.205196388370341154e+00
3.347984013302205852e+00
2.771150909758211434e+00
4.371875486701431335e+00
3.427774610856944904e+00
3.734275882342473096e+00
4.602337171601961430e+00
2.861656652672596834e+00
2.656680811011310261e+00
4.036700089911399836e+00
4.007355677100568059e+00
4.329890800898489545e+00
4.141637627649980224e+00
5.235062820941602801e+00
3.600527924785658751e+00
2.071848634048535587e+00
3.152998660938106656e+00
3.226720335057839506e+00
2.591759715263400210e+00
2.873881836778174659e+00
1.909296979294740737e+00
3.727315493042449468e+00
5.518527795839855976e+00
4.082599846424476375e+00
3.034341499197544145e+00
3.603935922583219487e+00
4.050205479057164659e+00
4.647453615011928996e+00
3.504472718834195089e+00
