3.193294092711913557e-01
2.626879498835955618e-01
3.154822666178859758e-01
2.625320457691926457e-01
3.507522244759597174e-01
1.487908224488964926e-01
2.583563627777891725e-01
3.993200131391797525e-01
4.297087394812941774e-01
3.195802675711214014e-01
2.239900737197327574e-01
4.655475342142684769e-01
2.980825784432739600e-01
2.569676286094223494e-01
3.354551265278991612e-01
1.913957228334267069e-01
3.259145530606670782e-01
1.495518663181427677e-01
3.657503441195431582e-01
4.116343954236659219e-01
2.670747730852091606e-01
2.490687975043431590e-01
2.970315618577331618e-01
4.208022628872203352e-01
2.000338892538049140e-01
2.259255161759085861e-01
1.777680696739795119e-01
2.084621521141617750e-01
3.525327792701235530e-01
2.555185343066279091e-01
1.555289419850824639e-01
5.961702808163431566e-01
2.481121136256591031e-01
3.334069973630217620e-01
3.941075087166908131e-01
5.769055905023905417e-01
3.645921350397026695e-01
3.918489413932336185e-01
2.367532191764438743e-01
3.778389556848274489e-01
5.548318446468368803e-01
4.872729294518747811e-01
3.963633662129411039e-01
2.828775136310544003e-01
1.621382986267284054e-01
1.806636264994495034e-01
5.392330617515828095e-01
2.755630142417986317e-01
2.082922181693313002e-01
1.844781954809214530e-01
4.226907595252052396e-01
2.837642849330068717e-01
4.199439513622028053e-01
2.075064088081081393e-01
3.101904681610888614e-01
3.546362741103779026e-01
2.690082820129774399e-01
1.635111099829839043e-01
2.583872320413539425e-01
2.170271153801171804e-01
2.926441441712265279e-01
3.294543419875206047e-01
1.172560627014834767e-01
3.105695783608945493e-01
3.031012970766996384e-01
1.792178757935700417e-01
2.180291654104724031e-01
9.596338090579049906e-02
3.402571848392120790e-01
2.498235927285354097e-01
2.329185595403693576e-01
4.098024427563346506e-01
2.309694780718996310e-01
5.488301611518117129e-01
2.369323518755787061e-01
4.133197340758361649e-01
5.977767906841037204e-01
2.089361352058423937e-01
2.168940967197432734e-01
3.562427632827995239e-01
2.749864025658341204e-01
5.797243782661941625e-01
4.309661898181550432e-01
3.693968562384611909e-01
2.643945650041695239e-01
5.381411350260019155e-01
1.081372329267592663e-01
2.492947918845856425e-01
3.312522176390403916e-01
3.829373439472831819e-01
5.157278239361369199e-01
2.995772891093618218e-01
2.952983961045666517e-01
2.568185759133913559e-01
5.101214037423660308e-01
3.013454394727008157e-01
2.921369438615076253e-01
1.180189682534593110e-01
3.210091899492530931e-01
4.108251260376900582e-01
2.513637717216675727e-01
2.916247115518355026e-01
4.080563396439076951e-01
3.422451056553146298e-01
2.512017758544205503e-01
3.555831368371620282e-01
2.920266171724193449e-01
3.662444277848718732e-01
2.811443590743243903e-01
1.767943135718256509e-01
2.477442727718887905e-01
2.812762534876701026e-01
1.869623700314833326e-01
4.115723271658567883e-01
2.174264794189062489e-01
1.828856605289059800e-01
2.689220103183355692e-01
5.376339610082434550e-01
2.013909929942570565e-01
2.502780374846265143e-01
1.838834574513698306e-01
3.630108064017142366e-01
2.167232060113498671e-01
3.302338981033242638e-01
3.117236398415990650e-01
2.529957825390414250e-01
5.252466421310288958e-01
4.557131472048890908e-01
4.903092754559836286e-01
3.787751965635451912e-01
2.563728893406555520e-01
6.994765437376638806e-01
3.302108404597429714e-01
3.237253041835039258e-01
3.550060267380351631e-01
3.853707750783827990e-01
2.243537116298049972e-01
2.433241981004038990e-01
4.170405923705264306e-01
2.740258668738784209e-01
3.566747322902824591e-01
2.441696723261936319e-01
2.799071280000052231e-01
4.659691778262788908e-01
2.078517031226032596e-01
4.924189401143993505e-01
2.822998257280591172e-01
2.216132327489572229e-01
2.505612398779101246e-01
2.259117494233180701e-01
3.291644211519881846e-01
3.253039907766108740e-01
4.048365624357001535e-01
5.967543789160552059e-01
1.799768404837268077e-01
2.291612801254950815e-01
2.396902294074488848e-01
2.791300729104806977e-01
2.996284262354907413e-01
3.641521349411834252e-01
3.155171870927907518e-01
1.597116664462703284e-01
1.905995117646377968e-01
2.643673381707439263e-01
3.211701277910775087e-01
2.890881693502501681e-01
4.222097941584944114e-01
2.713415758984404902e-01
3.476800222742793545e-01
3.298514525244533035e-01
3.822046692272005330e-01
4.853842798041639317e-01
3.068125289494373908e-01
3.748609518360755954e-01
2.164956821221972194e-01
2.145909262160665965e-01
2.587695002163589719e-01
5.039091031318720937e-01
1.835367917027027340e-01
3.888070081613151374e-01
1.048084622354535506e-01
2.268741830539866278e-01
4.235999146527009152e-01
3.467029633333324479e-01
4.356569512670874222e-01
4.848631329341479557e-01
4.514946087907081296e-01
6.201052795129725626e-01
3.047303047345406024e-01
2.146478764798060712e-01
3.358122999109715567e-01
3.458129554365923508e-01
4.300824834786785567e-01
2.563672898183301796e-01
4.375663008466914028e-01
1.274481078503270359e-01
4.330747527787315310e-01
4.651158881265229361e-01
3.606296550175810411e-01
2.941046237378507344e-01
2.554942433585554729e-01
3.317432322759401031e-01
2.808477030665877949e-01
2.364587046458195285e-01
4.371353258599862124e-01
1.757232583624114275e-01
6.807652774034115284e-01
2.867702766513542390e-01
1.647926020651524770e-01
2.252593824740989903e-01
2.536176365830232204e-01
2.267872314810767675e-01
4.765510242333715896e-01
1.735013584143644261e-01
2.646565260332600089e-01
3.840856539744892384e-01
1.938601275811346614e-01
1.490028582674894353e-01
2.464682104655294137e-01
3.340588631092127336e-01
1.623073731034458400e-01
4.392530229737829917e-01
2.018366885295656277e-01
4.352950780726760893e-01
1.789186085733605602e-01
2.969199071238811105e-01
6.040897085686347534e-01
1.435861993610714760e-01
2.016988180935003205e-01
2.892377455162027378e-01
1.589361922444991748e-01
5.798661361226631339e-01
2.237745664147717251e-01
3.247683248986383830e-01
7.333067139949351887e-01
2.284786743875710235e-01
1.252479524563075708e-01
2.889706889419006997e-01
5.945700874926211910e-01
2.008592900794822500e-01
1.918985310668038513e-01
4.391268874898986985e-01
4.141345365309357374e-01
1.695293434168568536e-01
4.526193940635217516e-01
2.143386295493343308e-01
2.167751497139165096e-01
3.662710626360761168e-01
5.027458358535474847e-01
2.628147569259811633e-01
2.268376651601894944e-01
3.584407095691453105e-01
3.134786158688377400e-01
1.667205079019658809e-01
4.309054349341482903e-01
3.338888331016615085e-01
3.695665611505386527e-01
5.845304604357201006e-01
1.995588286674177259e-01
3.629506766408936436e-01
2.982342664254931663e-01
6.171479642126121989e-01
2.772340156456095661e-01
3.580022764375628275e-01
3.411663758925848611e-01
2.895440116261902008e-01
3.032450311407106636e-01
6.810970565053243719e-01
1.691426552034017705e-01
5.436650623329948306e-01
3.874979045253068022e-01
2.500742044483540982e-01
1.882494818095249989e-01
3.065864198966009591e-01
1.404397049921937424e-01
2.577263404461341834e-01
2.132024334613048799e-01
3.022274190870103405e-01
3.475355288810438315e-01
3.115386354828251769e-01
2.109472031603803199e-01
1.772649958782506752e-01
2.470906934243184416e-01
1.503448038761438232e-01
3.007920099128174041e-01
4.731536228359841667e-01
2.934112154942929984e-01
2.238017588216544285e-01
1.404326867157481284e-01
2.525478594824618894e-01
2.926235800296736467e-01
2.463017845128471217e-01
2.767768288606475280e-01
2.823718939782172699e-01
5.126535431463137282e-01
2.073057215166122791e-01
3.397732675435726213e-01
2.786108426833622809e-01
1.954310131417761609e-01
2.201356813997648043e-01
2.952335969337104848e-01
2.486590668941056070e-01
4.634410317617556063e-01
2.807999527368649217e-01
1.663554000727661963e-01
2.042766723585076882e-01
4.340049433635165266e-01
4.076825232365314244e-01
2.937897251213731353e-01
1.741575619407837172e-01
2.211066412200207443e-01
3.746804179144934688e-01
3.212472227951827519e-01
2.905766713873771945e-01
3.285629614103832696e-01
2.648238466328379226e-01
4.101804111619193338e-01
2.081998171907392947e-01
3.402681165333926172e-01
1.398996260823525961e-01
7.050440697791486855e-01
5.457758240089178869e-01
3.195286323956994523e-01
4.758195563994432331e-01
3.114701107010314218e-01
4.828568281274570051e-01
5.662525889239877763e-01
5.940741342193424090e-01
3.553976463129370766e-01
2.680906243285245405e-01
1.699174233956146918e-01
3.829629245424607809e-01
1.669686161351133513e-01
2.249446163031099954e-01
2.735555420140582394e-01
4.833720514666761114e-01
1.745992106978299929e-01
3.357545997262434412e-01
2.556135624624743530e-01
1.588687839361575260e-01
7.751851732022894126e-01
3.968205912404148550e-01
2.476845410937239256e-01
1.174348904549548100e-01
3.312110727380724318e-01
2.660085832642160586e-01
2.271134845862353424e-01
2.852886736133450896e-01
4.248617584863160768e-01
3.014032390404111084e-01
2.156439481346021647e-01
2.636027287686594223e-01
3.741223753744729041e-01
1.686811116896860252e-01
2.238376552173395040e-01
1.806874594674256762e-01
2.895066615810668598e-01
2.627266164641493540e-01
4.081654293268245914e-01
2.803446584047395995e-01
1.884473070299910735e-01
3.231731873060390003e-01
4.332832982253826404e-01
2.739395835106525068e-01
6.667018756540533664e-01
2.390364505498688841e-01
3.858604602372321390e-01
2.280202482344940718e-01
3.384111912888490004e-01
2.035403683795128649e-01
3.697067639959527585e-01
1.709946965286252285e-01
3.293422187562789483e-01
1.816358845316549397e-01
3.852704664430724457e-01
2.662772905255409994e-01
2.277532673037534205e-01
2.774685588645046108e-01
3.331030930630136111e-01
2.052525887765964951e-01
2.497254198908012979e-01
3.391426306905223620e-01
3.090315039615564863e-01
1.664647095573418834e-01
2.803930095620527085e-01
1.721591668363415817e-01
2.949200929910854585e-01
4.649594162641824679e-01
2.857173393485042401e-01
2.326566947150485176e-01
2.719827551907583185e-01
1.193123414764718504e-01
2.095349579977696108e-01
2.764293562738560639e-01
6.951083526044649075e-01
4.325303906440667867e-01
3.251427316551427915e-01
1.142310294352752109e+00
1.744197887511335643e-01
4.657068341062620687e-01
6.561651234546914679e-01
3.294949257094085260e-01
5.280949842720153997e-01
3.096464581028194329e-01
2.942400630553917429e-01
2.120670457890530824e-01
4.199469202774659959e-01
1.499777870744582187e-01
2.247999205742448880e-01
2.042946898298516611e-01
2.996155729618962815e-01
3.443166497242948765e-01
1.325124857473856665e-01
6.883134368772024780e-01
4.004680685597644674e-01
3.434585237160958648e-01
2.385742292178343049e-01
1.738035240175027085e-01
2.371308027497415760e-01
2.758458156894782465e-01
1.889978553471506617e-01
1.948563653154118391e-01
3.037375374640380321e-01
3.081388670063727186e-01
3.822537177798391861e-01
2.659608615618359595e-01
2.186616052877800309e-01
3.314557858816258862e-01
2.651920747321734884e-01
4.126953680412422387e-01
2.320663827414415625e-01
5.984144928232517646e-01
5.483434501732559196e-01
3.336469602125789469e-01
2.011309074640392214e-01
4.775762241477012338e-01
2.206695091139282416e-01
2.924593100004732049e-01
1.160532750685347031e-01
1.024233401345680111e-01
1.817366703510445991e-01
3.289666655959440078e-01
3.512869053304319977e-01
4.121142338511952774e-01
1.682749978294641457e-01
3.903288116502761085e-01
2.142787343336042261e-01
4.939668154924320986e-01
5.522978924417311086e-01
3.615650600109462376e-01
4.799878190560698532e-01
4.250084401543069990e-01
5.203343802483010316e-01
4.786017121388511097e-01
5.887769920975147731e-01
3.274916961849873576e-01
2.526911208936529762e-01
2.954964763992634080e-01
3.316270528747872759e-01
2.236677202520931662e-01
5.079946762072093946e-01
2.999611072517933685e-01
2.583369387267923090e-01
1.943020747323274955e-01
4.391936599963037757e-01
3.861199316829619366e-01
5.871659138587532745e-01
3.490871359205190982e-01
4.869606565448860724e-01
1.310204373472870498e-01
2.615967051959245393e-01
3.535776783820195890e-01
2.730861998760751863e-01
4.155059795369638320e-01
2.924561517200572891e-01
2.098444268555402503e-01
1.919841221397357578e-01
2.371297791292417689e-01
2.124273434241882585e-01
2.977368882159074359e-01
6.497159948393217421e-01
4.870245936007348009e-01
2.266580340385096481e-01
4.088013494623105593e-01
3.290878506861988351e-01
1.287951813070075668e-01
1.946622020644379336e-01
1.672713185903280664e-01
5.088923961599521872e-01
3.537281489922522448e-01
3.636487326246578000e-01
4.893734669379464775e-01
2.089074082041709468e-01
1.471018282405824606e-01
2.414018781175690798e-01
2.217537179920089085e-01
3.842772034039715345e-01
2.761457971965781133e-01
6.682105520758478967e-01
2.038038209330069739e-01
