1.760167714730898281e+00
1.875499642375895171e+00
1.149124019329165192e+00
1.830418937128549084e+00
1.247318237375999450e+00
2.627095618018555623e+00
2.244213435389145417e+00
2.633978901490483970e+00
1.078203950011113132e+00
1.548776088750923430e+00
2.370295277478886131e+00
2.278547266872875454e+00
2.533113598914036313e+00
1.444225452081819405e+00
8.252500404272047341e-01
1.968341590260901608e+00
1.620913664061230719e+00
2.233186823577505198e+00
1.196045594282596713e+00
2.258766036227018770e+00
2.115409620267283408e+00
9.752612078522182593e-01
1.867018659547186932e+00
1.322470662061155933e+00
1.452163430158312840e+00
2.503771097674149626e+00
1.912381337175544260e+00
2.297010317731474238e+00
1.686640768894101194e+00
1.526681106568241519e+00
2.908477306211643576e+00
2.427102430788272258e+00
1.331145673859529754e+00
2.038013524115734665e+00
1.738063398032051454e+00
2.303811346088071588e+00
2.615035726152833195e+00
2.405750642548355689e+00
1.171180192898274575e+00
2.070237987723769102e+00
2.110605521909895810e+00
1.326351972945698288e+00
2.622019108367174667e+00
2.413544397640505323e+00
1.714119767620257528e+00
1.237090556975213307e+00
1.009438653742333658e+00
1.747136948223988462e+00
2.150479048249493097e+00
2.392164672453578778e+00
1.401469033556628219e+00
1.250384909604203010e+00
1.059809811741836194e+00
1.700676826631916327e+00
1.705690024773316216e+00
2.778159916343770686e+00
2.402955230297644018e+00
2.597611090017600599e+00
2.002319039383319677e+00
1.355393316607943266e+00
2.362590677344018175e+00
2.191081035982790137e+00
8.273043927731552616e-01
2.657408594443391170e+00
1.124632437662125950e+00
1.242032953062507161e+00
1.179092544378057772e+00
1.472989859294064674e+00
1.477167635174794214e+00
1.296761848594632616e+00
2.258461117587545530e+00
1.537852232541363495e+00
2.045113495927605829e+00
1.620687520048603947e+00
1.695905657305732284e+00
1.032405199505070481e+00
1.559565394282244277e+00
2.379762442011069457e+00
1.833153175639409049e+00
1.433152075266230341e+00
1.640026727308977694e+00
1.993658455033642252e+00
1.483703225198660602e+00
2.068147256746568186e+00
1.683728497248386802e+00
2.436318218424090798e+00
2.420017916397787960e+00
1.715886018199059393e+00
9.596485581080831384e-01
2.553455761067778607e+00
1.258102392478233966e+00
2.677526839416267901e+00
1.631958131830494318e+00
1.992356490382084733e+00
1.597852755909200617e+00
2.201935453636259421e+00
1.752661495474802100e+00
1.722448471291997407e+00
4.645893737858767802e-01
2.244401371391723465e+00
1.792564319591084088e+00
1.300404289307442340e+00
2.356990155957194855e+00
2.177340565445581078e+00
2.234624980134953365e+00
1.649728312146455655e+00
1.769242179698696571e+00
1.675972552193432108e+00
2.143980438291028801e+00
3.133258397916472315e+00
1.241655948275540267e+00
1.697572534283641632e+00
2.136423661969683696e+00
2.093292247537080097e+00
1.582205092336844476e+00
2.614166944498409695e+00
1.884115527245994626e+00
6.833567245901136511e-01
1.644053155805874633e+00
1.915490935261812799e+00
1.458377726994602996e+00
1.847712061603126843e+00
1.111853563045442916e+00
2.554913373048437908e+00
2.876142539872682757e+00
1.241960466157044696e+00
2.207517278198852129e+00
2.335522836299403160e+00
1.751140526501662409e+00
1.732976373732501241e+00
2.030362994334893756e+00
2.355267961978238400e+00
2.575468811143124981e+00
1.800885682182416181e+00
1.118533929597173016e+00
2.588855010236325249e+00
1.831352587845784141e+00
1.464870058576114742e+00
1.777659375795800356e+00
2.096923078096581516e+00
2.637843166126133010e+00
1.764908828117481621e+00
3.025978918045223232e+00
1.210729003581373586e+00
1.637953464395333292e+00
1.253201540640968226e+00
1.638486407012783808e+00
1.124308139008631136e+00
1.618738530956104649e+00
1.892136124957270349e+00
2.152220075390931076e+00
1.877776181941525735e+00
1.115910956388079356e+00
2.041440301605974117e+00
1.543873827742519023e+00
2.242468583624286804e+00
1.874648987422535829e+00
2.638425079534316708e+00
8.002706114567064155e-01
1.798272141982613981e+00
1.373041698729990712e+00
2.210960442715374619e+00
2.147592821273856867e+00
1.376215463046953635e+00
1.553459981675195500e+00
1.982503533037623944e+00
1.532707799126755477e+00
1.558798483278162728e+00
1.972894863934967713e+00
1.860106547505780306e+00
1.363796604769393905e+00
1.143186374552230378e+00
1.403994917874672232e+00
1.459525811019822150e+00
9.786188381202568509e-01
1.986911537734401989e+00
1.040973576623112518e+00
2.280712423984080139e+00
1.057144372657029097e+00
1.885896512599980479e+00
2.819236706624694833e+00
2.873268477531078169e+00
1.464223889464462580e+00
2.331870269796334050e+00
1.375642226993922579e+00
2.207130625686613890e+00
2.876723786223895019e+00
1.945869935838403508e+00
1.871585209709032194e+00
1.583405702845426477e+00
2.037622537665894740e+00
1.617401638080031567e+00
1.100339344492504035e+00
1.211973517393686084e+00
1.874773348695812025e+00
2.517954520180615052e+00
2.245236550603646464e+00
1.738396782947215335e+00
2.704692625726907718e+00
2.175708481987224108e+00
2.348637912690763496e+00
2.521572713703851498e+00
1.616877193417297853e+00
1.146639795006508589e+00
1.301751612161619942e+00
1.278167236951496477e+00
1.801354055615989935e+00
7.497057791209138511e-01
1.553852613444831832e+00
1.463448511201409064e+00
2.452549888847231685e+00
1.965045839223391821e+00
2.164372593083174756e+00
1.351614452064747285e+00
2.462350933628875360e+00
1.186889400595777522e+00
1.489854331523541964e+00
1.759132256477284439e+00
1.903273887552075161e+00
1.989936224336794401e+00
2.309469471619132630e+00
1.720010572145348249e+00
1.988052511130339317e+00
1.995606167200613568e+00
2.042962834922322113e+00
1.923964655932566936e+00
1.333353133497923837e+00
2.481124108309121112e+00
2.859291393280240179e+00
2.124674161494465530e+00
2.600765910601164244e+00
1.065299946569058243e+00
1.481158722559459795e+00
2.297173083859179066e+00
1.064502863181979508e+00
1.558111516975646982e+00
1.639325980193905519e+00
1.772126065782087867e+00
2.096709726900491511e+00
1.899755915944933538e+00
1.230036735340668042e+00
2.061246317455413202e+00
1.651479052592490282e+00
2.091859501908552854e+00
2.121203643054501153e+00
1.712819121801386402e+00
1.520071101315059181e+00
1.264269675884734268e+00
1.191898938090794724e+00
1.910805580362957778e+00
1.401837269090596028e+00
2.308758139228953787e+00
1.150205635567874474e+00
1.328146776934195916e+00
1.214158144840705278e+00
3.002546276864732633e+00
2.252610933657174463e+00
1.096123345682349370e+00
2.535127657958809344e+00
1.392153794593302463e+00
1.373693289643398430e+00
1.005166016781180671e+00
2.404206646181719087e+00
1.041548439294780470e+00
2.634309459988203539e+00
1.682114639821049362e+00
1.886819613967096076e+00
1.194834568433353672e+00
1.460919500244784786e+00
2.180498910569746762e+00
1.309210774254448761e+00
2.087933105129681444e+00
2.317802891307426449e+00
1.749734034137277350e+00
1.475400127097584502e+00
9.637035475488429093e-01
2.177349838579104802e+00
1.587801246139985745e+00
2.041839100670638896e+00
1.589604087174635305e+00
1.811257577082707959e+00
1.793059923761110008e+00
2.367008377347034287e+00
1.981182993374631884e+00
2.409198153697928113e+00
2.126624634635331468e+00
1.502317852381845897e+00
1.983550845953301556e+00
1.657071220345856188e+00
9.095078166585394142e-01
1.913346106456535800e+00
1.694170328908003675e+00
1.873152261486862979e+00
1.842364718017302616e+00
2.296543217303312900e+00
1.894370093433062729e+00
1.628226224977619818e+00
3.201774648414284385e+00
1.703559862131941216e+00
2.337853252615665678e+00
