3.386943726256352316e-01
3.661506322083283305e-01
1.268789038910537459e-01
5.979788789139162120e-01
4.916655321464757367e-01
3.680973726897381892e-01
4.682028484984299133e-01
2.097116587856948655e-01
4.098500815206770898e-01
3.879328410627427282e-01
2.316232922330230815e-01
3.532516386174326395e-01
2.422283245586958067e-01
6.254754057894005292e-01
2.924951219787709777e-01
4.349024303127406177e-01
2.715096884028194157e-01
1.797205263457503921e-01
3.040978557654838155e-01
2.119994298843230485e-01
2.302862793219098980e-01
1.797557778882297730e-01
2.041586282594003154e-01
2.327619290182717793e-01
4.322300942437763971e-01
2.309030520471713199e-01
4.310829466181737013e-01
1.990341099310800332e-01
1.526655500549857214e-01
1.407723270286181383e-01
1.923443153781763393e-01
3.361023878863729775e-01
2.234356310458912309e-01
2.239305234870198336e-01
2.934919150387938491e-01
3.339005276766724983e-01
3.876509212395585213e-01
3.969582372652955549e-01
3.643965947345782497e-01
1.879194061423727635e-01
1.342032897771111566e-01
3.509854666977871296e-01
9.219701398106028289e-01
2.465020211855015464e-01
5.469879168311011508e-01
3.707283599987375999e-01
8.242630074565970855e-02
1.806918891471637756e-01
1.646253129116021230e-01
1.821967995633063109e-01
2.538467980874880570e-01
1.915159995576735663e-01
5.130079956147634013e-01
6.896823933313902533e-01
3.417801351026781842e-01
3.319023765179197616e-01
1.880907567936941360e-01
5.334546710040994899e-01
1.922867283753576795e-01
1.074522021402207345e-01
2.919125444735514163e-01
3.404726643884650739e-01
1.838982983055039711e-01
2.555887683493942020e-01
3.065732898349305402e-01
3.788732315818123531e-01
3.275439044773370556e-01
4.520004481534729557e-01
2.735104287571558657e-01
2.614617257032677000e-01
3.126182472040351934e-01
3.834488499108653636e-01
1.033138826551607270e-01
1.179883554754075636e-01
5.761775023719087896e-01
3.116282223008904340e-01
2.607911093991016060e-01
2.152576189630868164e-01
4.399915443493453426e-01
1.696075623627234519e-01
2.062095095044124138e-01
9.369102531235849740e-02
3.860660824685255843e-01
2.632376988647501248e-01
2.837142168835509182e-01
1.649344146377437481e-01
3.233167008419564614e-01
2.287367914197131480e-01
1.841835128313027703e-01
3.275335401105944899e-01
4.737293417186601019e-01
2.688829307299907545e-01
2.208248686147226136e-01
2.080406688019110772e-01
2.715500079390566479e-01
2.410658803618245249e-01
2.976274538021271843e-01
3.566479904401901879e-01
9.873731434047586242e-02
2.873493929069376729e-01
2.304235165599289870e-01
3.814313498396502689e-01
2.057128206496952605e-01
3.987293059796587213e-01
1.921681236537861326e-01
2.550822867997885046e-01
3.255179604600883514e-01
2.419935109915137272e-01
5.775377144902595905e-01
4.204120867941539275e-01
1.692797843766063459e-01
3.080644688508089590e-01
2.891738487011070724e-01
1.433016278781674979e-01
3.133404238894775817e-01
1.913801771912057026e-01
3.595450896013416275e-01
2.294158950592192492e-01
4.920976521175293716e-01
2.957364146464198651e-01
1.924181649431950247e-01
6.603227639223058221e-01
2.406051052685533875e-01
1.732601173379040294e-01
1.519657623668538293e-01
4.967418675647806148e-01
3.380256509122521735e-01
3.227080272081214174e-01
5.600116376189242517e-01
5.123241036092391898e-01
2.417544782042316542e-01
1.398394504048071918e-01
4.917058644701386427e-01
2.307958684468375821e-01
3.256752362252551269e-01
2.026882531010913702e-01
3.057460798447103056e-01
3.086024516113480831e-01
5.041996326683133578e-01
2.944547419561058255e-01
5.246691568650518889e-01
2.367448200488646570e-01
2.442741675928921385e-01
2.484334606849405158e-01
2.774468580159221154e-01
3.320727540232934483e-01
4.861790878688524442e-01
2.456736440143328093e-01
3.636423193722274072e-01
1.914960677577732251e-01
3.322815974514672921e-01
3.660451594483379312e-01
1.502944910902614950e-01
3.674047075398866324e-01
1.036111738199739341e+00
1.072006515847765545e-01
2.811932100213478947e-01
2.692010422358108723e-01
5.294521333761908338e-02
1.822551391071805804e-01
1.751650785890996598e-01
4.476437328481435718e-01
6.112699658704271455e-01
3.627961968177685348e-01
2.333391411816334582e-01
2.879601803397222048e-01
4.418412807392273489e-01
2.005844419412450286e-01
1.830850122482266251e-01
5.203788402458442430e-01
3.023231833557721293e-01
2.733303928500341318e-01
3.189809199745446411e-01
2.494911484894872522e-01
3.054876892690190360e-01
2.914037596998370061e-01
2.408498272516389760e-01
6.538551364167547453e-01
1.720918215569883780e-01
3.634356948492825090e-01
3.852135389838923230e-01
2.648484064077974987e-01
3.779418635578297159e-01
4.762977769204052025e-01
4.230792906320327562e-01
2.416096255378468449e-01
2.412937824994919878e-01
5.468642186425595186e-01
3.129633327925627762e-01
6.232377902994893359e-01
2.800519075432501004e-01
3.242378730533771458e-01
2.377183472021509592e-01
4.798405768455688003e-01
3.180677556898472425e-01
2.782142843704696333e-01
7.932108151899729398e-01
2.750956704887604909e-01
2.963375239146987528e-01
3.207953509921547819e-01
2.656791139317125627e-01
2.442864310883541556e-01
3.556121774611121777e-01
2.591190219585821630e-01
1.405018921470599091e-01
3.108219686941166016e-01
2.628336189789689525e-01
3.750530897527906693e-01
2.219694109854345176e-01
2.480239441252563015e-01
2.988791096996396002e-01
4.336924597873514919e-01
5.323205225259861617e-01
1.164019997427825359e-01
3.072647152686995842e-01
1.801968189767839679e-01
2.088416268261731601e-01
2.626045434077993734e-01
1.733315275385317322e-01
5.525598883141347173e-01
1.735571820661858389e-01
2.742136872624752475e-01
3.650634609993961832e-01
3.083217465871661012e-01
3.226851302433962898e-01
4.681546256064383349e-01
4.226721333629310240e-01
2.703272319933872625e-01
1.785195346641504643e-01
1.478775340876138655e-01
2.220688541939382088e-01
2.690844778160345618e-01
4.561713119388368654e-01
6.118585458509685493e-01
4.556023560585215626e-01
2.472030219461370248e-01
2.046089609607124604e-01
2.741665606177190462e-01
2.873108384942990035e-01
4.432224095775770256e-01
3.812100503706553623e-01
4.302095132156513180e-01
4.850497316914648693e-01
2.579986144282944149e-01
2.690157828496450021e-01
4.654411725282671108e-01
3.690413444164751255e-01
3.189636085698595025e-01
4.574502669585243098e-01
3.923583425194454022e-01
3.603441144716325595e-01
2.182012794112122289e-01
5.350593397739787926e-01
3.128683196297999403e-01
4.736767588968965326e-01
2.062177241209686707e-01
2.646460525416868270e-01
2.422512894989929388e-01
2.281194013075766580e-01
1.600128149078339224e-01
3.529801474782098825e-01
2.055160386847481313e-01
2.948375241506742683e-01
2.842139478468081459e-01
4.770856167514020418e-01
4.811404488894346909e-01
1.908898125262200318e-01
3.337017226825291782e-01
4.041076951157681618e-01
2.084826495759815879e-01
4.573120093083475335e-01
2.349708083129722624e-01
2.709877137810683956e-01
2.637010490256577189e-01
1.850077943305578898e-01
3.216302945768306776e-01
5.292098779592915303e-01
3.394016488173300927e-01
2.356944330253359365e-01
2.855904482201372385e-01
5.118016667633233929e-01
2.027988912761028995e-01
5.588479139780343496e-01
2.979529889285981725e-01
4.787071161738060687e-01
1.955859302305887615e-01
5.901198169813631766e-01
1.645780522360664466e-01
4.274871639550448799e-01
3.412288750682188065e-01
2.501169256497227655e-01
1.838141649401161815e-01
4.575810573312153462e-01
3.475446814519132510e-01
3.708270779440208109e-01
3.731558605889639391e-01
2.099033223077157173e-01
2.918217283396842832e-01
3.179829677762134876e-01
1.439953892591589457e-01
