1.336710740745660875e+00
6.954915839358587482e-01
3.230681413866180463e-01
2.720119838175797944e-01
7.483441149633556222e-01
2.773508747919640749e-01
4.334218732250636474e-01
4.423686096834547055e-01
6.341139744650321486e-01
1.039476578261302020e+00
9.966427024570293502e-01
4.894514694123933696e-01
5.365916886359403115e-01
7.636996378490172876e-01
4.266112276147274729e-01
3.908014785337837749e-01
1.613320769436789037e-01
2.792308982415405150e-01
3.869596392455435518e-01
1.535801541612953347e-01
3.421265212651208310e-01
1.424447174680526784e-01
2.267746906438215804e-01
5.383314829169042470e-01
3.256992067644411959e-01
2.361199016563201580e-01
1.482009984346116249e-01
4.429793670495983382e-01
4.169352637418692886e-01
6.332468768193455499e-01
5.628863154469953001e-01
6.536406598008099866e-01
4.431363374568526581e-01
3.787509323220222823e-01
9.251198993102306423e-01
4.513742634670776521e-01
4.169452723909639058e-01
2.330296918504503323e-01
1.714006101349823397e-01
5.308200386542683002e-01
2.489853861290400316e-01
1.308317551636513976e+00
2.910538043593198787e-01
3.085635371956709228e-01
3.177352330876933584e-01
3.173946128611830897e-01
4.194983565048489571e-01
4.938749858325555131e-01
2.869423409040403605e-01
2.811836094469170599e-01
4.002845368619765698e-01
2.855329237302460244e-01
2.769470289666655094e-01
7.213118202076244101e-01
1.058713921352718579e+00
8.612043399145667966e-01
3.751209139585225394e-01
3.771069276191675312e-01
8.554479265527835663e-01
4.369297256719077982e-01
3.942047992167435622e-01
3.709570815129402122e-01
1.948218495303102316e-01
2.897107775247112493e-01
1.977715751483684892e-01
2.011277264854085534e-01
6.482374005505431303e-01
5.587238761015829169e-01
5.028740860652867184e-01
4.233158085071417887e-01
1.111454203568277954e+00
5.552399409375615713e-01
2.585333787111350201e-01
3.517348281210518346e-01
9.550278180439314424e-01
2.613774283011486843e-01
2.381123444867049022e-01
2.326791373767926607e-01
6.861594763580306511e-01
2.009207380904764195e-01
5.226167587778854928e-01
2.781086646637552784e-01
3.443439854925068877e-01
5.213915381390348269e-01
6.021578021161139160e-01
1.804055333740520739e-01
6.316978705631153268e-01
3.805231227542280048e-01
5.384428228813379347e-01
2.198450896399374854e-01
1.979141870569225414e-01
4.754452794572281982e-01
3.967219244246533716e-01
4.616994966769922826e-01
5.094660826794262798e-01
2.497111552803795154e-01
7.219058506869885372e-01
3.148751089573830209e-01
2.661196199122234374e-01
2.621638199333504726e-01
4.253097398673628127e-01
7.319655388927690520e-01
6.420852933005680718e-01
3.876757708840263272e-01
5.192649465702980915e-01
3.059761656106605443e-01
3.946238514524180729e-01
3.609017946957149836e-01
1.748220230035669454e-01
1.450387534016304714e-01
3.841872474749238320e-01
3.998289452379987230e-01
1.311883676525586129e+00
5.478925594319709047e-01
4.538981469796172785e-01
2.614446361775264460e-01
2.869981737643503839e-01
5.113234053119140032e-01
2.387543226710104050e-01
1.728103182201365939e-01
3.775365443194219628e-01
3.592450121586051592e-01
4.974684561768796254e-01
1.471657961192622821e-01
4.808590238198591771e-01
3.855776800579067687e-01
7.300975200404247190e-01
4.047538083727381664e-01
5.836878513172679694e-01
4.015154877912959774e-01
4.512317153295688499e-01
7.239695438841409203e-01
4.522088574932323080e-01
3.488297116874490289e-01
3.822040959279729422e-01
1.829789209204334965e-01
4.232236104787642783e-01
3.844159741212296311e-01
4.162911917303117049e-01
4.206888891901935934e-01
8.052622064924833678e-01
4.680271587073087103e-01
9.503617116915873408e-01
5.055405906803353000e-01
2.348868878391606740e-01
4.087359441534259563e-01
2.154209282411266857e-01
2.422157563856493223e-01
3.608578168237325801e-01
4.230687647041194155e-01
2.716405959542312898e-01
2.620857897076588339e-01
6.721962433037448337e-01
5.525780634777612832e-01
5.461707583055032122e-01
1.487510027139895274e-01
1.836503006251817005e-01
5.519634637319857928e-01
6.616643179344654513e-01
2.932290848897387003e-01
3.807412988566307721e-01
9.677125740349499239e-01
3.191104641712597667e-01
5.559238398382837509e-01
2.114155814592357241e-01
1.050740690087571982e+00
2.928707027285377684e-01
5.060230584704276113e-01
3.135658784823563971e-01
2.530453958507650758e-01
4.584395161740488223e-01
2.934754300524843318e-01
4.713167704388721568e-01
3.355874468752080286e-01
2.500348932295757276e-01
2.581183368416835600e-01
4.587120201065177372e-01
5.279476629399841858e-01
3.132966869379336661e-01
9.402432294284074343e-01
6.231641583778246840e-01
4.804083442024715267e-01
4.436882230612653188e-01
2.153080685965823027e-01
4.400711311191813357e-01
3.545126142128038338e-01
4.505082046480431979e-01
1.966804892695387386e-01
8.994459418915383697e-01
6.620444832812011349e-01
3.177563353060657847e-01
2.960997956610054715e-01
6.317196989153501807e-01
2.048969322369558477e-01
4.324997725069728571e-01
8.685702078354302635e-01
3.805369899816081758e-01
1.996208953574411249e-01
3.807926561666440390e-01
2.428516150746937996e-01
3.054739864737551214e-01
4.759605661090763329e-01
1.143548188042547986e+00
4.229602565290720428e-01
6.307526956296019005e-01
9.316271856748455926e-01
4.647051838408656210e-01
5.683000002264111394e-01
4.897681230900720051e-01
5.356081916772980067e-01
2.908159253719687087e-01
2.841541623278015516e-01
8.727975670516688877e-01
3.005968466697407360e-01
2.798484001052462533e-01
2.264745840870729110e-01
2.627390392239504768e-01
3.273312260395528361e-01
4.263010752026544781e-01
2.939454311353839056e-01
6.931888376443028355e-01
5.310871469552206348e-01
1.478243713165931228e-01
2.752816457365684366e-01
5.189769125733683097e-01
6.005251136495888264e-01
9.709646003105123491e-01
1.435539544257334599e-01
4.630539545821020786e-01
7.550660141395443281e-01
4.409483281276895261e-01
7.154326049309500668e-01
5.720281326962581847e-01
6.496722479565301134e-01
4.369568193666599210e-01
8.059967159192984454e-01
5.243272230270552559e-01
3.905282390138297144e-01
2.021281881270415859e-01
6.603511972947818665e-01
7.988549564470059927e-01
4.252885150551640736e-01
4.892603479051823578e-01
1.688341152457850658e-01
5.115624401038977309e-01
2.903093095638649146e-01
5.043263061820880688e-01
3.243035930726505534e-01
5.824346803182702814e-01
2.766892481111580815e-01
2.981415162670608132e-01
4.595958701925141887e-01
2.276321385022487542e-01
4.062380904815136029e-01
4.887388577409508827e-01
6.510121579990203466e-01
2.250578478865301602e-01
3.568429504747734904e-01
2.407773508260985240e-01
5.186441315259371354e-01
4.959991766751228881e-01
4.959787996544243183e-01
1.939618564147098656e-01
6.228339465599295188e-01
5.188813816637783960e-01
8.039063897493287092e-01
4.916893338542012160e-01
9.178948483891865573e-01
3.196386598259028933e-01
2.801488936522992801e-01
1.181604387410720935e+00
1.209418812868237936e+00
2.441955301387747357e-01
3.582754693477512853e-01
2.629991787575439721e-01
7.028156475441998952e-01
3.161551083871650958e-01
6.843481580649054541e-01
4.740310514257382035e-01
4.910423685322326537e-01
1.952611225186462462e-01
2.826973392172533184e-01
6.396265730399529614e-01
4.601495649244390362e-01
1.776638784109266511e-01
3.594330085852701639e-01
1.201479230595604797e+00
4.206379555950561233e-01
3.962201748427091608e-01
2.821093866219382962e-01
7.934348280367616857e-01
4.360227309785393857e-01
2.893722300354598653e-01
3.435881443213418818e-01
4.086983909949439275e-01
1.006596116681396591e+00
3.520170212460063119e-01
4.433474315113529185e-01
7.257453085783391877e-01
3.752505729863893635e-01
