2.506045074873657352e-01
9.912388932910911610e-01
9.346348513222939580e-01
5.362306435435826302e-01
4.322420941484779733e-01
1.193637332057519762e+00
2.352046816497605219e-01
2.960339493247448051e-01
4.483787771534994970e-01
3.876112941780570642e-01
1.221530638324959117e+00
2.121644587010829419e-01
2.278407652555065332e-01
6.339611783392091748e-01
7.959924381072468469e-01
2.733533767742190035e-01
5.512066260961063779e-01
4.777511880440007963e-01
3.244249265498477808e-01
8.137054845996727348e-01
3.793311969150029439e-01
1.119579057631578722e+00
5.598834282813628382e-01
3.490241579790687165e-01
4.217331294404892961e-01
6.294323599775308864e-01
3.801211957472011571e-01
4.020498937312972920e-01
3.015807392559815558e-01
5.117672312574002014e-01
3.083573695655449365e-01
2.813397635967932464e-01
8.965009764892774013e-01
1.048678326097232771e+00
6.944949010586901617e-01
3.837474220224610932e-01
4.643065468410839669e-01
5.310309502323692366e-01
5.615283416118519444e-01
8.974664444475449754e-01
5.527265541075505606e-01
6.253682477676139051e-01
8.583632595162837831e-01
5.790944637888345570e-01
3.631147068384275589e-01
4.607606271731512493e-01
2.644625024863324070e-01
6.401164028512207338e-01
4.766129417473816687e-01
2.389268636723539951e-01
6.987422147726626287e-01
3.252079157023847755e-01
2.913949771182591242e-01
5.511944529789277736e-01
1.275486089335887474e+00
1.218796875369320132e+00
7.277513451493385910e-01
4.511675378153229832e-01
5.267681286022833920e-01
1.100460400084735113e+00
5.566457876273467331e-01
5.069735437456273086e-01
3.392645943842471090e-01
4.799191966478972837e-01
5.073069131839271773e-01
3.026140481895286394e-01
5.066729195407910780e-01
5.083135074742337611e-01
3.362282144073923118e-01
4.001107424620207187e-01
3.658942885511349830e-01
3.140363438277040675e-01
3.209596715525174226e-01
4.241269786819010235e-01
3.476855175247019480e-01
3.882495198595717900e-01
9.232511074700244791e-01
6.924934509355610279e-01
1.448997318168645965e+00
6.335024864034630721e-01
3.242729107655453746e-01
1.713251525362347871e-01
6.671840012013366961e-01
7.515065249063249686e-01
1.538886365179388815e-01
4.368311363714397766e-01
5.171374372512379525e-01
4.173666453432700596e-01
7.335034069536553458e-01
8.958795045479501784e-01
6.620813611745915983e-01
7.329037235332842570e-01
8.123042908337351209e-01
3.249306813345401168e-01
3.458839052933367908e-01
1.109281148586530819e+00
7.763414140885496195e-01
4.618870529033908823e-01
4.972506833467651988e-01
6.508498169618992524e-01
4.811593267774735283e-01
8.692945084595371519e-01
8.420109767502205189e-01
6.298153323379481749e-01
1.157847590521577485e+00
3.911590599170892690e-01
4.590851391697209904e-01
5.974445022165049135e-01
9.085022524793531229e-01
2.548000497793501129e-01
7.309868007546996838e-01
7.564889891785872011e-01
4.111759304668645698e-01
4.435523285062374921e-01
2.977951732195798784e-01
8.257185285669416119e-01
5.719799146113022648e-01
9.733084276046888306e-01
5.633085869829028702e-01
1.011809324885648564e+00
9.815133670590584503e-01
2.219101903873566817e-01
5.908229081833428209e-01
4.908697174862413637e-01
5.482426300106802985e-01
3.623433308832638144e-01
4.385128113067783273e-01
4.107654130990271435e-01
2.814929521854345196e-01
5.092097824779677762e-01
5.762181719368245636e-01
1.043802260996455233e+00
3.846067964012342966e-01
2.941903401962948084e-01
6.987445403452227088e-01
1.559833233534869690e-01
9.972350426145526470e-01
3.966130965060346569e-01
3.650075609655914488e-01
3.483219323283422986e-01
1.150641237537608497e+00
7.170113417877413964e-01
1.193771877709781659e+00
6.825327903579395672e-01
5.345544364709959861e-01
6.490521937602428126e-01
6.162641463360584160e-01
7.252434242980783097e-01
8.700053209868483517e-01
4.429283896974151036e-01
8.546062676980730188e-01
1.329987091632003793e+00
6.258935446250750712e-01
6.477872325924540764e-01
2.065760397005072246e-01
4.001943026275123216e-01
6.141580093993626033e-01
7.359124013081370652e-01
8.464431709639970158e-01
3.550491475179600731e-01
7.193571162433101129e-01
3.921198501092811872e-01
6.387453266659056661e-01
4.847040117994571018e-01
3.650590064642533772e-01
8.269536768233558544e-01
1.131390262854422790e+00
8.162306773495854317e-01
8.951768590672180004e-01
3.479947821735218105e-01
1.049923895418531927e+00
4.700444850519353013e-01
5.243432575853401723e-01
4.178227366640323015e-01
2.962221882197498268e-01
7.681307197630667938e-01
6.436212752336752940e-01
2.663261400802939272e-01
6.113504237211909720e-01
2.110459371895745395e-01
3.284573813864092862e-01
5.797855730163052890e-01
5.340596917790660925e-01
2.576159072667367211e-01
2.680233231134290794e-01
4.336878924476745834e-01
6.342081015826229740e-01
9.932197816236838506e-01
2.757667202826982189e-01
4.716420889337710753e-01
7.454439589305996705e-01
1.848337848929026694e-01
3.745846909481039821e-01
4.712479947530225921e-01
9.557928421307022582e-01
5.669257957490717592e-01
8.585860632952980742e-01
2.598311147638840968e-01
3.223114467412574458e-01
5.180316151977760741e-01
2.319431037857251632e-01
8.725584580500955756e-01
1.655693144719991183e+00
1.164593082987668282e+00
7.115379604237935807e-01
4.783725124007344176e-01
4.546818430867098360e-01
4.581876237927313134e-01
4.098013801371186426e-01
2.441537316738298102e-01
9.268622486808928418e-01
7.532128342928767761e-01
3.941665458347067275e-01
6.203050756943507826e-01
3.099335802268448070e-01
6.328403420453563299e-01
3.308447224874255799e-01
6.422200321352111718e-01
5.032481296293417339e-01
7.318455773004075571e-01
3.769517443417229607e-01
5.333549263872919832e-01
8.566860631474702004e-01
3.611392512486357176e-01
4.179743199105186435e-01
5.779377459136687545e-01
6.735823221913311842e-01
3.302873421195739456e-01
5.751367543197523080e-01
5.364249056999328413e-01
8.105539830414056901e-01
3.653935517538280942e-01
5.596611197199001797e-01
3.860192296164345338e-01
5.514667262886510102e-01
4.683259051234754389e-01
2.982020529418069055e-01
2.573704485690555543e-01
8.401311604076535655e-01
2.816933685278759092e-01
6.436627251371385139e-01
6.727063269174502480e-01
5.983619858097664057e-01
5.680611688845862428e-01
4.878574466626516282e-01
8.137637265070405412e-01
9.591966310998196743e-01
4.008259085095403629e-01
3.397428702576896220e-01
4.016933313307364806e-01
6.393299716048812531e-01
7.283125311580408434e-01
7.203113179700167956e-01
4.519189681716200280e-01
6.584476916868179375e-01
6.506797384753082447e-01
4.681218237875509613e-01
5.788026632009684036e-01
3.346948907272667695e-01
3.648412120359901256e-01
1.124624136302437405e+00
1.027480935567401499e+00
9.764642641162639691e-01
8.240045302485137224e-01
4.816656881566780402e-01
5.605660612016258870e-01
4.021276221021395370e-01
4.898407847916618763e-01
6.550683108358730244e-01
4.856864320718818906e-01
5.412495553758094324e-01
5.934356510194818135e-01
1.083724516378951730e+00
5.109294899612456531e-01
2.955730660291674972e-01
2.704107964597496361e-01
3.291249380983181649e-01
6.354113604062425757e-01
4.717745760084879891e-01
8.010420785215609518e-01
7.691379786104894922e-01
5.975931772138924902e-01
6.954590866760755885e-01
9.872056997167901748e-01
1.504533265859628655e+00
6.012882735043280080e-01
9.667163780184904187e-01
4.560354082367704676e-01
2.765765456799304522e-01
4.025608316079216098e-01
1.870326696772372788e-01
7.971384070203320071e-01
4.604208903920680163e-01
8.229056526768252500e-01
3.634174690070200442e-01
6.670754503663707258e-01
3.814859691788754503e-01
9.462048019459192716e-01
5.463645465876313390e-01
6.115839563013376612e-01
