1.846514779948901230e+00
1.118918567341904868e+00
2.034685779283814888e+00
1.239031358719354881e+00
1.679197240973323790e+00
2.018409365536790290e+00
2.539332720713426639e+00
2.180706469661786606e+00
1.692979117033465153e+00
1.871087341226133738e+00
2.393943403298935735e+00
1.017894805329932151e+00
2.402555160639130438e+00
8.420968949216482979e-01
2.246530675016711331e+00
2.053814617548450183e+00
2.173513335171905148e+00
1.507714261714849124e+00
2.639847028905362158e+00
1.376835356939322130e+00
1.725370700241307231e+00
1.735457981004165928e+00
1.774412108324943782e+00
1.434564073670321349e+00
2.521615834736091522e+00
2.434929553010768188e+00
8.556068391288060848e-01
2.090868275267359966e+00
3.315367326287713468e+00
4.901552691357742297e-01
1.514048245839448414e+00
1.602868016240690974e+00
2.513037659605215079e+00
1.290648383847688763e+00
1.733050511498542390e+00
1.359249282479178644e+00
2.012847343629648122e+00
3.511274211597295025e-01
1.932095065573535608e+00
1.618755287867497561e+00
1.652961842731903275e+00
7.835074736788055771e-01
2.153590371359765943e+00
9.530091466952638202e-01
1.672048906034281135e+00
1.879419295825265124e+00
1.290298057066825876e+00
1.551322375130436582e+00
1.720143542894426059e+00
1.624610675829637474e+00
2.274004693739679173e+00
1.622452503809573399e+00
1.760816934145229995e+00
1.525675067104560245e+00
2.377257672092514262e+00
1.810914313999741676e+00
1.670309987371943583e+00
2.058490308498216681e+00
1.584670329619586981e+00
1.941983958478151306e+00
1.569948075709577395e+00
2.395660950326796712e+00
1.362018062121362005e+00
1.246430212576755681e+00
1.731038248195557960e+00
1.530897668190338123e+00
1.825758108325752582e+00
9.728463549043399050e-01
2.398336786302868617e+00
2.032239670516794217e+00
1.648503393144145956e+00
2.957442576412670832e+00
2.868309158522769131e+00
1.043323185726024782e+00
1.991110195789792758e+00
1.646676576516531210e+00
1.618353804888674086e+00
1.649869702751201261e+00
2.919219313435621466e+00
1.883237438977538591e+00
2.079441402121868343e+00
1.894454409044929788e+00
9.063032453430300839e-01
1.893778837495656786e+00
2.187280739411652686e+00
1.900155387127088868e+00
2.238942803577257834e+00
2.197793556908988144e+00
1.272451570326240233e+00
1.958555204483548140e+00
1.951664807228300047e+00
1.261052668080619110e+00
1.657032526858051469e+00
1.720995764392100114e+00
1.675629700470380845e+00
1.572019775364281502e+00
3.457966264358262265e+00
7.548859655139584790e-01
1.479513088364189599e+00
2.637295293263527629e+00
1.386273477450877367e+00
2.346707169745142263e+00
3.615989833142835952e+00
1.250555314572751264e+00
1.446404390746163227e+00
2.230378968861492339e+00
2.497009862735130259e+00
1.468354648799057971e+00
1.703420045351657475e+00
1.633346616826266917e+00
1.527752352960777271e+00
7.806155589911654147e-01
1.704142732553265205e+00
1.236297452319478518e+00
1.418276117823989324e+00
1.440126367668125518e+00
8.819569050955029521e-01
1.862355535939303586e+00
1.473949029334049587e+00
1.844302831837964618e+00
1.575157060932792064e+00
1.442144835423686988e+00
1.466169036163665673e+00
1.557756044023667297e+00
2.142054525653070751e+00
1.746837327485178726e+00
1.104245955102224119e+00
1.486794577518230742e+00
1.359365016982071017e+00
2.763541124425599627e+00
2.353555294166081779e+00
1.889763162448077516e+00
1.739353217270226182e+00
1.951198465114602154e+00
2.237182681793840278e+00
1.573374463397440248e+00
2.512176033484519344e+00
1.416406653547074290e+00
2.117084274973429547e+00
1.642275823431886161e+00
1.325239145320450396e+00
1.396720603106414993e+00
1.101119639239328762e+00
1.530922478688074850e+00
1.729024946548729735e+00
1.555900293111454502e+00
1.484638805960988517e+00
1.840891227125511564e+00
2.323316864885939914e+00
1.355791234542491619e+00
2.469625803229873462e+00
1.401469643191941339e+00
1.725690480712453345e+00
1.919036979480717608e+00
1.236647220823137605e+00
1.795438684206024815e+00
1.809491890745831055e+00
1.202296718809023668e+00
2.515707238111570820e+00
1.299742154108504133e+00
2.859306588117317194e+00
2.069739971019233682e+00
1.015419056062536241e+00
1.384699279211577760e+00
9.183989667299612414e-01
1.629277791843095402e+00
1.854961132733135454e+00
2.031761040935691209e+00
1.538282729972089591e+00
2.139511378961792332e+00
7.601365740771772739e-01
1.816630117925016163e+00
1.297180306436655828e+00
2.012166182102255174e+00
1.607638913590781371e+00
1.887224157472165542e+00
8.045356446293436825e-01
1.369164913050862520e+00
1.614306562286534019e+00
2.395213359377304840e+00
1.739029235197699697e+00
2.459480857760030226e+00
2.238193928781852193e+00
1.866141781423934942e+00
2.212066387343197160e+00
1.954442512439711788e+00
2.670750842077827869e+00
1.515503983112576725e+00
1.228048233167912118e+00
2.293667034191805953e+00
9.975081767916924580e-01
1.284621914120599895e+00
2.484694966916611403e+00
8.484680526275401036e-01
8.766393986825108398e-01
1.946372049710859642e+00
1.720077681523045854e+00
1.552471631679735564e+00
2.560686671272895509e+00
1.501447948193452175e+00
2.226863711633543463e+00
1.561368039792649043e+00
1.947131530334701655e+00
2.344312593849395387e+00
2.024370732506068471e+00
2.741523234497598605e+00
2.128821878310479310e+00
2.407601871403812321e+00
2.083676180459490546e+00
1.570574014068561342e+00
9.848359251071573395e-01
1.212771738931825105e+00
1.451720667074267057e+00
2.232206597588188846e+00
2.039909432361388220e+00
9.068149601669700521e-01
1.076687426334371755e+00
1.103506901528076733e+00
2.437615767589162985e+00
1.677874198639331960e+00
2.033994558492905558e+00
1.621324561425998789e+00
1.620463595523248257e+00
2.049149249179645249e+00
2.125203628992389682e+00
1.747719249037690048e+00
1.005509604282647462e+00
2.249067124047788635e+00
1.966089354367974718e+00
2.246155605888850992e+00
2.404936322199650256e+00
1.764848752516217978e+00
9.291036107875886296e-01
1.260550933463135070e+00
1.392126829838296942e+00
1.080354139921364309e+00
1.474073002207026972e+00
2.870443210446195437e+00
1.402181211456785315e+00
1.745298079557458193e+00
1.582219148863564628e+00
1.889391403729989038e+00
1.583252304483424577e+00
2.171578418904146712e+00
1.170747466766357991e+00
1.693662841914695738e+00
2.785921434867694835e+00
1.797063475044325065e+00
1.766276060296215755e+00
1.722165803316959343e+00
1.274208492369086176e+00
2.565903640690472276e+00
1.326127900404417304e+00
1.203005493794758074e+00
2.216331324612168086e+00
1.831811745459525298e+00
1.011838645842561446e+00
2.325028178331384421e+00
9.611830472157133487e-01
2.502425925920523486e+00
1.865650012146271353e+00
1.196117996718391696e+00
2.382659019177657989e+00
8.836888060521650434e-01
7.818593960102869778e-01
1.992179727776650422e+00
1.407625151725636847e+00
1.480565519651136697e+00
1.815461307388801737e+00
1.407177769470809192e+00
3.594987250829164704e+00
1.763653132456379558e+00
1.233228024789864374e+00
2.670477042374070020e+00
1.779888053968876171e+00
1.892746497897656477e+00
1.229250812145689542e+00
1.437208799817871530e+00
2.352125508980768664e+00
9.517878891562862043e-01
1.962989239028948285e+00
2.353770038241401963e+00
2.713496651982078234e+00
1.027959688403187855e+00
2.499569866830199771e+00
1.611331146995377939e+00
1.319100290525030639e+00
1.380794689568771272e+00
2.164216976920693813e+00
1.561845385029944300e+00
1.645133315592361756e+00
2.332983926917385986e+00
1.763546487621221681e+00
1.293310448247582567e+00
2.014676383112569358e+00
2.168789741589821851e+00
1.799754750620426780e+00
2.663354678784603635e+00
1.941778977187971211e+00
1.203327681710024022e+00
