8.573028474312082148e-01
6.223775632236615563e-01
7.089245470023401996e-01
3.119919625028773624e-01
2.197841105135538986e-01
3.796498461447508355e-01
7.347807838956776916e-01
3.974933650427652232e-01
4.041754139485065900e-01
5.051454709378232488e-01
6.921828024745764196e-01
8.212980253478235904e-01
5.000250112637728561e-01
9.472626868573913450e-01
6.246533522194145371e-01
4.090592763899942308e-01
7.389109483203047946e-01
6.103167179223465411e-01
7.783568645607100711e-01
6.250763222715907119e-01
1.420062283061591213e+00
2.110642437286960882e-01
3.728309381254364951e-01
5.452098501219707627e-01
2.886852666335948947e-01
4.962963274886619813e-01
7.917630888552452673e-01
4.680083034211516280e-01
6.847778878818179260e-01
6.714595654453203721e-01
1.261503862317326030e+00
8.607323434264261275e-01
2.019202904364797990e-01
1.033984899944301761e+00
9.024031654363373622e-01
9.181159610322802145e-01
1.251835304627051615e+00
6.935428102021288232e-01
5.563885373008340407e-01
3.603746338474735911e-01
3.517925475076882913e-01
5.954881356579760920e-01
3.770369931104171068e-01
5.604880872353243948e-01
3.277846643744300459e-01
1.143044739986807556e+00
8.870787534748291181e-01
2.629705218489643559e-01
6.033579260048158588e-01
1.199848045612904812e+00
7.856512590873986346e-01
3.922868254464346727e-01
6.016471706532758867e-01
5.551642439008818153e-01
4.044925715567015967e-01
1.037987610905700020e+00
5.522710606276525214e-01
6.482326952176491464e-01
2.607649040415067621e-01
9.725499989490220543e-01
4.466667928489715944e-01
4.802648571399719679e-01
1.857590217845743186e-01
5.491636673382940259e-01
8.935029653083226275e-01
4.311345287188705355e-01
6.577672670296500490e-01
1.077061740678983082e+00
4.984475555144323167e-01
4.128195523593403138e-01
9.863604346922192345e-01
9.033229231545469862e-01
6.554571154367647701e-01
3.526876993501009694e-01
3.465362513889628793e-01
2.368075296726132317e-01
6.624823536690972459e-01
9.666674860791132362e-01
1.227763793395181491e+00
7.999555073044014586e-01
2.146987156059962099e-01
9.109674061718623372e-01
4.066552499930748965e-01
4.674554344673150230e-01
1.173808488848252729e+00
5.237941443830260724e-01
8.560664780077145153e-01
5.372299789711822982e-01
5.038603795844961430e-01
5.216950373379062311e-01
4.004292788858870300e-01
4.270307972054608325e-01
1.165191917568966451e+00
2.921114059782494721e-01
1.185898987292531404e+00
7.990866663997270303e-01
4.959406884075734379e-01
4.509706879586468653e-01
4.720742921239565737e-01
7.981306000171031201e-01
5.633286552335533548e-01
1.062026441923839215e+00
2.636374317824806690e-01
4.294289938832456244e-01
3.103364961549064938e-01
1.153358475088475776e+00
2.834733887252789408e-01
5.149400301117409429e-01
7.653140931768102062e-01
1.760620240150271965e+00
1.113363094533488473e+00
1.124318683295369992e+00
4.078161599989142405e-01
8.132157983628580666e-01
4.000971826105604312e-01
2.550151009882012931e-01
4.586409454828638821e-01
5.359084836237948402e-01
3.530050891672940061e-01
5.448469478236730446e-01
3.653100284363930417e-01
8.703171915250099699e-01
3.280365332732102512e-01
1.029796645834456736e+00
6.081190832344037789e-01
3.191287817596414889e-01
3.329409696402367280e-01
6.498743663970016904e-01
2.070974198336925642e-01
3.279578708105783114e-01
5.061152819947868364e-01
2.689674740478165127e-01
3.951815444197858129e-01
3.986609855635745991e-01
4.558638186760906041e-01
8.521261710824562519e-01
7.166139533642931214e-01
2.996082754414456373e-01
3.137622415961482392e-01
5.870673647348355617e-01
2.750246646908010573e-01
8.340519400207406786e-01
1.068320060069949173e+00
3.562733802966226437e-01
1.540743186557049560e+00
3.361135244420878077e-01
4.693403629514967812e-01
1.055789374279656467e+00
2.077632894827460275e-01
3.582212853508279227e-01
4.831908716017854766e-01
6.911037184083447249e-01
7.536972065621608818e-01
3.879409439754634703e-01
5.768815077129855196e-01
2.833890069715395699e-01
3.433925077323206621e-01
1.013100814314328524e+00
5.100050178262297562e-01
1.268606553634951339e+00
4.778865044108988602e-01
3.053609041353759768e-01
4.609830448439773964e-01
7.526131311538325486e-01
7.876229220742720916e-01
2.341623414383185997e-01
2.413233331054606967e-01
2.150786160106566147e-01
3.931496786571269664e-01
1.027470627489470489e+00
7.151308040970085766e-01
1.194056869619267269e+00
5.194493495769175739e-01
4.137627683175744697e-01
6.758610623436714926e-01
4.153282221655719142e-01
8.761552166835639976e-01
5.302174758955621181e-01
4.844761073013851282e-01
2.650420272439501512e-01
5.587773608718740181e-01
1.177338145537246250e+00
3.572487516504496141e-01
5.057582614310337510e-01
4.321374823907168650e-01
8.486395716350401131e-01
4.970371809542141195e-01
6.586774904965763122e-01
6.432714239596154515e-01
6.788915556314454314e-01
1.880950131716908058e-01
4.181781445675051279e-01
3.350573191292030573e-01
4.330261352522098983e-01
2.473741246149999684e-01
5.192308970514566413e-01
8.410225923372904866e-01
4.834223608091396951e-01
6.316616327044483059e-01
4.854135098816317884e-01
9.668341072886813548e-01
6.922815956692894845e-01
2.755618809787560575e-01
3.864681035845728974e-01
6.866839100665981244e-01
4.589459970524301657e-01
2.864836974478434106e-01
6.111939642673023254e-01
6.542209893017724154e-01
3.569598656118758706e-01
1.404251468769844191e+00
5.141045219667631505e-01
4.371154152402846327e-01
7.274427014352040644e-01
5.053787034435058834e-01
4.732281957954847518e-01
6.434842620704518401e-01
9.603890272803085049e-01
4.714154211039880416e-01
8.235705439854896781e-01
6.281895210156306364e-01
4.707732611569900305e-01
6.564558842584030662e-01
1.147323789004522254e+00
9.837507656431891956e-01
7.989772687180313193e-01
5.774944600415435891e-01
6.146260103318801349e-01
8.787875675439819068e-01
5.706609532877623403e-01
9.245930960484016747e-01
3.292231325255595142e-01
5.946091367892035739e-01
7.070662234827690407e-01
6.115043612964768949e-01
8.453497212357640178e-01
6.143524393914392423e-01
3.319550913984189999e-01
3.291417875778949176e-01
3.008644586577904345e-01
9.239246937255295444e-01
1.237260646303341316e+00
4.645902187341571232e-01
1.290334077036789706e+00
8.462383393946983912e-01
6.189751079028623648e-01
6.363222840027696892e-01
9.567754744809747747e-01
5.739251053115409507e-01
6.321041640959188523e-01
4.259840851822138119e-01
6.357994084063434137e-01
4.710572934236100240e-01
8.863515971997019127e-01
8.739829551986838529e-01
6.613697123554346247e-01
6.252638729886010882e-01
2.565338418308742430e-01
5.230295305971818243e-01
6.332248772803416026e-01
6.659503889550194566e-01
8.303592867705454905e-01
6.238216227206966336e-01
2.981582577469062967e-01
3.780669713727810022e-01
3.382105086381438364e-01
7.948928907622100359e-01
1.119858573300857474e+00
4.983933671782276309e-01
2.567179085091984558e-01
4.333694917815769099e-01
3.377232790234894755e-01
9.059403903586370488e-01
6.129811496962359607e-01
1.720457470011492074e+00
5.589454534418282217e-01
7.184613655353513373e-01
6.978808354916231638e-01
7.609285314515435994e-01
7.543439388168196036e-01
4.665141539852034058e-01
1.153618187177057886e+00
5.920063156948466299e-01
5.105413589907177307e-01
6.320843200598942335e-01
6.190467500126496381e-01
4.116832818890167611e-01
6.771218408609828154e-01
9.974536308887438363e-01
1.386550213247135455e+00
5.418668908236632387e-01
6.674145543945165793e-01
9.583832232762605763e-01
3.653064422932086885e-01
1.410600683213356188e+00
8.771288124962683952e-01
5.442208603830164249e-01
4.809217217645882503e-01
5.181731486757643612e-01
8.927535710843119698e-01
