5.907429405134474010e+00
5.521850005874603617e+00
4.809547667837904328e+00
4.905251023954114054e+00
4.255252721597803323e+00
5.021020776944205011e+00
5.136293341239527521e+00
4.560624721909099399e+00
5.084791649981240447e+00
5.618303317781651707e+00
4.952717335373835184e+00
4.860528881494978748e+00
4.353420335315150602e+00
5.109926430505461248e+00
5.338174020053172875e+00
5.199406984756494765e+00
5.277879895321425430e+00
4.863524500711559284e+00
4.411668826714327807e+00
5.130818036924140735e+00
4.835465562580265164e+00
5.085900097734010750e+00
4.951743610352740355e+00
4.960218439930108580e+00
4.575750487742314299e+00
4.962320640588990805e+00
5.303019234426608719e+00
5.054073772706787260e+00
5.404235102935210477e+00
4.941721265573366217e+00
5.062995242537585483e+00
5.352130478792556545e+00
5.078981953524489334e+00
4.764562967778656954e+00
5.275154345222538232e+00
5.158109060540657431e+00
4.989767484709679124e+00
5.210366418788778375e+00
5.555728568742292595e+00
5.118232823433414680e+00
5.190483069203492228e+00
4.969846213046756667e+00
4.792898411459239227e+00
5.033570975792879487e+00
4.737333385929913376e+00
5.405692554546155826e+00
5.373121947628673567e+00
5.167305699938845365e+00
5.047109415601616966e+00
5.656027246197345981e+00
5.067175415887962053e+00
5.472644313524873461e+00
5.069731944386625777e+00
4.603809535627311433e+00
5.849281872218214495e+00
5.413934846868207806e+00
4.946798018092712468e+00
5.095093476423051548e+00
5.518919467756953523e+00
4.503266901210026596e+00
5.066957297069355270e+00
5.418255059461073664e+00
4.756138143351956948e+00
5.219503102453950660e+00
5.126083253612948809e+00
4.699627127521464942e+00
5.201129673801660580e+00
5.007047404946771252e+00
4.980729287103763170e+00
4.872278845838706296e+00
4.483459593722249004e+00
5.237087947593265902e+00
5.716400314877871480e+00
4.573142492425470884e+00
4.554501137486987261e+00
5.147737469219968887e+00
4.870446340397002416e+00
5.125551000761311649e+00
5.233614170587221004e+00
5.465156965075973261e+00
5.071422669843364872e+00
4.600294149460125048e+00
5.241189713484195600e+00
5.740495148496870925e+00
5.704484900090347033e+00
5.520825591155876566e+00
4.878089406985587573e+00
4.724764800552330613e+00
4.708252408403551748e+00
5.373868074802301109e+00
4.914906757911337465e+00
5.762409680701521708e+00
6.569603032110721053e+00
5.266663858102571538e+00
5.016251475484922118e+00
4.927480025602212876e+00
5.443563743550912548e+00
5.770215643975450170e+00
4.911345355930420098e+00
4.807869213309555967e+00
4.873870839285991075e+00
4.351566640641621575e+00
5.425067042791085647e+00
5.235566982304785455e+00
5.972867884746920097e+00
5.912223548931144101e+00
5.083481348617347351e+00
4.646625968553208530e+00
5.453381685105930465e+00
4.978774623170076019e+00
5.065521579414852482e+00
5.385014065140501849e+00
4.820990712957729407e+00
4.892400236627930887e+00
5.307636990854502912e+00
5.515888329628033659e+00
5.125276415899215898e+00
5.119983229829296434e+00
4.894622996234895496e+00
5.232803175990892619e+00
4.966040094559030393e+00
4.811420421426638505e+00
5.138212861851630286e+00
5.286384089738128012e+00
4.945326871139497094e+00
5.131454424773523648e+00
6.092440541389529507e+00
4.959287584667847248e+00
5.046660334585617136e+00
4.938465777096025633e+00
5.357796352678308338e+00
5.034729448781245509e+00
5.387077744434891180e+00
4.904427764138689305e+00
5.453141498656263408e+00
5.192010099660400613e+00
5.738375464826342309e+00
4.885934130152150168e+00
5.033639709359873926e+00
4.291258595238240048e+00
5.147867476603363635e+00
5.004201865413721251e+00
4.436282942830681364e+00
5.226606313325873998e+00
5.240899128060416245e+00
5.105039032554683054e+00
5.669004141124400320e+00
5.483957178233469065e+00
4.996354910829509777e+00
5.153815407121921766e+00
4.958867684850619462e+00
5.537690104054226126e+00
5.975262057777232627e+00
5.166757810009686480e+00
4.981095609312411909e+00
5.347502217747328146e+00
4.711346377699173082e+00
4.441831955391852382e+00
4.602920888996278492e+00
5.622173116824117578e+00
5.025160944886180481e+00
5.023803062976877953e+00
4.787084331616088484e+00
5.124683679548987847e+00
4.981113249945089194e+00
5.371914274178871906e+00
5.336097586953900240e+00
4.777847036791028401e+00
5.480110945713818182e+00
5.258201519570731897e+00
5.093948585154615571e+00
5.250611499592919174e+00
4.402324498194156277e+00
4.820542398395480710e+00
4.557277973606901789e+00
5.110489205138615709e+00
5.440456791876171039e+00
6.156670214879620850e+00
4.638758955522656713e+00
4.904785472482418029e+00
5.235843778902058432e+00
5.064741034120649132e+00
5.010352034591709192e+00
4.738103697281145443e+00
5.120926999300262850e+00
4.969330288190534795e+00
4.662383812668253746e+00
5.524161320203313963e+00
5.155448495628186301e+00
5.136382596667659506e+00
5.414206245464815659e+00
4.459698921665271598e+00
5.565735181339075410e+00
5.375514046865141893e+00
5.103019891975056233e+00
5.623305164573592307e+00
5.339599297436791403e+00
4.496820108393243309e+00
5.522549903577789188e+00
5.382584785764768398e+00
5.289124055862089335e+00
4.688563345829416917e+00
5.147795256593970414e+00
4.547570040867287666e+00
5.221829967332077160e+00
5.104926981635478533e+00
5.413999033444358844e+00
5.899168055572113545e+00
4.652792813161948260e+00
5.856941414729114115e+00
5.126596308546590208e+00
4.946605925235864731e+00
5.264881077949584487e+00
4.549155667232487765e+00
5.235081696969801079e+00
4.333377927222807457e+00
5.156143121348558012e+00
5.612877675539578171e+00
5.286096968765593651e+00
5.828287659611576466e+00
5.499129517803337919e+00
4.922087129959561658e+00
4.604948060669189047e+00
4.338014795354306230e+00
4.725480146481250365e+00
4.793452096672315754e+00
5.855389973552678207e+00
4.795737124478332447e+00
4.914435216349449576e+00
5.125857518270653834e+00
5.607907783830048842e+00
4.848610865768283595e+00
5.471532360180630050e+00
4.985656400497624041e+00
5.541114000489122837e+00
5.169218632300357719e+00
4.726877782196651445e+00
4.957904631339667745e+00
5.513596605337469647e+00
4.801270956644613008e+00
5.529969291313224566e+00
4.891910527897623595e+00
4.992267379931672799e+00
4.585604650718456021e+00
4.088896197362991813e+00
5.158418793159445848e+00
5.207454000614425205e+00
5.014488002332043948e+00
4.813820607776047034e+00
4.975065095079695965e+00
4.822761347299575618e+00
5.491216038015245715e+00
4.633968184006818980e+00
4.746133347472524910e+00
4.643396178452122491e+00
5.861168203393272158e+00
4.257089511949125438e+00
4.967461496500347629e+00
5.053404172085785184e+00
5.185217997711361271e+00
4.567207395457073993e+00
4.727046291202737116e+00
5.748047958254455914e+00
4.952418312198243910e+00
5.439944638468053206e+00
5.377605204330445865e+00
4.930860366687074503e+00
4.286742528626250603e+00
5.026563880713958987e+00
4.469117755978954776e+00
5.504725090413112198e+00
5.417612327008273887e+00
5.270585809736387795e+00
5.064041669658230660e+00
5.571363192439557466e+00
5.205565107792057056e+00
5.000875888448756967e+00
5.214175271430497638e+00
4.798357748620584395e+00
4.335972780874355337e+00
5.009820583894164514e+00
5.153353778171030797e+00
5.219125994917565237e+00
5.426242985470953961e+00
5.310209370574252574e+00
4.822570256836895553e+00
5.141048970768586024e+00
4.627750452066248243e+00
5.690043892791035063e+00
5.382725779947361566e+00
4.821562620841609359e+00
4.782249251561392356e+00
5.661259531988455329e+00
5.322028231041270097e+00
5.048337932880264667e+00
5.255447616452293857e+00
5.418675669252503546e+00
4.744213039598715653e+00
4.307954356415778285e+00
4.964503878066254039e+00
