2.374265645610026121e-01
3.295063947487423817e-01
1.337381050781747682e-01
1.515523329899294835e-01
2.363754433169258928e-01
3.376832450922681583e-01
3.829712774553709620e-01
3.376377204486860073e-01
3.330732489271913677e-01
4.151952027190439209e-01
2.066749202701023136e-01
5.115875268183941449e-01
2.004224296056606458e-01
3.108486921842202322e-01
3.580519778620338545e-01
2.083898591164981828e-01
2.244691499294989012e-01
2.372418810331164696e-01
2.070101730571518306e-01
3.692804992876208003e-01
4.339666227044600144e-01
3.551837449250432877e-01
2.114078839185099812e-01
4.811471737076443156e-01
3.757697378406611444e-01
3.008122680162459428e-01
2.278428942800790613e-01
2.208934280488712154e-01
2.803093329532172495e-01
4.604012287376891832e-01
3.255459119780754751e-01
4.216333150088161785e-01
4.244549050317208416e-01
5.428859392175421350e-01
6.130970469901823039e-01
2.450542840634595543e-01
2.514753827433105493e-01
3.119209199749951589e-01
3.012339891903285660e-01
2.014450942271999445e-01
2.402336793535042314e-01
5.163288556814032981e-01
3.463348107271095877e-01
2.638804588998068246e-01
4.900415788794576510e-01
3.036273230588472649e-01
1.953056671810989298e-01
2.633925752473830206e-01
2.383791642558904245e-01
1.751686469541098023e-01
5.961669317287848768e-01
9.805121542696541848e-02
5.003087209635692645e-01
3.029460239164320501e-01
2.070395816169870451e-01
2.441188094518191298e-01
2.495611639957791283e-01
2.281186943122875121e-01
2.833507873751249795e-01
4.815494304065017772e-01
3.263464409688897616e-01
6.298735145467311280e-01
5.748960443076112092e-01
2.848796617136072906e-01
2.189811034298320691e-01
2.387267468909935186e-01
4.450314328432419808e-01
1.683843139596135352e-01
1.577270281074702185e-01
2.403718044939555654e-01
3.688899882787095019e-01
3.605275668036758141e-01
4.180460059600934475e-01
4.709018907494365025e-01
5.310496072209499596e-01
1.365827114236464468e-01
2.506109879611161384e-01
2.850088317136837968e-01
2.620012952968173159e-01
6.148031869540512284e-01
2.602609786874349185e-01
2.019435350286386266e-01
2.607072034962501506e-01
2.305445535796970535e-01
3.123724468161045986e-01
2.450069899879474822e-01
3.366975660822623118e-01
3.380801530277762756e-01
2.768924937855073432e-01
1.966740195465197794e-01
2.647745975699895005e-01
2.128650160331114483e-01
6.702974854748339206e-01
4.096527760038971011e-01
3.747405671219918855e-01
4.350609892881431295e-01
1.500013661257362518e-01
2.814376748366565484e-01
2.868137641834885287e-01
2.375259087626011845e-01
3.607067609459163604e-01
3.129931884486158444e-01
2.614135821624160028e-01
3.768924998870111231e-01
2.983508315380106746e-01
6.672782816823635832e-01
3.454820850071576577e-01
2.429575831005045261e-01
5.509750705382698843e-01
4.228073871720015031e-01
4.851363962819975617e-01
2.457242485523398745e-01
2.825768020958658311e-01
1.977898079741082782e-01
1.634048379524953576e-01
1.051089348100987669e-01
3.115272616747834511e-01
4.519948442241146780e-01
3.783458665374112018e-01
1.612106473718520061e-01
1.826396935710942748e-01
2.544812779676321468e-01
2.379529471273360841e-01
3.230628335867926082e-01
3.043660831428601221e-01
6.025939206584699503e-01
4.325633574743756871e-01
6.563005259809068237e-01
2.658079602239431516e-01
3.484489115976753815e-01
2.284272311709460435e-01
2.557835319948357777e-01
4.679286759411314667e-01
2.364261873773367828e-01
2.822622239038831693e-01
2.452561709144036040e-01
3.406621339740253385e-01
1.810829459143904752e-01
1.409119888629810080e-01
3.984776062917950723e-01
3.969556631920538314e-01
3.214916277439156533e-01
3.138724082840801399e-01
2.428101165525869964e-01
4.198901808583180850e-01
2.908422349889051572e-01
1.975154287962848365e-01
1.328632985708746994e-01
7.704415385046985421e-01
3.906662434639337489e-01
1.665015537966595127e-01
2.785320308555915836e-01
3.757655786988361446e-01
1.715507940347450189e-01
2.392247311936554488e-01
4.144922689207675148e-01
7.376666837011638389e-01
4.283585357270927041e-01
5.215456464409898851e-01
3.442525792421289310e-01
2.398737334351956074e-01
4.505459499209121255e-01
6.057088224961820755e-01
2.058352807115786387e-01
3.628103101424558496e-01
4.309085349708200452e-01
3.319510497355420142e-01
7.554496232451979321e-01
1.716324487332844539e-01
4.252616638043170694e-01
3.208146320634909787e-01
3.775928190741797419e-01
2.382632022010353345e-01
5.181409204044452599e-01
2.002104127265447175e-01
5.050302571550043806e-01
5.483512961335426095e-01
4.911472979438964992e-01
1.856289137964844960e-01
2.170733261348724574e-01
1.524846642342043423e-01
3.423838510111179012e-01
3.213355619232817206e-01
3.831800741020363610e-01
2.583795099128219919e-01
2.952662622785285351e-01
1.205138702944012902e-01
8.042171883356320494e-01
3.257521652131822321e-01
2.247378275203042175e-01
2.819612431395727703e-01
4.636711234336616250e-01
1.395813275701331957e-01
1.790437887937972872e-01
5.385511358203780574e-01
2.587935716995273805e-01
2.671400841227982159e-01
7.614198258148006104e-01
2.488997412814171750e-01
2.998691271937123926e-01
2.532351624993258166e-01
1.420357847987647193e-01
3.364834916748907223e-01
5.222308321204052195e-01
2.066254592346226937e-01
7.963389479923317360e-01
3.020764757803975353e-01
4.350972231958020742e-01
1.933415664854187810e-01
2.710529290830348548e-01
1.724533015510013034e-01
3.298324026357821181e-01
3.317969644528473427e-01
2.144818412037682032e-01
3.342461626166458033e-01
2.326735298915492689e-01
4.882251475492904169e-01
2.936712532144339916e-01
3.361016516792960651e-01
3.299491338917932559e-01
2.558031425785192714e-01
1.762312360939952416e-01
2.041782917157345112e-01
4.319719475912799922e-01
2.829033086816731823e-01
3.165072076315936234e-01
5.074972978079520525e-01
2.730323928143069678e-01
5.052191175874182205e-01
5.143902845299952453e-01
3.673749824777226558e-01
2.769048220240153402e-01
2.689811213413799695e-01
1.855439636564981953e-01
2.245532564251624397e-01
2.408327945900680389e-01
3.798487478667684214e-01
2.249060837052850870e-01
1.842821808430441244e-01
5.071486718575373143e-01
3.793032144989266774e-01
2.996829856132947056e-01
6.736549679826561166e-01
4.350825624521551527e-01
6.179003316465405682e-01
1.114157352939450618e+00
2.011087662716776192e-01
3.011741510850113879e-01
3.600154284944644401e-01
3.655486109632717917e-01
2.020185469608111462e-01
3.560653023300437980e-01
3.421828354338494194e-01
3.152703922961133109e-01
3.469971663241094295e-01
3.190698938387062644e-01
2.516614631372912636e-01
3.371937696125880124e-01
3.592442736528467240e-01
3.426811059228301870e-01
2.572704902383030623e-01
5.098264221555006692e-01
3.583311516867746516e-01
2.761792903582070413e-01
2.984386478052296066e-01
3.631430580793735818e-01
3.112951286193231804e-01
1.879239387908760439e-01
4.458891600409258249e-01
2.970829471305450609e-01
3.242223496603663935e-01
3.154192447399507548e-01
4.500309296860405261e-01
2.682114061685714756e-01
1.627318524783636922e-01
3.634106609476325245e-01
1.575542422257438513e-01
1.908838436441910591e-01
1.161856888167894369e-01
2.592739601144621875e-01
2.977744668455972743e-01
2.926642461063565515e-01
4.949390832492823744e-01
2.770138446776714836e-01
5.527581609249681005e-01
1.988261119942987820e-01
3.852595332302569120e-01
2.703892210742656066e-01
1.883403999905706172e-01
2.149831221600437547e-01
6.876961151075252632e-01
3.768752109346695800e-01
1.930433982225777390e-01
2.310042291693152894e-01
2.064604493763310122e-01
2.721911802101636413e-01
1.221866507306881983e-01
1.666838335662940707e-01
3.809122932086732582e-01
4.420423943768395092e-01
