4.688293727081809248e-01
2.313825237936708579e-01
3.447336002483972206e-01
4.421576859404746651e-01
2.134041456838802475e-01
5.053051571673856657e-01
2.363202194961539770e-01
4.565343898602017281e-01
3.589964452045427690e-01
2.481313089017837814e-01
1.418908574496683117e-01
3.812525305758116545e-01
3.502412093609335586e-01
3.153211430069048360e-01
3.835678228709529791e-01
6.344998370515769759e-01
4.588564637697155613e-01
3.923177081072408146e-01
2.854286715146314712e-01
4.265034174682625912e-01
3.168188812952691391e-01
2.880068261996844847e-01
2.885311687799442248e-01
2.716223314744837802e-01
1.064762634295852273e+00
5.684134865528963632e-01
3.412785638881685180e-01
5.388860275638236441e-01
3.700882225910412382e-01
2.990532739385917127e-01
3.002153104677761641e-01
3.443176632764932132e-01
4.164431755294260573e-01
6.088435771022976395e-01
6.808972010467002622e-01
2.444993234332472620e-01
6.109566980507666889e-01
2.097334841925450333e-01
8.461280254368521714e-01
5.100272099486057309e-01
3.017549171703103883e-01
2.869658490700847664e-01
4.246703305023227237e-01
2.430893212195512909e-01
2.400532567394671191e-01
2.352598327556423008e-01
3.431795318749056856e-01
3.797173245238849026e-01
3.531543209341607148e-01
1.475473352553674788e-01
2.409607165430781850e-01
3.473798053398705621e-01
3.927994279733174054e-01
5.547523162706161637e-01
4.212195358674274415e-01
3.786231091379157476e-01
7.307107067819411661e-01
6.432396001339080183e-01
3.714917083841541845e-01
2.963148706479648009e-01
4.017897546764826466e-01
4.265816015895909086e-01
4.362966849856330098e-01
2.016771303810552807e-01
3.876658920884562542e-01
5.197405172542421958e-01
4.438624274578497064e-01
2.916267703340714723e-01
4.184245061318935810e-01
4.563667627794377180e-01
4.270034375609653154e-01
8.947588628413308820e-01
4.288257676260089912e-01
4.448526677921845196e-01
3.459959235424189261e-01
4.400194207357911447e-01
3.463515419457023348e-01
3.658145272321159935e-01
2.283741947935971350e-01
3.466529119712155604e-01
5.011929041357227055e-01
4.598072315052695869e-01
5.164804599142217567e-01
2.611660993315900736e-01
3.666464574696506329e-01
6.521482337796039586e-01
2.691683853593711540e-01
3.573785032473716927e-01
3.536064894350378629e-01
2.924203783674281798e-01
4.429863064943789785e-01
3.238039786411968657e-01
5.499741387728392938e-01
1.808014888589944136e-01
5.461009730656057881e-01
2.512282644426606648e-01
3.720969730164535028e-01
4.277312968003071925e-01
3.005353636377022797e-01
1.529022792237005046e-01
3.787096927288178261e-01
4.363914824937004111e-01
2.443477927128682170e-01
2.115152936188108845e-01
2.736821624874075654e-01
3.630817072444028071e-01
2.975245897237489556e-01
5.480489877199358206e-01
3.607258026877013246e-01
3.077914237798130004e-01
7.525789347453111233e-01
6.728279797814770147e-01
3.348736637333315502e-01
2.513226619617113800e-01
4.673717718090369400e-01
4.187798259231998999e-01
2.386397095530700119e-01
4.939466230232604227e-01
3.751564653505617963e-01
9.875620636975608324e-01
2.038689049422139077e-01
2.240228375282938278e-01
4.310729398433533754e-01
2.078792187383284862e-01
4.752039508511691213e-01
5.871543013138459388e-01
3.774964677446300820e-01
3.904817418250055572e-01
2.757321497667016841e-01
3.792936905874102482e-01
3.359340636138105074e-01
4.002970042248070182e-01
5.151894690427998302e-01
5.582357455283292191e-01
5.582080439521592830e-01
4.560522881314987287e-01
2.997230938913911236e-01
5.186501243742802636e-01
3.064958916124992383e-01
1.760433738813020899e-01
2.356220202626224114e-01
3.444704507091027601e-01
2.301683391560152836e-01
1.543175054506318311e-01
3.756418623027314441e-01
2.396616925710329249e-01
2.109626985919232645e-01
2.027380453615350575e-01
5.730838189845224306e-01
3.346933883509992103e-01
3.154090021411892208e-01
4.014322334521553959e-01
5.029062036152194270e-01
1.762521495438543195e-01
2.675147036591787320e-01
3.122755530293305770e-01
2.751381928754795814e-01
3.465122533606282418e-01
2.006376752718173062e-01
1.553336686408464395e-01
1.028217748096240891e+00
3.276803443996084142e-01
3.992722566381730620e-01
3.072389847389709328e-01
3.511120765706430835e-01
3.328169114255827843e-01
2.707335418529542848e-01
4.105978723475373626e-01
3.910333229812308353e-01
7.243550261863574979e-01
3.890577138700554438e-01
4.037097727465717711e-01
4.534320773658503945e-01
4.112634711363306050e-01
4.355616129998132746e-01
4.368657123182346780e-01
3.774386118262353929e-01
2.777399754201308468e-01
2.360977355046513515e-01
6.480066875531720338e-01
4.162069713597240650e-01
2.934851944275067015e-01
3.256056512737227071e-01
1.594507391496365611e-01
4.140668014189327062e-01
4.190538390287762427e-01
2.766756666863902092e-01
5.192226378990878466e-01
8.309881991150297464e-01
7.088043495854912113e-01
2.359305503067700704e-01
4.361907975646430180e-01
4.390492867171805202e-01
2.391625561364456587e-01
4.422676384072258271e-01
3.361557678038623598e-01
5.887005773084234006e-01
2.604425185084633942e-01
5.020136739665087555e-01
2.679518670405942604e-01
4.129683531722345702e-01
4.364429925925444875e-01
1.843128468313261770e-01
7.712696808144530181e-01
4.954243900347844454e-01
5.748941685401326440e-01
3.703124320075858456e-01
3.666264933192600051e-01
4.126494415247684566e-01
6.568187494472992327e-01
3.016575045806059174e-01
3.618602236791537141e-01
2.932224906526607611e-01
3.427261413560718784e-01
3.923165670429422658e-01
4.142257320985553437e-01
3.002122689818458867e-01
2.710640815131657999e-01
1.724084494103478860e-01
2.492332311133668155e-01
2.456294529816920591e-01
2.343078974662481939e-01
7.569507973843719872e-01
3.982585677544100977e-01
6.460079249585363170e-01
1.649230474399620561e-01
4.012153433403778946e-01
7.265288177490306643e-01
3.813521660356841703e-01
2.146407987492313096e-01
4.854770538701754234e-01
4.969746117975002431e-01
7.462349876827517603e-01
4.868544991495454832e-01
3.959350874899760231e-01
6.054354756541817650e-01
3.877984578750393041e-01
2.920622135059910973e-01
2.503051394087058013e-01
2.345727349860538824e-01
6.034064912080358001e-01
3.497058175342782071e-01
3.795884490255613253e-01
5.717246811599304701e-01
4.151134427910323499e-01
1.288636933318008992e+00
6.773113508958027440e-01
8.732435908849893735e-01
6.331539290974549372e-01
7.270680049991172789e-01
1.114464877937445531e+00
4.202343385182563673e-01
6.275517930763819807e-01
3.938041190196991392e-01
4.003142025203824117e-01
3.214228142300978308e-01
3.907058738396471664e-01
4.112916634791095594e-01
3.136315461558042972e-01
2.895559977478702751e-01
3.708833208911477275e-01
4.440060875960635256e-01
1.283318612807281989e+00
2.097950103365936458e-01
3.264523480109535747e-01
5.461082074223875260e-01
2.238921170904003000e-01
3.486790698955793966e-01
5.848909508996802398e-01
8.607557049426182161e-01
3.162801300562653739e-01
3.343343693736010591e-01
1.994666372529440013e-01
5.029741505115279399e-01
7.250830488399003793e-01
2.964944081089527228e-01
2.802205801291485221e-01
4.221517639322854842e-01
2.815118483545822614e-01
9.419892737285451290e-01
2.802616821278571257e-01
6.096015243039067943e-01
3.315338084266236107e-01
4.938065155229477976e-01
1.631447986077110002e-01
7.162614486524130353e-01
3.841924714284068454e-01
1.804609156825296989e-01
7.176298255780855229e-01
4.429346812959959467e-01
3.083580089817479220e-01
3.202180016514519223e-01
3.012090033476394479e-01
3.822230684940342571e-01
3.989417620612911719e-01
5.479465882619244388e-01
4.775833744836265882e-01
2.068437101351067176e-01
2.941478398826563034e-01
2.329753675596805407e-01
