2.135230392776332475e-01
1.580946673685042492e-01
4.366467792477130572e-01
3.574571112955255425e-01
3.418734281726603652e-01
3.235015576474889465e-01
4.737013211773619670e-01
2.167284498966225437e-01
1.951751871947308148e-01
3.364368366669500676e-01
1.784491363705907052e-01
2.511502177464521868e-01
4.859902834667328975e-01
2.373962127760316232e-01
2.202684664453619101e-01
3.348519884334837937e-01
1.985102571571216723e-01
3.212350684103532084e-01
1.875308633008187509e-01
3.507709950809238530e-01
3.086461809873099482e-01
4.027701774876030205e-01
3.704927818061680700e-01
4.666530653299100773e-01
2.330801615811471106e-01
4.115975176606905817e-01
1.999951754396770975e-01
3.372146413623443584e-01
2.831934833388691786e-01
2.265939867724848233e-01
4.443574249855808955e-01
6.141846906965867658e-01
3.810936304013275433e-01
2.109751491812950630e-01
3.000523191684572044e-01
2.700676899718393864e-01
4.279263347849903143e-01
3.889861426550427770e-01
2.565386330503109380e-01
2.557783355235118128e-01
4.906637362454438489e-01
4.123747050345745180e-01
5.716320995760879597e-01
2.956967446939495203e-01
3.851870399675187406e-01
3.807457165188847248e-01
6.156538219842150328e-01
1.426113706353527855e-01
4.003402490039486561e-01
2.225018165392944891e-01
2.086971137494284811e-01
1.628272132252636673e-01
2.363434075458266947e-01
3.329990304018335401e-01
2.643966027328353841e-01
1.461138026483481123e-01
2.254525955163518280e-01
3.756619335758448752e-01
1.631402823886266562e-01
3.606081238783166443e-01
2.542009485381876432e-01
4.407834152713919762e-01
3.612759391652585750e-01
4.098183395022996223e-01
4.780754463354942030e-01
1.489841492607673068e-01
4.296672862472230014e-01
4.170339843478090835e-01
7.616478114791381815e-01
2.297988620139266025e-01
4.843794824123248688e-01
2.356154488370948430e-01
4.089009116760073947e-01
4.937027059938491336e-01
3.178638819585464792e-01
1.984447427991919977e-01
2.802494424799939488e-01
2.580910286189149749e-01
1.619357665662444212e-01
3.109171223675040174e-01
2.699877594163057615e-01
1.371419101447003130e-01
2.709355748988407919e-01
2.532485752872299933e-01
1.765141437190021756e-01
3.038231634841349060e-01
5.147689073484462696e-01
4.399041619437832340e-01
3.206001305692161574e-01
2.775336187150840850e-01
1.692329593503182905e-01
2.645158596716474797e-01
2.432274774304037379e-01
2.295050176273658316e-01
2.383387759238516090e-01
2.733436659409220204e-01
4.260494489126756545e-01
3.570745347542571557e-01
2.092806892745154301e-01
3.079921981553120358e-01
1.751926230805190832e-01
3.004018139332871873e-01
6.100412649060051873e-01
2.411503249670875482e-01
4.749943371309131579e-01
4.597263750461674237e-01
3.843069152486147111e-01
4.847357300898208488e-01
1.492210438118345694e-01
2.963450451366280158e-01
8.489083253631628523e-01
4.892081348491247317e-01
5.103432889798437122e-01
1.636095715139244400e-01
3.987384818020390242e-01
3.043592873425807754e-01
3.529427098013611652e-01
1.021569283164314168e+00
1.745815456039309932e-01
2.605381832713332124e-01
4.296492002713492853e-01
3.420091868880743013e-01
3.913627317187411414e-01
2.618896231671213326e-01
3.607088678540486537e-01
2.448950929751933792e-01
2.274120279629895935e-01
2.420733021629488946e-01
1.595260173517877855e-01
5.011674513060875302e-01
2.670525957139248119e-01
4.235627031738187220e-01
3.196065020707288817e-01
2.400924544464319299e-01
4.366622847651183137e-01
1.828885794433308398e-01
2.766450465102719414e-01
1.509570586482346377e-01
2.336731633756181647e-01
2.332137568194553867e-01
3.179437863585689583e-01
5.527008410444392839e-01
2.792854179183558161e-01
5.598043629915606667e-01
3.548294767171173980e-01
3.923332647866327183e-01
3.603296784343110737e-01
5.296195485985510931e-01
2.920738675707745813e-01
4.629689900164091210e-01
3.392661631333752092e-01
2.749318484922819161e-01
2.197598027419233879e-01
5.819876817125868573e-01
2.911756049968532989e-01
1.886573896904770453e-01
1.702855138348964015e-01
1.843082703863064831e-01
1.786220723948746814e-01
2.411510123917188220e-01
1.693643756384362875e-01
8.215704992765663350e-01
2.631976095962758611e-01
2.414914608719685163e-01
1.545718591620559024e-01
2.178711557760980300e-01
1.960551313586747224e-01
3.083290920262797830e-01
3.728059350019803375e-01
2.106709866566601197e-01
3.359857755406094326e-01
3.344304333761566328e-01
5.073631921892340912e-01
3.362054561175760181e-01
8.008740668219334058e-01
2.401221116133457345e-01
3.662901551482553031e-01
5.846747484857478527e-01
1.231796656090324710e-01
1.804906563270264053e-01
1.472705049650136766e-01
3.426646851974767261e-01
1.837821469174097111e-01
2.231248420917249231e-01
2.268551139048004817e-01
3.899248633589335600e-01
5.456112613631360908e-01
2.392024284283553459e-01
3.638487048178841166e-01
3.137778836499133805e-01
1.683609158906002323e-01
2.119369966631007018e-01
3.528330556308728050e-01
3.681428308732817567e-01
4.569397047631466036e-01
2.003092571239297459e-01
2.502068239632750934e-01
2.861670179020779914e-01
2.893792543402717299e-01
2.859223354976365705e-01
1.625925412413389282e-01
2.396764145733041584e-01
3.502843334920683893e-01
2.493336774932180255e-01
2.761751648494547573e-01
2.189102849712233900e-01
5.399208617199316995e-01
3.978894029653552433e-01
2.281046530322389798e-01
7.182724948494794148e-01
5.107251962729012496e-01
3.602747087226458866e-01
2.847114572989679071e-01
3.997025052729223926e-01
2.651167355091049171e-01
2.344541266194275775e-01
2.116478010633422169e-01
4.495962246686180941e-01
3.829275535748755122e-01
3.519375835420759935e-01
4.806732902833423249e-01
3.037521223026782291e-01
1.814809127322483673e-01
3.230565777852283937e-01
4.751939468390637966e-01
3.876170268179550127e-01
3.190387801867792250e-01
4.057344460595342928e-01
4.115965325896384086e-01
3.106567014125775628e-01
2.177097235065446057e-01
6.672433275610729631e-01
3.019458014859099926e-01
4.164569793679299137e-01
4.066390721427944888e-01
4.031820253168535428e-01
4.489863508986935980e-01
3.132530703235997804e-01
3.055659979235578749e-01
2.145138378168975901e-01
1.112905945970342758e-01
1.974475038229499824e-01
2.580622357224492958e-01
6.429200812469756388e-01
2.344008906501540701e-01
1.730028451210940676e-01
2.879450791726840264e-01
5.834866339007106495e-01
2.512419339797087314e-01
2.405698506982137108e-01
4.621422062048681778e-01
4.447262813148555316e-01
2.596042019486789476e-01
4.460417610755570417e-01
3.116896023023497664e-01
2.784300203635942661e-01
3.715751282092653041e-01
3.509694131346954848e-01
3.330525903012275801e-01
2.558253299090988975e-01
1.705479577983255723e-01
5.244304974862299407e-01
1.175137637189971607e-01
2.852989985199182454e-01
4.219249241935489336e-01
4.935354356143959453e-01
4.222968616219957561e-01
4.047967560128535869e-01
3.161294551080999771e-01
3.492588666233079620e-01
3.969086596531534172e-01
1.829176202485550407e-01
2.042330260378071027e-01
1.357426230657988453e-01
3.299868115960035708e-01
2.521422062961506949e-01
2.866863664522943389e-01
6.800565024723080887e-01
5.613391119094353066e-01
4.407469417830990888e-01
2.571192793161098944e-01
3.679225984370477209e-01
2.911022596388396222e-01
3.602014648460989399e-01
3.252739585572555492e-01
3.503075207529730006e-01
2.263005797494034299e-01
1.973974174154001227e-01
1.474775315876908077e-01
9.212108387577770674e-02
3.592793184393071604e-01
2.220814324530369643e-01
1.831601732500673096e-01
4.206983719622942597e-01
2.327308426623327930e-01
9.027763363266100294e-02
1.230055202413753435e-01
1.297350264781627072e-01
3.245473899404477947e-01
2.064244403814810835e-01
