1.616572484844867319e-01
5.785602558721019140e-01
3.368191491652830494e-01
3.302211624660201239e-01
1.986538955311993315e-01
2.111905517187443182e-01
2.245497784176374578e-01
3.525050674798070882e-01
2.809079669522334677e-01
6.869283185162043948e-01
4.181920477952208448e-01
8.420742071642902671e-01
3.204930168743568841e-01
3.323898065419709780e-01
5.317203114041191281e-01
9.552505557273818226e-01
9.841577068019491392e-01
5.076160373298492789e-01
2.675358547398605791e-01
2.985388679388409905e-01
2.192437751355460485e-01
5.124214033717047201e-01
5.010095680750654701e-01
5.837831771044197371e-01
9.104928838554824377e-01
4.210701063055710125e-01
3.748895462820766022e-01
2.342369015658321285e-01
2.878997274002686457e-01
2.715737193201717692e-01
2.890299470612605059e-01
2.583360447732944709e-01
2.418480947959339156e-01
4.555136692456955294e-01
4.209819016751914500e-01
3.831841875520151652e-01
4.311645265303745700e-01
5.051490743951092544e-01
4.255844373131092984e-01
3.119822843071106688e-01
2.379330155802616698e-01
5.154991845902303638e-01
2.474085847873002397e-01
2.042533294848690728e-01
1.409584873114077264e-01
3.107388170915498793e-01
2.656271508358645228e-01
5.954220950536667223e-01
2.215007311041259919e-01
3.785556537561676205e-01
2.616081305338303631e-01
4.515628803715431294e-01
6.372349548926670160e-01
3.805072941227818917e-01
6.363087662568609471e-01
1.666849981037477613e-01
3.259264160803193588e-01
3.493455085501406820e-01
3.431346550294045450e-01
9.437234624304371988e-02
6.948243963822097191e-01
6.893017112336207175e-01
5.973086027571000711e-01
5.046558192273538079e-01
3.666364111085941846e-01
4.041347074497506076e-01
2.753627146301823037e-01
2.776106167699211591e-01
4.563267129709290826e-01
4.567994744018365472e-01
3.641407813578825259e-01
3.096471507062567574e-01
2.856012313950629378e-01
6.194521079877648440e-01
5.845144716844847821e-01
5.050809085748964034e-01
6.028055327384237438e-01
4.452538626617186246e-01
8.399425226396176614e-01
2.091505378040365015e-01
2.022981481861403086e-01
4.229447466660166688e-01
4.922132163628157309e-01
3.024570279764841607e-01
6.408949071640417383e-01
7.798352302321038820e-01
2.221215485644762733e-01
4.767775038338487592e-01
3.406583266238270569e-01
2.832161829109482443e-01
2.747680352537421600e-01
8.035162208480227664e-01
3.233657646045102751e-01
5.992951071020806708e-01
4.500267838072599669e-01
5.170759007339448265e-01
3.420939196063293442e-01
5.632551770922401557e-01
3.075711994674198979e-01
5.383597156714217125e-01
4.751886978686916674e-01
6.671271595271440757e-01
3.646809892225714167e-01
5.286513418308805834e-01
4.245216909607553157e-01
4.613645936427472893e-01
2.893952842672336545e-01
2.401752700255368189e-01
2.083406569831924293e-01
3.882834734212258221e-01
5.860593068941412076e-01
3.643061690901994720e-01
3.564926315937778090e-01
3.761816019556352697e-01
3.772079366831365688e-01
2.298399385621917590e-01
7.982972302074984317e-01
4.522541614997278581e-01
3.374060596627127540e-01
2.202342441248245630e-01
7.103566834384803519e-01
2.751582699734858584e-01
4.752069127074726729e-01
4.615009734355953186e-01
4.045201226538448491e-01
4.683412821535867798e-01
3.967884457433762391e-01
8.383882936478668224e-01
4.485369800879651647e-01
1.515211087599397932e-01
7.699454883837988373e-01
4.804416069392984934e-01
2.761614406483162143e-01
1.618367360325950743e-01
2.682893149116769571e-01
2.751143770612723416e-01
3.456918718655312417e-01
3.709506743420709074e-01
8.917348972316836431e-01
4.411371930726188939e-01
5.048828280240893474e-01
3.756424676930064099e-01
6.195218860222860835e-01
6.352026032103791353e-01
2.692426947384745084e-01
3.799057846772215807e-01
8.789112016678268802e-01
3.551575461589990823e-01
2.509671254977214883e-01
7.289287411846504527e-01
6.173247220459953111e-01
3.915027815452600812e-01
4.298884157152704222e-01
1.833087652642491627e-01
2.478835447559711025e-01
6.523144513396026412e-01
3.857335884726326714e-01
4.099419842968498595e-01
6.455179850484816795e-01
5.449953424973348337e-01
3.833947574498553501e-01
3.111695049923766110e-01
2.785842795168947394e-01
2.693785425403500411e-01
3.813785737840935108e-01
5.179585987583066320e-01
2.709505059100288382e-01
6.984620625612791844e-01
3.289215095239624298e-01
1.153120691278948923e-01
2.759822584041548010e-01
2.113868639780732694e-01
3.912293258032621401e-01
1.742130308881207901e-01
2.608103298125477032e-01
4.090160563541849204e-01
2.591040515248003717e-01
3.204820163282627865e-01
3.564850887290678116e-01
3.127886877624271311e-01
3.333760381386711158e-01
4.360042902052309044e-01
4.730195848868755659e-01
6.107334990649587736e-01
1.337646377566601874e+00
5.214979789536371424e-01
6.398659118938667678e-01
4.635644527879202448e-01
4.426097439703298164e-01
5.037320409005898725e-01
4.159417039463364496e-01
3.651794469383456421e-01
3.180544259091119819e-01
3.874141160665336425e-01
2.981861492973028605e-01
2.524813489618693008e-01
4.537947612911552020e-01
2.896951016188072936e-01
2.323756767701254944e-01
1.089917663508393336e-01
1.560487467315203325e-01
3.719918784242284282e-01
5.579927278767592425e-01
3.301789474558002313e-01
4.867282353504854275e-01
1.447223525949745682e-01
5.003969891678283766e-01
3.045933003219157831e-01
2.719171727707175301e-01
5.919604410859243826e-01
4.258423527968440148e-01
4.276559804123842290e-01
1.300764996235110604e-01
2.943408513675693228e-01
3.580097884696901711e-01
4.681896755116530251e-01
3.538134891931778991e-01
5.998555964718659261e-01
2.714992276850904385e-01
2.976444222875171408e-01
5.757760464865033789e-01
2.730817423868326377e-01
5.262562484485686642e-01
4.329902023997782012e-01
1.951106932563119456e-01
7.308430980938290800e-01
2.534397950102474373e-01
2.708187697546107775e-01
4.403420759870537715e-01
2.857241137835477840e-01
3.022141337689147611e-01
5.417480912341624544e-01
2.662377917667331229e-01
2.818326085850572094e-01
4.685154601481085201e-01
5.961714182667600115e-01
1.432439958367521526e-01
5.880056411896991131e-01
4.740334351395650292e-01
5.946432854293348669e-01
4.065444798438367924e-01
5.008510999657900253e-01
5.525497024945491553e-01
2.474186752816191215e-01
4.306678975243589669e-01
5.342715169337476366e-01
4.451469422234148876e-01
3.362200852597828638e-01
4.731871887940681254e-01
3.231094614135145426e-01
3.100409283707254993e-01
2.720531363253344548e-01
3.220842434881137084e-01
3.957706024400302058e-01
5.410699583686963132e-01
1.844241448833213448e-01
2.621341587134508599e-01
6.434830879977120333e-01
6.621143056203891986e-01
1.629667779160013652e-01
3.289628928708436262e-01
1.521443488311753356e-01
3.540441237857033796e-01
3.933400794335613626e-01
4.857050518878494594e-01
2.296434103394270343e-01
2.806723487565982444e-01
1.676912131968568698e-01
3.003917889367374583e-01
7.843244895896481772e-01
3.905493680650545252e-01
3.364742905030871922e-01
2.492186716922193401e-01
1.239291225652328077e+00
2.830908951346091662e-01
2.283078764705830932e-01
9.923454557385509300e-01
7.324049183160268317e-01
2.997871073375472650e-01
5.085126495205988251e-01
1.938861153583718300e-01
5.196103045162699940e-01
7.146762040889388379e-01
4.056826143748478719e-01
3.545108094803492982e-01
2.516866077623000630e-01
2.657991322871607887e-01
1.893816702434406585e-01
6.080047709056772831e-01
4.019780395367154036e-01
4.744508311759950137e-01
3.752512123405821742e-01
3.488109634580172091e-01
3.194762783166317788e-01
4.113197044920968160e-01
2.744782255325298181e-01
2.485106517879261123e-01
7.164510155155511262e-01
3.033660671037279322e-01
5.034464150081892075e-01
