6.232204921979523249e+00
8.947162943576120853e+00
7.136491735844380457e+00
9.396398029666780616e+00
7.293338417509219518e+00
8.364369651844254960e+00
8.751285071635741986e+00
7.098537833434083844e+00
7.917268866337217936e+00
9.385303063831464954e+00
9.090286482562552450e+00
8.147451230827520874e+00
8.969504419558658626e+00
7.796973957070822969e+00
7.553899613959110582e+00
7.284317100894802444e+00
6.977559855464711802e+00
7.900224595150964646e+00
7.812376292337587458e+00
8.684586016577688028e+00
6.482604796718931084e+00
7.235337531881429918e+00
6.600797971494955618e+00
7.632461519121030769e+00
9.497595037513773875e+00
8.294363102308654589e+00
8.476404208975555576e+00
7.467818337275217822e+00
6.673502499663659826e+00
1.069704455860894576e+01
7.680038220042811226e+00
6.415297489391421415e+00
8.622277005380853510e+00
7.737838246241829587e+00
8.616289707472969184e+00
7.211523156129460155e+00
8.071600122822143675e+00
7.914358913624153224e+00
7.266010902012271622e+00
7.970657204054689693e+00
7.877958697988158399e+00
8.953387621874401958e+00
9.185878465118834768e+00
7.973350683551200468e+00
9.463159471734815753e+00
8.137812330093876056e+00
9.646033903472726934e+00
7.856872815127270648e+00
6.062107877717219040e+00
8.233051887494397647e+00
6.717841113369374284e+00
6.595401618174265401e+00
8.057988662598537744e+00
8.363623050748541843e+00
8.403962285776001906e+00
6.033652686138434973e+00
8.237597380675177661e+00
8.823101096155358647e+00
7.118081195322099930e+00
6.383829161816266584e+00
7.307282811079451434e+00
6.271071006472388909e+00
8.008478608006544874e+00
9.509539506440530587e+00
7.734971915196863890e+00
8.690811862273516653e+00
7.572797348683948826e+00
6.922304171438018905e+00
7.092818711602959070e+00
7.826828672782169427e+00
7.773673453935462163e+00
7.009650711782917654e+00
7.099706219540987462e+00
7.640907905515827991e+00
8.136402581187358152e+00
7.352163249002946266e+00
8.920893462780442817e+00
9.163242476840839146e+00
6.734809818515769209e+00
1.057558319476525632e+01
6.211678471562930071e+00
6.778351635707187128e+00
6.871740785822302300e+00
6.752027202081552382e+00
7.731878789250238526e+00
9.585049664856688523e+00
7.576905486100059761e+00
7.527022601393158929e+00
6.689938579802205965e+00
8.331666148529517812e+00
9.138059066694209420e+00
6.155077564737315932e+00
7.946247753363709698e+00
7.199389945406668545e+00
7.788454517041343728e+00
5.884758728224300128e+00
6.754816137580165858e+00
8.310453965762954809e+00
5.871880628169740213e+00
8.336253463730995961e+00
6.246476260686323556e+00
7.423231019666802766e+00
8.776726742444777685e+00
6.610088435904566850e+00
7.825061123780231220e+00
5.874397354275272320e+00
5.983924481469429679e+00
7.296880250609635965e+00
8.783729439543632722e+00
7.831666486134020388e+00
8.245720333316308270e+00
8.289402971957954946e+00
6.506966270945246045e+00
7.947896081130275903e+00
7.049938354414109654e+00
1.004008068370938211e+01
6.347088396682027067e+00
6.644742992425250350e+00
7.940965486553630548e+00
7.713228782914929305e+00
7.712515620929701221e+00
8.293322098520802044e+00
6.878697772017367207e+00
7.233848048544132325e+00
6.801661912318618164e+00
8.423234577106011756e+00
7.125689743081937699e+00
8.429814602347514452e+00
7.063333646575427949e+00
7.152802873531253880e+00
7.675764266772503674e+00
7.500244857547040844e+00
9.280314816519137366e+00
7.880041509922371290e+00
6.916643572958084185e+00
9.089117644744860058e+00
6.770397499861730672e+00
8.215569793310059765e+00
9.186029778890583586e+00
1.006918491208838340e+01
9.393765817430235643e+00
7.607867672621871691e+00
7.482050800078284603e+00
8.906954958538641165e+00
8.194477677721454967e+00
7.452388950246995769e+00
9.968310923431939585e+00
7.177388829948559312e+00
7.283052362733590357e+00
7.322780514210221803e+00
7.942401125412414054e+00
1.103099460144220068e+01
7.423349468613142044e+00
7.000258798676367356e+00
7.857787082645481647e+00
8.127049943844129487e+00
7.992303488630962072e+00
9.177227530206161887e+00
8.225962142397738930e+00
9.045382411184887061e+00
8.197333680862886496e+00
7.605103962412742113e+00
8.221684722631589892e+00
6.184293953250248776e+00
5.731962207011759958e+00
9.253662702087313008e+00
6.778975168604989499e+00
7.071137549403791134e+00
7.211655838363691728e+00
6.873009237957435680e+00
6.868702141427511343e+00
6.561745260119886680e+00
8.939294369286212572e+00
8.070448508778856223e+00
7.523009196274435872e+00
6.731603439283817103e+00
8.011654923546231544e+00
5.944751815056199540e+00
7.915390178925906461e+00
6.748957528324864619e+00
9.382976530175877627e+00
6.552361901934794730e+00
6.913247211475798792e+00
6.038071151453176633e+00
6.927567647964385955e+00
9.864149190799547995e+00
7.109359105300134374e+00
8.721255166868861153e+00
8.337049164455802241e+00
8.824974582590767724e+00
7.684151216562598030e+00
8.182866122634836259e+00
6.806962360384241073e+00
7.668844166206484125e+00
8.666910818647767911e+00
7.550974872199553545e+00
7.054508354567848194e+00
7.659357146342507860e+00
8.394186272867525389e+00
8.018626963696608101e+00
5.869798167273411416e+00
8.013913628608275275e+00
8.597301560823661148e+00
7.615641525654081256e+00
7.091108328690648221e+00
9.369901870946307554e+00
8.040722223214123332e+00
7.491854489461448274e+00
7.175704710330217395e+00
7.526996130102079796e+00
7.464417008733772008e+00
7.455295754897885097e+00
9.898089215401256524e+00
8.612092916264964870e+00
7.253105604681250540e+00
8.959732797689595074e+00
7.148430674540625418e+00
8.453258049473578950e+00
8.105958454095235410e+00
7.567442053658257173e+00
8.792227533393591088e+00
8.777445303722640091e+00
7.225734411504050492e+00
7.636717740174487901e+00
7.526713041926345937e+00
6.738563290704884245e+00
8.489126779534743150e+00
8.244149534429803694e+00
6.860680436986346997e+00
7.468057201616788987e+00
7.642509875914158535e+00
6.946896824066309151e+00
4.898302870303553824e+00
8.169353004019884068e+00
6.717347866915864607e+00
8.761205052955856942e+00
8.397114334075402198e+00
8.291392087318927295e+00
6.812503323614881978e+00
7.310579327020168883e+00
7.348573288996465003e+00
7.153847722651211605e+00
9.954450439536573825e+00
7.174385972451866600e+00
6.531884376982743490e+00
7.886543610021171880e+00
9.536056504068167072e+00
7.844512658284854112e+00
8.102761204199003586e+00
7.534744382140566188e+00
8.574196246868220683e+00
8.272217772297878469e+00
6.226348305023975627e+00
7.251863659478540391e+00
8.163686228678587398e+00
7.871344591639472199e+00
8.177202584976376087e+00
8.274602226689461659e+00
7.589053079612626540e+00
7.826008482729189808e+00
8.433365063641508286e+00
6.596527888969262676e+00
6.527575575896632287e+00
6.190925646868963739e+00
7.333865496017903496e+00
7.084492333323336055e+00
8.065945300622146874e+00
7.135602142043088847e+00
8.509376256700473817e+00
7.038497400424833295e+00
7.116388145031995904e+00
7.608679776503801229e+00
5.709304898945012141e+00
7.263358343423164776e+00
6.490826138391159184e+00
7.087653461488359952e+00
6.141241331069358544e+00
8.060526472334039738e+00
7.537842596096839820e+00
7.788391724937938854e+00
7.448447667656919791e+00
8.418878286458483018e+00
9.139460927403657564e+00
8.561033018733850142e+00
7.337402948879145903e+00
9.557675629209537504e+00
7.584460304091687810e+00
8.469491412855731483e+00
7.948970184410776518e+00
7.860286536806256663e+00
7.038492585190148532e+00
1.069603460428364627e+01
6.892795310216183857e+00
8.952798123198917324e+00
5.635485006805788899e+00
9.629909281264588117e+00
7.633244069734529624e+00
7.354929956641337974e+00
7.608563660716846755e+00
5.862649499174533929e+00
