5.172195265805475373e+01
4.782576166657590733e+01
4.815536941017023054e+01
4.951158440126869209e+01
4.929180133718543999e+01
4.898717982399517723e+01
4.823622590082920425e+01
4.858927753219401779e+01
5.468163039171771800e+01
4.780667308240435887e+01
5.019421448830343735e+01
4.570732506274119800e+01
4.905161389350027434e+01
5.031530301988778575e+01
5.002817221445254603e+01
4.775899961784541858e+01
5.061681884344425697e+01
4.825392434583925194e+01
4.784246430580211040e+01
5.243108036272042227e+01
5.006778314596283508e+01
5.239276457082020499e+01
5.010471916167715989e+01
4.860001085419617795e+01
4.981128470334751057e+01
4.955896831061279073e+01
5.126081962851983320e+01
4.968608769275258652e+01
4.683764577828761588e+01
4.938395289876142158e+01
5.088281111526106315e+01
5.238969162723369521e+01
5.002968675757849581e+01
5.206850658638198581e+01
5.072218770509223162e+01
4.648766998591780464e+01
5.239557520729476892e+01
4.589235044302016320e+01
4.804964308331100398e+01
5.080813753325617910e+01
5.390088890555329471e+01
4.808864447771968997e+01
5.084393133364486772e+01
5.291987498279807056e+01
4.956344205327247465e+01
5.264071707750263585e+01
4.784332755786899583e+01
5.028190786835146042e+01
5.067005118337525005e+01
4.907519849870019613e+01
4.887949256595644698e+01
4.690662140798318802e+01
4.729924494687114134e+01
4.801161355914697282e+01
5.079216272562482004e+01
5.121108722629014665e+01
5.112189811125727346e+01
4.749168121192902703e+01
4.994059116216266858e+01
4.867995563050411079e+01
5.007367438150849637e+01
4.702380155737145628e+01
4.544017509702096191e+01
4.661235736514396422e+01
4.760923008754259200e+01
4.892990744760313504e+01
5.221720104902949799e+01
5.035300400536866761e+01
4.727775982789880516e+01
4.702136443986353243e+01
5.389622515660483515e+01
4.971265513923251689e+01
4.910318802560068008e+01
4.916701162085314536e+01
4.987209843468381365e+01
4.892843843371143464e+01
5.038519653018007460e+01
5.070796286559468768e+01
5.035406571116510577e+01
5.051951606409267015e+01
5.088129094588133228e+01
4.453038638693625018e+01
4.760808805991481307e+01
5.131721153685640502e+01
4.940213101302774135e+01
4.904328444768825079e+01
4.880573419932389356e+01
4.837525764745123524e+01
5.066711465679614435e+01
4.701924825639812866e+01
4.938643434284146139e+01
4.724070733321972426e+01
4.997887757069933201e+01
4.620553178815161743e+01
5.003733550921695183e+01
5.045939878521753741e+01
4.794677874262256978e+01
4.967830403873368539e+01
4.890124772518044693e+01
4.752564708072351607e+01
4.807216444369306174e+01
5.049965576105486065e+01
5.162854963249346696e+01
4.800052130115770410e+01
4.626377076135136690e+01
5.156006513476082631e+01
4.952109275973474212e+01
4.874619098598957123e+01
5.008004586109952783e+01
5.057853193573930639e+01
4.932867177473202247e+01
4.872338313486830685e+01
4.461610982273679582e+01
4.885095851916085508e+01
5.201371828877018544e+01
4.976246819709755442e+01
4.770785927243123581e+01
4.863115576311818700e+01
4.698601411058321986e+01
5.084837718374708260e+01
4.886476315611343324e+01
4.811104275030471911e+01
4.526810019746235980e+01
5.218304711088310199e+01
4.746088719059173400e+01
4.879365671718316122e+01
5.173494283936449278e+01
4.517196736153538694e+01
4.951135950070101899e+01
4.848643032558737076e+01
4.914954168978149340e+01
5.065659346681952968e+01
4.712786509193056617e+01
4.944986548645107405e+01
4.749758191826212084e+01
5.256600200927893951e+01
5.023460054821910603e+01
5.297999311051889038e+01
5.253999073621707794e+01
4.959190910447688339e+01
4.889455525682609505e+01
4.831554785609840508e+01
4.737538660471818730e+01
5.089049884232414911e+01
4.990867365948919598e+01
4.854874015087875705e+01
5.140453582715142034e+01
4.912151995664572013e+01
4.907956682840635665e+01
4.763275940329440772e+01
5.118570483410248073e+01
5.007843162692057604e+01
5.153032001771305204e+01
4.779399679702179071e+01
4.821727385113346287e+01
5.056913343087305890e+01
4.655919451937512576e+01
5.373886335661941160e+01
4.950728842132367191e+01
5.019675095644101503e+01
4.729092578029166560e+01
4.840157019152467655e+01
4.724097739415595498e+01
5.076412280322923465e+01
4.539983574223904128e+01
4.788649785132209047e+01
4.827874832497320767e+01
4.738077787910908967e+01
5.136115622917986911e+01
5.086359278706223819e+01
4.526896008468383314e+01
4.786608933936600607e+01
4.965740436191894247e+01
4.815620304837320731e+01
5.235200056955875425e+01
4.936225735857085795e+01
4.687200790384411420e+01
4.938492279872625801e+01
5.121055934604585502e+01
4.888136158100599715e+01
4.998541328785734095e+01
4.581694564566546291e+01
4.965881140577748454e+01
4.950823661282996113e+01
4.829753972766577164e+01
5.083439991471149000e+01
4.373706350739048787e+01
4.924031592816011482e+01
4.937570064807411541e+01
4.992447970692509074e+01
5.040502815452620666e+01
4.633615235951137379e+01
4.975400793749799533e+01
4.846091510162268889e+01
4.903791921203362847e+01
4.953728537000087329e+01
5.052271321747555533e+01
4.385211996390670919e+01
4.956693221595526921e+01
4.694535419696993017e+01
5.007922751002907091e+01
4.918029908776129133e+01
5.168799921587015689e+01
4.850759121004961827e+01
4.951584420346824800e+01
4.655187717293082983e+01
4.689057140813347502e+01
4.723140918990486625e+01
5.242434654473202471e+01
5.062020643275783272e+01
4.912756821785373518e+01
5.032597191668472902e+01
5.155683388795954869e+01
4.873284480582108102e+01
4.614117837171720282e+01
4.831321924264400991e+01
4.815856416428857045e+01
4.644796220919970153e+01
5.216661311728594086e+01
4.846333908428628234e+01
5.399549037081897751e+01
5.104561432382982389e+01
4.952157636933758766e+01
4.791824239871294111e+01
5.087616855287406992e+01
4.723418057132270320e+01
4.595070542366108413e+01
5.075201020602695223e+01
4.690340552213582725e+01
4.838413574037107878e+01
4.480528895993188598e+01
5.138848745113610761e+01
4.909859599200572688e+01
4.999952544313294567e+01
5.071502244585937547e+01
5.020226728511772052e+01
4.841101608659631239e+01
4.634607640726019895e+01
4.851513465385762203e+01
5.159766983440216848e+01
5.029749398562672269e+01
4.730047818428379713e+01
4.866998854592004875e+01
4.988279922241798658e+01
5.188030369406840947e+01
4.713710860215450538e+01
5.095973682853809805e+01
5.180501423316864162e+01
5.106247697265985153e+01
4.681077490017793963e+01
5.188435937648782215e+01
4.890107472038086911e+01
5.179812768510790022e+01
4.547615849491931783e+01
5.212278304111589478e+01
4.886625830718479335e+01
5.266457440781204724e+01
4.915796256969051115e+01
5.115347244406441973e+01
5.146962712988865007e+01
4.834908519688936934e+01
5.000790241871708020e+01
4.971541535751178031e+01
5.100365685237418489e+01
5.077557204084122588e+01
4.915951409088122404e+01
4.898407273363687864e+01
4.978956606419468756e+01
5.237500308979171137e+01
4.624176035058956558e+01
5.026162806582249942e+01
4.804131607614954902e+01
4.745186255096835026e+01
5.043462778569197269e+01
4.990836031515173232e+01
5.010400893740509787e+01
4.996328744899664542e+01
5.051866042591263550e+01
4.908363997143393931e+01
4.631823542759419610e+01
4.845534138543303726e+01
4.982757265197397345e+01
4.954458975892444528e+01
5.036226500865888056e+01
5.168388762937181724e+01
4.621718285667676440e+01
5.318579655273705242e+01
5.293629330272000288e+01
4.783614416175506534e+01
5.165788859037805025e+01
5.312237904916421627e+01
5.311318168961756925e+01
5.321999202474479063e+01
5.208995543703903053e+01
4.917535920473015665e+01
4.915364174705952394e+01
5.164234086372826482e+01
4.698226614875625984e+01
4.682282278072457871e+01
4.844280501827812913e+01
