2.799619143982211789e+00
4.129994776223033348e+00
2.045808751343471510e+00
4.118329980628391063e+00
4.591453150341018308e+00
3.459125344217077735e+00
4.082681079728994078e+00
3.858934090513767234e+00
3.527168185286107871e+00
2.337422400064672168e+00
2.734698172564405283e+00
3.222475559313464188e+00
3.145674703873014177e+00
3.381726022233741524e+00
3.454199154041786457e+00
4.239475618145515767e+00
4.604177586411376311e+00
2.934882970100556765e+00
4.041869979262643575e+00
3.653363002480255251e+00
3.971302922265282476e+00
1.867267249185805778e+00
5.255996448927962028e+00
2.345732565137483849e+00
3.571036913260288159e+00
3.436638269511261612e+00
3.190342863675117879e+00
2.331005107145250665e+00
3.214187511052102320e+00
3.984209127765180103e+00
2.640396766995334321e+00
2.755158859796629223e+00
3.010987585812028744e+00
3.219744715925204392e+00
3.385637267376501391e+00
2.701556673651447582e+00
2.527972792941953983e+00
2.833407903298962527e+00
6.797044129031082349e+00
2.223229282722466671e+00
3.742044576580467297e+00
3.417047375907594553e+00
2.566039864971864315e+00
2.714590036475848844e+00
4.211787125278005917e+00
3.042994334737068485e+00
2.468188161737848052e+00
2.321342169171896952e+00
2.718274316322634832e+00
3.348261113013147217e+00
5.053717550299183792e+00
5.241141890162564820e+00
3.540524434954899657e+00
3.355599602761306866e+00
2.395918249771558539e+00
3.612652540340852259e+00
3.986630925735909159e+00
4.326981916731640787e+00
2.638009318370745149e+00
3.281541972559588238e+00
3.687384744604169207e+00
3.095563927547167360e+00
4.320598992997694232e+00
3.446876110335010956e+00
3.720136966489597796e+00
5.438258123545625544e+00
3.166670204985652770e+00
2.805737161001069069e+00
3.328283394375024073e+00
2.578529862447070720e+00
4.577273332957350505e+00
3.015468353541573610e+00
3.558547459455390083e+00
2.108646968080478246e+00
4.383750770622730109e+00
3.191205443785601226e+00
2.795299077242162422e+00
4.026879251136256777e+00
2.694400302457769847e+00
4.145655044624022345e+00
2.254787378524632402e+00
2.320816587216413485e+00
3.293864031885964661e+00
4.818608516850891199e+00
3.811661080794235268e+00
2.406342693072711647e+00
5.073730782831369801e+00
3.928091743754947629e+00
2.345448558656963112e+00
3.304903406740964389e+00
4.010334560132688964e+00
3.938410600557161967e+00
4.328076056874532007e+00
4.257746346811599913e+00
4.072182928363853982e+00
3.468716774070569997e+00
3.428736913024182709e+00
4.050770965043539285e+00
2.601958838633384286e+00
2.662920113577048387e+00
2.006395805303499369e+00
3.847779017376505184e+00
2.805164062441141581e+00
3.581853077219671722e+00
2.081579680216034234e+00
4.381755727481095875e+00
2.998918902174998014e+00
3.096586958044665217e+00
2.980061495352730461e+00
3.718017164971658239e+00
3.897069877281082562e+00
3.041723544071896601e+00
4.550221652310545650e+00
3.721816739373605021e+00
2.427716000014066289e+00
4.318646438356696926e+00
3.650046299830150165e+00
2.422182838233679636e+00
2.482850051437589745e+00
3.142250042349755024e+00
5.446857962096625094e+00
2.720987541487831951e+00
3.540927879716709636e+00
3.806420655852635448e+00
2.929639874983086756e+00
3.417278630573269638e+00
3.837761580544863715e+00
2.205473602104845554e+00
4.182033201648780008e+00
3.012732971207271682e+00
2.552406660817871042e+00
3.650002039629986594e+00
3.458916951703425724e+00
3.259381994446178599e+00
3.202734444487004062e+00
2.711965122482608237e+00
3.787486579012750543e+00
2.042354228393269189e+00
3.136493608836481428e+00
2.498453674361742038e+00
3.978963868137525228e+00
3.644606553525826076e+00
3.210103003113892406e+00
2.417756836291804490e+00
3.822516817652396259e+00
4.280077658720562894e+00
3.307073474094174959e+00
3.965532369238251587e+00
2.919584277590995036e+00
3.339341101852338234e+00
3.554119250561693200e+00
3.520346485050706686e+00
3.289818919004473319e+00
3.223445176894562891e+00
4.604240273842008513e+00
4.591431289170242458e+00
2.683800499068663470e+00
3.694453470238019843e+00
2.762132003229369914e+00
2.835454296565386834e+00
3.333837516181965110e+00
3.344257709431637693e+00
5.354290473127053751e+00
4.120979987568619940e+00
2.739927475308534088e+00
3.750163090356481543e+00
3.102435858248917544e+00
3.855193481269724831e+00
3.201850089312189063e+00
3.038035037407424976e+00
4.641039946917411285e+00
3.359804452216706316e+00
3.458163149441164652e+00
3.285454647378504678e+00
2.819971073111125826e+00
4.155512550453581255e+00
4.143462281313925466e+00
4.345585008634675006e+00
1.952805339769916548e+00
3.320630605802429969e+00
2.266089519140732644e+00
2.988768587643940045e+00
3.018951281430816369e+00
4.450546785048964615e+00
3.118216145560602115e+00
2.781246358803188379e+00
3.569884875699461002e+00
4.445069064638501821e+00
3.334447469985622803e+00
2.660430159122495031e+00
3.753601112949737306e+00
3.691644095619685206e+00
2.872061457579153654e+00
3.659634921628221349e+00
3.056307368969379379e+00
3.048815757201079890e+00
3.694437670656997241e+00
3.766919598814665093e+00
3.539168112336713801e+00
5.412166813897547613e+00
3.482802463672548754e+00
3.025969093531849285e+00
3.358782775569028711e+00
3.300569737903751744e+00
4.902494344180149177e+00
2.947944470142224382e+00
2.630888221937855320e+00
3.609566349651513129e+00
3.766152929757320411e+00
2.417778043783328723e+00
3.638482073706574838e+00
2.847709843285460618e+00
2.673169024217068479e+00
4.144358402565433863e+00
3.702074187420580031e+00
3.684370776563100858e+00
4.012061366688947750e+00
2.286431858690705088e+00
3.083464354405188956e+00
2.934264027309828382e+00
4.349661986081388321e+00
4.572003695744342622e+00
3.604035498695556505e+00
4.071264666005286692e+00
3.867382605936295903e+00
4.635981980462834606e+00
3.685284106231456747e+00
2.518735540014091168e+00
2.856027358467221333e+00
4.364923993225307441e+00
2.396747879296921457e+00
4.331182335314192500e+00
3.444639766103709810e+00
3.789381399061848121e+00
3.148735832712205696e+00
3.675002630459938580e+00
2.547673851629111308e+00
3.828661195218360458e+00
3.230211285387410758e+00
2.859167375667063027e+00
5.134209873428744686e+00
5.342342459507057661e+00
4.075082361343723036e+00
4.013010591573907604e+00
2.752093227334181158e+00
4.490576993643142778e+00
2.751095281934326398e+00
3.074503517045303003e+00
2.876488737276260199e+00
4.083277606096330281e+00
3.420431936346258972e+00
5.312201805495758933e+00
2.995484805679902163e+00
4.552165703108213890e+00
2.910391226150202293e+00
2.396452513404514484e+00
1.808792742141904553e+00
3.359773188663684795e+00
4.108759569059555972e+00
2.042893339891363791e+00
3.378959802510077548e+00
3.379882737800265602e+00
1.976688311064041192e+00
2.770325382395879998e+00
2.976005411142389701e+00
2.684643809671968029e+00
3.998536502377819879e+00
2.422707387000774482e+00
4.365200313866262505e+00
3.246129397241732217e+00
3.591753917838049759e+00
3.855083170090829014e+00
3.497770024523889187e+00
2.904266423473171432e+00
1.877376600450697763e+00
3.614649747868332152e+00
3.745574141065481033e+00
3.847920575501396989e+00
4.899049553163407289e+00
3.705044481233028097e+00
2.784847113437080246e+00
3.975016059884426856e+00
3.564133670131491183e+00
3.637493025959971149e+00
2.389731274331583055e+00
3.109070649602937664e+00
2.706164315871144144e+00
3.099634221135834533e+00
4.146647769739505662e+00
2.734231205271496545e+00
2.648155471143883055e+00
4.888215720029227107e+00
3.317417195053625534e+00
3.448367591380106401e+00
4.125728401965851333e+00
4.135671957660689735e+00
3.936290155620617792e+00
3.990946346846707016e+00
3.755935494258951568e+00
3.014708854409362093e+00
