9.446790111245525479e-01
6.862060474400241139e-01
9.610921284564262201e-01
8.960062096015681821e-01
1.385244535985621805e+00
1.157194091600817654e+00
1.384693547936982405e+00
1.736569954442554131e+00
2.653010313155915956e+00
1.121220603285027151e+00
1.620361120973311087e+00
7.319196222073541813e-01
1.280128585854027223e+00
1.958417875083993565e+00
1.983637002519474279e+00
1.454407489152776511e+00
1.253540792109126834e+00
1.997472137423992766e+00
2.179075047548923116e+00
1.043851905649147094e+00
1.163147819283041340e+00
7.777339140707073550e-01
1.653530493801356860e+00
1.177229723105458259e+00
4.594340688605846879e-01
1.164467171390030087e+00
1.291692379909899824e+00
4.713295829007032589e-01
1.061586774321026105e+00
7.187338144623980352e-01
1.587451097849980952e+00
1.436184108099979762e+00
9.215420626956601913e-01
1.029397951866544147e+00
1.652139097843121407e+00
1.310034702266732021e+00
5.150653792851691559e-01
1.610981916226321697e+00
1.669045827288323736e+00
6.862560609776573450e-01
1.487144519873954351e+00
1.986586611963705895e+00
7.002061442173554973e-01
4.957654862382221417e-01
1.478844670586117127e+00
8.849253768431329936e-01
7.608555893873815146e-01
8.917848222094582056e-01
9.373590914700579146e-01
1.171081256018092542e+00
1.424123004615137411e+00
1.106177455423562384e+00
2.162286394155275904e+00
1.642797921363295721e+00
8.191567099122526452e-01
1.091216802287154675e+00
1.219582461225597214e+00
7.278055534317527941e-01
1.260350780026865181e+00
1.239383745522632641e+00
1.591190292468929401e+00
1.598877509314823753e+00
1.179922282189908689e+00
7.226817099654194720e-01
9.030545950366638541e-01
1.050401498757373320e+00
1.341283275039590217e+00
1.167050872206570222e+00
1.023905270743397322e+00
8.491868564583698875e-01
1.265438194314450815e+00
1.233624214406705333e+00
1.411494864571713803e+00
1.313120368050667341e+00
8.717059988753944610e-01
9.479310291612620398e-01
1.585954498373064903e+00
1.137155271656256517e+00
8.470266879596939358e-01
1.333320412112777298e+00
6.301042393048770229e-01
1.170153266282667026e+00
9.343479077319239989e-01
6.303483833195124841e-01
1.281816642047165500e+00
1.762056669286025778e+00
1.236750775842705208e+00
9.410510421054373298e-01
8.460656240633026570e-01
1.186472796691799392e+00
1.396134593942447655e+00
6.985943896160764499e-01
5.868961757812110047e-01
6.413954276064105509e-01
9.217657842801714185e-01
1.066023407273553492e+00
1.813442397120283545e+00
1.499791859357164636e+00
1.183486188826057495e+00
1.299533551999472403e+00
8.561272271425592884e-01
4.877317545089697171e-01
9.431606343076899268e-01
2.470822875878665670e+00
2.047340085475728877e+00
1.725652492962484574e+00
7.325162112316158103e-01
1.605247856677351148e+00
7.925705890596627112e-01
9.957536368262323023e-01
1.854411316825929523e+00
1.807710569931027855e+00
9.661178188608164907e-01
1.440787032748081842e+00
1.925586880496225284e+00
2.058992097020635903e+00
1.807146982021685666e+00
4.821826019122152363e-01
1.891335426724177982e+00
7.785596883872175633e-01
1.493146462359945303e+00
1.480508882614782307e+00
1.287123792062591310e+00
9.907431928140998378e-01
1.353405148456309437e+00
1.165233636869996481e+00
6.511254066026366250e-01
8.352957231656337189e-01
1.065926251096853905e+00
1.704207734652758433e+00
9.074531451667652293e-01
6.465042797005301489e-01
5.932014669321066247e-01
1.019368955682482314e+00
1.188825061372389635e+00
1.347779890515000467e+00
1.234881467447758840e+00
1.887795455734116556e+00
1.093353995339689577e+00
1.060874029759957926e+00
6.800333545021295389e-01
1.681367577396851276e+00
6.898569056794867649e-01
8.915525123189764756e-01
6.740926700331051347e-01
8.890174125340358779e-01
4.922767574179466865e-01
1.260809514208287352e+00
9.495660025136808402e-01
9.865467239669923893e-01
1.039431705237811920e+00
1.681492666164427163e+00
7.947839731956585219e-01
1.578819784081567201e+00
8.269006433012179302e-01
6.704537127516891903e-01
1.148663020868883278e+00
9.696110657893223239e-01
8.705253659790037624e-01
2.268454532993056105e+00
4.826463206108045356e-01
8.511917467895080414e-01
1.305766618708459115e+00
2.331228304695417197e+00
1.226067191949973711e+00
1.716419304478898011e+00
1.462069146500134087e+00
1.462806799720195228e+00
1.572702183192053571e+00
8.892947952682520585e-01
1.446540109540666919e+00
4.961707127915370164e-01
1.152476875173016779e+00
1.004607904372948779e+00
1.354191546388880729e+00
1.465374190947787092e+00
1.750842381613155530e+00
9.386062487855827419e-01
1.058569042795403981e+00
1.101626378320709199e+00
1.728924891691928423e+00
9.199938169661796561e-01
7.406428149545635220e-01
1.405143768589210085e+00
8.035943192179080263e-01
5.685066456945999658e-01
1.126094906915016125e+00
5.813419384369902243e-01
1.536117291643210869e+00
8.439405554021823797e-01
8.650972286410405498e-01
1.443905909172640722e+00
1.372369805763212103e+00
1.360056329567396638e+00
2.839755633955159397e-01
1.224401328740615469e+00
9.933356262947681259e-01
8.320356158263109148e-01
1.749620677227745613e+00
1.402562723161389080e+00
7.218146658115732750e-01
8.028639744097461062e-01
1.728647471333038865e+00
1.249346430483518011e+00
1.348647928344442581e+00
8.964836895190454458e-01
2.783876642414435221e+00
1.453627854805019659e+00
1.879143763862093808e+00
1.012830809938548127e+00
1.236562232623174218e+00
1.090741358101385172e+00
1.460866897623767979e+00
7.913471474372212322e-01
8.703278746542829625e-01
1.819569189415743526e+00
1.772384946453167354e+00
7.942048917293784704e-01
1.313414349346160526e+00
7.082354418077571045e-01
7.123505234005015341e-01
8.623885669359540040e-01
2.002692704016928005e+00
9.110517530675077413e-01
1.164499380094770720e+00
1.339043520593601100e+00
1.366594289749037516e+00
1.931005714518770899e+00
1.470241039896431623e+00
1.128982349431736143e+00
1.351656190849213957e+00
7.581558833000203723e-01
6.845175813997609326e-01
5.379017549522402408e-01
8.386633870864216300e-01
5.854249090104031161e-01
9.985676281951501032e-01
1.327535288954765580e+00
1.285868899032933665e+00
1.028821325327939462e+00
1.083153901420020659e+00
1.246564424913878311e+00
8.242879806087987093e-01
1.297623288888530180e+00
1.587923252406565400e+00
8.309187684927523687e-01
7.342266097653120660e-01
1.321673153793346378e+00
5.826462206082165807e-01
1.102426332648327678e+00
1.082706311025978474e+00
2.040869707429712410e+00
1.554184203461501657e+00
1.098406552555817539e+00
1.127539812347397863e+00
2.830298281897682955e+00
6.287446748969867105e-01
1.267716402327867309e+00
1.490079410769166834e+00
1.448027843261232128e+00
1.099518627052726849e+00
5.628805296512816581e-01
9.898896903750457055e-01
8.303340094736173516e-01
5.682100820387189222e-01
9.486749494450151809e-01
1.340422345540068338e+00
5.987524942160007413e-01
7.101011645229171609e-01
9.547943356313111085e-01
1.867568011668271133e+00
1.598395442261243860e+00
1.025281083784765679e+00
1.529977273924987724e+00
1.405417839031946725e+00
2.008650972242590704e+00
4.061225671504272161e-01
1.434497851812720715e+00
8.035110597789145714e-01
1.184927603377505800e+00
1.142016009868316750e+00
8.008729205286426733e-01
1.253776684375339734e+00
1.261235016338514647e+00
1.339339505475038550e+00
1.014651443363548511e+00
9.569411142139101489e-01
1.640965829110432983e+00
9.250345508423065688e-01
1.384020330397112142e+00
1.758925832046977611e+00
1.075113825811975010e+00
1.196247577928696515e+00
1.170056423703747406e+00
1.098846905312655498e+00
1.286021736258719184e+00
7.420685436646919930e-01
1.332540587861510417e+00
1.286321671136564815e+00
1.772214477014939726e+00
