5.331485010263127045e+00
5.607935675885479476e+00
6.685507196525962925e+00
8.139585796644523086e+00
4.900453788799538302e+00
6.604226465648151745e+00
7.318560199613820316e+00
6.641842409505084532e+00
7.856809537008721200e+00
5.540645651457390741e+00
7.437858864497200351e+00
6.818083532432076765e+00
8.248253979045081508e+00
5.001409094135057742e+00
5.717210172913058663e+00
6.336428753634931965e+00
6.658692399487120106e+00
6.013233617557617094e+00
5.731456773504501889e+00
6.740851114047456960e+00
6.866598293049138491e+00
7.545681339421300038e+00
5.579535349489470164e+00
6.266373178535124211e+00
6.967056448374694178e+00
5.560211992866226360e+00
7.924672167365340414e+00
6.399582911143143704e+00
7.385948403548479035e+00
7.506051066361212776e+00
7.296350836318424626e+00
6.251813186231166775e+00
5.950479883496481825e+00
4.609428085499251537e+00
6.227203969494433444e+00
6.928852050766536763e+00
7.510799526345416588e+00
5.880148774182471172e+00
6.730946665174173837e+00
4.975683461659513362e+00
6.614593701166125328e+00
7.984564169772149000e+00
7.110775150496693620e+00
7.966760465374064459e+00
8.037498192482795289e+00
6.875411025481831473e+00
6.008875435427417422e+00
4.508800408643631741e+00
6.277322254464458240e+00
7.125552724805185534e+00
5.200053020415060345e+00
7.942080548433093412e+00
5.956375676232513072e+00
7.486716585237726207e+00
5.365372109264456846e+00
8.371196457735804231e+00
5.205573603790364601e+00
8.337521231589295923e+00
5.043782819785027627e+00
8.755284469166710437e+00
4.505179196479089043e+00
8.065179342051427724e+00
6.150661960363147607e+00
6.473817441044968035e+00
8.626924039549276557e+00
5.382106439031161926e+00
6.746953948918715582e+00
7.234520458171980195e+00
5.991006096617758736e+00
8.431239648277136567e+00
5.266222710175372690e+00
6.161790775857861391e+00
5.841405854585236312e+00
7.140854811415127124e+00
3.767268687648652747e+00
5.718485090219879829e+00
6.855987108272021402e+00
7.650889229264071112e+00
5.178866312059446919e+00
6.100344038460119300e+00
4.863267602887791696e+00
6.131822841984108763e+00
4.435543539271720626e+00
5.345257942003858176e+00
7.041720857477927531e+00
5.941055527792328483e+00
4.561723042415960272e+00
4.830105663093365642e+00
6.428574009605293682e+00
6.483610801726072737e+00
5.208851497200868153e+00
4.064671056923813808e+00
6.804815644121071649e+00
6.649226346391415632e+00
8.097517743386884348e+00
6.822568209634501279e+00
7.166124868487247390e+00
5.209777667548474156e+00
7.111758958569549982e+00
7.357919738180641822e+00
7.535127918751864051e+00
5.089169692232673903e+00
4.951239124497765154e+00
5.781696593869927625e+00
5.969269457925967082e+00
7.022933366356991947e+00
6.875642044549290510e+00
8.802608191592165454e+00
6.955413889112422865e+00
6.404356745855614541e+00
6.363121609143921553e+00
5.838002353232651487e+00
7.332723303701786932e+00
5.114606907665905311e+00
7.368438009344819406e+00
7.378663923942307079e+00
6.143628156961204567e+00
5.593113412217451064e+00
6.237691076888760122e+00
7.697559829100555362e+00
6.023046136558476427e+00
6.252589799015475513e+00
6.282090829367226625e+00
4.744853026258660122e+00
5.347921798577473851e+00
5.340459864800963352e+00
5.678498970499417098e+00
5.970977962117194338e+00
6.201642936006259710e+00
4.422800481863971456e+00
4.767025714163695582e+00
5.042896519471830707e+00
8.085867025820849818e+00
4.835593681087060780e+00
4.706500725488814041e+00
7.389994466464825607e+00
6.062874569447983752e+00
7.365135655991544184e+00
7.436875175512995817e+00
5.120963116492552203e+00
6.232866335748117770e+00
7.511535949611106489e+00
5.773558008653310480e+00
6.005595636937754556e+00
5.333044024603497135e+00
7.290785669740828645e+00
6.944805085855860760e+00
8.204326176701194129e+00
7.296814466529942145e+00
4.470424808188756316e+00
8.112909967515328447e+00
6.336260134372087016e+00
5.451120387426841241e+00
7.723512503089891901e+00
5.285279765283651621e+00
8.163124746451385860e+00
4.934842038420687693e+00
6.430442665614268805e+00
8.015510710457798282e+00
6.328544603780552613e+00
9.185488365592295423e+00
7.073043563037973769e+00
6.115338396719584679e+00
5.755877689649963713e+00
6.718511489113254243e+00
7.299112021988717558e+00
6.173630088151072393e+00
4.853962104110668641e+00
6.811706968436290310e+00
5.332187084456461612e+00
6.964097035167410965e+00
4.901566880894361766e+00
5.148478426537864472e+00
7.309907093504450337e+00
5.107174799040109292e+00
5.775432027895959664e+00
6.064676618603578540e+00
6.753543144768501705e+00
5.240647792385006554e+00
6.864545899472784818e+00
5.851632537934499112e+00
6.773251520954106653e+00
1.038741714126714122e+01
6.336999822639814539e+00
6.183925884865017153e+00
4.667692473999337288e+00
5.498069021506339915e+00
6.274498297770904287e+00
3.742534295225259822e+00
7.891853873440183520e+00
5.406827174462006447e+00
5.208355949964084353e+00
5.317209956282047401e+00
6.615992907850911209e+00
6.390541601606749111e+00
6.922088523802829130e+00
6.509872318904516675e+00
9.424543313487168561e+00
5.247813173786029850e+00
6.953130224762858802e+00
7.639411043974889459e+00
6.546186612803947646e+00
6.481800237147422372e+00
7.239404150786234560e+00
6.097556927158076512e+00
5.650348952838006866e+00
8.555872421709656450e+00
6.560119750319217680e+00
6.938119247199610484e+00
4.094729483503096290e+00
7.351410739209815581e+00
7.407623038622523914e+00
6.139629004536573120e+00
5.007869502807867690e+00
5.405831665292831545e+00
7.106798267675929814e+00
5.834729125642102332e+00
7.527624692155392871e+00
6.792696984384423153e+00
6.076139258691653389e+00
6.908609944403626635e+00
4.583991650849240429e+00
7.310294099077428776e+00
4.897894802109454382e+00
5.881000797968096272e+00
6.235427378607311333e+00
5.949473417998987657e+00
6.387624382490260544e+00
7.321261624444508342e+00
6.946425736895423420e+00
5.379647935124654445e+00
7.673340123396696022e+00
7.218050371663896847e+00
4.739052969228517931e+00
6.944237407462378719e+00
7.997481697435552483e+00
4.143684876589610155e+00
4.412970469313449939e+00
6.222423027731590395e+00
7.234814454797771077e+00
7.749544956767950410e+00
5.849989496940232847e+00
5.283253880741614950e+00
6.154964552181199089e+00
8.804691160830811825e+00
5.262069189924015511e+00
5.705666592081857225e+00
6.889336842426329710e+00
5.609565686157330866e+00
6.837112209562965504e+00
4.669140758580410555e+00
4.797794989697031554e+00
7.484720444376470105e+00
6.469788279457814539e+00
5.150026463715628111e+00
6.119924990731360204e+00
7.755921484265271282e+00
6.672732146057639646e+00
6.284829456422160732e+00
6.101183891025510064e+00
4.799215402425615729e+00
4.647623005286384057e+00
5.559726720417100587e+00
4.462843445992215052e+00
6.209145354879771261e+00
5.419242160644994755e+00
6.362884347930211959e+00
7.095124740537800179e+00
6.904885065874067251e+00
7.376665312702348487e+00
5.616890532676357850e+00
8.655593003160632293e+00
5.946007444371415041e+00
4.668815379812223831e+00
8.325633879938241222e+00
6.227772953895981622e+00
5.213003448077483171e+00
7.492613126462836171e+00
6.195701172721587824e+00
8.173018428931687396e+00
4.998189698574243778e+00
5.948951145690900333e+00
8.041227681567578500e+00
5.343620877657498269e+00
8.766858259866046055e+00
5.057729010537052261e+00
1.064879209536857019e+01
6.477174780276901522e+00
5.626752785296941006e+00
7.141205161705333815e+00
7.354595550999729170e+00
6.588058283768578605e+00
7.036867621582981513e+00
6.116949403641245731e+00
5.635940160593643888e+00
4.164186850115286553e+00
6.336556029410165714e+00
7.546809080149873061e+00
5.757421421463266853e+00
6.175450163617161259e+00
