2.975256670699196082e+00
4.871517928352555593e+00
3.347656100331473539e+00
3.781621086797960274e+00
2.884719362454644997e+00
2.393982671230955095e+00
1.703586494658472228e+00
2.034069449255041739e+00
2.236682126545802340e+00
3.339821174255226399e+00
2.678416978292845307e+00
3.599843861764708386e+00
2.191756937704314456e+00
3.505356064716554254e+00
3.035429455372725904e+00
3.400868459295210311e+00
2.989275579618603462e+00
2.777470705398342066e+00
3.662774533279883560e+00
4.208775071075612217e+00
1.612781752562879589e+00
3.232558133869808170e+00
2.141028242802835102e+00
3.657532081036247273e+00
3.431045059310038781e+00
4.147767196343136398e+00
2.964262105736497954e+00
2.452567668560941438e+00
3.183973881281742191e+00
2.565376091020021398e+00
3.362335861149842398e+00
2.571784576995602034e+00
3.697437671769668643e+00
2.331936226713371418e+00
2.209357655269803544e+00
3.157915463859072958e+00
2.802388859513762487e+00
3.140086724884041836e+00
1.855294926028612901e+00
3.247711328340182391e+00
2.191337816438182262e+00
2.237850089204795445e+00
2.534672560555183640e+00
3.248350790595864179e+00
2.413005283971936699e+00
3.586216705348564737e+00
3.032412705432236510e+00
2.463704099738337927e+00
2.806101367291939930e+00
2.696516710318604737e+00
3.918188637038559907e+00
1.942328524070930706e+00
3.989760865143715751e+00
3.531700457585029262e+00
3.490090824488044863e+00
3.910059197167406353e+00
3.899087956315282710e+00
1.814126989475889795e+00
3.537925386087027668e+00
4.359891018700611909e+00
2.365195573763464676e+00
2.127121811916742988e+00
3.649570701695877162e+00
1.235744803305072193e+00
3.029983973381034978e+00
1.718987969647155278e+00
2.576504646375087137e+00
3.877300987381676833e+00
2.104821190669734943e+00
2.527999907914754374e+00
3.021141501455078426e+00
3.846335813245990387e+00
2.095057760279080750e+00
2.950852425353403863e+00
2.452179409813370459e+00
2.838910836218538680e+00
3.061928853545198503e+00
2.389116113482280479e+00
1.884154710197652349e+00
2.145078447832780011e+00
3.328947007985924245e+00
2.463522463521373496e+00
2.548712958975010157e+00
3.801818062143711874e+00
3.866607022975449670e+00
4.193903744938205946e+00
2.778980723441825340e+00
3.096935896666718868e+00
3.515839296162475147e+00
2.549086750644071753e+00
2.922064870456568375e+00
4.566795367824410867e+00
3.221205828013796513e+00
4.299896644417337654e+00
2.084190146473451577e+00
1.535937679805787992e+00
3.549319035324889793e+00
2.482113659258459393e+00
3.477516687011499741e+00
3.050569326250514468e+00
2.867035335241136185e+00
1.233464155403181550e+00
2.119652768974489732e+00
3.890844450239009600e+00
4.074913106382088479e+00
3.229085917685773577e+00
2.851524432652333907e+00
2.638178002310514358e+00
1.527698735123395934e+00
2.983516300153413958e+00
3.643388063631611828e+00
2.881234199254845585e+00
2.720140472951936950e+00
3.613841284648255492e+00
2.203640085923098901e+00
3.557334024427587060e+00
3.487455508443701113e+00
2.790449833562422821e+00
3.988896075977541145e+00
2.468899912222242143e+00
3.262837973565719807e+00
2.379827992081355426e+00
2.689997820760302361e+00
1.701975476872659820e+00
3.342087137223454185e+00
3.441320796695014117e+00
1.309798159865018574e+00
2.582476294635290159e+00
3.210346107783091707e+00
1.793150660188274514e+00
2.108759618255341639e+00
3.019849138629782992e+00
3.518341982060834816e+00
2.538904845846271741e+00
2.680978228725840129e+00
2.281192746618272871e+00
2.427592298047518415e+00
2.526401058263635147e+00
2.331638151088400779e+00
2.742232400553961114e+00
1.983890692831874691e+00
3.186314953411365281e+00
3.304398248669029314e+00
3.642377850967087660e+00
2.057782118704134078e+00
2.805454204665256412e+00
3.295774314609847710e+00
3.881950099290745637e+00
3.220498167579784798e+00
3.270694741142420980e+00
2.002857092376157944e+00
2.945161737866421880e+00
3.481806430814180064e+00
3.465092265735298938e+00
3.071113751623263166e+00
3.961350722914862565e+00
3.514244080524342895e+00
2.952169903989183108e+00
2.926800376265473513e+00
3.138511412795107702e+00
4.418836992519523221e+00
3.057287540302772832e+00
4.956236384472409995e+00
1.906682425903030165e+00
3.424596453481220326e+00
3.216630635860463272e+00
2.680589658429889166e+00
3.226062000695737897e+00
3.116176338831807779e+00
3.081907703101584683e+00
3.167921141849670885e+00
2.639924800544115158e+00
3.375041726127692154e+00
3.127607160505740502e+00
1.987330242182375972e+00
4.747916533202766409e+00
1.557220926486301948e+00
2.885970340738698514e+00
4.410040658819264436e+00
2.330753823098461464e+00
2.890736923746850540e+00
2.303533292240780739e+00
2.995971981749935953e+00
2.979188007912022318e+00
3.130495280103298139e+00
2.592857759593369060e+00
3.090473231593357628e+00
2.157019280796225402e+00
3.934542225198304433e+00
2.317997701663615295e+00
2.962752338500832749e+00
4.183285696206827886e+00
3.280100316363272483e+00
3.980343544717664273e+00
3.232663694694034362e+00
3.126780048690559699e+00
3.853761068992000105e+00
2.592827732244672667e+00
2.132177936925825357e+00
3.797005330835081516e+00
1.494451819230288470e+00
3.639407233126648933e+00
2.844653488707443945e+00
3.593706942448630759e+00
2.118486471061206800e+00
3.562409665412984872e+00
2.853178055917782174e+00
4.617403771240827126e+00
2.820227176024738824e+00
3.568454094582884650e+00
1.841822535028911911e+00
1.964594176685406923e+00
2.671312323263539845e+00
2.745697210400693145e+00
4.721936274915062626e+00
2.132238459993392343e+00
3.837612492800212660e+00
3.069431005789678313e+00
1.832104356422924907e+00
2.879483387395918026e+00
2.197236146387823386e+00
3.379161740228926458e+00
1.601285444037971795e+00
3.265061267326353267e+00
1.603769837158425915e+00
2.054289329645544449e+00
3.399060778316265186e+00
4.026364910233394490e+00
2.912814116097595996e+00
2.701573306798587204e+00
3.652478863557646616e+00
1.569361520394314535e+00
3.518503725113829805e+00
3.364929185304709858e+00
2.482089722155431222e+00
2.130953399798670933e+00
3.432041563409269802e+00
9.515034833454072416e-01
1.672399213102583548e+00
2.922111056979739718e+00
2.055849535854436194e+00
3.831653679600822926e+00
3.478386264487855595e+00
3.181996599032189899e+00
1.735930277613526806e+00
2.834400394962647063e+00
4.332789248691414130e+00
1.886652294919783035e+00
1.939752209609086897e+00
2.367971512364010156e+00
2.350742345134789080e+00
3.240692587680271242e+00
3.192868446473164923e+00
2.867785109371056240e+00
1.959635034169152856e+00
2.405400393338785747e+00
2.989952389609332961e+00
1.337196838731625759e+00
3.175619308111358841e+00
3.215812937431674623e+00
2.557203665067742548e+00
3.305411878197911602e+00
2.744105376513627181e+00
2.451187791443953046e+00
2.732856478446278548e+00
3.066455932538359797e+00
3.686834405100266832e+00
1.596802423879916111e+00
3.835589019464367144e+00
3.283139909309090498e+00
3.363749515980867244e+00
2.833555962964685815e+00
3.682837609819616276e+00
3.109473944105393795e+00
3.494199128460926840e+00
2.629966656921396417e+00
3.460590990488868979e+00
3.147009726073382030e+00
2.286468283798765100e+00
2.263482159595890053e+00
1.414826641386910167e+00
1.443290043095453834e+00
2.370578011509366423e+00
2.858278172121153649e+00
2.342187518338729735e+00
2.810388028679672079e+00
3.357331745615202756e+00
2.437420098813547042e+00
2.509833596684201584e+00
3.394187470697739517e+00
1.308287794706730622e+00
2.806089896771680081e+00
4.459458331536843012e+00
1.850634824389966848e+00
6.060776211869020713e+00
3.558601020855299168e+00
2.083213251053376514e+00
2.665389475861107638e+00
2.349475075406063596e+00
2.205842950101185362e+00
