3.613517376855208685e-01
3.000402602900360538e-01
2.400965960782286968e-01
4.522269644686507384e-01
2.203082169665134538e-01
8.697307472482367352e-01
1.991198635668079697e-01
2.890953577783424433e-01
2.813738439141713066e-01
3.927074735972961306e-01
7.326994630420006205e-01
4.150950223710836440e-01
1.616896372388702541e-01
3.383372952650637311e-01
4.657289216066445858e-01
7.439718446616900849e-01
4.128098515868136031e-01
4.594761041975611304e-01
6.523319716185957962e-01
7.223966397741160561e-01
4.607476433752216161e-01
5.301462654673454455e-01
4.512127376566189563e-01
2.448327542019080039e-01
4.049388787696996395e-01
3.581334614162966501e-01
2.367800456586810487e-01
4.147685925905570392e-01
2.262953662997609361e-01
3.638464692657759070e-01
4.541857369437400926e-01
2.757434788087976818e-01
3.005279428897299487e-01
2.019737512414114811e-01
3.845784869058632705e-01
1.864825500530380986e-01
8.231523608834787620e-01
3.022440985115636969e-01
5.257050363076698485e-01
2.269872803250922444e-01
2.888399150473435206e-01
3.754295099069731023e-01
1.026436301505899262e+00
3.410278697674706816e-01
4.071959517615299506e-01
2.724258738394073620e-01
4.047663874375188042e-01
3.745191444519798685e-01
5.104002228044629552e-01
1.120343424738121207e+00
4.254855802690328814e-01
7.373167621857144027e-01
4.227896204352394327e-01
2.814930804026861133e-01
4.843705077943903925e-01
1.974126192263591928e-01
2.957552425798428697e-01
4.576885840143133377e-01
6.043452949615514269e-01
1.018098459584896087e+00
2.107783632341474755e-01
3.541191698586490522e-01
5.612219449106462532e-01
2.762890630459119978e-01
1.049461683955491775e+00
2.688182587469026275e-01
5.370822188759273308e-01
2.886441686583864907e-01
3.315983370684952858e-01
5.857185213048198280e-01
4.401863312221624414e-01
8.241068347864020094e-01
4.898370578851533041e-01
4.468702217847558278e-01
7.166591100286990867e-01
5.649195405617185584e-01
2.683974628164212395e-01
3.242647944766378076e-01
4.746630228493033954e-01
2.555491760779795007e-01
3.080996504936963643e-01
3.263080579292003125e-01
3.242567482777700683e-01
4.044003692086391988e-01
7.341232204082122070e-01
1.991402628880885595e-01
2.062308540800513179e-01
1.103378720940253022e+00
7.234334355906972824e-01
2.648047589982440719e-01
2.541042570151348934e-01
6.669364243365137890e-01
6.900894185735007014e-01
4.113438299713971236e-01
4.521886534466625918e-01
2.836950890502371592e-01
3.197027554326635213e-01
1.092539684807031453e+00
1.552243519618817236e-01
2.290200185231356100e-01
7.053311939211863724e-01
1.654436139025728669e-01
1.432544948218214542e-01
3.734474068212736420e-01
5.386956274128691380e-01
1.751310794063538623e-01
2.846514456679829497e-01
2.908199721602577337e-01
3.746166017935881887e-01
1.435993724844914221e-01
4.178586268516542024e-01
4.490439658039671045e-01
9.684862110363631205e-01
5.505299641270324784e-01
4.270037078668760810e-01
2.963202759703312261e-01
7.864770903318245576e-01
4.072279688305866507e-01
2.217998108561296811e-01
1.248077805892448405e-01
3.400245098053564230e-01
7.826757621545314958e-01
2.283369857648185342e-01
4.373495760038577651e-01
2.133339800376679862e-01
3.744907116776075018e-01
3.992846094083820629e-01
3.273999562851254708e-01
3.326586480560073111e-01
3.966320015600335869e-01
2.962100623513944653e-01
4.217490551657343545e-01
3.299931857897989707e-01
6.204405183686120262e-01
7.749611920914007968e-01
6.048949487631107846e-01
1.364148356497882630e-01
4.081730600797017772e-01
3.393254057034270077e-01
5.030120768018702115e-01
5.581794672329395413e-01
1.542695619132483653e-01
2.645263176822750251e-01
7.119184738653753231e-01
5.287471728276919025e-01
9.451071897670587640e-01
7.099688812519765468e-01
4.433664762645500579e-01
2.050843498199336756e-01
4.167957045590750531e-01
3.549740098750849837e-01
5.975919132446263493e-01
5.387095829681461945e-01
2.442428997888494990e-01
5.053644104514345425e-01
5.469894334372727984e-01
4.043807727453170853e-01
2.038684345215924232e-01
7.217387096489994436e-01
2.757808314501415947e-01
5.649301303288145615e-01
6.653139682458771853e-01
3.993874250335166520e-01
3.356252753491070218e-01
6.234736529966504737e-01
2.740715875451643080e-01
2.489389453743947600e-01
5.381103875734365438e-01
2.584233570263455571e-01
1.391767754260002876e+00
1.235569669030839979e+00
5.392838157755178718e-01
2.807758428043711785e-01
1.839752285157929546e-01
3.771305897787638473e-01
1.838913233109780443e-01
7.717343424318438005e-01
6.361640504514585182e-01
2.649320947270047411e-01
4.469548730170530559e-01
3.780569391363575726e-01
3.741692647710452846e-01
2.091102730020815426e-01
5.853923427768061849e-01
4.227938764067538102e-01
2.315347202359540335e-01
5.457128806565647583e-01
4.324622886695969060e-01
1.239189866054219019e-01
5.828957003929120528e-01
6.922549599490687156e-01
4.791981900972512309e-01
3.043264764232634367e-01
3.194372811696774006e-01
7.606037606551843133e-01
3.755876531925356754e-01
3.760625183345442935e-01
5.464854282953177655e-01
2.492860749988146662e-01
3.399176596696182329e-01
2.483217329305837939e-01
3.547136287319289094e-01
2.650490996642655417e-01
7.103791776093560939e-01
2.783837018030845822e-01
2.739203048683609421e-01
2.676691854729089104e-01
5.524910103459623745e-01
3.592674367316647244e-01
6.500093809374410947e-01
4.987957163369502456e-01
3.872360653883283321e-01
2.900579111637451302e-01
3.234503496015348478e-01
1.858918578849198810e-01
4.619657489566479924e-01
4.374092267298925196e-01
2.639161161557170843e-01
2.041778752636788929e-01
3.351060061032767323e-01
1.811502799128942298e-01
1.395265200872842504e-01
5.787321136437815206e-01
3.422364489416904187e-01
3.274208797307173180e-01
6.464013627156686148e-01
5.967705875947560967e-01
6.756436326580406160e-01
1.947371220392888347e-01
5.635226027823952988e-01
2.548023655376114860e-01
5.656692984909822419e-01
4.804722340951192994e-01
5.509890213237508272e-01
7.842804717146154569e-01
6.023126890371610642e-01
4.703157273436295860e-01
4.750082722135579028e-01
4.344310438051756096e-01
2.844646028497838097e-01
4.056671685669430150e-01
4.347085993071943544e-01
4.435070876990305222e-01
3.293156434016097367e-01
2.695067501051440773e-01
7.334290334082738116e-01
3.096140922777524396e-01
3.436208889246484266e-01
5.104842156662791064e-01
4.771751400770270490e-01
4.627657986504375986e-01
2.250589798339646119e-01
4.876481097057954184e-01
2.817210979318242048e-01
3.273099037420773572e-01
7.539040755760134660e-01
6.890828665152187726e-01
4.946235099044667405e-01
9.730652190451004602e-01
5.792116817724266564e-01
7.833379599250150926e-01
3.637645646278933609e-01
2.923644406400973117e-01
5.185769528325285815e-01
1.380989527852148069e-01
2.455540245249439313e-01
1.004439168019830575e+00
4.978307985071987463e-01
7.033672619146358329e-01
3.062127471166300463e-01
5.746426451035845373e-01
3.581610308798336417e-01
2.079707684446383820e-01
8.400121047714002032e-01
3.544868807728734361e-01
4.078180739554795875e-01
3.950184988410785358e-01
4.827070087957275879e-01
4.250722756988571382e-01
4.977510378611946784e-01
5.277901652618540718e-01
4.516102859103386935e-01
1.981348773488488813e-01
5.025672014618546291e-01
2.529533045320212503e-01
1.678179564457446538e-01
6.233803537787213633e-01
2.841319922785296437e-01
1.973636770912819693e-01
6.775815197069958717e-01
3.856853709370707262e-01
7.424418686372081799e-01
3.141948960459741702e-01
4.633768718755537641e-01
1.989884482260207976e-01
6.200847016101432851e-01
4.817257137443758386e-01
3.779813752878480870e-01
2.397954182402528001e-01
2.552885282168519954e-01
