5.083098125481304574e-01
2.920955117354946395e-01
4.520377187140324771e-01
6.695203732177479328e-01
3.100070200429099754e-01
3.198370626804507011e-01
1.885893182375576738e-01
2.588189426064866350e-01
3.681301014162592367e-01
4.509060955385944536e-01
5.814872404641049375e-01
2.776677506106332571e-01
4.403659347262938728e-01
1.416080227248552315e-01
3.625749484239649267e-01
4.040724264433910862e-01
2.944024618783743219e-01
3.500125674093510497e-01
2.082765108770243123e-01
2.569099874775849224e-01
2.721107720461759527e-01
2.580480471484034588e-01
3.789677970446524990e-01
7.410280067202362764e-01
3.283259468120609537e-01
2.632748312746632791e-01
2.111746873932275059e-01
4.843138340554898891e-01
3.494674862040000329e-01
2.697972026060740380e-01
5.929487496440227767e-01
5.401130066894370696e-01
1.937636293480718974e-01
4.292347660232027073e-01
1.736370144899489210e-01
2.470208954425188175e-01
3.462655820786653127e-01
2.397980153752839461e-01
1.591158442396130579e-01
3.156244114249727728e-01
4.991284593007113690e-01
2.921969968797046291e-01
5.350946115040008388e-01
2.137052167192509677e-01
5.897349335438459850e-01
2.620954809671421359e-01
2.091454943657954646e-01
3.147653942515958314e-01
3.119812758593094038e-01
3.239842091750351205e-01
4.294576001564098799e-01
7.362140334882470993e-01
3.345907759186514951e-01
4.650160155408764595e-01
4.527532630068745734e-01
2.884060523528458875e-01
2.790119686370450269e-01
1.779072963984718869e-01
2.629898439970322910e-01
5.031888368606028950e-01
6.590841923970357508e-01
1.496910519938629280e-01
2.748798956208938216e-01
5.258695242559198180e-01
2.783038337618994884e-01
3.621000809960636113e-01
2.850306044315095710e-01
5.505602872552601834e-01
3.043117783964267575e-01
1.655202635333219985e-01
2.936508061147856674e-01
2.579055878010370062e-01
1.911987912073755957e-01
3.263013550883948066e-01
2.713417403877162459e-01
1.555800428847811667e-01
3.031601523585167879e-01
3.127379331661909734e-01
2.576513808614890322e-01
1.937123452122443412e-01
1.851494149497381614e-01
2.653539343342161683e-01
2.517106019347632451e-01
3.614424433202513276e-01
1.802665645399048333e-01
2.035176340185049226e-01
2.193268246921018516e-01
2.941872742118384898e-01
6.337343967634361253e-01
4.071123187356306961e-01
3.000208320424719299e-01
1.328972536602020804e-01
2.938675419945646072e-01
2.161101196210056807e-01
2.167983104934568528e-01
2.812789320912196800e-01
3.103932035655006527e-01
1.854403856649741167e-01
3.572727001283256820e-01
2.262420769666498854e-01
5.796601128115189683e-01
3.099328440242620220e-01
2.373732622772966316e-01
3.696805183648355086e-01
2.655448186756765860e-01
3.338025996296842268e-01
2.479851622214819251e-01
5.034302047867572627e-01
2.419479125862536439e-01
2.266464714702145222e-01
2.717093311942729295e-01
3.077503581434460900e-01
3.917490228556848031e-01
2.049157996587030739e-01
2.353841989620037711e-01
1.438372334321977586e-01
1.701293523819749631e-01
2.674981250321705195e-01
3.112732011531020859e-01
2.209784051214350176e-01
1.726758869828353415e-01
4.946466051223928906e-01
3.167746693913459644e-01
1.674444800810203915e-01
3.866138380028106281e-01
2.275613222372140920e-01
3.648079812255431431e-01
2.762672266073826766e-01
2.432921013958930512e-01
3.252020227339318392e-01
3.681356767238855299e-01
1.409649558952666415e-01
3.223122462160936119e-01
7.637101573207283334e-01
3.338884060789116814e-01
2.411867727077325330e-01
3.897593965804664884e-01
3.084781341258783227e-01
1.750591063144901760e-01
5.073774294887936076e-01
3.404630322443246704e-01
3.356990198237388423e-01
3.797869896084101193e-01
2.499080021952254649e-01
5.083054976792963364e-01
2.677215190299019887e-01
7.972009997533660020e-01
2.064609340010395144e-01
2.393005689733266883e-01
1.877053810253780930e-01
6.400642874415117811e-01
4.585369559911731674e-01
5.148068772015665928e-01
1.181626302282939300e-01
2.969353497523829488e-01
2.228761035910452049e-01
7.819027347359334135e-01
1.956068353160284878e-01
2.678794094588854979e-01
3.371722409253835595e-01
2.725467529222364571e-01
2.027641783996329827e-01
5.034263136045563636e-01
3.778241292105500304e-01
5.322376859000795823e-01
3.646408333978440885e-01
3.984473217386602095e-01
5.208576520646326369e-01
3.775579309004014616e-01
3.284300243862312008e-01
3.377958091914944339e-01
2.164649594136312805e-01
4.544485071443156166e-01
4.503419293598039386e-01
1.878860632736418235e-01
2.362472015732061670e-01
2.752872879043349319e-01
3.098656661404380896e-01
4.318007652272233821e-01
2.970684228151779793e-01
3.784674960554972323e-01
2.862888914743323965e-01
1.436797252019831883e-01
4.538712580360260151e-01
5.311517706290408425e-01
3.630451022283483486e-01
4.487933780052992816e-01
2.084522840879716454e-01
3.077534354584288701e-01
2.209246991349536615e-01
4.215768685607084731e-01
3.307812315468838804e-01
2.042826744274331419e-01
1.462987349675557158e-01
4.925266959705120184e-01
3.117480255315620563e-01
1.217771708843970041e-01
5.004238601746692217e-01
2.690555197178997049e-01
7.535069768504963905e-01
3.413815218340074953e-01
3.644783340019008278e-01
3.373522184022300641e-01
3.135476376551879496e-01
2.891273534087468455e-01
4.534774209856399230e-01
2.306216043113067382e-01
1.812169086648721950e-01
1.787477174985067641e-01
1.507340171252862793e-01
1.941187515003441055e-01
1.218228801634191061e-01
2.211407822709492432e-01
2.686938567291582980e-01
1.759093630340096137e-01
5.115793003504232050e-01
2.555157362581242930e-01
1.832542833821563244e-01
4.494677254006141376e-01
5.271615306911959786e-01
2.766521782327351908e-01
3.590474380390362152e-01
2.116665485826944026e-01
5.067015329635420340e-01
3.399543772533927810e-01
4.770405077707998154e-01
1.908324757417166895e-01
3.008611166044112828e-01
1.745709200113901849e-01
2.047736827971515794e-01
2.310322090312998122e-01
2.708370654507363251e-01
2.348364605063482935e-01
6.289770780708121567e-01
1.358710327237108439e-01
2.948307238913536188e-01
3.423884647757454713e-01
2.583431182165055739e-01
1.370813909972267153e-01
2.847154149237759446e-01
1.736392752636542192e-01
2.498033871044466336e-01
1.349622343978657546e-01
6.205828585598713865e-01
3.008037035952389471e-01
3.235704136474899517e-01
4.890693631828506582e-01
4.549893184466382023e-01
2.766272426143164820e-01
3.437848352223193404e-01
3.144299124450216643e-01
2.919959963521659985e-01
3.349820893696334179e-01
4.512494111503164151e-01
2.912361550082815387e-01
1.918690897678925200e-01
2.483406142401466121e-01
1.915249843177946332e-01
1.091436831156609444e-01
2.795792525782669902e-01
2.794156330110912356e-01
5.830208808112194996e-01
3.221493726699604654e-01
2.727787894778240796e-01
3.498976317394507651e-01
1.702761026071376860e-01
2.038408589503414303e-01
3.219189965219975136e-01
4.816360184797159327e-01
2.345470757683331964e-01
2.284087142175544316e-01
2.182099050513378047e-01
3.714228905969131911e-01
2.796971238416268157e-01
1.974871295027341989e-01
5.110074247847312678e-01
2.208509136167648157e-01
2.283407547301276042e-01
4.102517539168201721e-01
2.764420318096251217e-01
2.742641733332654708e-01
3.497346668014767457e-01
2.846426247810821542e-01
2.335346505316217014e-01
1.457429167093574618e-01
2.074413517962861442e-01
3.053395411767874656e-01
3.681129610949086528e-01
3.029804554702228425e-01
2.435740081727822970e-01
5.076454410271423745e-01
4.472544828014997642e-01
2.130034519290616435e-01
2.942853025595533745e-01
2.356189829039518346e-01
2.179022154503024167e-01
2.839152496989291730e-01
1.254815458640460568e-01
5.329326324384080493e-01
2.473649786288740215e-01
