3.376905195865479992e-01
2.189520428545259356e-01
4.816130753237226614e-01
1.692676700490292896e-01
3.856337213768661898e-01
2.747713209474892393e-01
2.247606178440005598e-01
4.163014205805092294e-01
2.764539480638556479e-01
1.816212341661057883e-01
1.659137460589720225e-01
5.106915725008506213e-01
2.303549496018637566e-01
3.008318710730782386e-01
5.682893009611460489e-01
4.063922895918440359e-01
5.878114253543481604e-01
3.594225968156841144e-01
1.717291482554095250e-01
4.968024689945811923e-01
2.288775128424161698e-01
2.022904964123478921e-01
6.451543241430038877e-01
3.504978688547187304e-01
3.675919321070795220e-01
3.071627908789475447e-01
2.833668212336438175e-01
7.669648951643657231e-01
2.370973684730306452e-01
4.238278928801716972e-01
1.916210459028678814e-01
5.015572505846985774e-01
1.524085817877499915e-01
6.399491793922508220e-01
3.070557507200744607e-01
6.148991303727826541e-01
3.334074978337630557e-01
2.407413384287637459e-01
4.610438528879189368e-01
2.510810465608188657e-01
2.829514564154247402e-01
3.041561998024651658e-01
6.112725980579492013e-01
1.452223463695521799e+00
1.924421180274716314e-01
4.590821739274886792e-01
5.991015297134701934e-01
3.112898317588086994e-01
2.438225483027163520e-01
3.267507475576395537e-01
3.036802167807801101e-01
3.497886302500861633e-01
1.914735203610180292e-01
2.780007613382246001e-01
2.749164554796519333e-01
4.092585248522545016e-01
2.223899408198693195e-01
4.261245034765493434e-01
2.797112211343445454e-01
1.751108580070397380e-01
1.594687815546551868e-01
2.489585001705723055e-01
3.044312798076941329e-01
2.659993667411957308e-01
2.090330093449810078e-01
4.002439331468533590e-01
3.519952139001782387e-01
2.833531400436189451e-01
3.396563941628970018e-01
6.840225783612919885e-01
3.153690585065211938e-01
6.640037190824450430e-01
3.035240973978213241e-01
4.238301200260940482e-01
3.406818173706157027e-01
6.925978675095123549e-01
3.837933023560211598e-01
9.736330167255006218e-01
2.817451733538107184e-01
4.226663298708556726e-01
2.533854837275147376e-01
2.419512412172832860e-01
3.099919210382678370e-01
1.130338542842282301e+00
6.422512694462445548e-01
2.887837660693645669e-01
2.478044212901825138e-01
2.506579846587978500e-01
3.902712370632155370e-01
3.512512703193239605e-01
3.331735556674205734e-01
3.258431839446551126e-01
3.015965793452914379e-01
2.455269056294928087e-01
7.416148450812845017e-01
5.985087073306852856e-01
8.208566495337131785e-01
2.973998932275258578e-01
1.827574064634168993e-01
2.585727656171390443e-01
2.648468920526095283e-01
3.042265371510357586e-01
3.080266402637096834e-01
3.497138335239872164e-01
4.067611696852416747e-01
3.595801880392814898e-01
1.675431727201267540e-01
2.971784372754387449e-01
2.040740619657696320e-01
6.669713773891359221e-01
2.451738062824178332e-01
4.307844368178149752e-01
2.832060445876270482e-01
2.299986649584663811e-01
1.671152702261176348e-01
3.316144865521509222e-01
2.344126698133368047e-01
3.485261164790908195e-01
4.512717299201068899e-01
3.900277217003806363e-01
1.954997897359125880e-01
3.998024262953203123e-01
5.596435282166880576e-01
5.120663034335324326e-01
3.349221461062701910e-01
2.657992685326648896e-01
3.131702842685167298e-01
3.046590787583124404e-01
4.491186167060601808e-01
3.542296146184328309e-01
6.640755637989580462e-01
1.766675930911361381e-01
6.288509756532525419e-01
4.632138725001683222e-01
5.906219236650004367e-01
3.450450702623456545e-01
2.648154318028858034e-01
4.274696004535085692e-01
5.216032469202749322e-01
2.899074789808401831e-01
1.547348755166133571e-01
6.267412878917548724e-01
6.366273725425718455e-01
3.976561194913461050e-01
5.768147740830864567e-01
2.407580769862393832e-01
4.340255249795896830e-01
4.549983860769378219e-01
4.002623247652377647e-01
7.302036060562110409e-01
5.420380171795867730e-01
3.064961695710150535e-01
4.157756365663193288e-01
2.664415634049036030e-01
1.373081837354979129e-01
3.009845173621878978e-01
3.010724450516684136e-01
1.004454867134890600e-01
2.250112543840830648e-01
2.419176353666210866e-01
4.071111328245471395e-01
2.374288411445723834e-01
1.923366587011610951e-01
2.014800488860087058e-01
7.916512545253240329e-01
1.844125190396432301e-01
4.743529008420670490e-01
1.684460874475366410e-01
6.046282438936566583e-01
3.828581640384879914e-01
3.624955814299281043e-01
3.586319983811998569e-01
6.150662127651387312e-01
8.392156471991231159e-01
3.069838818286778626e-01
2.893504741698845750e-01
4.360135346539573686e-01
3.564730501640819282e-01
1.869123348345608226e-01
2.958541291528093420e-01
6.106653936802080018e-01
5.551688817056995573e-01
2.705171987935101607e-01
4.514530188059798221e-01
2.981890611755090847e-01
7.666064851291193305e-01
3.024018815210728905e-01
3.503384495807545518e-01
1.567328754325861551e-01
2.105921273368946411e-01
5.640631951111335640e-01
3.554813284930094519e-01
2.418157490368762486e-01
2.796859411440329457e-01
3.861012685458395932e-01
1.722704332651109616e-01
2.562055256621024180e-01
3.836518823028004510e-01
2.479864961239951204e-01
3.855193515273512839e-01
1.724872604238004981e-01
4.560854392664084878e-01
3.012345815853804121e-01
2.151143328743601590e-01
3.841864089336901600e-01
3.872698245677486106e-01
4.709308979317304300e-01
2.335579681098841065e-01
1.522067703354725854e-01
5.265133915248925156e-01
5.715328857166167564e-01
8.178389759974100670e-01
1.980391431924365953e-01
3.404289781296309658e-01
4.670576062605829581e-01
2.667639209375752829e-01
4.742409269096509727e-01
3.917421350367266686e-01
1.864689812955946657e-01
9.403782659105582864e-01
1.540262584908006216e-01
4.489381242076778689e-01
3.551461535345763476e-01
4.779338064640145101e-01
5.654554107337094182e-01
3.610895314048743199e-01
5.582799313281637810e-01
2.376875618335804741e-01
2.947225772636906660e-01
9.336671834085814858e-02
5.091646527696066515e-01
2.116740081433968745e-01
5.300181652184705605e-01
2.312230850349397959e-01
3.551046239214844524e-01
2.078221200018158521e-01
6.533836412850706488e-01
3.448076866177428035e-01
4.300802532702806547e-01
2.724806217469498693e-01
6.350896299928605604e-01
5.749817430944345054e-01
3.588707730934757589e-01
2.124920352873777563e-01
4.158122711218063539e-01
2.101900464513354050e-01
3.882101348429888299e-01
2.810262033358718048e-01
4.033766558220271414e-01
2.578933532900858361e-01
4.705667322395735708e-01
2.998709739731560964e-01
2.697145529217089832e-01
6.530391234283433599e-01
2.863211936349215336e-01
3.627323145662756376e-01
4.222696922968455224e-01
3.941685357105077503e-01
1.606117359068459649e-01
1.194419477603280294e-01
2.496545129748998504e-01
3.157683254644185755e-01
4.647283760337270198e-01
2.899265406454580307e-01
4.109715469719980585e-01
3.430537403743276204e-01
7.669613355672597610e-01
3.222828091920720839e-01
4.016495717003859545e-01
6.880552320921896614e-01
6.316866165710445236e-01
1.688319314245329827e-01
1.275860104088183677e-01
2.963809807385499595e-01
5.531893694021436936e-01
3.695632538811119416e-01
3.237737706089851009e-01
4.103118155294326330e-01
5.767689278759490223e-01
4.604375524477828385e-01
2.461717865403082461e-01
3.295029494780396528e-01
5.076892163687184434e-01
4.751333014723027048e-01
2.938837351871768644e-01
4.571786132839779082e-01
1.705389633199923816e-01
2.460447639776105477e-01
2.896219991447316344e-01
6.003229911194274404e-01
3.297580216628676619e-01
2.461554435765782589e-01
2.106631260970004138e-01
5.887583243821028489e-01
4.614493965917885743e-01
5.687047943465345368e-01
8.303697898431685598e-01
5.242008022124304834e-01
1.794596787410200345e-01
2.040785092401530831e-01
