5.665762201335292625e-01
2.773902836174506614e-01
6.478914107843138925e-01
2.621929764670571927e-01
4.921521270959084426e-01
7.095059469424186416e-01
7.962134156693876363e-01
4.922175445958452689e-01
3.546916000223188647e-01
4.912942245329556812e-01
3.393184029977395766e-01
2.955897592628373149e-01
3.755201287049972358e-01
5.037765506453955044e-01
4.791959775910676345e-01
2.641039646367581151e-01
4.343217672976560362e-01
1.486686813189172507e-01
2.872373161416337251e-01
3.881405188000750517e-01
7.234848254408541290e-01
5.665705798938770466e-01
3.788868249554998568e-01
5.442522751522547164e-01
7.626431192325927588e-01
4.579865108974743859e-01
5.281834381343439855e-01
6.797385491912920630e-01
4.831687835652432317e-01
4.879746585920237689e-01
1.880601356752196196e-01
1.849716850667157408e-01
4.038253708350504345e-01
4.071402091556279856e-01
1.800016879364600419e-01
5.765828814865548990e-01
4.593761628519915652e-01
2.556366843222134255e-01
3.499336765347844658e-01
1.568956108191648102e-01
3.947305757720895869e-01
5.089552527186416153e-01
8.600291273749504084e-01
2.123839077190697033e-01
6.093489020692163249e-01
2.229050038252916865e-01
7.292800452463455985e-01
4.391636216703174167e-01
3.292393830705566682e-01
5.690836606082951832e-01
6.145103405520566664e-01
1.868590063232033471e-01
6.027648891799388675e-01
4.864797851278817031e-01
3.744869142180692889e-01
5.652327389888655018e-01
2.282211160186458088e-01
5.491339888238431222e-01
2.709858595414064708e-01
2.129931239624426875e-01
3.772991504995236722e-01
1.827497420049636057e-01
3.492952450461681568e-01
3.674815604348007914e-01
5.669793807524852181e-01
3.102833054062962836e-01
1.826747276141276188e-01
4.942196376069199482e-01
3.378074399493399826e-01
4.540301985017219932e-01
4.598279908690328099e-01
6.577018647677045360e-01
3.986090133021465420e-01
4.340365068254320446e-01
3.579829146293957431e-01
1.038207954558101775e+00
6.626780688690507848e-01
3.424533902898994620e-01
1.775820860769231901e-01
4.586169706764705034e-01
3.118174278680553857e-01
3.741157907612864264e-01
5.940340187591902632e-01
3.877476157964925285e-01
6.807401015595195837e-01
1.602206635307604488e-01
3.367173638509731171e-01
7.431425847834457477e-01
5.581900234683059292e-01
3.091368575068105251e-01
5.527925518213123723e-01
5.436832264202177134e-01
6.093990915214827497e-01
6.393934406795754866e-01
2.977548539785201953e-01
3.090703895166374005e-01
1.029639089262394336e+00
7.174014100541782346e-01
5.550994681183099022e-01
3.918102948638160221e-01
7.942002002335475375e-01
5.484752136651317445e-01
1.962715597231899090e-01
1.423568282545269181e-01
1.739159466861649461e-01
1.571997067957816574e-01
3.067147195927359404e-01
2.209203114788420019e-01
3.857185776367101360e-01
5.988861959693186909e-01
2.578288210657088131e-01
3.950425943062690348e-01
2.587196618868981002e-01
2.662931671617764784e-01
3.708802345986639271e-01
2.506026310407208357e-01
5.523057445785884978e-01
4.024320649015961648e-01
3.377109691492775623e-01
3.511411405000873787e-01
5.002209168718620980e-01
7.945381005046511236e-01
4.111317804079989702e-01
5.463493982589198161e-01
2.787619830499024620e-01
5.759904175080572397e-01
1.888272717714148952e-01
4.941745276953874444e-01
3.232075354456867000e-01
1.996658553773949796e-01
6.866313396855335816e-01
4.509132647691518336e-01
9.259377942000740491e-01
5.444917948363776627e-01
3.558371549183373950e-01
3.187538440013197305e-01
3.301338432903694886e-01
3.373402868435349533e-01
2.745636328289515760e-01
2.099275128178063610e-01
9.337752640205547738e-01
5.411942877070697877e-01
3.088864759091947687e-01
4.635825937114084749e-01
3.312092101821497159e-01
3.360869994316182385e-01
2.504003168730636886e-01
3.874743851071064671e-01
3.411121085699700406e-01
4.693456246005188737e-01
1.854437233852915534e-01
4.005055689787894724e-01
4.723967520284877430e-01
5.020659348079298256e-01
6.633188596000997306e-01
2.625907616955822088e-01
3.560057137771909241e-01
7.202777231637020883e-01
9.834145982518863738e-01
5.881470601225505801e-01
5.943373737681092450e-01
6.068380487824110991e-01
4.439199950800907790e-01
2.188208109935280976e-01
4.221303238821245696e-01
6.842266793628857258e-01
4.468799768579765352e-01
1.551664766292610409e+00
6.301583438733149301e-01
2.830539610079655932e-01
3.873156041126590288e-01
3.783211081271117271e-01
7.827406304696837847e-01
1.713455399379522348e-01
2.574585550672498502e-01
1.599294137671026239e-01
7.228477925657003089e-01
4.345376371862670339e-01
1.806815824694965877e-01
4.356193566473602896e-01
3.418119916976894435e-01
4.682230100649784621e-01
3.055092019702689288e-01
8.245116302116554108e-01
5.296277148747411401e-01
6.106852864595240238e-01
1.259658302641850081e-01
3.372706197445672349e-01
3.891593688786277316e-01
4.692974952457150128e-01
3.888889837870526667e-01
7.970614207334203449e-01
4.707644797517134827e-01
2.693357825041913789e-01
1.371115487120272147e-01
9.553765410301471306e-01
2.579272447001408897e-01
6.855480788026244721e-01
7.009856576488162627e-01
4.183552716176626718e-01
3.229887478149905400e-01
4.467118742507662499e-01
1.426426968632985293e-01
6.074425540238554966e-01
1.808502914647309445e-01
9.122864039535547587e-01
5.347195044923045426e-01
2.429657527353178692e-01
8.272088570791306106e-01
6.143561706274652812e-01
5.214724469141736041e-01
8.836370824668569046e-01
6.444376845879434823e-01
4.531840041750492820e-01
4.549368268976353158e-01
3.582867692577965668e-01
6.779981708226339165e-01
4.409153183333442971e-01
7.627831098498933926e-01
3.309703535758353188e-01
5.017534962803358312e-01
1.813912867827805475e-01
4.122758220119691064e-01
1.343470717324442842e-01
4.000405212805337452e-01
5.348903742546443629e-01
1.006671315274304090e+00
3.520257351953571257e-01
1.227476175219736898e-01
6.366999210193595715e-01
2.842663338666738260e-01
2.467128878156194249e-01
4.795938446773589381e-01
4.660550982098628503e-01
3.028506955629813868e-01
2.381734156303117744e-01
2.475947000262069542e-01
5.008247824841648432e-01
4.416935779163335130e-01
6.507237050520400246e-01
5.522078787159955260e-01
3.600466327021122348e-01
1.451945302931963555e+00
5.447643419854395486e-01
3.913767640008619098e-01
6.635621797343936867e-01
3.022034557559820089e-01
6.638410267652709029e-01
5.004527798730461496e-01
2.071770169948302931e-01
3.972978492461029520e-01
5.357319619161085011e-01
5.053036365854192136e-01
3.788727675768276959e-01
3.927396355042999110e-01
2.561913955836555012e-01
8.423790497420516887e-01
1.454223770430745355e-01
9.386954119263782870e-01
3.347290572242622164e-01
6.745680393704587274e-01
7.164937062840215365e-01
1.146358397056461476e+00
4.822000825677193458e-01
5.361531354051447540e-01
2.596164777107894950e-01
8.361193322061895028e-01
6.932580850266462091e-01
4.216311508002592578e-01
5.792923968144200186e-01
5.754936837348283429e-01
3.094629740929261130e-01
5.197760321106335013e-01
4.292197206031593826e-01
1.052130965387690464e+00
3.325444196319713996e-01
4.419838451137438895e-01
2.730701439105627792e-01
3.180783938353843876e-01
7.557786746304424597e-01
6.436991220451665496e-01
4.764455806813599481e-01
1.258741624760574829e-01
4.997736822833221959e-01
7.451707145634566265e-01
3.617757326780180471e-01
7.539071960845712406e-01
3.547168955460237583e-01
3.286614126883347642e-01
9.610954683918419006e-01
3.276265273097896946e-01
3.907296479008378620e-01
3.072625287745657241e-01
2.292977872873682155e-01
6.106538155818432845e-01
3.071638263810869129e-01
3.190848756343968029e-01
7.888152651104165525e-01
3.761458887114715877e-01
4.885140701802882512e-01
