6.665398549565196618e+00
6.758802444733046144e+00
6.196806738338445975e+00
9.629644354644696591e+00
1.016726945723313058e+01
8.954797532273444105e+00
9.028759614128627931e+00
9.012274769726278834e+00
7.252211511540522793e+00
5.584256470232499048e+00
8.959373187114586301e+00
8.504397279752607730e+00
8.757430204691090125e+00
5.794422459817792692e+00
1.332007222667518143e+01
8.128150816308490789e+00
7.453223699570870941e+00
9.401263859848185689e+00
5.631897100403005396e+00
7.279841471164170130e+00
7.859210290360318929e+00
7.058123447111084303e+00
8.128840106101359098e+00
9.796304619827479243e+00
9.114322115144448233e+00
7.821844870276320805e+00
7.057934251549338178e+00
8.377986406540681941e+00
8.028883308036730782e+00
6.266460569245344558e+00
7.655576103797973708e+00
7.883299840256277058e+00
9.230292399277525206e+00
6.259327835271758289e+00
8.302328584072842688e+00
9.786613626112524500e+00
6.979302390150896152e+00
8.100843128153110584e+00
8.552633183983449072e+00
7.917461268191289037e+00
7.604693754970066166e+00
8.675725610989704961e+00
6.874686740136500163e+00
8.983134091666626020e+00
8.868286986338711486e+00
7.911624317899301317e+00
6.826709301598551605e+00
9.419882749246369258e+00
7.583302623804846654e+00
1.046623527849201096e+01
9.453697437678322046e+00
7.978956319231645722e+00
9.070461246824278234e+00
8.206060715445737230e+00
6.305171067140357799e+00
6.608459219271908935e+00
7.538287713161348158e+00
6.110211368845966717e+00
7.966081050046174283e+00
8.136461795674458486e+00
8.300341241948222759e+00
7.042464788949756027e+00
6.109050964092064717e+00
1.106398430382200182e+01
8.803565043778972310e+00
7.132721463098949499e+00
9.034857631764868557e+00
9.780873544687660015e+00
9.369187193741229436e+00
6.924538040178243925e+00
8.067003071858618313e+00
1.065732266467728095e+01
9.965836629512308420e+00
9.115795864161761131e+00
8.600497996339742102e+00
9.252852825221774324e+00
6.959239366467370402e+00
7.678325274566778269e+00
7.394024047928177801e+00
8.233547832674627642e+00
8.413504190447646636e+00
7.977531985662112746e+00
1.209629162633448551e+01
7.620355803192891742e+00
7.276440603213187863e+00
7.659703218093151911e+00
8.552277481680864213e+00
7.650126108241362743e+00
8.508593530511884495e+00
7.221414517590860171e+00
9.544634294649771533e+00
7.447667794624877935e+00
9.663666503159793919e+00
8.463852707026992661e+00
7.306483349800379834e+00
9.763407733980550063e+00
1.042026447673948297e+01
9.709470900468442522e+00
7.461154873948199651e+00
6.671922599657428954e+00
7.108948652763066534e+00
7.626685670147790752e+00
9.085752343707813594e+00
6.967029585004663517e+00
9.085647362638358260e+00
8.499105219321469562e+00
8.204840174087442151e+00
7.727096564652057964e+00
7.378315397170172929e+00
6.106938181793279519e+00
6.325842323840844550e+00
6.882923547176122092e+00
7.923468289497492378e+00
9.110914541606554451e+00
7.749330797195424836e+00
8.235957996491139355e+00
8.398474850342624975e+00
7.828732449917576552e+00
8.327819745488771019e+00
8.038395362509785258e+00
8.975551649386773079e+00
8.029982388015854511e+00
7.950120770637992607e+00
8.633306802028750226e+00
1.011560378222953638e+01
8.960385293590492850e+00
7.825952382292115317e+00
8.083365034316534192e+00
8.915567400332268022e+00
7.625314438673700401e+00
6.609346661644194931e+00
7.692284335250731964e+00
8.151040647148969143e+00
8.482636554574622068e+00
9.304300124699988572e+00
9.234155393787908395e+00
9.477896201799252296e+00
8.043218701864374154e+00
8.351444809451454176e+00
9.969585146515495211e+00
8.698406449879115598e+00
7.769775938180011998e+00
7.862388845675548410e+00
9.386954412142724635e+00
8.305044343035330456e+00
8.478474889298237116e+00
9.939269516113878211e+00
9.843889585168829726e+00
1.289962288427657278e+01
6.385597469741711052e+00
6.197368312743361862e+00
8.615973129921719931e+00
8.257827504309920741e+00
1.023631684415983401e+01
6.365960690871591332e+00
6.010819922431221762e+00
6.501255954365650958e+00
8.964748695847623239e+00
6.384994378004297921e+00
7.194699842970171844e+00
1.000861894925846940e+01
9.107022268258988973e+00
6.783872701506101777e+00
1.126424915723608144e+01
7.974990179315930128e+00
9.265605866945055169e+00
6.678704882421400590e+00
9.997640985905119848e+00
6.050463885064098157e+00
8.501458621193792808e+00
8.541170933810006360e+00
7.368209625591115142e+00
8.201957368904475132e+00
9.374581079189100663e+00
6.544986951965423572e+00
8.557014549707922413e+00
6.416035710639182099e+00
1.114013861918502002e+01
9.070994524688615002e+00
6.622261646068404950e+00
7.498860017237021225e+00
9.625974180621538423e+00
6.545954430308825067e+00
8.577870186302408939e+00
7.223074499421155537e+00
8.920139566814633270e+00
7.841829726541981849e+00
7.964016881266322123e+00
6.543570576917849380e+00
8.447085810844452425e+00
1.058010489555605815e+01
7.459164701838599143e+00
7.656572865443824760e+00
6.998640045063974746e+00
6.153446045270085207e+00
6.166316744019177953e+00
9.501733467904504238e+00
6.811094034726517421e+00
8.515678678870271412e+00
7.826817801761904114e+00
7.610151383969156136e+00
8.451791074442050800e+00
8.990061535475748045e+00
4.873845807634649141e+00
8.751706901596790544e+00
9.313576007481344732e+00
1.006828001414771734e+01
6.201770798060610268e+00
7.811750793376329050e+00
7.879575727746670033e+00
5.429723925109930960e+00
8.967616373035214750e+00
8.837365306219361116e+00
8.181941688934369239e+00
8.217306565630916992e+00
6.905112128839104635e+00
9.023428067236393346e+00
1.121823779293144518e+01
6.777892892030005889e+00
5.985350280448775706e+00
7.943796062374957501e+00
6.977045929052292372e+00
7.687571433302487378e+00
8.368909023818048354e+00
8.455399185633877934e+00
8.131500240719770289e+00
7.934781606453700675e+00
6.442489313249651239e+00
7.633128590440291461e+00
7.682929294744578641e+00
7.627981486593403915e+00
6.116418878587990271e+00
7.286356116774159730e+00
9.345468953849454863e+00
7.527831046100337709e+00
9.603060379496527688e+00
7.861226616456249872e+00
9.112411420011534702e+00
9.685864625805594486e+00
8.997835836446013147e+00
6.856235118568237752e+00
7.504591233810499418e+00
6.168014752429730407e+00
6.952707175850422416e+00
6.948357724709162575e+00
1.010956600340560030e+01
6.094162710722987875e+00
9.392067868048243895e+00
8.304673516932727040e+00
7.252042032847489494e+00
5.726569308391700197e+00
9.400942279499947318e+00
7.405071368477799787e+00
8.923141412620804402e+00
5.989262459795248184e+00
6.698664587781460789e+00
8.366878103276590650e+00
8.016745250712503434e+00
5.599857561659500327e+00
7.663059738864031800e+00
9.478310628118585157e+00
8.606022276087752942e+00
6.145208515917059522e+00
6.637964431884109118e+00
8.265137706796828354e+00
7.245154308487533612e+00
8.950012087532179805e+00
8.532419028722086907e+00
6.650994945604215225e+00
6.328081266774643332e+00
9.836215061943375915e+00
7.777482227680652116e+00
7.466359120680601258e+00
6.886499274551241001e+00
7.227951956976741421e+00
6.032784792210234670e+00
7.965069622258456050e+00
8.165495705176198271e+00
9.238656105372246685e+00
8.304989657624016530e+00
7.522376806622185441e+00
6.796748208331744756e+00
8.759590899331655578e+00
8.953016232214174863e+00
6.985109888316158866e+00
8.025857799091157929e+00
6.922724482503221921e+00
6.990051582366951344e+00
8.402942033953573642e+00
5.402325662228640191e+00
7.678620114604968627e+00
8.701871761937434613e+00
7.356103468871722839e+00
5.723308303113133100e+00
8.071190541516651606e+00
7.979781225452956761e+00
7.550814676734006525e+00
8.570422414998363436e+00
9.302855736131450115e+00
7.254278697891932026e+00
