5.437486730895599862e-01
7.664588867167552166e-01
3.353624254102520186e-01
3.759445489924694295e-01
4.505088640653211463e-01
3.696254127821692048e-01
5.854038217056101168e-01
4.362201409016320808e-01
6.987894216186272267e-01
3.245691890873841912e-01
4.891164603529432608e-01
4.834443253204010471e-01
3.837194343073986325e-01
7.437295886438949344e-01
4.428141124713162458e-01
2.875764476560034866e-01
4.867394833512523333e-01
3.067747109998295030e-01
1.440119491158365905e+00
2.231452953522315985e-01
3.816461349403909575e-01
4.146733200280320331e-01
4.239139212352969754e-01
5.942020445231190884e-01
8.705280510419861617e-01
2.687127331555712595e-01
6.394046080904013385e-01
4.808599590825614611e-01
1.267744871299858189e-01
1.987604769695400508e-01
4.470045130864801486e-01
3.362651553610245814e-01
3.755364618432252555e-01
5.796666531709334658e-01
5.805709862198233928e-01
2.359757858879290016e-01
3.873958060859422625e-01
2.567142551672141337e-01
9.614309220562614611e-01
6.071890668240620403e-01
3.956140701132555559e-01
2.200706956618654342e-01
2.947626464296216886e-01
1.028295891129437756e+00
5.813795004436944636e-01
4.938993657673906301e-01
4.715527573451744892e-01
4.142467184947457026e-01
3.687858087044273425e-01
3.559388931333531958e-01
3.147015007929404584e-01
4.893716001036582108e-01
1.054118705162861769e+00
3.206584691382495800e-01
5.366941715069800667e-01
9.829982674962483014e-01
9.536130226415713285e-01
2.811809462530494019e-01
5.815726047508372742e-01
6.749931533874803380e-01
1.873654032021117022e-01
2.944245679715857822e-01
4.150361068814687471e-01
4.768063745289313204e-01
2.093718243450150840e-01
3.692380315299616522e-01
9.262862240472807818e-01
9.816752535654756917e-01
5.472342458066333792e-01
3.734081192448148179e-01
3.073681167246305468e-01
3.031869162375814830e-01
2.265164833583330206e-01
1.303085304812449552e+00
5.689947796357655019e-01
7.679605433980114526e-01
4.747012579680631728e-01
7.922679159853399655e-01
1.502980364237607447e-01
5.224808129434405091e-01
1.879162854715297482e-01
3.019234996561576123e-01
3.149403248086749540e-01
4.542788637934614959e-01
4.322752799670667168e-01
3.659742434969968650e-01
6.848772390005899435e-01
3.543510260428497927e-01
9.107420742461979080e-01
3.766514365999738545e-01
1.930764204466408340e-01
5.522359766896133282e-01
8.712827723275942682e-02
7.073337021940409031e-01
5.040356299826097564e-01
2.843620987823587964e-01
6.639748433697948427e-01
8.026180105152107558e-01
4.668274253678811325e-01
3.842357860451517393e-01
3.827161935997959175e-01
3.137178704139145236e-01
1.693079852242151684e-01
3.710015362962859609e-01
4.963118052236529798e-01
4.249962466828934304e-01
8.407313466224463072e-01
4.451275984502426342e-01
6.609041003151456817e-01
3.049221243283365967e-01
6.320979182434234289e-01
4.401902473863235632e-01
4.425677142108284112e-01
2.574231902000675976e-01
4.006590076360535546e-01
5.457839067625623874e-01
7.286289632956137741e-01
8.268498981940363146e-01
2.592551268540919662e-01
4.291376746931563346e-01
9.614994871174086244e-01
4.089673424587318418e-01
2.581228684703890108e-01
1.144584987263505216e+00
7.797288812221999654e-01
3.086863661784893798e-01
5.598220748553623949e-01
9.964054380791553811e-01
1.566360902469449978e-01
6.672335016977953837e-01
3.977471730222218449e-01
2.070298956503566212e-01
4.381912296987151567e-01
5.126946494789743625e-01
3.620192962870388831e-01
5.846593303535977393e-01
1.005970013453204803e+00
2.541136309812587757e-01
7.616467140532759972e-01
4.385732244084677434e-01
5.069654373387889601e-01
3.275224407429687679e-01
8.406678543364080047e-01
4.578516167055111108e-01
7.954142002865467465e-01
4.767534964518908014e-01
2.779757440725734163e-01
4.645347698272070391e-01
2.217758265046104738e-01
5.589628010764334798e-01
7.807354784111467660e-01
4.459361068813149087e-01
3.742579357926073547e-01
4.600537782553318356e-01
2.715509989952851755e-01
2.024884365982848600e-01
2.666786906596153583e-01
3.252542113934634438e-01
7.670798766813593517e-01
3.961611843680183931e-01
1.892293359323013457e-01
2.851645829843766911e-01
2.598387058865839760e-01
5.836901954046347374e-01
3.368045799093070669e-01
4.093371874249275288e-01
3.010043206233711799e-01
3.869041481225866663e-01
2.709294606033959552e-01
4.168784792149998197e-01
2.765466959322306351e-01
5.220082287438841950e-01
5.344535389173683537e-01
2.754558319826778678e-01
1.395562257062544775e+00
2.576888176784338236e-01
4.282606036702268359e-01
3.037893910192560609e-01
3.117144178126700083e-01
2.255071602176592915e-01
4.706596465238948035e-01
3.804857666090308288e-01
3.613214021407772369e-01
1.737361513877239416e-01
5.205815886863837116e-01
1.005122197017517927e+00
2.122902291210005676e-01
4.596961201545170517e-01
2.952075018994005373e-01
3.228020526507734411e-01
3.634764649644474099e-01
1.026041535475120225e+00
1.460843267626886544e+00
4.099312268792515423e-01
3.241008050616096536e-01
3.299291107079435070e-01
3.780445256331734782e-01
7.720910770759656927e-01
4.357294022615246232e-01
4.616292826388675441e-01
8.416187284318579209e-01
3.842808659678529359e-01
3.817252537915007959e-01
2.186760563975398419e-01
3.533286938500374563e-01
3.361668215054751663e-01
1.614996868010191433e-01
7.154076659452596187e-01
7.452105007338252207e-01
3.280835088233341468e-01
5.794360509188021258e-01
3.157471459323430985e-01
3.992393683706900731e-01
4.810097110857509684e-01
1.446811940987880740e-01
2.863071369195746563e-01
4.696373042853072000e-01
8.270060547572600784e-01
3.268093981056116593e-01
1.245518079912609766e+00
8.046217987395043458e-01
4.550055165985634753e-01
2.246540836088750659e-01
3.199510005173079041e-01
3.724682596650889521e-01
3.806074740611961049e-01
4.579607127735216832e-01
3.614781263496920638e-01
2.564653187476106933e-01
8.055992216429510577e-01
2.612054452218536826e-01
2.633022527587106087e-01
4.280261868433494765e-01
3.328940493230831410e-01
5.784438920718532051e-01
5.007744579233979199e-01
8.876897982430904666e-01
8.782726546568225823e-01
1.961373256496662665e-01
2.488854842437962511e-01
1.722657352381267992e-01
6.794291983096831800e-01
5.635080579383371369e-01
7.241859740040982318e-01
5.727147904135040379e-01
2.585404769827593374e-01
4.389078020555406412e-01
1.869184974463788673e-01
4.053462453982589753e-01
9.007642094037027203e-01
5.954662370273787753e-01
8.680817390125422639e-01
3.381094715788233174e-01
2.293926949770920543e-01
1.941944477310361128e-01
1.203144925191242942e+00
3.567570147304112149e-01
3.832347894070653460e-01
2.755453300210031764e-01
4.164922275565025589e-01
5.699389006992070517e-01
4.305247320097292940e-01
2.014863152044296668e-01
3.788201033537452744e-01
5.007649411819318219e-01
3.159925920544574551e-01
7.319083497684625295e-01
5.265452300990962620e-01
3.681550039641623417e-01
1.952552334455323613e-01
2.742028906401187682e-01
8.410502574516275365e-01
6.133190478243436550e-01
1.038567572781548654e+00
1.774606478992133696e-01
8.545267140426230368e-01
6.128045474657133340e-01
4.047248677064182454e-01
4.844621012549087391e-01
3.910565153461666443e-01
2.622237088108506642e-01
5.781930512875702588e-01
2.921327443202352270e-01
5.438463138133514674e-01
9.099188997215873487e-01
3.837858738745348886e-01
5.850386112596303034e-01
9.102332846522321885e-01
4.156759442987434938e-01
6.483320321145020770e-01
2.137705709019805944e-01
6.272853704588891022e-01
9.120742978731352091e-01
2.691966871116538429e-01
4.156225662033921076e-01
4.728660497482116143e-01
4.446253358073858908e-01
5.197292393345038786e-01
6.772590403996808783e-01
2.469414993492707322e-01
