1.411135810456749740e+00
2.987861639881309594e-01
8.048204260884734840e-01
5.496443744291988898e-01
3.461515211530132863e-01
7.518367635466374210e-01
5.789940554042645182e-01
6.059218425785783957e-01
3.277255768721160645e-01
2.729917517227229973e-01
8.859839778688595180e-01
2.895992157160685587e-01
4.799534879190879288e-01
2.963003393294870724e-01
6.798779648098685069e-01
6.342879600825466202e-01
4.719672738609998475e-01
9.403307617258113149e-01
5.942563781300662651e-01
4.538113439888171174e-01
1.039467697416828429e+00
5.627877271651293700e-01
1.207249260836386284e+00
7.277536685154282203e-01
4.866840042791515941e-01
3.213316291330614582e-01
9.201217031876198771e-01
6.190510585099582297e-01
6.583204654484060558e-01
8.488906885188383100e-01
3.194753037793808814e-01
6.471808834819644529e-01
3.261542130506145387e-01
4.042071857222739872e-01
4.322901205730170227e-01
3.618738347091701169e-01
1.202583533564314244e+00
8.708635250197490629e-01
2.901159609526631766e-01
1.998306087237660400e-01
2.240278956493745588e-01
5.352220789987367500e-01
6.086456063512118986e-01
1.277675798908350258e+00
2.448914473110914147e-01
5.730144005110183736e-01
4.878812806428126092e-01
7.818364973775163707e-01
2.383546703949331602e-01
9.720420167627452646e-01
4.036643954641900289e-01
5.731952159474884567e-01
7.324726119685083248e-01
4.345245343860344445e-01
2.720936542940969871e-01
2.397895558431407115e-01
3.570334746414292604e-01
7.182106524211139265e-01
4.598427676240919859e-01
5.184601265183330643e-01
5.763951015351279628e-01
5.376534556255536668e-01
5.224019553774004176e-01
1.112384208921987749e+00
3.802758285209334455e-01
8.551786419638079950e-01
2.675674179233185623e-01
7.442033668707821459e-01
4.533525476602436322e-01
8.708777990118081735e-01
9.868835235832496000e-01
6.826097287207378850e-01
5.707546021239726652e-01
1.134199672421949634e+00
4.686051176423295384e-01
9.014136530090497423e-01
8.214863472800847388e-01
1.341340497979385260e+00
1.094020129189340329e+00
7.535051916894635049e-01
7.044325450002638656e-01
6.304043438560318346e-01
6.387008575989480130e-01
1.025943308874291082e+00
3.104192692647578800e-01
7.580992012390084245e-01
5.341645126645734321e-01
7.209810701238574815e-01
9.183157332513869342e-01
4.457870453613748118e-01
7.209921834392879481e-01
5.568178378991538446e-01
3.188044190616657891e-01
2.222268999595864158e-01
4.995704638306239231e-01
7.294825165445586457e-01
1.193205119302220618e+00
3.703542121443676449e-01
2.052141380537930715e-01
1.245507957752801209e+00
4.315292597322047952e-01
7.351418363689544710e-01
3.575390579312780481e-01
5.767195587816397184e-01
6.518431122397825295e-01
4.482829698480958469e-01
6.987095088949411004e-01
7.340619204996743363e-01
6.154091196014063181e-01
5.299903678522925876e-01
9.905379587351857973e-01
7.617292312156026535e-01
3.910393172362343073e-01
1.449314283323647867e+00
3.572886626168271795e-01
4.165198335367131244e-01
4.135294295751429372e-01
8.218166049921795668e-01
6.264625506468536331e-01
6.994014265689759702e-01
8.110157572287799432e-01
4.320622799758330745e-01
4.068925718967544292e-01
4.786329197091190313e-01
1.527126894862954609e+00
7.785240833296364071e-01
7.410661500106537902e-01
1.510526825354023828e+00
1.095365628039715933e+00
1.079008355771422734e+00
6.628566976666249166e-01
6.649288479294432896e-01
4.749659233130861247e-01
5.441381085178664812e-01
4.472806106103250356e-01
7.636220339496657683e-01
9.505446070394911739e-01
6.013570377314736426e-01
6.152080272303045438e-01
7.042803563163539948e-01
4.688341026562413139e-01
2.823984815979880270e-01
6.270591911308655009e-01
5.042113056320143283e-01
6.420165379336093547e-01
7.654496853113649246e-01
2.164918921140317476e-01
6.498241062819002378e-01
6.121402553040592442e-01
6.484770791373487553e-01
4.262166108101759776e-01
1.303869047736451403e+00
3.219370095191552150e-01
7.456548697714889817e-01
3.953717098840849320e-01
3.613739836251806392e-01
3.404417739860960967e-01
8.682691697703137645e-01
3.399242626104415077e-01
7.413887277827100331e-01
7.819867441430115029e-01
5.670273127321239226e-01
2.363171788794969641e-01
6.625537666061486197e-01
5.488027500279848425e-01
4.021021572175108028e-01
8.147135508276562854e-01
1.511234561568656209e-01
5.831315248033334120e-01
5.850136693222722784e-01
1.015019441688030932e+00
9.607547452853661962e-01
7.395830585489743259e-01
2.098615012012962355e-01
3.186624989392433660e-01
9.203616454989184126e-01
8.791865705207848602e-01
5.777768062236189328e-01
8.812537237112194610e-01
1.256531653274408855e+00
6.087845109866560911e-01
3.285966338848272383e-01
8.476843846927626380e-01
5.404125725787263246e-01
2.885827979310416902e-01
2.882137949823599388e-01
1.052956455893682142e+00
1.270104639281434133e+00
9.079936519947967577e-01
7.356264190861051544e-01
9.513565647039307072e-01
5.437636632930128444e-01
2.743379246123403004e-01
6.704955375226900882e-01
3.340290570078591759e-01
1.215705925071571381e+00
3.037591213658090150e-01
4.803903116864737255e-01
5.886106917376535685e-01
3.307950224674657824e-01
5.153799108489118819e-01
3.448334369522614851e-01
7.656971813560853324e-01
3.467634599375499782e-01
6.411507019156960085e-01
3.416361594954033243e-01
7.290970826885714295e-01
1.314329956374678643e+00
7.679708196219326988e-01
5.756059159572510797e-01
7.728139141110589305e-01
4.095686150803923842e-01
3.322665258488400331e-01
6.814927264922370220e-01
8.079457641058974682e-01
2.629610515176073471e-01
6.974397634713045413e-01
2.074178657264650616e-01
7.289651194231718812e-01
3.136553189992005164e-01
6.048659703396707110e-01
4.440220551182439968e-01
6.825336369842595063e-01
4.038391164760846697e-01
4.150977626262674081e-01
5.185345113408109663e-01
5.010290183678498543e-01
8.040545459003644035e-01
1.807065984455942242e-01
7.977984003159829252e-01
2.214661084714440176e-01
8.832152548557840044e-01
1.135595897021456135e+00
9.813415428549170372e-01
2.749395815789541508e-01
5.013576237855180695e-01
9.180963145457300412e-01
9.655762143361176220e-01
6.477125478546579274e-01
5.648190445800382875e-01
4.215597292769522331e-01
1.643898905803672150e+00
4.392381810899813055e-01
5.176300058029584816e-01
6.285947895371002403e-01
9.866621445757132181e-01
4.404195010061376925e-01
5.886852151985523252e-01
7.326993445125328241e-01
2.880768749969904174e-01
6.308435003890728865e-01
1.268923557148091019e+00
5.478726082254891105e-01
5.734123413868636998e-01
2.533877127226582537e-01
5.493423300427744405e-01
3.383347194422767212e-01
9.733225016810570507e-01
8.044876544028386478e-01
7.124275552135540535e-01
3.754741737797215873e-01
3.841905574674697177e-01
5.461740972633317703e-01
3.922222936708424923e-01
5.194593258935769065e-01
7.806052469911792802e-01
1.080463782238918702e+00
7.288153008558732049e-01
2.477052457414800068e-01
1.891462225695234312e-01
5.785929358992009108e-01
1.003718939541866417e+00
9.399189304089589081e-01
3.717867713560572551e-01
4.259871726575561457e-01
8.776206605891082591e-01
5.103203553160761130e-01
2.210639616089308535e-01
3.377442429400022150e-01
7.560315037729702370e-01
3.515638535824684996e-01
5.162905245616556948e-01
5.016793750587692502e-01
3.604940782519301945e-01
4.523143357746552407e-01
6.320604294602092388e-01
5.890778482641327862e-01
4.341386115184950323e-01
5.487458962069711177e-01
3.432005128228978186e-01
9.769730545857131521e-01
6.301321238716435236e-01
5.182392091056901018e-01
4.335439045438486683e-01
5.882872083153067866e-01
6.125359353013740682e-01
6.084160740379751520e-01
9.884098385192578995e-01
4.308456029459892256e-01
1.338527089690967564e+00
