1.004087366248662363e+02
1.018142175646259631e+02
9.956592259573153569e+01
9.932428245592791427e+01
1.022108233507284893e+02
9.191135422250225417e+01
1.012818102131751203e+02
9.371521036909960856e+01
9.764450533856532388e+01
9.929310024330236217e+01
1.003945853953398881e+02
1.037916001540862680e+02
1.003405664886969220e+02
9.902648828546271886e+01
1.007695845596395401e+02
1.051392532615075766e+02
9.522082959996060936e+01
9.488113187995901399e+01
9.690687654517974181e+01
9.533076951004726141e+01
9.541607384566583505e+01
9.754259380476122487e+01
9.405768891390023612e+01
1.008453585449994705e+02
9.924100537921702880e+01
1.018984960025734665e+02
1.007708793312979623e+02
1.009367677135374208e+02
8.915246090747257313e+01
9.299234547337495371e+01
9.977166968975726036e+01
1.005409958501349763e+02
9.835728704683084800e+01
1.017738809179640782e+02
1.057811690218736942e+02
1.011170524524147112e+02
1.003120699914455400e+02
9.687637961757765481e+01
9.535702539148861945e+01
9.902018297916229983e+01
1.037054464053942553e+02
9.867273104313539989e+01
1.038336019392105385e+02
1.005372101444090589e+02
9.627387002855626008e+01
9.496535214765663113e+01
1.001978360743145231e+02
9.758240493438611907e+01
1.067027297520877482e+02
1.021189013664932901e+02
9.898362306860653348e+01
9.718977883006701290e+01
1.025207423527431132e+02
9.796201154755135576e+01
9.955528802315980386e+01
9.060307460666309964e+01
1.028068053610712980e+02
9.878075930212166611e+01
1.017337044891041131e+02
9.785653652022089943e+01
9.924845414227034723e+01
1.034499421950387870e+02
9.435759782207679791e+01
9.526073041535224206e+01
9.901109597607624835e+01
1.024982142677564525e+02
1.022023348617457117e+02
9.572951536687516239e+01
1.038995333261807161e+02
9.744935089140022910e+01
9.925440160877521123e+01
1.015373927818083502e+02
1.005643306074545649e+02
1.010135331135223424e+02
9.526202675757454585e+01
9.249971283655139587e+01
9.344436229207423139e+01
9.910278508104735806e+01
1.004467464249810433e+02
1.005535437181612224e+02
1.018215365004970892e+02
9.853517525546030242e+01
1.014349395806474803e+02
9.346551801001727711e+01
9.917440016455508101e+01
9.894885373077016766e+01
1.022643292172962930e+02
9.669418086357136133e+01
1.004350186469496293e+02
9.522313519179188290e+01
1.039955685058752408e+02
9.406022258854460460e+01
9.908556135393584441e+01
1.037767681861543707e+02
9.566730695787875050e+01
1.054909940997521858e+02
9.358578885097544742e+01
9.847256167587211451e+01
9.480937645021984395e+01
1.024805524463251913e+02
9.234158894380503568e+01
1.018635186956369694e+02
9.852617712539419870e+01
1.003441553213993984e+02
8.976063791505819722e+01
1.004682616495476708e+02
9.984758716112460775e+01
9.713702317277507348e+01
9.899431670748472811e+01
1.015408203964217932e+02
1.002946519207907130e+02
9.181476509256660279e+01
9.769558826229209103e+01
9.925060571381449392e+01
1.003207576706052038e+02
1.026149331993413227e+02
9.850237007547892176e+01
9.444841635293145998e+01
1.024517347423622482e+02
9.977153163481004583e+01
9.933724845018517158e+01
9.733044987916679247e+01
1.027173793294789590e+02
9.554469351559527013e+01
9.608441030069177202e+01
1.028505149070177822e+02
1.025934935598984907e+02
9.678358362297245776e+01
1.009331086466903855e+02
9.482102799436229645e+01
1.032322018520823121e+02
1.005514456939375805e+02
9.807460534614709502e+01
9.513596465908243260e+01
9.938879875668082775e+01
9.403092248990527935e+01
1.047255549983199359e+02
9.989357502287505497e+01
9.340271225085420781e+01
9.776212101149582168e+01
1.013046170457138402e+02
9.794679311686375911e+01
9.125799935271885488e+01
9.925771833134076871e+01
9.569661622841775284e+01
9.317675165502906509e+01
9.697245203296289162e+01
1.011438241060333354e+02
9.653186116724421595e+01
1.034469940391058316e+02
1.063010672530663641e+02
1.005625934953066150e+02
9.492538198436548669e+01
9.976090424608253215e+01
9.950994144876689518e+01
1.010257130125164480e+02
1.043282374742130969e+02
1.037185041790906865e+02
9.894261427849986035e+01
1.028759928961135870e+02
1.050387403318461423e+02
1.004372052004977860e+02
9.853859749053167150e+01
9.343395586911216810e+01
1.010014049398844094e+02
9.392631433252901729e+01
9.589294481648954616e+01
9.799583632794572452e+01
9.497465654389048950e+01
1.024980193181163912e+02
9.623957476244463294e+01
9.941166461007186683e+01
1.010073221142001643e+02
9.761723551641894403e+01
9.789573407731873544e+01
9.310530914322791318e+01
9.941971933043903675e+01
9.813746282931953147e+01
1.045272963769659071e+02
1.005334063783528507e+02
1.021538532451231305e+02
9.425209510601405327e+01
9.792785305938257068e+01
1.048084219820945577e+02
1.003445289809352943e+02
1.044653771784892768e+02
1.018830046998949257e+02
9.759610485141396907e+01
9.828114778860704348e+01
9.149825463524187796e+01
9.324490798213308551e+01
9.683020420525519967e+01
1.001221495168465196e+02
9.697503035492543688e+01
9.961904516003997401e+01
9.793204553737308515e+01
9.639779696494706229e+01
1.013873060669855022e+02
1.001059273854092595e+02
9.268888180531594401e+01
1.017781605961588411e+02
9.361621060576155173e+01
1.043101602159185433e+02
1.054234509225012033e+02
9.843060813004683496e+01
1.025151769750820847e+02
9.923696992923760263e+01
9.419596485356501603e+01
9.697275593572990715e+01
9.509575787232218147e+01
1.000069437789937865e+02
9.621800333730359966e+01
1.026312963045772193e+02
1.026529235210314539e+02
9.253861752489720516e+01
9.665557494454954224e+01
9.433452474354952244e+01
1.022098093392486504e+02
9.653311252712937574e+01
9.288482889224316352e+01
9.312472744232353250e+01
9.598416718240521561e+01
1.028020330429523170e+02
9.164075511500097093e+01
9.985180425919691061e+01
1.016961761244053264e+02
9.261872317753416439e+01
9.952205775028281209e+01
9.767337312087038015e+01
1.008549075053883257e+02
9.703025744000838415e+01
9.402270075140768313e+01
1.059078059596854899e+02
9.507565648138785264e+01
9.915485185587766637e+01
9.657554065309079760e+01
9.964281149907121460e+01
9.758670111740255493e+01
9.870367734042388008e+01
9.853570110543419958e+01
9.514942299021548422e+01
1.058842255860170241e+02
9.538841762318047302e+01
9.029445047577981143e+01
9.205360781447733132e+01
1.044499331888656144e+02
9.966824877835702523e+01
1.034961286169757528e+02
9.674038321564020748e+01
9.853175051837087040e+01
1.040811685936418769e+02
1.009731635606771505e+02
9.856919011096483985e+01
9.739737395970726652e+01
9.726562139395076656e+01
9.330638849808893553e+01
9.904407699042215540e+01
1.028417429482390446e+02
9.945200329873543410e+01
9.321620737682377467e+01
9.728056221152134242e+01
1.017000490190961841e+02
9.012274017081824695e+01
9.660464122310962409e+01
9.420653138549735672e+01
1.024427405417416992e+02
1.030189805292692142e+02
9.349176131489366526e+01
1.019816724374433221e+02
1.032299391260759478e+02
1.012497061287729707e+02
9.343548301304423376e+01
9.789061343334890353e+01
1.060845124488060236e+02
9.468107764298756024e+01
1.033655500200106445e+02
9.957472750106163062e+01
9.264911913919522135e+01
9.850358243518778067e+01
1.000724094891606200e+02
1.027467754581257253e+02
9.954621940500706501e+01
1.054150562957498494e+02
1.011775463436757718e+02
9.395344750388355237e+01
9.224132783677103475e+01
1.048794679288849494e+02
1.004427463242905390e+02
1.028458979328023872e+02
9.881013185517079478e+01
9.524765278387447154e+01
9.654004071401745080e+01
9.816231623392063455e+01
1.016367399107330272e+02
9.833549670380918428e+01
1.023584805667669997e+02
1.001357589076358465e+02
9.578925942280785932e+01
9.775243944326018664e+01
9.908535480407674356e+01
