2.006979533941700033e+00
2.791330946622627707e+00
2.249192797190293192e+00
2.250324410642905448e+00
3.707184045493655322e+00
3.320433084021327197e+00
3.002027131383929515e+00
3.080516973092973121e+00
2.865020819268492058e+00
4.486076879333864120e+00
3.612370483143902966e+00
4.448662668252309160e+00
4.291904852788962721e+00
3.446619693122934258e+00
3.276509303205325629e+00
3.242994941565332745e+00
3.479062561462469727e+00
3.435623840388283945e+00
2.157792914475894275e+00
2.684035928820154293e+00
3.602089870960298867e+00
3.621005357215886011e+00
2.976900116857084111e+00
1.845528781491557080e+00
3.521040389061762532e+00
4.585034056768746424e+00
4.715689941057343404e+00
1.790216313190305719e+00
3.440575801832428837e+00
3.861018454064115701e+00
3.707102833660016916e+00
2.549202486646443333e+00
4.048428974070733766e+00
2.873413374756890626e+00
3.820842292554447184e+00
4.220321787716787121e+00
2.993100638017850201e+00
3.958915232234343495e+00
4.038107892769079221e+00
4.972313432745107065e+00
2.054770115763452587e+00
3.285875490287110345e+00
3.421677082395449876e+00
3.751458987336858453e+00
4.351707404073855479e+00
4.642774368642200500e+00
3.277929246109534844e+00
3.252084101113649872e+00
3.181854624260036069e+00
2.743898124527309967e+00
2.836502360146544888e+00
4.776868891861938415e+00
3.863370297805361009e+00
4.016948419179952268e+00
4.305674050278864406e+00
2.626320047691105941e+00
3.050216560183745429e+00
4.678227349961368020e+00
4.277343897101094861e+00
6.906813024904421283e+00
4.570815170405771788e+00
3.411497652160082605e+00
3.430541173330908578e+00
3.711744515880762929e+00
2.816833493185451065e+00
2.904802503191435292e+00
3.868923938243602922e+00
5.806787188838617553e+00
3.423608241287527054e+00
3.259083222205010344e+00
4.169805441737089780e+00
2.821497553641598266e+00
2.640941303990155919e+00
3.370887071369890187e+00
3.127709364666682035e+00
3.002719059749919595e+00
2.778455866166899657e+00
3.643052620863017399e+00
3.055603176683802769e+00
4.462052482360177486e+00
3.754397217957405886e+00
4.079326707972196431e+00
1.807503411815811756e+00
3.064099818249574003e+00
2.593419253675848690e+00
2.488222622779432402e+00
3.444793503453664307e+00
2.377009199395648587e+00
3.627393883139934161e+00
5.706521694393719812e+00
2.446040124415908235e+00
3.834056754763592423e+00
3.934339682192205867e+00
4.780308381886523073e+00
3.504106864280541966e+00
2.967994014459061525e+00
3.305026870356146063e+00
2.621258579742798744e+00
3.739216971865082062e+00
2.654217345562887242e+00
3.837316100821688281e+00
4.703652307237611296e+00
2.135202498248748526e+00
4.512403588809830168e+00
2.669159385662684514e+00
4.489450201253702311e+00
3.711061786485008174e+00
3.543483823027502311e+00
4.100170505849772162e+00
3.017627287766951216e+00
2.932022624576274161e+00
2.828870786865392617e+00
2.537592128321655593e+00
3.770576847236425166e+00
2.839100205935713550e+00
2.202384574921719462e+00
4.612034160965102991e+00
2.833047779281166800e+00
4.902397291745877794e+00
3.102871536268991370e+00
4.098470984456541899e+00
3.880414446975497533e+00
2.079787676903018134e+00
2.684593341453926918e+00
4.949975897010257420e+00
3.797464854045921268e+00
4.157242533784439864e+00
2.490987097278334783e+00
2.486383063720225106e+00
3.035061447361253162e+00
2.682703756639288617e+00
2.924624629048943714e+00
2.477591464617477701e+00
3.687026112900902319e+00
2.618424494358610133e+00
3.267659544071938704e+00
3.409957607074264985e+00
2.946542347180034493e+00
2.701007677488110215e+00
4.333952962498413441e+00
2.652989559023371413e+00
3.956212879239224378e+00
3.779838049316047055e+00
4.413263284086764493e+00
3.656910086374476343e+00
4.075087000774646917e+00
2.975138046763070587e+00
2.310657223249762193e+00
2.678623473431156476e+00
2.953452356247008748e+00
3.230572549924524139e+00
4.102493706694618325e+00
3.157807022174289102e+00
4.245082881435320310e+00
4.042233128999042968e+00
3.455114439522326997e+00
1.904621880753686325e+00
2.577068048945331924e+00
2.515972361937516499e+00
3.983936375119231155e+00
2.822243525276648679e+00
3.136898537111260321e+00
3.916641140649504749e+00
4.819464176272219014e+00
3.933047060919939941e+00
3.341870432702497951e+00
2.315267995765954101e+00
3.652948721673050070e+00
3.766833985553553532e+00
2.888325828995768507e+00
3.055004207700332763e+00
4.962085212123254152e+00
2.107447416964969733e+00
3.459999148528716262e+00
4.043311665132874211e+00
3.530941463800883362e+00
3.199228978604667262e+00
4.391196496196679178e+00
3.185356685954661149e+00
4.240527956935877363e+00
2.610304017382444108e+00
3.492743724901909985e+00
2.978864936275185116e+00
4.066387938804340685e+00
2.902560677679052237e+00
3.374734625558321266e+00
2.095158815869083924e+00
4.147846091611017805e+00
2.413041574411550094e+00
5.922680662248618333e+00
2.600286564596574923e+00
2.624499922034837063e+00
4.002909971509285292e+00
2.566363441626163144e+00
3.841495130693800331e+00
2.685717825537354386e+00
2.875796542078069340e+00
3.379503623261922662e+00
4.277186768695964147e+00
2.960589960452828073e+00
2.581911381145427065e+00
4.485992648348179124e+00
2.144151343097498330e+00
2.331208093544945736e+00
2.078905146741975241e+00
3.404630952300338631e+00
1.876580847453507728e+00
4.348883836540980319e+00
4.149734354427229377e+00
3.184828155343412792e+00
2.123844943571230548e+00
2.864987343327744629e+00
2.361898454774383982e+00
3.108803030289052582e+00
2.942316870327376765e+00
2.662417403944932204e+00
5.528933916231851597e+00
4.039753901523461366e+00
3.733703348188349924e+00
4.271326103120038020e+00
3.403462260349330304e+00
3.932223057270341826e+00
3.537995163704307000e+00
2.738548412625506856e+00
3.974007359984377707e+00
2.646114661968521631e+00
4.239865499269903637e+00
3.630516994775994100e+00
4.268259718323935914e+00
2.217506635384113967e+00
3.384961915751133699e+00
3.319593034773514528e+00
2.616818770035135966e+00
3.601544555504509137e+00
3.100341441001503995e+00
3.617546424411283379e+00
3.123032460261736531e+00
3.506913525882465521e+00
2.776202129169051513e+00
4.081374949473757674e+00
2.542009156295226280e+00
4.543648428238427961e+00
3.401976569710394749e+00
3.446272074828512721e+00
3.648446665082448082e+00
3.240153094384357946e+00
5.110970616138109435e+00
2.634325808861236684e+00
4.330753249119879911e+00
4.278743315238549449e+00
3.270781585191416152e+00
2.922347428706873362e+00
2.742289543176103628e+00
4.092308907224496473e+00
3.979837513823577755e+00
2.361846765929738634e+00
2.711021482265123517e+00
4.137492611247706620e+00
2.681864613238410744e+00
4.574778222140789552e+00
3.858919538478190692e+00
2.765108519479981819e+00
2.655554474506717444e+00
3.554676705739492348e+00
4.305995541822580819e+00
2.867065657238038856e+00
3.229349050254191056e+00
3.095411190598171824e+00
3.234877199854299779e+00
2.791497183411285832e+00
3.535211871842197429e+00
3.946341047683304293e+00
3.712819662653937591e+00
2.621372223150125969e+00
3.838026743898973248e+00
3.725361906663632094e+00
3.405414667861048184e+00
3.011769706397922963e+00
4.353729028004347690e+00
4.053907270901031978e+00
3.714372927774913347e+00
3.694833331068601900e+00
3.272294167354558692e+00
3.392512692329405777e+00
2.510289548908740009e+00
4.818515061185891568e+00
3.768900567622415210e+00
2.641021973621520136e+00
3.052751351243934153e+00
3.077727934839775248e+00
3.808444147960925008e+00
3.123813473663999751e+00
2.715819583304454721e+00
3.369313791285746262e+00
3.912922122367021416e+00
2.544000082644382044e+00
3.503084206290449920e+00
2.833998742877418930e+00
3.629947479733134585e+00
3.353128719636754962e+00
