1.145630708108912321e+00
1.103251153942065743e+00
1.496565509023768614e+00
1.417047366144127629e+00
1.121068249876889356e+00
1.092664311019202028e+00
1.491303160672668104e+00
1.477436533484848491e+00
5.687753915747109090e-01
1.436971089321744666e+00
1.374755286947568100e+00
1.805842837528163658e+00
1.168088444267769255e+00
2.530578370256341358e+00
9.866953103296077776e-01
1.024249555607708251e+00
1.691075615011792044e+00
7.133165650240191891e-01
1.807081771197247555e+00
1.209163905530174166e+00
1.246665962525497218e+00
1.156676300884275976e+00
6.052233064878974611e-01
1.061079762936687931e+00
7.558104191040148079e-01
1.777654051540005442e+00
2.026386091113746346e+00
1.026259240801799422e+00
9.972685211822234219e-01
8.651766893075931719e-01
1.283924130769455108e+00
1.108053204178596429e+00
8.701474860026130465e-01
1.074762182180292625e+00
9.429538508427951493e-01
4.631274953206090395e-01
1.590861177108858548e+00
1.180917186416662545e+00
1.525499880550622578e+00
1.244120327970396067e+00
6.050614662784309372e-01
2.180203632526411806e+00
9.591906142547789171e-01
8.647914922677907290e-01
1.593092459482567280e+00
1.221304130283064726e+00
1.971099203414695245e+00
6.361912275707036768e-01
1.434121566241721046e+00
3.782487819835825826e-01
1.200893725362123465e+00
8.466125892974791789e-01
1.314972057869205235e+00
1.636286219005825160e+00
1.437719748495182248e+00
2.136953229210113214e+00
1.149816524685441932e+00
1.498343326641645268e+00
1.270586560256482977e+00
1.390951396442179577e+00
1.455844117389702985e+00
5.407763784425564380e-01
2.144795218390765257e+00
1.176082674320670485e+00
1.202150456588105376e+00
1.663010837976618195e+00
3.103751671276368640e+00
1.462998490133594176e+00
1.675379509432537439e+00
6.586258244948078877e-01
1.203432862213493326e+00
1.143549438293068876e+00
1.164779272129962129e+00
1.183216297080052826e+00
1.817744455451934860e+00
1.303898100372876456e+00
1.676259264911885039e+00
1.858849272565628707e+00
5.777440151717490036e-01
1.381586207677344857e+00
1.326214051151229478e+00
6.797081446031406626e-01
8.669937186697842524e-01
8.981540228195316056e-01
2.784218708939295350e+00
2.090358392455261782e+00
2.048688965395506489e+00
1.406882167564053043e+00
6.814655284372270749e-01
2.034596421662245636e+00
1.217369950211409257e+00
1.118312336049900546e+00
1.514862891200259520e+00
8.983141648694318304e-01
1.973406373275508496e+00
1.930300685151421280e+00
1.047284069948964946e+00
1.241177120164105085e+00
1.794351451220133065e+00
9.626334087817000063e-01
1.203404893322707725e+00
8.207082051189017458e-01
1.921986728057332838e+00
1.023363403906819347e+00
7.557133713333739067e-01
7.181718396391955084e-01
1.456329994856225163e+00
1.073386201106731885e+00
6.020511931199729050e-01
1.401431127198506266e+00
1.085213804248932323e+00
9.205466390670951071e-01
1.955250317854457132e+00
1.290268428745199092e+00
7.567654147616460492e-01
1.242655431591581872e+00
1.465797313733020246e+00
1.119409766865616218e+00
1.225489462112373751e+00
9.547701199802699490e-01
1.310991027393436203e+00
1.291841910315298492e+00
9.404863980942792523e-01
8.825815520352233712e-01
9.220028802684963054e-01
1.326293951474349475e+00
1.342764348297520893e+00
1.311509929909691730e+00
1.208206363755202739e+00
1.220259501611703490e+00
2.816499849577608572e+00
1.350249867033328277e+00
1.336210403172346517e+00
1.404100316957162642e+00
2.058779600481667860e+00
1.276670178320323146e+00
7.384183372764930864e-01
8.875664684019274331e-01
2.205304812637331136e+00
2.204386613573997344e+00
1.059921509656875260e+00
1.566261259588437982e+00
1.605800819380820421e+00
2.013225175388416055e+00
1.452903239929010049e+00
1.317588775466201234e+00
9.593489350835877616e-01
7.473320246845142067e-01
2.122659976980195928e+00
1.141868539073400690e+00
1.155957323586981556e+00
1.036155895604086608e+00
9.553052761724052377e-01
2.073721821620784667e+00
1.666619883295478388e+00
1.361213709316782650e+00
1.005126821300993178e+00
1.694867580464706425e+00
9.834154223951033780e-01
2.675469502678344824e+00
9.990670062521022077e-01
1.099038366418951806e+00
8.798676538025214100e-01
1.854194191626895361e+00
1.394907056420600533e+00
9.098632795167566067e-01
1.267346808507642475e+00
1.597289631656373388e+00
1.511179979339133395e+00
8.198936878746642121e-01
1.221355812233248406e+00
1.156767525940705754e+00
1.832766298155405815e+00
1.113456775576530999e+00
1.715139476985442668e+00
1.208000724738622411e+00
1.781317697417083679e+00
1.235822995515782008e+00
1.808749341722561965e+00
1.449405415539992914e+00
1.705814813375333694e+00
1.763533024230899304e+00
1.222325937215965830e+00
1.564416556782480816e+00
8.736787696090491107e-01
1.159728299151134623e+00
1.812707013363295205e+00
5.969046610129568053e-01
6.762527928096565555e-01
2.253145122809101508e+00
6.211065918569703692e-01
1.284733501939988143e+00
1.400613782619935188e+00
9.549717517566845837e-01
1.160589636888279985e+00
1.530744366715471205e+00
2.009127945369624246e+00
1.850472590598824851e+00
1.153774353267742914e+00
4.893700338764758184e-01
1.876160039309935357e+00
1.509718916914641218e+00
9.729220562073638279e-01
2.061505988518379517e+00
1.409713580858310999e+00
8.588717244855526012e-01
5.533504657302166230e-01
2.034979289216392928e+00
3.499240832663501055e-01
1.593783979254969063e+00
2.883428870081948592e+00
1.098788655815565729e+00
1.389080427108014382e+00
1.059228086364535137e+00
1.614280759173619240e+00
1.599919140611826274e+00
9.820889635342275881e-01
1.505857854696691422e+00
1.648423451544873686e+00
8.656821666460188247e-01
1.585168766776449800e+00
8.375626987879285501e-01
1.091472734213988049e+00
1.151111336200866253e+00
6.130833412290532802e-01
1.164743198678051206e+00
1.863833063275651902e+00
1.622184171704832867e+00
1.367962089143633042e+00
1.403833531074578866e+00
1.685029498935797898e+00
8.953747237780683710e-01
1.680389368596602928e+00
1.459234560631289312e+00
1.489334793176160465e+00
1.062032902558825986e+00
8.002243655117632359e-01
8.303101792451842433e-01
9.245487347877044959e-01
1.732057293075554227e+00
1.095845266039169097e+00
1.652061829630749878e+00
1.733937945131462488e+00
7.833186908060167930e-01
1.523596434976646208e+00
1.176602707770428191e+00
1.307331503591743438e+00
8.607217749440277954e-01
1.266707764937436531e+00
1.283396560589316948e+00
9.403799921425322061e-01
1.010863401529844996e+00
6.143239645264497728e-01
7.202101845933921442e-01
1.244998831842252462e+00
1.917751017866797802e+00
2.100131714888492152e+00
1.331024872544863902e+00
1.387231143544368051e+00
1.144687838835060534e+00
6.116195813003723059e-01
1.579872647705169886e+00
8.494979366990227376e-01
1.499500209812284490e+00
1.141522407203787060e+00
1.421483913638498242e+00
9.968962117056158201e-01
6.460799260567166025e-01
1.075514780324695829e+00
9.518968535744865012e-01
1.186677687177255303e+00
5.656788846038702800e-01
1.158256369618462234e+00
3.312196408584751950e+00
1.085888291975468212e+00
1.577922115618783705e+00
1.309560173935804261e+00
9.314473695884385451e-01
1.843632175711827692e+00
9.230092320974587761e-01
1.028902576542416014e+00
1.513391216435476361e+00
8.168765280942831275e-01
8.550214426313563765e-01
1.010429007533552692e+00
8.292851173086799310e-01
1.012378289431173473e+00
1.549961731650180141e+00
1.277692408478349417e+00
1.857296539284661430e+00
7.705166478713286748e-01
7.377697057373343581e-01
6.995420415544602033e-01
1.517086628538078186e+00
1.212853872763023810e+00
1.059657017021059300e+00
1.348060083884055960e+00
8.094514891961751557e-01
7.501777079985818553e-01
8.516967174801441942e-01
