2.571080286001145687e+00
4.417995797966935534e+00
4.174343233166596612e+00
3.525168907840112720e+00
2.140369685662428800e+00
3.152718021225554335e+00
3.466871875106706913e+00
3.194093156718724291e+00
3.075873947454757840e+00
2.427901310036204574e+00
2.330708683913739421e+00
3.933812658537405138e+00
3.399255389854206388e+00
3.179345153355801479e+00
2.165126408008561043e+00
2.525442672475618711e+00
3.588706498347030927e+00
1.367796896419232633e+00
3.501206841836367101e+00
1.911069254547605345e+00
1.959293608926728991e+00
2.921720679862655601e+00
3.857325290478734292e+00
2.307043772977952489e+00
2.143508594394740729e+00
2.179605926810367134e+00
3.267817054934606169e+00
1.929660053647906048e+00
3.256845874816669095e+00
2.472883330035917648e+00
3.795850384362697838e+00
2.705768577137520392e+00
3.449045472673068602e+00
1.722593612466635005e+00
3.879138110604612333e+00
3.684863840315658390e+00
2.495046060203098381e+00
2.376294028919602841e+00
2.607532376468599367e+00
2.271074886483071875e+00
2.613642672403248657e+00
4.995151410605773279e+00
2.809617889542320057e+00
2.821436440348467301e+00
2.850067715058395290e+00
3.746367745130981142e+00
2.971342503167429872e+00
3.014966882730697240e+00
2.066975360672383744e+00
2.067233299838530769e+00
1.967865197029033286e+00
3.070848330681999361e+00
1.708877229214606608e+00
2.000103350083145326e+00
1.955604145577208408e+00
1.201841698768430611e+00
1.750282372308607393e+00
3.069038310825358273e+00
3.078568301560068665e+00
2.133116577621477106e+00
2.179891051404149849e+00
3.404083395037586612e+00
1.810918715248015509e+00
3.156706573089040901e+00
3.468673253850245164e+00
2.625592029556961471e+00
1.308243850726393154e+00
1.578407166815654072e+00
3.182571661189222301e+00
3.454126189836423944e+00
3.158195325803495823e+00
2.800489590059768386e+00
4.312247493118515962e+00
3.928269486467703686e+00
3.978923386582605470e+00
3.527393195728894426e+00
1.585893764784773285e+00
3.724394491065512458e+00
2.067629096217048712e+00
2.900279592661134664e+00
1.765307976310261706e+00
2.363245447098987206e+00
2.853141168265431293e+00
2.527634850180951354e+00
2.963891056008659319e+00
2.203060093889878779e+00
2.116793132751112250e+00
2.065246003562716925e+00
2.853074868143666176e+00
1.685923388145324386e+00
1.636548897928078894e+00
2.254997320414821260e+00
2.650714015199369999e+00
3.676908721139491298e+00
1.890474109452043194e+00
4.059359183612595956e+00
2.936143040130876347e+00
2.769582385837511485e+00
2.766528852195076382e+00
4.174059570231803740e+00
2.876619550296309225e+00
1.953942002482836227e+00
3.216552477599218918e+00
2.167040894861413936e+00
3.157269128990008333e+00
3.283950155779478131e+00
3.193714170702344202e+00
2.284688876217593201e+00
3.109310005544840827e+00
3.235638992740160091e+00
2.988508675500257450e+00
2.327606501037470910e+00
4.558938845051705435e+00
3.080899298402060893e+00
3.083370821083871061e+00
2.198734492668303009e+00
2.445451016734069949e+00
1.938258766274057576e+00
3.411162787685629638e+00
2.476628276214877022e+00
2.592717276528099912e+00
1.568356973460752535e+00
2.393924356602093351e+00
2.827069347148650547e+00
3.265893357682171594e+00
2.521713072198811911e+00
2.079471663591291541e+00
2.122597657223340040e+00
1.721024094593935017e+00
1.573495064889866679e+00
1.605415928378391310e+00
2.418382189716943298e+00
2.523638895805441873e+00
2.165647122192506657e+00
3.227019656298538930e+00
2.356211296999493943e+00
2.512177519174846552e+00
2.018636637820885316e+00
3.769661273637269883e+00
1.682271764371519041e+00
3.447575590980351379e+00
4.913741124891429557e+00
2.499639012933079663e+00
2.379264730733704258e+00
3.838860567575983485e+00
3.198858380410409818e+00
2.685432820663119280e+00
2.433007868611335667e+00
4.432648567516935145e+00
2.231993918722062542e+00
3.411258631970309985e+00
2.934439010186971508e+00
4.009948072616594139e+00
2.094293743161930621e+00
1.918350175041924732e+00
1.400757005269524624e+00
1.914656578779471374e+00
3.068078916351301366e+00
3.394276322132796508e+00
2.805674648548349026e+00
2.824054227684105189e+00
2.457165661749375118e+00
2.460790652772471887e+00
2.158111800770705191e+00
2.164713880815512415e+00
2.488293921940928577e+00
2.583288016677342647e+00
1.740116260264795711e+00
1.330879617020084060e+00
4.035711046546651914e+00
2.147389886315117291e+00
4.981799729864696324e+00
2.892613181542500467e+00
3.202618981862006553e+00
4.693257687082774687e+00
2.642311935134054490e+00
4.138924324966351875e+00
2.079050298066497326e+00
1.631211229759407466e+00
1.809652356511306959e+00
2.680426549137006731e+00
1.903452184092182753e+00
4.003176843012394848e+00
3.268408616147756351e+00
2.686713482270917552e+00
2.751300016908547530e+00
2.343739622383771426e+00
3.458536709930954967e+00
1.906740389392538537e+00
4.300539827569378915e+00
2.850136216137918677e+00
4.744520394274024611e+00
2.081768375273860272e+00
3.799704088973372862e+00
2.122733387745995071e+00
3.057441796034819248e+00
2.782587800307817272e+00
3.559700678677650831e+00
3.238705466815207767e+00
2.540707265402203596e+00
2.680833092757497482e+00
2.768208170274744084e+00
2.392353746233492284e+00
3.658768392643914957e+00
3.125131389644463020e+00
3.723932330873684027e+00
2.859887497141990753e+00
1.892461135980380016e+00
2.516958413958052976e+00
2.872066661724208547e+00
1.772965541108439735e+00
3.360602803417459317e+00
3.215070864324601541e+00
2.565044678036133785e+00
1.565381772631511126e+00
1.994656388666006253e+00
3.058377998814420629e+00
1.617139507307633783e+00
2.918188849510970240e+00
3.099324786006576904e+00
3.763450791819127783e+00
1.757291329106708933e+00
3.211601056043224656e+00
3.718123759942585149e+00
3.011513972667105410e+00
2.659405485279180414e+00
2.075607947040045254e+00
2.781482222991038533e+00
2.941446054172007774e+00
3.453247801270237005e+00
1.403223994293562704e+00
1.831085592401539897e+00
3.281613686567428356e+00
4.346558374156725080e+00
2.506623629968105949e+00
4.095353049589647298e+00
2.864466545693097554e+00
2.035310541612195046e+00
3.508508760326774389e+00
3.491532297122995399e+00
3.351968546492393841e+00
3.854988679793217354e+00
2.867286589759781013e+00
1.933235331660883238e+00
1.719254474519454456e+00
1.908437810596132156e+00
2.590176488103403951e+00
1.909219174229562110e+00
3.136857395559863093e+00
2.471062534086577944e+00
1.597222003337869234e+00
3.117380073115141315e+00
3.083723277466929424e+00
2.181974499200533213e+00
4.000716125040245430e+00
2.485286887249856580e+00
3.775138306322928017e+00
2.819653822510697960e+00
3.042577706063168463e+00
2.245716383067853261e+00
3.038117306249269678e+00
3.943202018809754517e+00
3.536169611897082010e+00
2.638097528371193601e+00
2.568303582346390002e+00
2.116713282045490807e+00
4.181428165921524887e+00
3.695497775276570085e+00
2.396236994869390013e+00
2.370572397367764594e+00
2.527972009323243174e+00
2.672371746081932287e+00
2.112585191469197099e+00
3.756654646634844941e+00
2.685556658792137785e+00
2.746114799258623673e+00
1.801351551465947942e+00
1.749713366800291769e+00
1.872974708796363741e+00
3.067449649507857590e+00
2.583854664112617439e+00
2.620844992169125032e+00
2.745981641971169562e+00
3.706155505569769915e+00
3.763500662777162109e+00
2.905471699215901094e+00
2.927959244360450963e+00
2.974918301122160713e+00
4.895037692553414033e+00
1.796490953572062788e+00
2.531605642991624716e+00
2.864122821349174508e+00
3.085042606675913124e+00
2.700431633707923940e+00
3.190962139727345992e+00
2.365336599751957092e+00
2.680741719869891071e+00
2.525637903517433891e+00
3.155166644536622211e+00
3.065864348004598838e+00
