2.619744422028311148e-01
2.398918740567285157e-01
2.330627069616210967e-01
2.325097023980225719e-01
3.286861486815921829e-01
1.743636594672291207e-01
5.163061677464044763e-01
3.145367978447078383e-01
2.364133166139789632e-01
3.723440456322688608e-01
3.349257297692332380e-01
2.037121548157646012e-01
2.031072147417165019e-01
4.213186046466930179e-01
4.033633256255167443e-01
1.384458043736868926e-01
2.327110441623330972e-01
1.279662606148359583e-01
2.067797997453487968e-01
1.594925694815665096e-01
4.539862353513667292e-01
4.849060236857229422e-01
2.076694151367013963e-01
1.868297161202374934e-01
5.643563566889862049e-01
2.202955581396170426e-01
2.391497975303991386e-01
1.203241912733141739e-01
3.007894654136111789e-01
1.657976874703334935e-01
1.705669295980437872e-01
2.175483819003564689e-01
4.747303991645125953e-01
2.010955912373668109e-01
2.969756599433083788e-01
3.288260015942854886e-01
1.434306977092841551e-01
2.559106008409433586e-01
1.361538070775395182e-01
3.798389536656271992e-01
3.522380195482574528e-01
7.470798451892669556e-01
2.405699985850445199e-01
2.341878546015470075e-01
3.331941172327443357e-01
1.797454314785209006e-01
4.925924618278497702e-01
2.968387497461960067e-01
2.822175087849848607e-01
2.231296865879240365e-01
7.386589413193646037e-01
4.755945358725554017e-01
3.510307332193831065e-01
2.420325820683617291e-01
3.793766940796549081e-01
2.897564100050475377e-01
3.186853386010805034e-01
1.630311673715374443e-01
2.040837840342883402e-01
3.644713217022135243e-01
4.713867613018591363e-01
2.008993639290353461e-01
2.621866300764384983e-01
3.535012570229797424e-01
3.251100712213076394e-01
3.495761826561872287e-01
3.626746806117474575e-01
2.228626572802133166e-01
2.691480985746607657e-01
1.671248736702396209e-01
2.736163905125704732e-01
4.212331905503187701e-01
3.178323649028918507e-01
4.257927544074840420e-01
1.858541753893858395e-01
2.436225183108743086e-01
4.578525253856248756e-01
1.494815812375405728e-01
4.471835827419626819e-01
5.258502680373462468e-01
1.849292814062958312e-01
4.328319566919632266e-01
3.618666021208034045e-01
5.003996466429698753e-01
3.167769251232251393e-01
4.736968039021659527e-01
1.296851238116078220e-01
2.546871131039343261e-01
3.008950256477666563e-01
2.343470388630676804e-01
4.705502165609573018e-01
2.916435812733105815e-01
1.865659506973426085e-01
2.244792388338059108e-01
3.799765803862780733e-01
2.113162205713115527e-01
4.559652467238214379e-01
4.045826850881159564e-01
5.582936061088569213e-01
1.357429050481198662e-01
1.471249052629163279e-01
2.938244991944922724e-01
2.289235473101040585e-01
3.257852861648345977e-01
4.297623287158295891e-01
1.952525259722532602e-01
3.193262548344905083e-01
1.297436558109487104e-01
1.411565123749479733e-01
7.275480084759250454e-02
4.060850071972145203e-01
1.540786618126706309e-01
3.027658156983559778e-01
2.483466410174696160e-01
2.738854987079321623e-01
1.884586833526747107e-01
2.969130990526551162e-01
1.660226108496356545e-01
3.411779918942802192e-01
2.735098946979951373e-01
3.983392539395048115e-01
3.111033884213129652e-01
2.431962107890766334e-01
4.668024875074724411e-01
2.581005141483604937e-01
2.340735635617176291e-01
2.293780250465461412e-01
5.310527329290315457e-01
4.256743503447969479e-01
3.455163306077095875e-01
4.262801990971648580e-01
3.309647231941337253e-01
2.580459408191496662e-01
4.242288520352756609e-01
3.643930284639437245e-01
3.837970982997869207e-01
1.485216671101587116e-01
4.173614490780068742e-01
1.726374258540030182e-01
3.717359074409705144e-01
4.304184357129632876e-01
4.573247283090465243e-01
2.574619154688034262e-01
1.703646082571204923e-01
1.854754424853379546e-01
1.914973370537408071e-01
4.939245530892887870e-01
2.307649591064288297e-01
1.544492608143638313e-01
2.113531355425568026e-01
2.472551490882788083e-01
4.075320097674177688e-01
2.559273748807160964e-01
2.328871142250226178e-01
3.765002067670640273e-01
3.056499061178856169e-01
1.521474976001373491e-01
3.483891155659933903e-01
2.596139190188561652e-01
3.082051800096732297e-01
4.630537659577740883e-01
1.713972652514469674e-01
3.234842004353006839e-01
3.049215015374370230e-01
3.751543616221636457e-01
3.022142508841614283e-01
2.987037977812718181e-01
4.976520076678811466e-01
2.914836106708961205e-01
7.416170894438101069e-01
1.760200926148441092e-01
4.515674787089221098e-01
2.552567389552016230e-01
1.581743039914643989e-01
2.377928559095829897e-01
2.761891675888294984e-01
2.138098077095564875e-01
3.208616604530161731e-01
3.638700320721459658e-01
2.646375926744208851e-01
3.254645289753263504e-01
4.347667055663702596e-01
2.525607479241837039e-01
3.480039257638535832e-01
2.487175202397661211e-01
3.366887757957525706e-01
2.691299255452926364e-01
2.776174879156057540e-01
4.971353923588340273e-01
2.480651804972918706e-01
3.652973887759484728e-01
1.324772778235611681e-01
3.242519126011391140e-01
1.010178307607800530e-01
3.734355182069484247e-01
7.467350432653698800e-01
5.119892168543973554e-01
2.843003903378765740e-01
3.408389127609606217e-01
5.333703442328803224e-01
1.411742980058170449e-01
3.748378662749010659e-01
4.514675055035269335e-01
4.420594975262106541e-01
3.587528403508977171e-01
2.612291853119184104e-01
4.131540762140849532e-01
2.105255972448888402e-01
4.841249882972670227e-01
4.829465437325234367e-01
2.180979935634030364e-01
3.023150112597932093e-01
4.915184781114053658e-01
5.453604821290506388e-01
3.057453480038885285e-01
3.242949029857110088e-01
1.591093941486799723e-01
3.648672724554574143e-01
2.326967345972700274e-01
4.855001715312213806e-01
1.760740537523367011e-01
2.921412024869028401e-01
2.855901593222565649e-01
1.534058181197639481e-01
1.866397056100235485e-01
3.112421241984061893e-01
3.441871163210166173e-01
2.647607599418148050e-01
9.958819544134889234e-02
1.588674416514273546e-01
2.530041938974254001e-01
2.005909074964603300e-01
3.230543143885719060e-01
2.242030219735292595e-01
2.349920016702100323e-01
1.627951655680252852e-01
4.574736639113544112e-01
4.017737236561463865e-01
1.661320081015012773e-01
2.831048821720636988e-01
2.102965200689897451e-01
5.553806466073994974e-01
3.099022825963400618e-01
2.524856900688027816e-01
4.308525950309987085e-01
3.788018004412804229e-01
4.268976847042738609e-01
2.354437136913251072e-01
2.424976568311081604e-01
5.809692394619865308e-01
2.785922873539794509e-01
2.704208819464318792e-01
2.398182580744800951e-01
5.458809738293758373e-01
3.278308128373021990e-01
2.261130398512420092e-01
3.136697218546455335e-01
2.528340689498144722e-01
2.918775892688891815e-01
1.647630566683739584e-01
2.244243229894221370e-01
1.730698655534251840e-01
2.590808705030755998e-01
2.338728556649497525e-01
7.082419262578891761e-01
4.361577614734356012e-01
2.582269864957573713e-01
3.516459638653163244e-01
3.801594333995627073e-01
2.734298222456518768e-01
2.886503518068747054e-01
2.614039372460223443e-01
3.729714516843637973e-01
3.831134194066485033e-01
2.792198372307802545e-01
2.125345676434106934e-01
2.631859585536173718e-01
3.089797986014955478e-01
3.693135429781777002e-01
3.379248630473667969e-01
6.666632101420664203e-01
1.775961894349703807e-01
1.736278602072704180e-01
2.551180981611944065e-01
1.725567554745841004e-01
6.385928211896454432e-01
3.149356233455091747e-01
2.748272516384709374e-01
2.656781960224056660e-01
2.969945860704839014e-01
1.890958407867668056e-01
7.166794469947320723e-01
2.626804583597291409e-01
2.120824891469535733e-01
1.646478915929815157e-01
2.084104582883824219e-01
1.878416927596663899e-01
3.585184734489226255e-01
3.339595874707944612e-01
4.742941000985762545e-01
