3.117903525328700187e-01
3.074173615094437650e-01
6.116573202590630531e-01
6.255643102827371793e-01
5.912631812771279582e-01
3.146491648791821527e-01
4.407497881974474785e-01
3.401696159128561603e-01
6.564003302115060112e-01
2.079281894077508741e-01
1.714108765535792278e-01
4.137537503019337315e-01
1.796600731737014733e-01
1.323611092400961420e-01
6.487409804785936318e-01
4.747022156721452113e-01
1.802891584383709278e-01
5.640407782028551420e-01
2.911503689425939401e-01
2.131405439097261711e-01
3.570476144861067236e-01
2.128770305173290633e-01
1.193226485249465479e-01
4.159599384145269974e-01
1.839922382383999966e-01
2.352891581678626387e-01
3.207753929571838802e-01
3.607831859073892811e-01
3.961654621024283118e-01
2.171155230415437176e-01
1.742646518179737369e-01
2.799139552356254002e-01
2.572800715206771671e-01
3.980314105231277932e-01
1.705503577455742548e-01
2.503465799289649740e-01
3.529002048924830270e-01
2.609280497616697780e-01
3.738971125694852682e-01
4.886068714270080382e-01
3.905209220499286649e-01
2.592304266884831176e-01
3.986806525038610882e-01
2.586993075131841513e-01
4.833382161679548594e-01
3.366089791065783321e-01
4.070932045728891113e-01
4.366162865753195899e-01
2.404996418222118404e-01
2.848780543593433801e-01
4.736328214456235752e-01
2.644501612840587379e-01
2.296826549765245418e-01
2.765497409928792116e-01
4.659602651240259408e-01
2.981853098969813320e-01
2.036708191722337580e-01
3.621484487002334385e-01
6.928995953454394341e-01
4.120784314497337730e-01
2.807189490581217250e-01
1.181326060201753486e-01
4.730218112554521182e-01
2.236511674528326998e-01
3.464809838088151461e-01
1.993368174971542617e-01
5.105120746747416893e-01
2.480843083027423346e-01
2.673170485222159387e-01
7.417354520526728834e-01
3.152559013780218966e-01
2.679146383324854663e-01
3.893566547162124469e-01
3.853030158899891644e-01
3.515326546551943432e-01
3.481631450256285620e-01
2.065891703549498359e-01
2.797832823862508311e-01
2.085052870214972598e-01
2.084671922437311697e-01
2.305363116632078158e-01
3.219481222545547139e-01
2.966355326986580554e-01
6.472036912426050170e-01
3.200759252254151699e-01
5.662165563567476134e-01
2.357756367905529948e-01
2.667769117606937357e-01
2.508773010669798076e-01
3.117933526634153463e-01
2.814984245037777666e-01
4.061591746015335014e-01
5.865736477244199998e-01
2.992059545800139775e-01
3.560307494307908827e-01
3.322051848423450693e-01
4.154227057943692958e-01
3.597927236727571643e-01
1.856747033800606739e-01
2.946408434056732584e-01
2.771251644012769355e-01
2.977834690879841428e-01
2.550113423221869735e-01
3.401306227868453602e-01
3.084157086063553654e-01
9.497433775633266073e-01
2.807113257024033137e-01
4.745813723198779588e-01
5.505900106791434823e-01
4.844822277942598121e-01
6.540578570705649630e-01
5.557119233155000115e-01
3.068550519417705957e-01
4.724520110326183020e-01
3.095837985548705595e-01
4.636495234709142044e-01
2.704970508555971098e-01
1.425252200977869532e-01
4.559340585714245497e-01
3.796439995750430785e-01
3.460803432114135658e-01
4.473308383624334805e-01
4.154931631518736790e-01
2.715685941478291898e-01
3.031455255283420636e-01
3.174631059714828063e-01
2.739071439535298857e-01
2.434236395966981326e-01
5.160675144245949753e-01
3.651813749445419477e-01
1.812605825157669881e-01
5.427948999483754866e-01
3.820989647947783951e-01
2.227657219021136892e-01
3.297578699187013185e-01
2.145781101491623655e-01
1.398805964277190783e-01
2.776523718321937118e-01
2.738807192724422857e-01
6.627985623141311455e-01
2.484318171191597091e-01
3.024826323296231356e-01
3.214749657934975469e-01
1.516434584566268007e-01
5.808632799909370092e-01
1.939861428851649416e-01
2.834487429096418931e-01
3.115986158674156070e-01
2.612374098984405757e-01
2.070977110682954703e-01
2.585637267473885337e-01
3.080961637893868676e-01
3.067793916255283637e-01
2.828276449457422514e-01
2.333934806474033674e-01
2.665027023407834372e-01
3.352762457826110043e-01
1.637301347242283711e-01
2.431062362459719406e-01
5.515609632324491862e-01
4.712170241847387087e-01
2.980409484815441101e-01
3.343052069660906178e-01
3.606360180655434622e-01
2.892380795174497865e-01
1.701413268921680988e-01
1.490314848409479698e-01
4.696211275059117285e-01
3.423717678186348756e-01
3.719577955422963544e-01
7.244818433880921837e-01
3.074222764076827152e-01
1.429583940204393333e-01
2.573288621312362356e-01
4.443321505792706683e-01
3.047053679590084885e-01
2.829005015609624696e-01
2.718546151024927582e-01
6.694683308626184770e-01
2.588685412284292275e-01
2.354474586586858820e-01
2.995973098587451089e-01
2.717076023418230624e-01
2.198905365397313683e-01
1.392198340714813354e-01
2.187696983768470937e-01
1.605629818411502541e-01
1.819373138667541023e-01
2.449705738714639536e-01
4.568091146398018387e-01
9.709630160771551277e-02
1.154927730740589326e-01
2.792385026467491538e-01
2.628377445266054657e-01
2.907592971748367838e-01
3.194482527158554186e-01
3.379324049523395046e-01
3.054612413078172106e-01
2.636057683211240898e-01
4.245113367444601771e-01
5.582967628774561375e-02
2.637084902139812947e-01
5.078117927114242924e-01
2.589665523389025337e-01
4.209919715420912256e-01
2.443709920848156636e-01
7.132931725111956167e-01
2.129561493065716682e-01
1.843766742903348299e-01
1.926749691009184695e-01
1.609289294168994577e-01
3.909448053345187524e-01
2.910223661395760497e-01
2.976987970408961903e-01
6.262494470164028382e-01
3.953361547217547622e-01
1.893321214080857795e-01
3.490661111382586945e-01
3.459015140424439583e-01
1.733990673700880891e-01
3.344148367320014525e-01
4.303626971183964200e-01
2.188985843671109044e-01
3.526683461733278180e-01
2.250028949269058942e-01
2.268878651348322784e-01
3.899337376667833532e-01
6.905442679238239512e-01
2.324236682501808204e-01
2.222683110354539970e-01
2.627390893146927531e-01
2.256421620373680603e-01
1.899963759243766537e-01
3.883777097933759914e-01
5.431987977331970141e-01
3.982807390097235500e-01
1.762166696800777088e-01
1.039395731789195393e-01
2.319474321182381782e-01
2.004202755357318011e-01
1.503158900421813771e-01
4.901472778560047594e-01
2.000164833696652655e-01
2.733921764982089608e-01
2.213458092671805877e-01
1.907048182379763590e-01
4.539586159564471535e-01
3.336878471325172013e-01
5.556535196406008348e-01
3.849607919887944041e-01
3.371449330628808472e-01
2.290658218819963676e-01
3.333264241790168114e-01
3.044387160904896694e-01
2.014354568491906472e-01
2.718438362513110329e-01
3.353044969140194231e-01
1.894812507162043635e-01
2.184851683466739469e-01
1.988360778126522233e-01
3.993457477342565731e-01
3.465169105751645384e-01
3.173230388903732768e-01
4.226233246464056736e-01
2.161912305434056381e-01
1.622722535059081539e-01
1.962954904508563969e-01
3.022411825371064120e-01
3.609722009448464441e-01
2.869610698871757348e-01
2.906976843193218030e-01
2.871269500596128066e-01
2.767846063295085757e-01
2.091230137979415704e-01
3.215482227997880083e-01
1.814700988927495096e-01
3.091845188034881287e-01
5.830156209207818518e-01
3.095535103676912980e-01
2.498227654955955945e-01
2.983705629081094268e-01
2.109525422528364114e-01
2.947400506946788457e-01
3.217497778720941892e-01
3.770482212621068530e-01
2.988350268980983215e-01
2.013832416569069084e-01
2.619114071697411505e-01
3.757377113422660786e-01
6.971262267765151455e-01
3.170292578637285419e-01
4.464763051438765951e-01
2.465494510599279543e-01
1.870413779289595568e-01
4.374031853250969215e-01
3.104239657848523737e-01
3.430524004368389335e-01
2.382805159137457163e-01
4.459632236737254285e-01
1.321037538520059562e-01
