2.750972853362216308e-01
6.312026009270716997e-01
2.506558381237836142e-01
5.600348396560219655e-01
2.316127847358885605e-01
5.489772749590060563e-01
1.817731135236941575e-01
5.278112740388892776e-01
3.054958854403019841e-01
3.018338978063786482e-01
6.553328908657605201e-01
2.932222829044453527e-01
7.696625203538230986e-01
1.740534887645462381e-01
5.109390941688730647e-01
3.877682950361027725e-01
3.992161820030426522e-01
2.773782658269283719e-01
4.818806073755700914e-01
2.739760822130200557e-01
3.453154035965844137e-01
2.746394580669881402e-01
2.386296330211652994e-01
3.389109148080275968e-01
2.138058160512467942e-01
3.222599315292516975e-01
1.786960378886388034e-01
4.808927172429495189e-01
1.580842319177343525e-01
2.665376023440309550e-01
2.785817964361320676e-01
2.437641394587669874e-01
6.963692394237329664e-01
4.122926163935506372e-01
2.768677184273927727e-01
2.376479157162627587e-01
4.978525425272389837e-01
4.671444632014626896e-01
2.551154782861107528e-01
3.272765289729722693e-01
6.095922183199883326e-01
5.402926740340828760e-01
2.305844710894863481e-01
4.823372879625803522e-01
2.214566478129550986e-01
2.161329164915553325e-01
7.603157922369937483e-01
4.206003135699232232e-01
3.125441712582689435e-01
2.367836227991031439e-01
1.323909796417305773e-01
4.517087547492175115e-01
2.071079209289158063e-01
2.240349124978828210e-01
1.653270272535188323e-01
1.963163879153214664e-01
2.026176071690782010e-01
1.950695474261231188e-01
4.925176250919610643e-01
8.935129254557937217e-02
4.276873190892522270e-01
1.907875614553208310e-01
3.312596137810734920e-01
2.885112016712162997e-01
2.291446912778827005e-01
1.922253763698865137e-01
2.438245331980630204e-01
2.651968509133504903e-01
2.977219020507669844e-01
2.499659310946674151e-01
2.456537709429873206e-01
3.856233948588986826e-01
1.484260529036079135e-01
3.191429757070048390e-01
3.860482303236930646e-01
2.758203559660417081e-01
3.039551865821077947e-01
2.259428224224866721e-01
2.918385010344312636e-01
2.194756133112157337e-01
3.128843266477298601e-01
2.146917791742998516e-01
2.920954510398488524e-01
3.354000014870148205e-01
7.118630503314041791e-01
3.204433349967095723e-01
2.789963448079564867e-01
2.146180511029316951e-01
5.749837388868219712e-01
2.070869736863993893e-01
4.935222177661728882e-01
2.496458519468416903e-01
1.827174711915359184e-01
4.257657058533221850e-01
4.118964663417607475e-01
8.907381488090226895e-02
1.962903273500336832e-01
4.154836353561617290e-01
4.024614012983764866e-01
3.609753007854177298e-01
1.737745067417965361e-01
3.067727422586823960e-01
1.798632264861868002e-01
3.663021948928195104e-01
3.874822022644853758e-01
2.357725904415892693e-01
1.995027864257707395e-01
1.938957566030881929e-01
3.484059357931110212e-01
2.313058921577574867e-01
2.367536446536893657e-01
2.971975156318564237e-01
6.022944756256785048e-01
1.122348394230800045e-01
3.681818478571065034e-01
2.828462847327901097e-01
2.543804966596978079e-01
2.797527676283378950e-01
2.246635957806151773e-01
2.591143344358996514e-01
1.901784008490872702e-01
5.181246588436232425e-01
2.941057740686064959e-01
4.551601755931443671e-01
4.241471566008207517e-01
2.637350893627474213e-01
4.267605721192920254e-01
2.652393406580871305e-01
4.118475244082479558e-01
1.039247754167744064e+00
2.994620617357350856e-01
2.282818034482055614e-01
3.055822411589912413e-01
3.788148976847973137e-01
3.163246898178333488e-01
2.974908649050487797e-01
1.897141913591695594e-01
2.090790441426467750e-01
4.271728938979422741e-01
1.993621371685901089e-01
2.683223885000230458e-01
2.165282188492803073e-01
9.682501936913286977e-01
5.533957841481396134e-01
4.863539925540237840e-01
2.970845418740866162e-01
3.097413790149992630e-01
2.161933657702256317e-01
4.420515133189157897e-01
2.455694837597933444e-01
6.562202514364428030e-01
2.310953654508334509e-01
5.002675330493014938e-01
3.354248570647511696e-01
4.349244123948033947e-01
3.022864251970655003e-01
2.097483806972194886e-01
4.947816363885859103e-01
2.630835976270460286e-01
2.992564041135621355e-01
3.581713306517946838e-01
2.589744237338083011e-01
5.487591592505464133e-01
3.408913114615534923e-01
2.543040112945793019e-01
3.169301451024888472e-01
4.197699953759374547e-01
3.555378884750590163e-01
1.696230839404744006e-01
3.572719666478477163e-01
2.936717524888734498e-01
3.703677169211430087e-01
2.717947438802102988e-01
5.412321675695802581e-01
4.448869583673888406e-01
2.164296043834223748e-01
1.845953775938564967e-01
3.061157595446807878e-01
3.952624103299041125e-01
2.254946136550173286e-01
3.515190508615478326e-01
4.016257430773975678e-01
6.197295293377881320e-01
2.444601512644033470e-01
3.900696275700643034e-01
3.938616311885283494e-01
1.391578861135413236e-01
3.838909230659715011e-01
3.505419944391851006e-01
4.850318547176464268e-01
2.112505718667892496e-01
1.811425073864786905e-01
3.212515938009141148e-01
4.896573751046223721e-01
1.962432845171021845e-01
4.956412107907897657e-01
1.076795810829219158e-01
4.341025145743166447e-01
2.392541412337218509e-01
2.562045297216842821e-01
1.697535042229231239e-01
3.216770753336437583e-01
2.804160973324452688e-01
4.623377988686734330e-01
2.475801044837474263e-01
1.162508544245962894e-01
1.829401856724106046e-01
1.666675279507271457e-01
2.643413898386258731e-01
5.164733051268936004e-01
5.448569334630605221e-01
2.278898409716379470e-01
2.061080302817678012e-01
3.056587766842908116e-01
3.051990057349205365e-01
2.908731452621485802e-01
3.450893008972230613e-01
2.156356580191433614e-01
3.039533126165758770e-01
3.108253510192882652e-01
2.105909080850687787e-01
3.204947614382267496e-01
2.674718668461679161e-01
2.934810233852469530e-01
6.060275432119628380e-01
2.474485713188513680e-01
4.372144710480339591e-01
3.997497460812622361e-01
2.016711439275105100e-01
2.246427845934527157e-01
3.378335229988083110e-01
4.829619678881427181e-01
6.308370601430982605e-01
2.697814571640505532e-01
2.448008797655925328e-01
2.637152616736320732e-01
1.739466796336479326e-01
1.968893588744092260e-01
2.542886422439403771e-01
3.598829785043282103e-01
2.290976912465231552e-01
2.471590357586622710e-01
1.982158354581851634e-01
2.145274222113717211e-01
3.508019605580005029e-01
2.891837873862690422e-01
2.443743175827013392e-01
4.246874924216200720e-01
2.885016353328140881e-01
4.517411822924728426e-01
2.893171538153231914e-01
3.463546906032589079e-01
6.051391419987461884e-01
2.570894279303959640e-01
3.043326115705876633e-01
4.288515832011128848e-01
2.349215394591000206e-01
3.609473318555639354e-01
2.174820100581857651e-01
4.546693512068708531e-01
3.105631305214448523e-01
4.004991361459225852e-01
4.615026427879765358e-01
2.584817092069247590e-01
2.362296487360465436e-01
2.374539952402525134e-01
3.250012788111417139e-01
5.847370189089109438e-01
3.281082940779938006e-01
2.108378559557309573e-01
2.141799785698809411e-01
4.346279850194001981e-01
4.078048277540307076e-01
5.270653934040889776e-01
2.026944676956483615e-01
3.258157196346629370e-01
9.756169918750593473e-01
2.550634075527987155e-01
2.825988361005695171e-01
2.399460213216582372e-01
2.797245987030637648e-01
2.835659206304813607e-01
2.059297133470119334e-01
4.424749667006656062e-01
5.262861657507683644e-01
5.950636927263712739e-01
4.258331445877869825e-01
1.880404363220746777e-01
4.255779742038695024e-01
2.902357535251960385e-01
1.868893346636840702e-01
2.882677103883539149e-01
2.579664295354790471e-01
2.095647585511019872e-01
1.591782303367802187e-01
3.296966625645996740e-01
1.853708613281950524e-01
5.549904587848384363e-01
4.673987575329639488e-01
4.047134218933227667e-01
