2.119455565377086792e+00
1.646041827014085523e+00
1.547697606097461431e+00
1.400349944470817176e+00
1.965837657104028802e+00
1.763493657576302720e+00
2.313799973473501748e+00
6.979548148369526528e-01
8.429048419133312597e-01
8.333273007736954341e-01
1.013713221706252998e+00
8.921870593556802120e-01
2.541778335987728621e+00
1.789693194835335621e+00
1.691887205917434578e+00
1.705043298084864656e+00
1.310002899615722693e+00
4.878363469590617507e-01
1.028702599117036209e+00
2.047340680859508044e+00
2.024498620230616996e+00
1.398484749221567069e+00
1.135736630949995662e+00
1.405519981805126051e+00
2.274500960806441263e+00
7.072053385858535490e-01
7.855965341274153690e-01
1.754783239666721784e+00
1.331405403100751172e+00
9.732739971488757469e-01
1.252720623476367701e+00
1.961197693319114199e+00
2.134358772804679560e+00
1.977670168308408805e+00
2.105128926209796969e+00
2.744835050088947792e+00
7.264653102525863160e-01
1.732805625343352807e+00
2.477273554913032694e+00
2.176131891546445374e+00
8.995706813836150673e-01
1.904172554590857880e+00
2.242654659863379862e+00
2.569630685971256323e+00
2.062018872813880410e+00
1.005717966303623534e+00
1.380034862364042825e+00
3.132878223910096516e+00
1.220635081635631947e+00
1.135191248171097067e+00
1.479148633997932283e+00
2.570469295206636584e+00
1.623283637462483942e+00
1.417630368134563890e+00
8.302564855228794505e-01
1.726358395452027850e+00
1.499493184199063522e+00
9.631320130851291905e-01
1.993485969606313191e+00
1.566184794352108556e+00
1.456539088341548993e+00
1.507743668416509086e+00
6.820101291220374007e-01
2.247965719160984754e+00
1.198651028063848267e+00
1.648250707173735563e+00
1.097301692274753604e+00
2.409750226715568822e+00
1.322413486640646507e+00
1.412704344686304125e+00
1.036752644932945611e+00
1.350359190146135813e+00
7.246408007692347608e-01
3.063483266404744221e+00
1.126550498020196578e+00
1.755870883969721019e+00
1.826384801764801002e+00
1.571187399283717312e+00
1.217685255736827621e+00
1.469868102834258172e+00
1.719955401308898235e+00
6.810766591031681694e-01
1.491097025841326085e+00
2.615719780083379575e+00
1.265211991008111658e+00
3.352772264767962085e+00
1.037728204993705328e+00
1.898406623010853167e+00
8.007739225916442605e-01
1.248723994834791018e+00
1.180527584108879591e+00
1.933306809954341343e+00
2.123613787609483605e+00
1.049153462864559794e+00
9.769669623810094405e-01
2.370299082136111846e+00
1.156827202903352392e+00
1.867621414214015951e+00
1.419611919267112166e+00
1.392368453408600493e+00
8.406735559947912106e-01
1.179609909177923521e+00
2.781173893196496660e+00
1.089304522008612164e+00
1.244669679532839801e+00
1.266216008880713284e+00
1.460985875304604553e+00
1.030814255746052677e+00
1.660748544743558597e+00
2.244392250380067733e+00
1.110699051083436917e+00
2.270712395689563401e+00
1.176767043276974567e+00
1.677260890993333753e+00
2.175887465587917458e+00
1.124526983773472155e+00
1.945190073547603760e+00
1.438282400638345671e+00
8.600994935229780980e-01
1.400219624819780018e+00
1.601412734623492984e+00
2.290089722917567627e+00
1.370032951579039482e+00
1.248895690381752077e+00
2.758789758016256588e+00
1.616528854422395911e+00
1.440279862899158214e+00
9.731608413271446434e-01
1.512679116340781338e+00
1.245578437642414604e+00
7.239013516324898090e-01
9.046519830960995101e-01
2.338663610774135204e+00
2.491237984075270973e+00
1.589257347401701326e+00
1.779157476156867368e+00
1.176307286004739217e+00
1.569815406501688937e+00
1.542207276741221378e+00
1.019595176784253932e+00
1.709381689935521642e+00
1.631797263237708684e+00
1.156912396779208319e+00
1.682912007371540675e+00
1.318999548937810351e+00
1.150414517886324983e+00
1.349609478724747236e+00
1.197193764783183179e+00
1.276486634296465805e+00
1.880643813578110946e+00
1.881204885957050266e+00
1.160969874835906301e+00
1.850527175970285043e+00
1.258969212146598071e+00
2.714852214402160069e+00
1.729270006213588839e+00
1.189179121568598063e+00
1.281664666081306914e+00
6.350501171639270082e-01
1.758437647299282425e+00
1.474065133862223709e+00
1.683932495922534800e+00
2.406641162797237943e+00
1.661462996432557571e+00
2.006098849975266329e+00
1.041758168588358346e+00
5.312736316358452893e-01
1.130550422559498225e+00
1.015764526004031110e+00
2.631313254239871835e+00
1.740955873418635669e+00
1.774226408189393922e+00
7.629168982404134214e-01
1.634507969382338555e+00
1.061692911961032104e+00
1.389154191339866395e+00
1.930552412689231945e+00
1.408648574661492736e+00
1.739160665986901000e+00
2.123386064757148084e+00
1.403024440208432200e+00
1.422482155476516796e+00
8.577577654135020158e-01
1.151243919964771933e+00
1.174336475928730028e+00
9.051683830999023295e-01
1.082682915914142896e+00
1.239717123934114706e+00
1.761594902516016026e+00
9.229108865973932874e-01
1.253416798500285756e+00
7.354549292201284505e-01
7.917652555576909501e-01
1.984275678999243953e+00
3.296803045706767410e+00
1.369232386314005234e+00
1.337535173505571162e+00
9.020167318110668964e-01
2.299528993475522309e+00
9.885064523822933991e-01
1.208376968641777571e+00
1.536075908926152644e+00
1.547196909126400843e+00
3.036705073911879715e+00
2.184120725063729562e+00
8.570067995231790414e-01
6.914791150917909412e-01
9.570625856313134117e-01
7.833078973703949677e-01
9.076603591284220229e-01
2.123094270666879169e+00
2.195431772855811481e+00
2.356777474330195243e+00
2.084238265470524265e+00
2.131227970500900959e+00
1.508514789817174906e+00
2.250143169847744318e+00
1.299628281857943657e+00
1.567300105923869147e+00
1.910071711014958540e+00
2.186235424863304910e+00
1.785982978818144273e+00
9.138970896141900280e-01
7.284230150879993371e-01
1.062529887456039823e+00
8.943547689697284309e-01
1.804486860916252100e+00
1.190376900870886656e+00
2.500839483697162358e+00
9.715814821161410375e-01
1.922297899082890948e+00
7.858206898741367796e-01
1.139156710671987094e+00
1.145931540052831599e+00
2.435668781881496603e+00
1.828833882835392721e+00
2.131914768232823665e+00
1.409162258063427764e+00
1.769980992429800892e+00
1.026260721339425253e+00
7.838875722837704840e-01
1.026408327362982043e+00
1.189413315882539957e+00
7.428418004884366210e-01
1.236220424402908913e+00
2.223972690226239557e+00
1.609562613165552269e+00
6.764674610547072309e-01
1.290816365011011824e+00
1.050507213579707555e+00
2.726569425773988087e+00
6.075745811596184875e-01
1.199905383452441132e+00
1.688977531654010988e+00
1.537477387945014984e+00
6.244819525000003813e-01
1.827677257999491767e+00
1.022095938536301984e+00
1.941684084385523867e+00
1.491482551930713552e+00
2.148005532940565843e+00
1.547649486850708911e+00
1.772159036133543308e+00
1.213509611452728842e+00
8.615510791276965730e-01
1.886220441629818056e+00
9.910941299020913364e-01
1.873007997595151686e+00
8.616000420446847663e-01
7.129351935797356710e-01
1.508991982424622735e+00
6.397263130363962658e-01
1.877506523181051490e+00
1.094530878646002625e+00
1.406235641281301740e+00
1.714436071652531535e+00
1.123303533358738671e+00
1.439358793697823602e+00
1.994117621052733824e+00
1.421146085780800483e+00
1.503390928186137510e+00
1.495673117804208641e+00
7.061311568063998179e-01
9.250253966569336184e-01
1.558150323463020293e+00
7.785062970189321474e-01
1.327991578841287268e+00
1.018460705693479351e+00
1.543588526652202475e+00
2.482737457432047989e+00
2.062097810041742640e+00
5.533488374831064815e-01
1.301969346077422651e+00
1.013439926284745107e+00
1.604602563050546271e+00
1.316969395124363285e+00
8.183868597217602847e-01
1.377030739940258819e+00
1.544354809105135562e+00
1.566445484700636381e+00
