1.030807178265626289e+00
1.156172264533707139e+00
5.260641926197099361e-01
3.393627631704799752e-01
1.460350972258403601e+00
1.441627359992453616e+00
9.783385053043296420e-01
7.952924212503703627e-01
1.190701765092474496e+00
1.299020084771155492e+00
1.276026266957982269e+00
8.636384048806442504e-01
1.190756499603362384e+00
1.000418633632224941e+00
3.983477646193501753e-01
9.203691415126482589e-01
1.141633966848074833e+00
7.359388791709755573e-01
8.216560827135963585e-01
1.237744790895206615e+00
4.512362782715743093e-01
1.822413054825815948e+00
1.527500212595569007e+00
9.148245061252615606e-01
1.361367588692186992e+00
9.497267490723555472e-01
7.181806557911812883e-01
1.157361645048988308e+00
9.631889386492327176e-01
1.074999549267000365e+00
1.070510800370150228e+00
1.276327956014016385e+00
1.055458949654834333e+00
8.270980176118754024e-01
9.608961787357249706e-01
1.069716311592327385e+00
1.324419665408969049e+00
1.475082760291314576e+00
1.412032306870353304e+00
1.162732266573373252e+00
1.400444475137206490e+00
1.067867235871008180e+00
7.848690739299797325e-01
1.213178352020249040e+00
1.148288554030921782e+00
9.055361008452911253e-01
1.063893488628713246e+00
1.209843661998381670e+00
1.705581842110628132e+00
1.029437945071419280e+00
1.314472516921302958e+00
1.111301050966760906e+00
1.012221939976559515e+00
1.822521231434063971e+00
8.808586846010778570e-01
1.107269207037189673e+00
9.334021678817944201e-01
9.191926994580522647e-01
6.529282434999916784e-01
3.330350645553208366e-01
1.440093814641987935e+00
1.088352998316205023e+00
6.702228977490808370e-01
1.562160755213840124e+00
6.792511853752467577e-01
4.635016518402076402e-01
8.226416669920348923e-01
1.634295764741515056e+00
9.720316033925348043e-01
1.330819676085469139e+00
1.044709802295045842e+00
1.016432584213571966e+00
1.549733857171240237e+00
7.998231282303583933e-01
1.297554289403253458e+00
8.908169221356619927e-01
1.172796571937046561e+00
1.213535098276044222e+00
1.306762526095420762e+00
1.182740460149865225e+00
1.340839231448003543e+00
4.201214760934233183e-01
9.252430304426972896e-01
6.197745008880264361e-01
1.893902583206401591e+00
9.873498822486438398e-01
9.368300183840934103e-01
1.061267069687056086e+00
8.109506761617885084e-01
9.981616823751888745e-01
1.525147688372861632e+00
1.953721296916717254e+00
1.215697687022130546e+00
5.212079072868777141e-01
9.314575375279432468e-01
1.418055371799016973e+00
5.339644100339170363e-01
6.198372552136978131e-01
1.890362416002048906e+00
1.344096349169732418e+00
5.716148737466788532e-01
1.343337382837964444e+00
7.556623595507958591e-01
1.292072880593893025e+00
2.028012075473572651e+00
9.152721949711970506e-01
9.384003879143353322e-01
1.597676470129170578e+00
8.479388970239710721e-01
1.696320204967378009e+00
8.859091364031188576e-01
1.457501763615028478e+00
1.315076690998087550e+00
1.746428815584308625e+00
5.609009650395011537e-01
1.180333270786755095e+00
1.310950745771633175e+00
5.728940618906804838e-01
8.463771685062885242e-01
1.860110013305208421e+00
9.968583552250432911e-01
8.340326868391718662e-01
1.017902548551236519e+00
5.855246070839391637e-01
7.573096817520453827e-01
1.620349817011459859e+00
4.995042633969450918e-01
1.297733415281941083e+00
3.679230520741318400e-01
2.184256877577212652e+00
1.204833160394220393e+00
6.069193652731544875e-01
1.001505132069655524e+00
9.564524866978445505e-01
9.817811868426458144e-01
8.844182789391293875e-01
1.268575157014117938e+00
4.225792392555567378e-01
4.105265169663794289e-01
1.539459911586711804e+00
8.781601506856133721e-01
8.985184227793864276e-01
1.638113263021508725e+00
1.027150138917521494e+00
9.092198824609919461e-01
6.740552077182210278e-01
1.858374799068245098e+00
1.011388858305468430e+00
1.045753267913305695e+00
8.482607343143847567e-01
9.265432632244287037e-01
1.055952322148466127e+00
2.960663006330490621e-01
1.130281572325808170e+00
1.782999016552574867e+00
1.228479644506353496e+00
8.846723105735970760e-01
9.401406215699000812e-01
5.306954293970614911e-01
8.060877836030057031e-01
8.474457667599388788e-01
8.461468793476584205e-01
7.416095476574914303e-01
1.064676860320213914e+00
1.293123820325461804e+00
2.238617268007082828e+00
1.443490391558718944e+00
9.261195750510867741e-01
1.213570255000768094e+00
1.324917807568366745e+00
1.467149496780132623e+00
6.123038657990267364e-01
1.267274754931925429e+00
5.869326235254999080e-01
1.581802785855516591e+00
9.447240689299724048e-01
9.495066856338756356e-01
9.788334441926730412e-01
9.878453017856833052e-01
1.140796085483546829e+00
8.342884405664283687e-01
1.035909846702127490e+00
9.017207318252525861e-01
1.692786514982768775e+00
8.251995905863696024e-01
9.677155808404195314e-01
1.159961420564078471e+00
8.115073515662153403e-01
7.532620259057383194e-01
1.062598526671399979e+00
8.259922163047369592e-01
2.025920518080960075e+00
1.529367431935656496e+00
6.049610392955567795e-01
1.224466370615958866e+00
1.794344562579978541e+00
6.780061938210315553e-01
5.634063926917497467e-01
7.580854819922294707e-01
1.249236280827425771e+00
7.196337782251729376e-01
8.859623163468404172e-01
1.039935438786815824e+00
1.132280259319562665e+00
4.986828475704034869e-01
1.604395285158419115e+00
1.252110227691368705e+00
1.640863218064944284e+00
2.601135384213569601e+00
1.529736534799991610e+00
1.120309430983116084e+00
7.213926027661324847e-01
1.305867101558169097e+00
2.248767434672964249e+00
1.533065791502012276e+00
9.537446248863874487e-01
1.349848975672549356e+00
8.815545820997515714e-01
1.532919866727499247e+00
1.689529945772052510e+00
1.817505569245842167e+00
1.155276253819187193e+00
1.242937003474829050e+00
9.653317296045933471e-01
8.998377484364785683e-01
7.526016803274067080e-01
1.330693535598735266e+00
1.220655168377547950e+00
8.880376381776343697e-01
6.458029664401895298e-01
1.629292008573303807e+00
1.752044041958785048e+00
1.125188319623089184e+00
1.222301395425521076e+00
5.536259731600130518e-01
1.743832287916983192e+00
8.558945938959887645e-01
6.716466535413944117e-01
4.905966175988085709e-01
1.423686319950892898e+00
4.936624536451737488e-01
7.649613243090328529e-01
8.470669131739884117e-01
1.651975312171154897e+00
1.448742434356258268e+00
1.772882067038203946e+00
1.276920738661408761e+00
1.931614575201613837e+00
4.345846027096833541e-01
1.138521765804464181e+00
1.374741793194046879e+00
7.413904593847241431e-01
1.754920815240431642e+00
1.270435192655843482e+00
1.875946976953180911e+00
5.184499649072555894e-01
1.507170098790110657e+00
1.556348852544836570e+00
1.099920230937407428e+00
1.691978737925504905e+00
9.001150199045784284e-01
1.360347537336724644e+00
1.150323769594784995e+00
1.006262217736307196e+00
1.560473563850056644e+00
1.397649532299922948e+00
6.984862478846521894e-01
1.192008026300995116e+00
7.331898482231591352e-01
1.273388726410197735e+00
1.195509292627761733e+00
1.212865028141778101e+00
1.270275553483198205e+00
8.353474482277656321e-01
1.075874616790178706e+00
6.706680725075622185e-01
8.918064834847834188e-01
1.206091924072013599e+00
1.125549478808540504e+00
1.534527230821221000e+00
1.095600356610913595e+00
8.800923299271623534e-01
1.518230348345628311e+00
1.032962659578144260e+00
2.894899088429920830e-01
8.018748122243648524e-01
1.345806806589162186e+00
6.454902683517071971e-01
9.264534539345620212e-01
9.371104758811749091e-01
1.036923570694907815e+00
8.748050152418563874e-01
1.076062535155283051e+00
4.887383914295639897e-01
1.111038837231295595e+00
9.801059502690745440e-01
1.359694230285667160e+00
1.005058779244309752e+00
1.135839652435064240e+00
1.524056135063193818e+00
