1.596182597923174740e+01
1.477838423289256831e+01
1.670929262129221016e+01
1.458898263961842900e+01
1.578529887460782177e+01
1.444266135543944252e+01
1.623836322326090098e+01
1.454802629955306692e+01
1.483123318083653253e+01
1.445536943054898238e+01
1.455392859974934971e+01
1.427239429073746280e+01
1.534247355751208808e+01
1.513302320172859972e+01
1.481012119055220744e+01
1.507262906153956550e+01
1.540616762340362911e+01
1.537928839052249863e+01
1.492638508060098879e+01
1.520372256572358438e+01
1.606187571669559588e+01
1.524269938486619758e+01
1.321776704327806584e+01
1.426983883044755963e+01
1.492367376824023140e+01
1.511061742789108742e+01
1.552442435220855010e+01
1.561606533110308348e+01
1.582546874332663300e+01
1.519406170728871786e+01
1.554925760484598740e+01
1.500111754096996641e+01
1.506108749006671843e+01
1.376605365869423991e+01
1.410316782364080623e+01
1.551142225660231055e+01
1.314227173370634105e+01
1.352625993778734603e+01
1.510422424668098174e+01
1.436420248333991800e+01
1.423982969173582624e+01
1.486847122139543664e+01
1.651163748942321874e+01
1.474811659845162204e+01
1.497610713850908226e+01
1.423067721120528795e+01
1.522369590901028857e+01
1.577284877731244883e+01
1.517280904630706040e+01
1.538127745165663995e+01
1.436200195495614196e+01
1.371577049320991826e+01
1.480920749282937443e+01
1.497896268478208626e+01
1.445675674151729417e+01
1.606871614068235843e+01
1.539846233635299910e+01
1.551851239303777064e+01
1.507887015424100063e+01
1.429004711288090057e+01
1.448134667233112260e+01
1.504486287157924096e+01
1.384176927087928277e+01
1.547060294593558005e+01
1.454398566664217185e+01
1.380923725102283051e+01
1.515366906648537615e+01
1.481225354254421056e+01
1.621233570597163265e+01
1.467160299312462968e+01
1.488575492142139467e+01
1.589705956884436233e+01
1.569576527570710311e+01
1.526564671938589868e+01
1.556332769696745721e+01
1.458477000926315092e+01
1.519141229969717521e+01
1.529346127536886790e+01
1.354471553516678206e+01
1.531680769719082846e+01
1.507227571044990810e+01
1.518472529678614968e+01
1.429765312716349435e+01
1.474977430776922738e+01
1.427310212756837693e+01
1.444383925850652339e+01
1.504458086132443384e+01
1.450221378949979645e+01
1.428782763603087780e+01
1.521915179961867892e+01
1.579446082044792554e+01
1.415989988245995868e+01
1.430013903795404140e+01
1.514826339852017867e+01
1.670104389935312739e+01
1.533239707355324200e+01
1.395339125990163076e+01
1.431220693673595079e+01
1.453532218214990301e+01
1.497660556071773286e+01
1.467124695851721050e+01
1.454015455444567273e+01
1.438615257963195049e+01
1.500420168103847907e+01
1.522805487826125237e+01
1.577677607146139138e+01
1.474765505837698676e+01
1.451852984469544694e+01
1.387936246619729097e+01
1.557482265050279935e+01
1.474672302758148845e+01
1.507994351344773776e+01
1.350701432869533924e+01
1.591356032662340603e+01
1.439613417745258772e+01
1.476997467806472564e+01
1.483071204822483047e+01
1.449008489199504268e+01
1.379897721845051350e+01
1.498901001643147701e+01
1.466097263754103608e+01
1.600345436755925732e+01
1.420416836467677690e+01
1.405033748000032112e+01
1.444263358868117741e+01
1.554638232952486021e+01
1.464256861179032398e+01
1.543175763728568661e+01
1.506143755953287666e+01
1.445368933338235529e+01
1.337994380236354175e+01
1.469900784727620113e+01
1.476271335959677167e+01
1.467049782812101988e+01
1.582900191637187248e+01
1.492864118385735672e+01
1.499191783325405680e+01
1.555509473421555278e+01
1.525384751920512549e+01
1.602905165958338429e+01
1.469635727147438509e+01
1.395605662123223212e+01
1.494971071461653445e+01
1.352675611454470328e+01
1.513671320819935140e+01
1.562744747089854513e+01
1.542930624321142830e+01
1.470794432862455103e+01
1.472997127564076614e+01
1.485219814803490479e+01
1.531096544690886496e+01
1.544190691224215151e+01
1.443078756745802060e+01
1.555088425970116184e+01
1.471285340491055216e+01
1.518070352269113599e+01
1.508958125540578976e+01
1.573369137204723955e+01
1.562274102089813965e+01
1.610236829924511781e+01
1.609962350507703022e+01
1.504258483821514503e+01
1.444821640606729218e+01
1.487025855745869585e+01
1.403672699373143118e+01
1.505161166578358234e+01
1.528794653215213728e+01
1.498439227606271551e+01
1.476834356412473603e+01
1.434635551646201534e+01
1.338269204325778006e+01
1.575172553098744821e+01
1.528071035938698863e+01
1.620699838833375850e+01
1.500027324349406399e+01
1.490535655232879542e+01
1.524972418318820466e+01
1.566302643956138496e+01
1.385778788770909564e+01
1.550147880689058866e+01
1.381241653488920562e+01
1.455977392437894302e+01
1.451717337303033695e+01
1.442817348170783731e+01
1.563186004280552055e+01
1.508883871503383567e+01
1.618886831163857210e+01
1.543574283243735579e+01
1.477357646106288591e+01
1.444641810634451495e+01
1.409007374376505162e+01
1.462799636386596269e+01
1.450582862349087776e+01
1.434187948711102223e+01
1.489687336281490104e+01
1.552261516811508102e+01
1.496402230573671410e+01
1.581083568576520904e+01
1.465456184092290215e+01
1.585074035097091993e+01
1.570902888755751370e+01
1.480891786809358024e+01
1.431884520074095590e+01
1.456943788700924536e+01
1.515012070794230681e+01
1.484548296553299984e+01
1.537210650361604891e+01
1.583596435444476391e+01
1.513134318316908988e+01
1.564311070045776475e+01
1.479530492468015979e+01
1.471916679655659621e+01
1.468874358186585738e+01
1.497782075434603755e+01
1.343000063505483332e+01
1.521148195787952417e+01
1.394222158682232582e+01
1.489798011472691641e+01
1.593867365961960658e+01
1.445419654470754800e+01
1.595558709315857548e+01
1.676189979404384900e+01
1.445278171460398653e+01
1.588256528963524161e+01
1.522425860648644047e+01
1.529574537950289681e+01
1.410165256650139298e+01
1.483689603366107335e+01
1.279781293386742469e+01
1.468470600087838385e+01
1.335718940182498748e+01
1.453222883919894315e+01
1.455954987179773674e+01
1.421647757134859980e+01
1.505317257239549100e+01
1.608600122831774826e+01
1.606236727961113431e+01
1.510027858644195931e+01
1.502312752028527143e+01
1.485628247928923429e+01
1.470277301439024242e+01
1.542966211271937382e+01
1.560005544889041040e+01
1.367991944730142428e+01
1.491468681681199193e+01
1.559482442662894464e+01
1.413199599683657759e+01
1.568917236422698380e+01
1.450988615787198022e+01
1.467008773971614133e+01
1.550830272892944883e+01
1.462290489043707709e+01
1.448332548059484459e+01
1.462781952918464157e+01
1.625595751363136543e+01
1.424971640184045185e+01
1.413833465114791110e+01
1.519001387010028736e+01
1.467558497816852103e+01
1.521314292432743542e+01
1.390376623097368558e+01
1.387806203352196022e+01
1.472076766264739511e+01
1.634395385163352898e+01
1.469029255793818578e+01
1.486117541153328681e+01
1.540061094051991297e+01
1.332935764366536624e+01
1.647941870741434300e+01
1.542748881785780668e+01
1.340177310126030541e+01
1.425082940520579911e+01
1.397737457598911703e+01
1.602179229668034921e+01
1.423597065363946790e+01
1.550856032353629210e+01
1.517650038782701571e+01
1.489037733263771557e+01
1.568576357897836893e+01
1.540159148830368885e+01
1.644954959982526788e+01
1.487744236647171903e+01
1.512542820439346869e+01
1.360985709923520837e+01
1.590925709576469238e+01
1.490688306885181369e+01
1.451557762019846187e+01
1.501077461870683116e+01
1.476522194627499118e+01
1.529641740646000869e+01
1.650192576695885904e+01
1.588313193738544271e+01
1.444505493260285078e+01
1.482510246271947274e+01
1.546844515576880319e+01
1.444071296438400864e+01
1.528982440078969418e+01
1.506675142751817020e+01
1.475130015274654127e+01
1.553131952201103338e+01
