3.810439169070379828e-01
5.420844839566857365e-01
2.072817447296720905e-01
1.320946534173913223e-01
2.389859757200866186e-01
2.913330950817638043e-01
1.612903177099939689e-01
1.945294555818874171e-01
3.200450900144877209e-01
2.492500027797655837e-01
2.198438698336160069e-01
2.358936046644464490e-01
3.473431258158731216e-01
3.286141003003201222e-01
2.891426947610874487e-01
4.227545621682433086e-01
3.641980855201664702e-01
2.444947454399923059e-01
3.766123567723105303e-01
2.469589642191420686e-01
3.528169237014505133e-01
2.009540596463372519e-01
1.382129953430730751e-01
2.335128748071789440e-01
2.659758407548116210e-01
3.183619169307019270e-01
3.835110866784064987e-01
2.279381920735742695e-01
1.015273029372558838e-01
3.776303303924656851e-01
3.812434481136506847e-01
3.268119653029594174e-01
2.172828056827995347e-01
2.495965153320131025e-01
5.498960695034460500e-01
1.813802593972905497e-01
8.672050700874309737e-01
7.368857114484592685e-01
2.571276858933591591e-01
2.008951596682176099e-01
3.225921994107002755e-01
2.617286414982484821e-01
3.927652977570311732e-01
3.856046774500188068e-01
2.020532430681682701e-01
2.056927035765829526e-01
2.527931272489444270e-01
3.839198808967463905e-01
1.476106992376069460e-01
3.667184426825915722e-01
1.286277243251244817e-01
2.188444856196786470e-01
4.963340322149711881e-01
3.621973513824360280e-01
4.090636480991223234e-01
3.949497464035633953e-01
5.209455798871216459e-01
2.287644225138195930e-01
4.070497716152456369e-01
4.925051136489259074e-01
2.091427947176489333e-01
2.215159041899696923e-01
6.225842588599278526e-01
3.164877715574406780e-01
1.809554106620172020e-01
4.371380144644390064e-01
1.340379629515123794e-01
3.812067484018740737e-01
3.700629132970436608e-01
3.003949380235128030e-01
3.658955314854088203e-01
1.524724903736530413e-01
4.344875224779216061e-01
1.983425327635688351e-01
2.551186388296400320e-01
1.949928168701515196e-01
4.872011805972685794e-01
3.221900117446687140e-01
3.292961409944802353e-01
2.192080754722163516e-01
3.247381946817025078e-01
4.327685815698411043e-01
1.552925417024149934e-01
6.170605047763372264e-01
2.300478202990989540e-01
3.799162170276727535e-01
2.242178407925273231e-01
3.773460419735162330e-01
1.441514157932601847e-01
1.448741151238556457e-01
2.370651060749556782e-01
4.586952639898910222e-01
1.233827246495022290e-01
2.612351309979826786e-01
2.075632959641423025e-01
2.061961053247974018e-01
3.297810990104279028e-01
2.518345020151431801e-01
2.266733983382356321e-01
5.418400741424146405e-01
3.925404738225550250e-01
3.614204263199431444e-01
3.472357233368388862e-01
1.967374911810295113e-01
3.309425274121627902e-01
1.318917363920914521e-01
3.206745429078978193e-01
1.467540567201568447e-01
3.551617054541406637e-01
2.305513219705157546e-01
2.363658738287849614e-01
3.915586075093546170e-01
3.972531206238750778e-01
2.060275593047946885e-01
4.385479477283055760e-01
3.629667705402499500e-01
2.039218893704736468e-01
2.015138125710164152e-01
1.528441098145781607e-01
1.384434923404784523e-01
2.109334451946090760e-01
3.747050090430459890e-01
4.647049748824940707e-01
2.033958489631348954e-01
2.638586373758750603e-01
3.054833576433914621e-01
3.173538886295788619e-01
3.995937923774661726e-01
3.473488658375263327e-01
4.754278837847737416e-01
3.329697430780197420e-01
1.510525631652106238e-01
1.039868331621816300e-01
2.040401062013955102e-01
2.329640000421957235e-01
3.038301118295411718e-01
2.464508868742174841e-01
1.952440642796079429e-01
1.818110454560383782e-01
2.443985301433176383e-01
2.887263173974922714e-01
3.121268501889873370e-01
3.435538164574291065e-01
3.459789178697297851e-01
3.651438521824088013e-01
1.624824135483408649e-01
2.344823670174530084e-01
2.213647786965527442e-01
3.279679247661781982e-01
2.085045250850582621e-01
2.015906067180062433e-01
3.600899775448412332e-01
1.894836574226029802e-01
1.675448736371269176e-01
3.226550135094373162e-01
3.433287659090311084e-01
5.174417580092998126e-01
4.338553005696744735e-01
3.580956666665710553e-01
2.045142797549539537e-01
3.327658857436094353e-01
2.040088648298632734e-01
1.634567378243193536e-01
1.230288832728310133e-01
8.307513140068742974e-01
9.110338247801383349e-02
4.330180198547532444e-01
2.235006749772016077e-01
2.105070577472453464e-01
2.232268384357328495e-01
2.383410277322519089e-01
2.298844089626673193e-01
5.045744944026325784e-01
2.076633743204921168e-01
2.326122232083899788e-01
2.947190119284927023e-01
8.886291372125495469e-01
2.027775332623752702e-01
2.367735169300821951e-01
2.856948415688567722e-01
2.309577222829536647e-01
3.631975185886476276e-01
2.775048250685382967e-01
4.179738891564470649e-01
7.911766203734502678e-01
2.717768416311622803e-01
2.571567965122279475e-01
2.683711769153334648e-01
2.638681833320987713e-01
1.897621989192458669e-01
1.306665360351924876e-01
3.166499374057313299e-01
3.559371035127166794e-01
3.376902353866885753e-01
2.513226253425577816e-01
3.202950022996383650e-01
5.536975004532150857e-01
2.361248927642930762e-01
1.316058255739412930e-01
3.348006862610086176e-01
2.875640683522645014e-01
2.937816177154899400e-01
4.406988822342637335e-01
2.816463109089487049e-01
1.509164443617534435e-01
1.972196427271832586e-01
2.714334938298062494e-01
4.363335895483486659e-01
2.274150525683143742e-01
2.022600026285796826e-01
2.727123700184466704e-01
2.601859070068080482e-01
3.282795114423137095e-01
5.493308219534859260e-01
2.108150359509035621e-01
2.416441754663597452e-01
2.835579009638148351e-01
3.414248451916125360e-01
1.585708781159720637e-01
1.254516784067522261e-01
5.175215811705727864e-01
4.513174318037108113e-01
1.677908379984086318e-01
3.112151862592344997e-01
5.650795334433208472e-01
2.027296167872978394e-01
2.348110103829774142e-01
5.796310651181049156e-01
5.692764151089539926e-01
4.584419533029376326e-01
3.628791560885997192e-01
2.321228359022367294e-01
2.885531981514550814e-01
2.134608992190250853e-01
4.092677412789696989e-01
7.696849284902396171e-01
2.853779309998937253e-01
5.400764654426960520e-01
3.271366530812004347e-01
1.797875986000742610e-01
2.057200044259314409e-01
4.867624050538813529e-01
3.157650551978494757e-01
2.205432106069836751e-01
2.886064597069704085e-01
4.284910312776286645e-01
2.625757884675130605e-01
5.881523713211724846e-01
2.968360832010291106e-01
3.942442055480589458e-01
6.745825274088477208e-01
4.721557133063354339e-01
2.327916342273625705e-01
2.253436730945015676e-01
4.013061605377231666e-01
6.174963666751454028e-01
2.376971327184115301e-01
4.531389033969725477e-01
1.890957759172612329e-01
3.083332327387914296e-01
2.108515114726943473e-01
3.041833392551401838e-01
3.882320503917258692e-01
2.408513755387543809e-01
2.691906185711483990e-01
1.728093833196038820e-01
2.399578403986490915e-01
3.642742176865296777e-01
3.382080150329601076e-01
2.508703232099551705e-01
3.319549704811441959e-01
4.057392724406911899e-01
1.818077722825945930e-01
4.147863322607023284e-01
4.139923516305827889e-01
2.807729390654397639e-01
1.476523277906544029e-01
2.567675247067094380e-01
1.839806962050438144e-01
1.737842468293390730e-01
2.192572344345678492e-01
2.061896204807610322e-01
2.737605643479605333e-01
1.580370158988760876e-01
2.668435118768440750e-01
2.472266402844892630e-01
2.674157169182216909e-01
6.030728716012652146e-01
3.082748688089116951e-01
2.500595461805017461e-01
1.947819771376614328e-01
2.409032401934035061e-01
2.142836442331281510e-01
5.983876467686259915e-01
5.236259432317852403e-01
3.284793793347570157e-01
1.456347721756333091e-01
2.635966737607485233e-01
2.503562145720556464e-01
3.339157987443479580e-01
3.882922336437351074e-01
2.499697641826259253e-01
3.147340903348921359e-01
5.092005877908702960e-01
6.078574387859256856e-01
5.024940138623440467e-01
1.085080500304708817e+00
4.257248619710011783e-01
3.166324127431354163e-01
2.094234246202723859e-01
2.389683307405568446e-01
2.863558322428535474e-01
3.029767436372723388e-01
3.492700918376382968e-01
7.365071420786352130e-01
1.719208611677536525e-01
2.504419480316762980e-01
2.046046354371775233e-01
2.328278833405703907e-01
2.155139612401499594e-01
7.839228656499485082e-01
4.813019641742502519e-01
4.394029233302831350e-01
1.274201765101237449e-01
1.757239351237427083e-01
4.616987278549929408e-01
3.816536229527818236e-01
3.505761039075004359e-01
4.729399359513593581e-01
1.675872677861037496e-01
3.206809813003283494e-01
3.811172203932492453e-01
1.466845664620167189e-01
5.656996724410604527e-01
8.950442081358942481e-01
2.187796544088451423e-01
1.734131879418312483e-01
2.548219912314032554e-01
3.591766775633133957e-01
2.928414865316849580e-01
4.615035839231783621e-01
3.882134272116496976e-01
3.379344110725937544e-01
3.148258030752927872e-01
1.900533202704772773e-01
4.906881068262590184e-01
1.626886267736791791e-01
3.467814701517503706e-01
2.930038332088792385e-01
4.841504231550239346e-01
2.157037978865892491e-01
2.487143801505163343e-01
3.464076811672342493e-01
2.705397017450384411e-01
1.414752921509501160e-01
1.189475576325504519e-01
3.038927783695474782e-01
2.237471254895483652e-01
4.907240310155070451e-01
3.221260765116242819e-01
3.156568326432160898e-01
2.665037537298827752e-01
3.711025508771129688e-01
2.680669448632616580e-01
2.267185288718039649e-01
1.007104620521612065e-01
2.326917722314319481e-01
3.963894636830656570e-01
3.539874789357206342e-01
3.755099725531841348e-01
2.576785956060871907e-01
3.610912098280401605e-01
1.914906744626218849e-01
5.253547284536804751e-01
5.662620297119470569e-01
3.140500527299267541e-01
2.269314514155669205e-01
4.890284392459713914e-01
2.301381936841154219e-01
1.642337944274804840e-01
3.711297990141737557e-01
2.756322007286959863e-01
4.711432012414043524e-01
3.502354679607321830e-01
4.403279893839110448e-01
2.317861513909143523e-01
2.164022950589245819e-01
3.340096978442897990e-01
4.362486653045609120e-01
3.824631615877979174e-01
3.158122891750755890e-01
3.239689536139653825e-01
1.616074135265026246e-01
2.320012977304705681e-01
1.680706204166295403e-01
5.242723326563155650e-01
2.688762864902078942e-01
3.221471206721298608e-01
3.220101313049923974e-01
1.767271565174667047e-01
4.305657981158151348e-01
5.410726146179627438e-01
3.107820920120582531e-01
2.470903455044710373e-01
2.469838592221097473e-01
1.655896564877346877e-01
2.188525246479921249e-01
5.118901908800070899e-01
2.441607922815799137e-01
6.088954991921129434e-01
1.621144224234462028e-01
1.433157379985977864e-01
4.279041165679768888e-01
2.514345969394237157e-01
3.504456352678173015e-01
2.716584261328133798e-01
5.400397149176824341e-01
3.356007289410296579e-01
4.287992021083723571e-01
3.077935727780196640e-01
1.842490143434023231e-01
3.099096432486827535e-01
3.297310443717178519e-01
2.767208119213718787e-01
5.304121161285084707e-01
3.477446746661430610e-01
4.404074585735986425e-01
2.367355470010051310e-01
4.042776791330295882e-01
2.084476518466811257e-01
4.586031040498118605e-01
2.774865791512056146e-01
2.878595124516196702e-01
2.211869670473046723e-01
3.322528174091765041e-01
2.282592780014332523e-01
2.999598026678477747e-01
3.141109867298410574e-01
3.793207885929285039e-01
6.525728789944339470e-01
2.818064299603901257e-01
3.445252596985358129e-01
2.917540756864818174e-01
5.173839596564034915e-01
2.437919240116322439e-01
1.663791248018482716e-01
7.866454686945283103e-02
3.794528505682297492e-01
5.947559878669534950e-01
2.313591483274000937e-01
1.363596531567814185e-01
2.449196327863618072e-01
2.628435864054615156e-01
2.506566792964604606e-01
4.632373330927822552e-01
1.892360394743185792e-01
3.160993509575016902e-01
1.221991046168796335e-01
2.044732237201787040e-01
4.333966914857770858e-01
3.137334562178657471e-01
3.464245182056844841e-01
1.374884580249201294e-01
8.207437052166451918e-01
3.143274281971868978e-01
2.690754149148175123e-01
3.541050011723553825e-01
5.644106820615201192e-01
4.318829339556767843e-01
7.266238151488013663e-02
3.486194967215038854e-01
2.091257648452319318e-01
2.493752294583465035e-01
3.025481722161320053e-01
4.343089298122223552e-01
4.096079164796821992e-01
2.097095600128174864e-01
4.184231203330761040e-01
4.088613730875261254e-01
3.138461542207523491e-01
2.889491758845960656e-01
3.304133566462137406e-01
1.501191340088892934e-01
2.367794313902981951e-01
2.200118031905481941e-01
2.299001265889691337e-01
2.987041553079534117e-01
3.671657713484669516e-01
2.175235189916839840e-01
1.995858683412895795e-01
1.660606213443702461e-01
7.515780882248955796e-01
3.213152752899904319e-01
4.080737461567096602e-01
3.400770629509402565e-01
2.091416252376307461e-01
2.916415170171985927e-01
3.778384980899084367e-01
2.214638852542491765e-01
2.869204676809888888e-01
