5.910747622267562562e-01
3.262481056654488731e-01
4.791323805214792730e-01
6.190422422898179677e-01
5.117241912948926608e-01
4.367067514838724462e-01
2.522762440806894935e-01
4.286429415265148313e-01
1.967756437218912413e-01
5.357530521622184683e-01
7.528500566555853535e-01
3.791507807431070409e-01
6.272165588847606887e-01
1.584500576407294192e-01
4.453887864532377061e-01
3.805899998696317676e-01
3.238681265116766794e-01
2.243744216319904228e-01
2.286186699661597044e-01
6.334427856246029886e-01
3.554130122004088288e-01
5.255018472476541413e-01
6.808523751321388096e-01
2.316865516439245154e-01
5.987426410815107625e-01
3.844117358683737939e-01
2.941828973239057343e-01
3.771994998965049195e-01
2.388501757721693819e-01
2.626805433038728044e-01
3.233659353875005249e-01
4.545116110698085854e-01
2.165913513474337637e-01
1.870421738781493093e-01
1.733691339572275558e-01
4.856851725941407905e-01
2.396376184065832915e-01
2.696097868237816164e-01
1.100555878567736345e-01
2.068064414487269242e-01
7.001173498572664800e-01
2.715247387506874999e-01
4.790889653351739219e-01
4.721781018012959352e-01
3.269106579513922362e-01
5.827274689014442233e-01
3.233358204029059269e-01
2.827230071095981345e-01
3.190786419022011433e-01
2.346646301449271110e-01
4.354420014422563101e-01
1.714216500219203076e-01
1.915065071353965198e-01
5.311543224010154551e-01
1.666713626460357978e-01
5.633055956063096614e-01
5.883695670570713299e-01
2.685989332714037170e-01
5.885125079804879311e-01
1.812910806516077333e-01
4.623860008369672925e-01
4.902827556862418001e-01
2.398571464134195974e-01
2.886925887938862068e-01
3.106453615677339242e-01
6.633907589269923966e-01
3.449091684018951165e-01
1.735554063349409037e-01
2.672601537920463732e-01
4.800514077222186593e-01
2.338990275933958418e-01
1.594357822899102051e-01
1.355837937730006160e-01
4.235258400579447469e-01
2.654000066525262769e-01
2.965794062343605209e-01
1.576531187526470645e-01
2.864054246123344805e-01
2.295789184149070183e-01
1.876178489207063482e-01
2.458327698675067119e-01
3.948283663284188894e-01
6.226776557440993898e-01
2.367518235846918506e-01
2.702158582919886864e-01
2.364533900430035585e-01
6.275900963604841287e-01
3.664933993528258216e-01
4.427198827253019942e-01
3.197376969290894322e-01
6.242849267429816384e-01
1.162237343614755392e-01
1.766684672667243605e-01
2.191847845655511828e-01
2.111168605240206775e-01
4.051928041464499253e-01
2.984526764227258822e-01
2.799242976524568549e-01
1.732942658449158624e-01
4.527780530090987909e-01
3.019546564852262360e-01
5.154514528062318357e-01
4.257134370375330046e-01
3.724689723923116924e-01
4.852830066301981882e-01
1.220768837658382788e-01
2.338407911868057298e-01
2.044511476933641991e-01
6.917969383742599288e-01
2.796159767638659033e-01
3.025174068253578263e-01
2.989452132652656857e-01
2.219088034464102022e-01
2.732601697194765866e-01
2.344825971718684232e-01
1.470401427475673262e-01
3.939749618773726869e-01
3.194580166002489729e-01
1.409559418598707869e-01
4.172448528371827114e-01
3.302716308410064139e-01
6.066983099969464055e-01
4.021515923404851423e-01
3.439324970156888428e-01
2.483215363111480611e-01
2.139454138480540724e-01
1.708145819751597516e-01
3.792485379888714259e-01
2.807051199868561553e-01
4.662421005498198490e-01
7.612057697503341047e-02
3.239024180019772214e-01
2.103914789710760735e-01
3.280867391068817418e-01
2.771207153938012313e-01
2.028446071093739644e-01
1.553644521160682523e-01
3.382439909705738379e-01
1.619741465573479866e-01
4.391536419632081634e-01
2.722956725963237568e-01
2.956012563414970873e-01
2.990464865047987586e-01
1.952069801307059760e-01
2.447938351447146166e-01
5.188752046018376696e-01
4.735506349093055456e-01
1.215419033370717938e-01
3.034313175822072051e-01
4.079896732014683391e-01
2.672833049866552568e-01
2.199365135057527454e-01
1.350791855645989969e-01
1.006439552776876994e-01
2.374577055330417685e-01
2.610266290618954987e-01
3.995679486950624582e-01
6.663487222089856665e-01
3.024748160238049377e-01
1.992948088645083438e-01
2.668047127873667823e-01
4.465735992363875084e-01
1.660797482478433007e-01
2.549545616577025275e-01
1.599447506101318583e-01
1.989857314905177921e-01
2.207696175042931919e-01
4.797107946509910348e-01
2.834312526844621205e-01
4.681558043727188090e-01
3.223160648551008367e-01
4.566520832199973401e-01
2.378177356202127724e-01
1.382400354964032629e-01
2.265293911326170251e-01
6.525255802509052350e-01
5.456448541004874642e-01
7.017081687868674811e-01
2.021804723054517750e-01
3.127907953862011925e-01
5.026470376428763265e-01
3.702252975622775111e-01
1.640992211166725223e-01
2.959461236677703999e-01
2.320922058676574695e-01
4.566481826303548375e-01
1.641600489872676039e-01
2.072591163080574062e-01
7.767072544939129797e-02
3.187141846719552807e-01
1.010304608109230617e+00
3.518453277748844754e-01
5.640711402090456961e-01
3.863341172350569508e-01
2.353228293130175119e-01
3.723388329314001322e-01
1.694565474163235996e-01
3.104369811430257031e-01
4.602102442164858753e-01
4.294445892846349144e-01
2.121184216386367560e-01
2.821366847181984716e-01
4.185975378257987267e-01
1.044614926843861757e-01
1.562742961172794154e-01
2.614558353674810709e-01
1.929310982177307454e-01
2.125723122409196586e-01
3.280396303657086565e-01
2.302427062198047492e-01
3.776597801923136100e-01
4.128712508461204744e-01
5.563321371882991029e-01
3.720451582344169172e-01
3.117875170188404432e-01
3.746058618456509226e-01
8.532034621257565954e-01
2.031962669625612672e-01
3.201558662979470671e-01
2.269571064534781635e-01
1.458941724233661918e-01
4.029840294522420985e-01
4.008328313579828106e-01
3.801398759977037134e-01
1.502110174461313008e-01
2.325267541654099934e-01
3.336107252556609892e-01
3.009049433052354838e-01
3.311027159450771751e-01
2.606282625036677736e-01
2.214096601702270073e-01
2.950929056790398963e-01
3.026362470300651974e-01
3.725423003983688308e-01
3.508574225099548305e-01
2.864827606478898558e-01
2.162636080322109799e-01
5.243344077015263949e-01
3.341597435261219884e-01
9.255159171020341802e-01
6.037846150524983635e-01
3.722577160318888967e-01
3.803303018786419742e-01
3.006922974473172361e-01
3.362520407548434953e-01
2.663846802849054729e-01
3.524481636287524200e-01
3.462140150677916473e-01
4.007235230824435224e-01
4.775508461670298077e-01
2.223124275959168783e-01
4.845473549316826056e-01
3.289175289436733207e-01
2.849929476769916814e-01
1.871548339351988832e-01
4.177326333731251062e-01
2.775477113566347520e-01
2.480463294562005594e-01
2.623940248857657975e-01
1.862926796537278384e-01
3.458845487756485593e-01
2.936349520522600343e-01
2.818599222329121190e-01
5.618620132030298642e-01
4.127592499932232206e-01
2.654054112344263472e-01
1.653809136360732401e-01
1.924599773465749120e-01
2.878809057791589798e-01
2.777744404645844933e-01
1.474181267938675099e-01
3.482005410242094978e-01
3.413667245700938713e-01
8.999629158837260667e-02
4.296738037856666081e-01
2.250213903447165764e-01
4.495729162171716031e-01
1.517822495623223633e-01
2.727325873508122389e-01
2.375586900372531896e-01
3.111919451163887018e-01
4.427018744456665544e-01
2.721318902199768019e-01
4.295331845045899377e-01
3.859325349044773756e-01
3.402734470776735409e-01
3.886613531098079832e-01
1.855068861155802218e-01
2.324999480542225827e-01
1.827744232714940964e-01
2.550851035900155162e-01
5.779791115243273492e-01
3.101987988826570009e-01
3.678620358171194593e-01
2.763810423964127017e-01
2.274283373017222942e-01
2.130804778079592177e-01
1.603427407027969709e-01
7.100411442277557716e-01
2.560719722691695011e-01
