3.994667222932943407e+00
1.698400531663353474e+00
3.466432294632615374e+00
3.629846237716854329e+00
4.646809543456337011e+00
1.771865398452449503e+00
3.367935291212944993e+00
2.447649500871621253e+00
3.923225077562238816e+00
2.931301338096854003e+00
2.608684111536005990e+00
4.232764259914365113e+00
2.707786679558839449e+00
3.526568691077240914e+00
2.559996699047564661e+00
1.969091166015423333e+00
2.504607802268448147e+00
2.582537858394758690e+00
1.617409248963147306e+00
3.968300257059272695e+00
4.490256308360293325e+00
2.788772517431147957e+00
1.545275453815527111e+00
2.042537194525913424e+00
2.409364062684841823e+00
2.802623388418426398e+00
2.251342571969494166e+00
3.350876835067099435e+00
3.035367022559196659e+00
3.901158279450107624e+00
3.103957110734870906e+00
3.621117211204626152e+00
2.707331956402902584e+00
2.665511401085590037e+00
2.532336006300924591e+00
3.389954486978902004e+00
5.324542110750534185e+00
2.945433022548144653e+00
3.000774263918806639e+00
2.251776593861658959e+00
1.624244574648479711e+00
2.350003256633468318e+00
2.972982068287356228e+00
3.419849623863192800e+00
2.430695789816781804e+00
4.955352176104973694e+00
3.984502397147472230e+00
2.091985520341447025e+00
3.122858531223479339e+00
4.016848429955397926e+00
4.316282503948052351e+00
4.472276412440699289e+00
2.886364631854587692e+00
3.678784032820160643e+00
2.592492791562146515e+00
2.827212688855313072e+00
3.000747225410782981e+00
3.344560191458459286e+00
2.903277748722878915e+00
2.821145426949601909e+00
4.074332239034448300e+00
2.671758728706418839e+00
5.610226312067205789e+00
2.028128596131844041e+00
2.398313972466903810e+00
3.485183544320263227e+00
1.935788098171520311e+00
2.209870991799366635e+00
3.152912373348875974e+00
2.299524226316670639e+00
5.419901444274190183e+00
3.433981518450831771e+00
2.543645231862470268e+00
2.272496064623375389e+00
3.320852851277773077e+00
3.123607471389233226e+00
3.508298510993403507e+00
3.830365815750385927e+00
2.955485657745585026e+00
2.301832168019437130e+00
2.189655108138081729e+00
3.630003571920607186e+00
3.670299443352783797e+00
2.933782818437314699e+00
3.745786654134995786e+00
3.979952273715495537e+00
2.966971349007371472e+00
4.485757404553577743e+00
3.080362262970928633e+00
2.681017852395152889e+00
2.613496850532959659e+00
2.634455011817787184e+00
2.137169945598512477e+00
2.655800484563176411e+00
3.748459312566413182e+00
2.689831320833006689e+00
1.912922961485597151e+00
3.365363354564651743e+00
4.020696157068229581e+00
3.058862812925702279e+00
2.478806687557193467e+00
3.102191942706210348e+00
2.827369067800411973e+00
3.108765255630469682e+00
1.995459032484154349e+00
3.414622578552390930e+00
2.975878917067231733e+00
2.837170664839445688e+00
4.317630653196146362e+00
3.132635551267204388e+00
2.926449722224392147e+00
3.103244654279544434e+00
4.324901521618315314e+00
3.168107501113663904e+00
3.463791230035441426e+00
3.548261560564858641e+00
4.158921157753702857e+00
3.179515929174157485e+00
4.237494607185084305e+00
1.936241534837131573e+00
2.978510561197088791e+00
2.104986266658253058e+00
3.010890786314095902e+00
3.272809820032616557e+00
3.288296671747755529e+00
3.096218146529767345e+00
2.809697051687588321e+00
4.013252333675333183e+00
2.950367339141212408e+00
3.906484359604230239e+00
2.516623550964894651e+00
3.225965375885453401e+00
2.008186712619203007e+00
2.442113131833155037e+00
4.934050599342161725e+00
5.303654451018481097e+00
2.587532137042143798e+00
3.330314552411638651e+00
2.559388889776546439e+00
2.885049675042015149e+00
4.793828781789888360e+00
3.249643408280254775e+00
3.206937925484455665e+00
2.824666880746657505e+00
3.323865991611507642e+00
3.390708922866495278e+00
2.587976224424024974e+00
1.713706192279439655e+00
3.730878211947138201e+00
3.261035753033829643e+00
4.112310688349917420e+00
3.887362743215938110e+00
3.369075180178902951e+00
3.620883419968879746e+00
3.500451283851230944e+00
2.861756499235607265e+00
3.405192626097888642e+00
2.685658699941417371e+00
2.270772159034748050e+00
3.317084597271456214e+00
3.073309553383872572e+00
3.810768851644960264e+00
3.688898777128963857e+00
2.984488446774165471e+00
2.828759463414729947e+00
4.093534322847696139e+00
3.269309461385843996e+00
3.067009722251277104e+00
3.651911426059998078e+00
3.198741851861596430e+00
4.108444127925810818e+00
1.959460473005522507e+00
2.055454838709275034e+00
2.696771782957806174e+00
3.668482115196712634e+00
2.975825638289075759e+00
2.085614956097452843e+00
3.870066716486425307e+00
3.555417342907723377e+00
3.509904729231054787e+00
2.733897819304015098e+00
2.698261887463301534e+00
2.820913915808290540e+00
2.184116859986610759e+00
2.575878050564714528e+00
3.476578725675291803e+00
3.094673477363489411e+00
4.746934928990719449e+00
2.623860229369629149e+00
3.284739533378785659e+00
2.213979067427624514e+00
3.462207195031399287e+00
3.458793201240729864e+00
4.682307929032234917e+00
4.321220588490080949e+00
3.561413482441420086e+00
3.670833321406695049e+00
3.426807582835448951e+00
2.996620222534915001e+00
3.682477529768792834e+00
2.279965543894050040e+00
3.018089452933855110e+00
2.375049214047150858e+00
4.054869441132831653e+00
3.829144265501099653e+00
3.320904995494083689e+00
3.899919059644227470e+00
1.207642383039300160e+00
3.044008274378097845e+00
3.534906688248679707e+00
3.545753707013388656e+00
2.093586436861326838e+00
3.228389488641878025e+00
2.185138257546210827e+00
3.596185775767797299e+00
2.247283287880028180e+00
3.359158646281527272e+00
3.977003082339821916e+00
2.989458956862113492e+00
3.112573072550195885e+00
3.254719128865961153e+00
2.857966842060667201e+00
3.184526773920877130e+00
3.774638001089310801e+00
2.705351191708829983e+00
2.647204442642817845e+00
2.437777177610724877e+00
2.509057578815175660e+00
4.274839183196419867e+00
2.744941978796289206e+00
4.257580973694795823e+00
3.360208901423050953e+00
2.040378176614021211e+00
3.323054522542411515e+00
2.996732115111323758e+00
2.923617145923297578e+00
2.642874788419460330e+00
2.282789811485745446e+00
4.998447546623647320e+00
2.574422151046039442e+00
3.737604144159522246e+00
2.216572493118512455e+00
4.042992535784375896e+00
3.389512908293626392e+00
3.170739729495358983e+00
4.251214688789760388e+00
3.946782486081220842e+00
3.927389851756639683e+00
4.162113057408571848e+00
4.357524532107770021e+00
2.977315229320445233e+00
4.628395407530216055e+00
4.842959978014084399e+00
3.652757262766262780e+00
3.269414240501821833e+00
4.417800529080909477e+00
2.221862843064829729e+00
2.992959213271586094e+00
2.431334235805901578e+00
2.160797853735247909e+00
3.030970171347505016e+00
4.614735149072782150e+00
2.939812024225993525e+00
3.581897537021909717e+00
2.307718572475952357e+00
3.150732983960412348e+00
4.099139141144650722e+00
4.216061575760197577e+00
3.005840145701148103e+00
3.560105473629654682e+00
3.782002557893323846e+00
4.165740656178766876e+00
2.954847324325511337e+00
2.429528498358105360e+00
3.015803378243877120e+00
2.601190257063218603e+00
2.076283469635845869e+00
2.894958357138745164e+00
4.561906033681949246e+00
4.366612832932034394e+00
2.504378273397273258e+00
2.724957947409268666e+00
4.928923121631150650e+00
2.510491029277992503e+00
3.030904653633685886e+00
3.898569220176069106e+00
3.675051342336228544e+00
3.223321499276859292e+00
4.328227772533669970e+00
2.987445767569176347e+00
2.372519367446875638e+00
2.776855051892261450e+00
3.188097521484938301e+00
3.345379585850400517e+00
2.089256665148353953e+00
3.305190369330095912e+00
3.134262768915571762e+00
2.892456054259112896e+00
2.385877289473162577e+00
3.932153176891751922e+00
