1.431299029467779249e+01
1.536591168474677360e+01
1.561615105449364549e+01
1.530558388257885305e+01
1.585010280017174544e+01
1.496571751468491307e+01
1.549277549742880744e+01
1.342298531640286363e+01
1.628270420863440648e+01
1.557353290080160235e+01
1.615682520921838616e+01
1.399104829896711166e+01
1.582539726338804265e+01
1.396130961611408061e+01
1.628216704599760334e+01
1.544418679286909324e+01
1.464700157962959715e+01
1.474037379277005400e+01
1.762980034536941432e+01
1.687271003132635272e+01
9.765093892286419219e+00
1.371974453282946804e+01
1.881851055365260450e+01
1.894906492967731992e+01
1.408660517483607499e+01
1.378337942062080046e+01
1.323945300956669691e+01
1.589324887584744417e+01
1.528130229227728165e+01
1.266455397855372311e+01
1.727390749726573205e+01
1.410236303339326902e+01
1.668129910603370902e+01
1.317245358936487776e+01
1.633637698931598692e+01
1.415834603957749316e+01
1.286080907398177864e+01
1.368292408147561723e+01
1.583882623993253169e+01
1.455930728548545083e+01
1.628329530516599633e+01
1.307532232012468043e+01
1.351389539432652143e+01
1.330093954488765640e+01
1.819197161262216156e+01
1.539521411404600570e+01
1.504386299751271494e+01
1.273045146567472230e+01
1.926702096867310843e+01
1.328327156268782971e+01
1.512722584207688037e+01
1.235685837708552981e+01
1.568924858884521889e+01
1.456419852371658941e+01
1.792260494244956703e+01
1.660680371956652124e+01
1.569572206484107113e+01
1.544977600916498339e+01
1.722902452602128420e+01
1.311205245188673096e+01
1.474768448830216094e+01
1.644265827881674369e+01
1.709947554621343357e+01
1.845732393965327489e+01
1.354296252576575732e+01
1.709834057587211475e+01
1.739046436768271064e+01
1.512787296510027524e+01
1.407368485871334229e+01
1.452281838473542663e+01
1.536535185725198360e+01
1.861761526194130312e+01
1.507601958289246724e+01
1.380057794909742874e+01
1.428755838405600898e+01
1.414226780199119915e+01
1.507532279028248645e+01
1.557559551745776183e+01
1.203930385748329002e+01
1.538670108253743685e+01
1.366491349231599983e+01
1.478187095424420505e+01
1.445565935295519289e+01
1.311381761685933256e+01
1.579849577795596360e+01
1.375467590809620866e+01
1.830491136985789069e+01
1.716655686034641803e+01
1.487905724184999556e+01
1.689815218846484157e+01
1.693309376497202479e+01
1.437533450329886442e+01
1.898320034701906778e+01
1.620200607337429233e+01
1.494900715268407509e+01
1.582848855380970043e+01
1.518816040823625535e+01
1.529263756124217544e+01
1.322822005134975498e+01
1.498354243444215683e+01
1.483399904250499368e+01
1.906498754038980437e+01
1.745591382269056169e+01
1.756764494124819720e+01
1.461446401240482906e+01
1.992282899525928386e+01
1.277228141299540454e+01
1.654979766390696483e+01
1.613710181880002281e+01
1.463123052548734648e+01
1.594187785848524719e+01
1.398301881341605934e+01
1.497418852653883903e+01
1.588823071022061129e+01
1.683375876439952634e+01
1.331932930323126385e+01
1.619958421070225185e+01
1.432094102837038641e+01
1.822516926137145887e+01
1.238100166328638885e+01
1.459436978699914889e+01
1.262842709448437439e+01
1.676966504730264163e+01
1.754964767674194803e+01
1.409918711696530558e+01
1.394876455141727156e+01
1.478654460942958693e+01
1.313612291623794448e+01
1.587186533321988868e+01
1.739245588446012647e+01
1.756341271598254750e+01
1.474089938656457122e+01
1.789765315621012576e+01
1.583741136262376870e+01
1.589473578023338440e+01
1.675381170243037943e+01
2.011374470928411284e+01
1.481483599496423231e+01
1.611812583291676404e+01
1.650433247330679620e+01
1.742678281905293858e+01
1.547509678110623987e+01
1.540572456392159673e+01
1.659667763020762266e+01
1.526188071000097501e+01
1.428586376638854105e+01
1.653936993166709257e+01
1.425386940163798677e+01
1.648523712587594758e+01
1.611609856259124030e+01
1.608418093126399384e+01
1.439992594008855420e+01
1.515752803113906744e+01
1.609663237566606497e+01
1.301711494461689966e+01
1.591460927588598118e+01
1.320632208897590942e+01
1.675038481854815586e+01
1.681233164268657632e+01
1.610161289702574194e+01
1.377481441458745337e+01
1.688375049990754562e+01
1.461073177134925238e+01
1.637253787069553823e+01
1.400165249130788325e+01
1.760799315191125913e+01
1.450412185935663345e+01
1.525637169129183590e+01
1.436264011653217132e+01
1.467688259412669538e+01
1.808371884577285371e+01
1.539098325086294317e+01
1.554843305911675344e+01
1.237857362701008235e+01
1.491060818776675667e+01
1.770968632492647643e+01
1.435469858175030744e+01
1.467426395502630676e+01
1.472715321238157493e+01
1.412786972315185352e+01
1.276576181889310213e+01
1.420925231083397833e+01
1.537181803437657912e+01
1.710556181389867803e+01
1.511102880212622068e+01
1.844776569681620515e+01
1.355626671037815711e+01
1.412900176058430368e+01
1.536648863704904677e+01
1.352200868873195461e+01
1.440771257095259017e+01
1.289665681963398214e+01
1.506431658026183484e+01
1.608286815223960531e+01
1.542031831842803768e+01
1.857462871096769419e+01
1.633085664672349324e+01
1.304638023559441251e+01
1.379749919504000566e+01
1.408706356755781819e+01
1.598500196624442893e+01
1.301631685483420320e+01
1.594278796903396511e+01
1.653472048006334205e+01
1.381201458366766666e+01
1.664638309473295408e+01
1.605484092895457948e+01
1.388268900366313652e+01
1.703099424070483181e+01
1.508510996642669966e+01
1.565629421113349729e+01
1.493538105885223644e+01
1.419861376262630159e+01
1.712883391462324667e+01
1.784816107791759165e+01
1.594623654753003272e+01
1.591575900837042745e+01
1.361583154595753520e+01
1.478743437825656670e+01
1.438472425690605050e+01
1.482178248704856749e+01
1.642729336557410491e+01
1.741921699656736067e+01
1.481149734214273828e+01
1.565843476997152628e+01
1.429314525225122878e+01
1.229163073835056075e+01
1.423582072763070450e+01
1.622892975624247569e+01
1.533428910028236203e+01
1.354906415355077165e+01
1.301272980223815878e+01
1.500291504938381060e+01
1.434813878823460342e+01
1.555876927987905489e+01
1.871081604055289205e+01
1.541874618052747614e+01
1.472255876450640777e+01
1.215396777994167365e+01
1.725327035731479342e+01
1.351015772037809093e+01
1.586686087654398847e+01
1.403402556388913069e+01
1.300521367149891461e+01
1.525572305697382092e+01
1.299454332830549497e+01
1.520450433254173639e+01
1.446507943423333131e+01
1.483920574984419360e+01
1.537564044374074790e+01
1.407778816583868853e+01
1.752662605560843900e+01
1.262693405415500258e+01
1.764093779152914365e+01
1.190744158724080570e+01
1.457413332886852686e+01
1.526721950031992847e+01
1.438730228190064508e+01
1.717188451186576614e+01
1.362129666453998666e+01
1.845376267046109575e+01
1.413318414729767980e+01
1.200455940618198625e+01
1.591753092638891331e+01
1.581286584975171650e+01
1.314517244260621354e+01
1.370446366017423045e+01
1.953714106148819951e+01
1.472099730029727027e+01
1.191870719394981215e+01
1.457292836014557302e+01
1.279064747657949574e+01
1.440599556188536567e+01
1.484029830720697696e+01
1.459188144539971788e+01
1.655385739228681174e+01
1.529697518450150895e+01
1.356139123961883186e+01
1.394572143565565092e+01
1.527776410840066390e+01
1.542694094368149393e+01
1.660079661900560311e+01
1.742754847274486707e+01
1.602668192316524554e+01
1.444041724860633735e+01
1.256942611435581725e+01
1.617652679635177648e+01
1.433637501974286188e+01
1.600078649161647704e+01
1.648624000759501129e+01
1.575433263811865814e+01
1.753086242811538042e+01
1.490409456254331921e+01
1.482971477558135653e+01
1.739961286794745376e+01
1.765022284696530264e+01
1.510710400295717903e+01
1.507655794658868231e+01
1.590729991587849490e+01
1.799784676808175021e+01
