5.980866845816626975e-01
2.350130281711481361e-01
7.385791888239149339e-01
5.481528713492350713e-01
5.605105223651375423e-01
5.692203128176823723e-01
3.146188985316661357e-01
1.080362032899460978e+00
1.004324311213860454e+00
5.819235434306501142e-01
5.175507564225114709e-01
5.336112796201790687e-01
4.940071232741724550e-01
5.805475595659270738e-01
6.853228189027887884e-01
2.764716765041281277e-01
1.007915285726044274e+00
7.003940858669264191e-01
7.981186514776743568e-01
5.263290388258984320e-01
5.522200119604092627e-01
5.463661190148658697e-01
4.518702290633427876e-01
6.033371833793486072e-01
1.337910981563013246e+00
1.161950382168302598e+00
7.967666948445084607e-01
1.408442345069358170e+00
6.106289015525622199e-01
1.331631975949114866e+00
6.220150487081008706e-01
6.908148221326333438e-01
1.133205822092845372e+00
8.860413116469451067e-01
4.575482995007268405e-01
4.211133319213432591e-01
4.866733527994911435e-01
1.000552302382181180e+00
2.836444119557055554e-01
5.937268020049990547e-01
9.529909802770205607e-01
2.618298815299013316e-01
3.299732284141052019e-01
9.579626852310523244e-01
4.243380195163883317e-01
3.990362740365347438e-01
5.706491969735436598e-01
8.958471047650995445e-01
2.800350309348865752e-01
2.907787688053236064e-01
3.993937788542081258e-01
3.029023612498903950e-01
7.360596293683244751e-01
8.470983090102193191e-01
7.673100387497636676e-01
1.840624931197850644e-01
3.682286398546755213e-01
4.931087946251044851e-01
9.951273308750838709e-01
5.208797853368906106e-01
5.134653653696249487e-01
5.183671722531995041e-01
6.185722014347946329e-01
6.315493745271475445e-01
3.761844960030671925e-01
7.790072085629043963e-01
2.334043646601833832e-01
5.402412629661607069e-01
8.278163792959478684e-01
4.019763623373471817e-01
6.172885984737772613e-01
7.092086869750580114e-01
5.923849601253713404e-01
5.398605463990945319e-01
4.795294771569493797e-01
5.863809585595967100e-01
1.238869943655333206e+00
7.191838930541505359e-01
4.080339446736021558e-01
4.154932885799334508e-01
1.143995686516039667e+00
9.338990996458947924e-01
7.673142065182214644e-01
4.533257660033587766e-01
6.373317440918251364e-01
2.382089527924927952e-01
5.787062622842021886e-01
4.876515541924300035e-01
1.186155360092175259e+00
5.684323114198938098e-01
4.310053874956391029e-01
3.832581429969964537e-01
9.106715546745807188e-01
5.089860380260967654e-01
8.028329373451494888e-01
9.281028465610126066e-01
7.372326250845379070e-01
4.148213251983856042e-01
6.429750822636819407e-01
5.926008665503990080e-01
6.905956484068473955e-01
7.024060463866080850e-01
8.051958584737821667e-01
9.282033776531187774e-01
7.651067010441243710e-01
4.366198517979926197e-01
7.124218539911995052e-01
7.401420717544104910e-01
9.057892010127324145e-01
4.708638290708258012e-01
4.006265076117094259e-01
3.113308835140850550e-01
8.879299567000220605e-01
4.372133110200886463e-01
6.123321494289757361e-01
2.402605636256648636e-01
3.895916682011045240e-01
1.220924401275489624e+00
7.546540894915805264e-01
1.203718693222755043e+00
5.206335448220514861e-01
5.243111841269988416e-01
8.216733068736495893e-01
5.017127358289229511e-01
3.690316752338399509e-01
9.716462400289103130e-01
8.487995540747007572e-01
4.062423391772374548e-01
3.502210539112197152e-01
3.044623957768957667e-01
7.340925601244951970e-01
6.395277115568628323e-01
1.816439865206304349e-01
3.037402268338231237e-01
5.915689162610081597e-01
8.004497144134058439e-01
4.314908916491275170e-01
4.855624164887505367e-01
9.379481164167239315e-01
3.634899894386877106e-01
8.231585447138479728e-01
1.057241451331633275e+00
4.681120517192003949e-01
8.314107342174396065e-01
5.205014291393074144e-01
4.684760795412322709e-01
3.982587956768951498e-01
1.048785110168318768e+00
8.286289938974218394e-01
7.935165566981908780e-01
9.851470183972330652e-01
3.570662259761711588e-01
1.046813912642073463e+00
9.191225102507385447e-01
3.963631107645282925e-01
1.232788209124484613e+00
1.321183400118826290e+00
4.648670386415253986e-01
7.550614058709087528e-01
8.298708126696742182e-01
8.880554859145110003e-01
3.476116976756455368e-01
4.311078076700910477e-01
6.301636179606125987e-01
3.550250579875428580e-01
9.785300613740028908e-01
6.894297161424260967e-01
2.773439783019071014e-01
2.490918846889509375e-01
4.467542592547630309e-01
2.569364354416645568e-01
8.143568742815565642e-01
5.616446080401017449e-01
7.222144078347553231e-01
6.237972706994068250e-01
4.717898424055683160e-01
5.179478454094337270e-01
8.582030298256382306e-01
4.721199485821269137e-01
6.134673984161326254e-01
3.866308791570344239e-01
5.256980995822436720e-01
4.926234483481614079e-01
8.642697150860659816e-01
4.381800796781166740e-01
1.340500003738134271e+00
5.102989658070588019e-01
6.966856962401452025e-01
5.059220558457405703e-01
3.644895686390455802e-01
7.248153245032320502e-01
8.209170195824281313e-01
2.904511164365248810e-01
3.464612897794749902e-01
1.123868402563726887e+00
8.654491642065380574e-01
2.430411390705867480e-01
8.935989335163287972e-01
9.209646349924776043e-01
3.381764456756375936e-01
7.882439212526872740e-01
6.490057043612584842e-01
5.740171579875052998e-01
4.097426231725249668e-01
5.874057712005539278e-01
8.429961619418259167e-01
5.581881699814126296e-01
3.371278602465702101e-01
4.346906957012629524e-01
6.630534472243246880e-01
5.588193191187078579e-01
7.028919529990238502e-01
4.756631552097679294e-01
8.515150818795760301e-01
8.415489271988562114e-01
5.841924351635523482e-01
7.416812710611294657e-01
3.158486397149484204e-01
7.706299859688419129e-01
2.766771427999732413e-01
4.037795094818416586e-01
1.325677567036156190e-01
6.757998727944601880e-01
5.698983728859103870e-01
1.359271409581277235e+00
9.739415190073891226e-01
5.611906998371555266e-01
3.385872137089819822e-01
7.912347600543949699e-01
9.678584734937988321e-01
9.701006082877490222e-01
8.319306294616305442e-01
2.462583360255643505e-01
3.624246533202711840e-01
7.217206256491350835e-01
2.654805693145635970e-01
6.686932582194883290e-01
9.000143412533654352e-01
9.280771817905210108e-01
6.592625134512508644e-01
1.051251166918158342e+00
3.182177371272609800e-01
3.677584595257816780e-01
5.814174244781291634e-01
4.045402922925287470e-01
6.563769796824447944e-01
4.082455261029199756e-01
5.232239552828606977e-01
4.027929444768219014e-01
6.871831385961379990e-01
8.633908034367709927e-01
1.172614642899649784e+00
6.648123635546285826e-01
6.090255128934370932e-01
7.962879141460673660e-01
6.072351105103418467e-01
5.791313628482753773e-01
6.395594749468553886e-01
3.257505970435464193e-01
4.452059379320797428e-01
2.237919093430834894e-01
5.170106702586124703e-01
6.606820266475950110e-01
3.645215670056131674e-01
1.451747309495671878e+00
8.076377282772023714e-01
6.680559196053299509e-01
5.573584083882386908e-01
6.496548112512150475e-01
3.572627230264398546e-01
5.116984845667097437e-01
3.370651089418970625e-01
4.546931327086401464e-01
1.093386403604273971e+00
4.833324400621687444e-01
6.872881437219726664e-01
7.466964028693705568e-01
6.766254768493497052e-01
4.790755152208103773e-01
5.378854570837917626e-01
4.259664007318672008e-01
5.710436849372944046e-01
6.222636052502565907e-01
1.517405796513143112e+00
1.259079131878331426e+00
8.163530818838307113e-01
2.681370277904177590e-01
1.070125020950841499e+00
2.653233398521858133e-01
2.973851609533847418e-01
5.135281991907496568e-01
4.168843263359155449e-01
6.686069849537864540e-01
4.867867905981900223e-01
3.067552625904619301e-01
8.793135105322826828e-01
7.430766412592052506e-01
9.588599347361272951e-01
4.371589016359625490e-01
3.804753048186997333e-01
