5.325302143833189339e-01
2.891889831815934175e-01
3.775126541810742142e-01
2.229800965058868212e-01
6.423652517820999108e-01
4.638026125086361362e-01
7.143228018662730605e-01
2.341583932912755239e-01
4.482437003180084201e-01
5.999235134966852678e-01
5.811951075458903215e-01
4.841922836709121603e-01
2.344215143893743081e-01
8.917796264312589649e-01
4.929137514696641520e-01
6.232534743027333679e-01
7.139065378201540080e-01
6.582051415492079505e-01
2.161914889419646602e-01
2.804268369936320782e-01
7.325813625942685370e-01
4.926089027812114995e-01
6.889230243970287937e-01
5.151158330743221825e-01
5.791171886847777950e-01
5.088016650644495709e-01
4.691648034033782388e-01
9.922073313663924976e-01
2.898053876385183747e-01
2.598597353522584252e-01
4.522166195742258754e-01
2.506240624823857233e-01
4.230302156900567767e-01
5.056535555910889324e-01
3.937099161298356353e-01
1.235214000761441611e+00
5.284303628911316553e-01
4.121784328939334663e-01
4.153207362835097949e-01
4.715717928685988491e-01
3.205243920134159263e-01
9.735924482360269749e-01
2.290843169102341481e-01
8.816577445928177603e-01
2.258853793288618794e-01
3.810858269085102279e-01
2.274400052820614027e-01
2.870165019300363607e-01
3.322942097130038852e-01
7.531629264466604967e-01
7.004908482377415480e-01
4.714616554801351334e-01
3.766724510653849389e-01
5.177232930018652590e-01
4.233737761667105692e-01
5.489918829324893501e-01
2.083850880752822488e-01
5.341485152185589946e-01
4.082739986465065973e-01
1.076401787669092336e+00
3.496842419492236509e-01
5.476088116838578879e-01
6.613934056454258137e-01
4.179113512045079526e-01
4.292302042615984137e-01
8.068143811681245392e-01
1.114457278722467359e+00
3.311241626644843561e-01
1.547233168190280672e-01
3.927838730223069952e-01
7.595548878406980231e-01
6.624867498349431560e-01
4.446938376649901548e-01
7.194320752538347907e-01
9.451179095200060720e-01
3.849218969564909276e-01
2.693035436546702410e-01
7.024108227348890843e-01
7.433666971400354484e-01
6.765870035444018216e-01
2.306833027109508327e-01
3.061205054488956856e-01
4.108556279347247431e-01
3.771658398696057790e-01
3.694710808464199969e-01
2.461157340094365653e-01
3.478818348268896132e-01
7.384091124826582808e-01
4.300611390000681489e-01
1.013856934807317645e+00
5.521316250674653814e-01
3.083918057442014971e-01
1.045285256220734205e+00
4.737226630058452015e-01
7.492375770507471167e-01
9.010255950364022270e-01
5.597463287873222226e-01
7.072512709948758358e-01
5.996019072616258772e-01
6.345447169744142801e-01
5.969623496356587511e-01
3.357632036215226767e-01
6.001852674568141088e-01
2.186241853136895730e-01
1.714621717589862038e-01
7.606440749401437440e-01
1.284299594821923796e+00
4.002674739761086231e-01
8.521016505411050934e-01
6.562660676052302078e-01
2.888519941002012925e-01
3.702290300142180302e-01
4.341160767872484505e-01
4.811839370970994456e-01
2.754711934522255934e-01
4.837980183077332241e-01
5.762842851507398167e-01
3.024860304698553937e-01
1.599594851372011239e-01
4.476630699953246806e-01
3.916937286878031665e-01
8.305941138166080817e-01
3.465514891627841099e-01
1.741774063530537597e-01
4.257330015291381220e-01
3.850661559924232202e-01
3.606169848826710767e-01
9.051109138663159248e-01
3.831849512209531405e-01
1.760585986899557698e-01
7.445863369083920436e-01
5.085995795401088149e-01
2.802438558965802962e-01
1.465846235466586656e+00
6.210898331361485170e-01
2.843252196669129872e-01
6.884884051470639976e-01
5.625145047806781040e-01
6.856827709190402853e-01
6.856299564663465018e-01
7.448891901833534224e-01
4.989228215724720861e-01
3.152715303372564670e-01
2.255010241340374144e-01
9.987051395555613942e-01
3.508075040071187978e-01
7.639889399075209253e-01
5.060078341434666171e-01
3.997847871481058912e-01
8.709568503111081439e-01
1.332130780391347913e-01
7.751299084160691022e-01
4.347865855873121466e-01
4.505964911085929558e-01
2.114753551088481009e-01
4.909874477566363304e-01
6.247154406879426025e-01
6.004516370701258321e-01
4.105682333340700541e-01
7.328527625076454166e-01
1.451735503923163584e-01
5.006952481651295583e-01
5.025955958347790853e-01
9.723412605445345136e-01
3.902923160933458036e-01
3.092971822969100004e-01
4.325549483289645170e-01
1.722801056920393314e-01
9.098461585627375392e-01
4.876694740820498031e-01
5.129887580242956657e-01
6.590306056255658129e-01
3.021095692261755450e-01
7.091650712351007524e-01
7.390229662383667186e-01
4.541078847879505553e-01
9.387354915622132534e-01
4.992758830998825226e-01
2.084165435802983191e-01
2.702240130962417775e-01
2.290573671597114225e-01
3.318314882253387554e-01
8.487238244700190393e-01
4.608820843201164585e-01
8.861160017403023614e-01
5.737117733352851134e-01
7.046531257388191083e-01
3.291048265147468177e-01
6.750924621714554652e-01
3.614224836013536502e-01
8.077682620976205374e-01
5.957895461737287013e-01
5.706933675051851784e-01
3.972932494284991956e-01
3.140266754703238683e-01
3.302774623331178327e-01
1.886634100534574920e-01
3.167484444436496904e-01
3.985913371211072809e-01
2.874466216202427593e-01
4.279015079390491305e-01
6.355060099021662134e-01
4.712279379250206568e-01
7.149968712670190518e-01
3.976885276597851293e-01
6.383360832288526021e-01
4.328736685573457699e-01
1.063303156306509401e+00
2.456613662247991714e-01
3.743024226391545861e-01
8.145920189929641841e-01
2.295594450063939973e-01
2.263858592172221240e-01
5.524532870066267698e-01
3.888015949952701722e-01
3.435005534425699114e-01
5.554259505633917238e-01
4.628343426987788778e-01
3.689918812299451401e-01
4.068100086809832705e-01
4.311224225491086526e-01
3.045634470701150120e-01
5.084920124454883616e-01
5.736850156070587570e-01
5.469693656460123954e-01
2.271357737518113762e-01
3.966003090349768945e-01
7.208355799955715737e-01
9.321853385790488389e-01
3.331877382668455012e-01
6.928314509571769086e-01
1.902332786492266226e-01
3.903458355565128657e-01
6.777058524942195517e-01
4.040154921364595975e-01
7.451403484532012067e-01
1.716143302130372916e-01
4.758834558686676486e-01
7.830347347983089845e-01
3.928554029652220891e-01
3.739755873472383474e-01
3.641001428282793495e-01
3.544347640169944746e-01
6.736036235373272785e-01
4.104241666463603888e-01
2.568882952492536065e-01
4.032491307184838947e-01
9.104637209168064960e-01
3.665369410951850315e-01
3.849240586659604668e-01
9.248231429923321478e-01
1.784356426475509350e-01
7.549036691523114406e-01
4.592011835681737986e-01
1.242877346251683335e+00
6.975699498230999440e-01
7.387047602506755517e-01
3.557546207051289766e-01
4.179294958266219773e-01
3.719645470250810271e-01
4.833696187870800687e-01
4.649508315272647963e-01
2.762497875696224847e-01
6.588348421096513752e-01
5.880017929628297280e-01
9.163504212885228428e-01
5.842614541185203736e-01
7.278990865674214161e-01
1.446073479585944233e+00
1.504088565006157951e+00
8.981772149597532229e-01
9.955788307537195569e-01
1.194120288594030299e+00
4.731528540936774663e-01
2.763088482502060184e-01
5.747361188556037170e-01
4.854910279166004816e-01
6.794668582478313734e-01
7.547105776098224084e-01
7.007821647257941322e-01
4.580641798224294181e-01
2.376304871975863098e-01
6.912787762937667724e-01
5.642560341401630097e-01
3.119769853985654429e-01
2.422339003293389748e-01
9.204741004408658611e-01
6.583661644749299047e-01
4.289724342321139527e-01
7.549170664278971321e-01
5.380794197402060108e-01
7.377639375631961371e-01
5.795469490119167233e-01
2.430147813341153595e-01
3.019900635460470162e-01
3.832775443979215546e-01
1.984793746721556507e-01
9.290664920999245346e-01
6.840969486691700352e-01
3.509541662390897598e-01
