1.068698583042658967e+00
1.389242196085975323e+00
5.036830850341807997e-01
3.570494615621230827e-01
6.300299374148840004e-01
1.651101759171168082e+00
6.926572537124624507e-01
8.299669668564764180e-01
1.226195573687229867e+00
9.131101360914510856e-01
4.400147943870079681e-01
1.407617849509491093e+00
6.912702784222571895e-01
6.448989761884418304e-01
1.290994346152683603e+00
5.623549398063916183e-01
8.318086880898235558e-01
9.699190161338245852e-01
3.672472526755340416e-01
6.805974872830458100e-01
3.574552741199998884e-01
5.861652753440632635e-01
1.008416741633242353e+00
1.499563971338170765e+00
1.103905321571609477e+00
7.344664314823916573e-01
3.877501807069879125e-01
1.092471139707023697e+00
6.937894527164253367e-01
5.798509467740733392e-01
1.056060379335407085e+00
1.502702299752996407e+00
3.462615494896873480e-01
1.932806131556737417e-01
4.758289499214236606e-01
8.598570817019615120e-01
6.237924039592170899e-01
4.556870500756149966e-01
1.274051236136025222e+00
3.573735452907388921e-01
1.047062702047426352e+00
1.333431503441552257e+00
1.122545019330476457e+00
1.577310897122831790e+00
6.326685802786583546e-01
3.320570759835097530e-01
9.114802776722381594e-01
6.936002264796448102e-01
1.133249752789046827e+00
7.027271752046447828e-01
7.306547213557612608e-01
5.243266278942502190e-01
5.992425636295949376e-01
7.326008318803209907e-01
5.886597205584490622e-01
7.573082064760464638e-01
2.840612185879591300e-01
6.060251817134859609e-01
9.280908909275353835e-01
5.521024570718038316e-01
4.794309528897495731e-01
1.304046226590863222e+00
4.227224998330512129e-01
4.264134706959235022e-01
3.391609952144261086e-01
1.509400047115894150e+00
4.596046241517235953e-01
7.528154501642723151e-01
1.681925986624668301e+00
4.203298996191509040e-01
3.515859022839315506e-01
4.897743212955606440e-01
6.418791867134555629e-01
7.555788641002847417e-01
6.645829593463844498e-01
4.443552833696874371e-01
1.051788404551745604e+00
4.704378973571576306e-01
7.009421954414903899e-01
3.380203863606955905e-01
5.409541670295346938e-01
2.691637614594131200e-01
5.746486585101164835e-01
5.990829327289161066e-01
6.232877540516634784e-01
8.111814932107515030e-01
3.537930430803828408e-01
5.604870256037065568e-01
4.330885659563587509e-01
8.030148766071668609e-01
4.246538033075795138e-01
1.400731367354346002e+00
1.087625671493990254e+00
9.569206200124843464e-01
1.083729611408071225e+00
3.652020262869860034e-01
6.860508415182426933e-01
1.293703068661017808e+00
4.797379583378296175e-01
9.807510880381994367e-01
8.481735851571623463e-01
8.765349024218898055e-01
7.121452312521503458e-01
1.319859837198047225e+00
5.737419816677800100e-01
5.038486894396008164e-01
4.551160510598200593e-01
9.271224311752134239e-01
4.367141764365047862e-01
5.909522761902248345e-01
5.129539928843721563e-01
8.149520422635627703e-01
6.234850691295915626e-01
9.648505254882940863e-01
7.130649168145791750e-01
1.209983787717225479e+00
1.809274754763539717e+00
1.010301200873781058e+00
1.001906320063235656e+00
1.409620866798393823e+00
1.098583036003305979e+00
1.282672991494969050e+00
7.861085714835498450e-01
3.792021292055441362e-01
1.091973967309185944e+00
7.529689664705041530e-01
5.280216434867668340e-01
7.433169930890582977e-01
1.090783617574083042e+00
7.650808225287466513e-01
7.953933842390041864e-01
3.490084045423328396e-01
9.655816205912148842e-01
8.895960655418519991e-01
3.630534785111220186e-01
5.329630153883347932e-01
6.310239232677982146e-01
6.281014129153592584e-01
1.386404549553471588e+00
5.250830455963694243e-01
1.200063855298637572e+00
7.791475871108919371e-01
3.672815350508941701e-01
7.569477905517117966e-01
1.060093754727081228e+00
4.602161619652499480e-01
1.141688249691575674e+00
1.197494918898449390e+00
7.057711026573169066e-01
1.211347292474365789e+00
8.568868375089868650e-01
1.000805699816914363e+00
6.525977985001784054e-01
8.561289482900179548e-01
1.489397738885966493e+00
5.408420387950572117e-01
3.966245930189850055e-01
1.081819989248838709e+00
5.427772867152399483e-01
4.818004245608115688e-01
6.698061043869221187e-01
9.228743143890654199e-01
5.561883205135771391e-01
1.283360691163421441e+00
8.709313009238732750e-01
1.147065240524244967e+00
8.711418890920695768e-01
9.015477806829639285e-01
5.085967950938241611e-01
7.579757262131012752e-01
4.820190028478050226e-01
1.102078349465001716e+00
8.472390249606530643e-01
2.066645877622696137e+00
5.798725882781714525e-01
8.070598833477712342e-01
3.782244664733467876e-01
4.653837364554006539e-01
1.006839630112318584e+00
6.381925215396213602e-01
1.184936660200197833e+00
1.136636007337717746e+00
7.527891752066545594e-01
8.814842215279246052e-01
6.732253032486537059e-01
6.905546669860876952e-01
1.069053024000442997e+00
9.112878345031524274e-01
8.433526803071510480e-01
1.487716873906995252e+00
6.865226000921536009e-01
1.392002359966554970e+00
6.863261815030009538e-01
1.150189507301624392e+00
6.895814425068585996e-01
9.557267245274222445e-01
9.185304550370153587e-01
7.796855063194302327e-01
1.024154038319171844e+00
8.490004653229680232e-01
1.549600994559934941e+00
3.502801555156786484e-01
1.152216121870043963e+00
7.706077889917273271e-01
7.700589472951614445e-01
1.019417411419271335e+00
1.026372336542261898e+00
8.631360438494039000e-01
8.696411588774686230e-01
7.904629629607724528e-01
7.289899317869978912e-01
9.403071075520573752e-01
8.048590545842954080e-01
7.964903078117258062e-01
8.226000479844773894e-01
9.335286878358326490e-01
4.943715921822541270e-01
5.691060899400890438e-01
7.912500437585138213e-01
1.058613301316254862e+00
6.491053672342836922e-01
1.330562686110658310e+00
1.192619786903046153e+00
3.486614709347054530e-01
6.383567372630813974e-01
1.319363233210729680e+00
1.345017761261259270e+00
6.530797386208871957e-01
1.091338627043128451e+00
4.166240673971316477e-01
4.710214062704019544e-01
8.880863685785632677e-01
9.968694402122990628e-01
5.999383808266517404e-01
4.733512012531095325e-01
7.746125681918734074e-01
6.199306803438048297e-01
6.329930990197378815e-01
4.724315246357367326e-01
1.016650849942601909e+00
3.252353642616822582e-01
4.781003187332854010e-01
1.000594291829197680e+00
1.210083207792600701e+00
3.406583679706477463e-01
8.929067601000727494e-01
7.238492145043432524e-01
1.427296038321871352e+00
7.672463207658001272e-01
4.871382904700882199e-01
6.268523042528746370e-01
1.509850162375167448e+00
1.162923975970924451e+00
3.424368326442517874e-01
9.384071407956992017e-01
4.352199115349455472e-01
4.615764377940009267e-01
4.431174524861125619e-01
6.985828173205113067e-01
1.096649321383963205e+00
9.706589460862460328e-01
5.796039095086067405e-01
7.555406054941596894e-01
4.770501859316580440e-01
5.543564449119218196e-01
3.187133862517010918e-01
8.298499810520698627e-01
8.927601561896412186e-01
9.896600819365036772e-01
6.138774982089718613e-01
1.218670329685708209e+00
6.432087747702565084e-01
3.489284726161014927e-01
3.537159864342591109e-01
9.023571605898500492e-01
7.698326280860076087e-01
7.643209258448930843e-01
5.618103281550346217e-01
9.703856071293777141e-01
7.224240758546048857e-01
1.120393045252005892e+00
1.292265117465339008e+00
1.455760518265976744e+00
2.953059137215378049e-01
4.843613772943497486e-01
9.245946838358182207e-01
9.571664758220077562e-01
1.003701521947723219e+00
1.039426957906471216e+00
2.867256749044672648e-01
9.975496880764126439e-01
5.464578811218352428e-01
1.053362007323376259e+00
9.067883676445674945e-01
1.121030739501895468e+00
1.170521656374806652e+00
3.149056047685484527e-01
7.642015138768246674e-01
2.997862336265902372e-01
8.079168723924456952e-01
