8.496599046233332952e-01
5.944308732197089995e-01
8.245851322211286138e-01
3.090253734596110635e-01
3.597896635469441384e-01
1.025124727848110373e+00
1.671956053657915886e-01
3.800553283800393034e-01
2.306827033168774022e-01
5.179755911017535075e-01
7.027301379736604625e-01
4.391529536250623478e-01
3.473575023343474788e-01
3.379474061114001726e-01
3.864782152643279622e-01
4.332143732520670754e-01
2.574820876544544057e-01
3.362279820674944908e-01
6.154754872521992493e-01
3.433060485864029010e-01
9.221659574975384910e-01
6.076782810594797413e-01
3.703259849676799886e-01
3.265231097750050937e-01
4.991863740763672896e-01
7.200543132394000567e-01
4.209945081079328189e-01
1.081485957993525426e+00
2.124174322290979799e-01
5.140362665803249742e-01
5.625095205508103824e-01
7.792017494159234614e-01
7.115327806375970621e-01
9.205505629303478710e-01
3.318852804741079243e-01
4.170989963220154140e-01
5.201009603877829734e-01
7.761671731655935824e-01
3.680778699711673707e-01
2.564189360824936093e-01
3.919253633713054574e-01
5.268863958363683153e-01
2.843903232553104399e-01
4.796599857523006216e-01
9.977774124256454380e-01
6.725351797852723301e-01
4.439428850196558973e-01
1.132069163972817982e+00
7.595449897926184191e-01
4.040499901221779044e-01
6.823193303259361686e-01
1.588026878050710633e-01
3.025488536153361774e-01
2.594291552611050489e-01
5.490691311366693306e-01
3.579343195663796107e-01
3.310836720919941301e-01
5.002395637121460625e-01
9.034135265550037319e-01
7.986156819370040516e-01
1.165795477239082611e+00
3.122347358723018274e-01
7.101045486422571384e-01
8.948896818054917768e-01
8.667155993946974446e-01
4.769343102086720521e-01
1.655436329576085996e-01
2.620079686374511829e-01
3.194004031527115650e-01
1.623472579282662920e-01
3.907364047593850365e-01
2.650726527124611098e-01
1.360256698923164809e+00
2.898955203372117206e-01
6.846089000041816197e-01
1.108250977176392871e+00
6.321057029295332752e-01
6.268664896344355864e-01
9.303357378970260605e-01
8.987757609471784814e-01
3.317979105256484429e-01
1.020720264375015590e-01
7.982128584661342119e-01
4.042975838392164900e-01
5.103451376367214021e-01
5.064645973696625392e-01
5.628109699687920964e-01
2.948407035535522414e-01
6.777433679988524862e-01
2.498680856452409893e-01
5.086878177346707552e-01
2.562233100401640762e-01
7.080559117568206995e-01
2.508159216735231234e-01
6.065772140148569802e-01
5.849068478337967614e-01
5.997229206715414263e-01
1.454881328835986865e-01
3.717649731881872421e-01
4.963168512916754649e-01
1.113992031360553803e+00
6.349224551637752123e-01
3.871414661065715745e-01
5.927551369742124487e-01
5.999452413491457303e-01
2.490369689607773995e-01
5.830290819472543351e-01
2.412648418830353747e-01
4.254252585205878789e-01
3.002021521933432857e-01
1.374607233710238186e+00
3.064181370566549378e-01
5.386689933746438008e-01
4.903083217442304464e-01
5.586069258375776503e-01
1.042305705091957302e+00
9.692893980423662459e-01
5.167770192183994693e-01
1.017301237548252413e+00
3.543589780556842816e-01
1.283332989937998880e-01
4.060734877981699853e-01
3.125833716904896642e-01
6.336301054164102942e-01
2.972406415257644596e-01
1.003751264786576280e+00
4.618796431087033305e-01
2.811949920395290792e-01
5.885483330428400439e-01
3.288008246425693226e-01
2.611509427215755741e-01
4.492648167113557078e-01
6.256550144127522861e-01
4.573219774821399297e-01
5.922168020269832356e-01
5.232112575112715103e-01
2.620943924979513007e-01
3.559776122507869456e-01
3.014043724835296367e-01
7.866422463335106530e-01
4.947991003441770674e-01
3.261577243515179636e-01
6.084141138648200275e-01
6.669079721806331351e-01
2.844946506041307610e-01
2.607252054086573456e-01
5.395404091137820934e-01
2.537891964789806276e-01
6.504778863900723129e-01
2.394919187328966581e-01
7.929708751683235413e-01
6.699176383288396597e-01
3.645146810220655786e-01
9.702880054377056585e-01
2.069827888281705885e-01
3.831233607269671215e-01
3.776749503895044380e-01
4.469804682624246572e-01
1.954593449250191239e-01
2.569160914103970073e-01
4.725982580474441530e-01
7.208092630886644425e-01
4.100477598302189608e-01
4.114914875108193759e-01
6.055788572598975739e-01
3.584182508462619432e-01
6.609415272029370847e-01
2.989639303235261947e-01
4.014567894268267212e-01
3.145945628372885383e-01
5.461183996555499798e-01
4.669431440185625171e-01
1.801404463673130785e-01
5.810133802885187881e-01
3.845230085656349828e-01
6.826109043699662982e-01
3.381636034696064996e-01
1.707452926816644956e-01
3.188638043366940900e-01
9.074611293399066358e-01
7.291402042699843822e-01
5.709396479506100297e-01
7.262541784799713129e-01
1.156730852578817581e+00
4.570001751697306824e-01
4.169606021110148220e-01
7.278858977330314728e-01
8.731829954094936230e-01
2.800810821324623001e-01
5.046250400564803451e-01
4.328139724178796666e-01
3.177713321209127972e-01
5.359307599723283078e-01
1.869372538971828257e-01
3.482019206273876955e-01
4.896736536597441902e-01
5.721446898462227981e-01
4.187902334554636785e-01
3.757339928877999613e-01
7.880889839653397733e-01
2.366999964925936284e-01
4.203613269204770631e-01
4.591497675442612891e-01
5.616635995912313550e-01
5.416041030648007792e-01
1.037002093958521609e+00
3.009600136806043214e-01
9.517247891880934452e-01
5.057320863685875745e-01
1.103769155397717805e+00
5.207648832206854816e-01
4.344962531628488445e-01
1.473895992250230824e+00
4.414953379700602420e-01
6.257155114336580004e-01
4.765165475727894395e-01
4.288641712573764142e-01
3.303059471718029494e-01
7.828497198861014139e-01
5.876603690315923556e-01
5.540362451010755196e-01
3.768768877638175030e-01
7.762230732712923631e-01
2.104451626094240857e-01
4.283452827981723554e-01
5.656767856815815287e-01
4.097334225816975928e-01
8.298332691816767692e-01
3.838553276688193017e-01
2.104109646525124111e-01
5.050559004577659383e-01
9.188891418681505163e-01
7.654673058275224262e-01
5.769225002697176974e-01
2.692440191952638617e-01
5.262686586028633151e-01
1.092317117147384997e-01
1.013897584964797538e+00
4.392659910208205898e-01
4.809947338428955388e-01
7.889270469868903124e-01
3.346445996570032166e-01
3.691653043068260920e-01
4.708393225904443646e-01
6.083890595907077703e-01
4.751421502315006928e-01
4.504286043203948875e-01
2.126842890120100305e-01
6.431973070516470159e-01
2.742752255502288738e-01
6.749880229543397947e-01
3.058761221609789249e-01
1.000035341671713818e+00
7.718026058698576053e-01
6.732272670114417545e-01
4.248185080327348540e-01
7.490351313789561649e-01
6.453663650640337757e-01
1.955347244970025711e-01
2.806739059233318012e-01
3.306430293729525349e-01
7.721411648634349811e-01
3.115887092331493524e-01
1.760361746436446273e-01
4.445588977846705592e-01
3.719595541231834335e-01
3.758050367301755679e-01
3.495670066484887206e-01
2.877441712751630520e-01
6.424099090512666033e-01
3.597360967933665998e-01
1.030555898416490646e+00
3.346018714675967898e-01
3.126207429310997044e-01
4.654677217198476269e-01
4.034822517504984551e-01
2.320113757489297990e-01
6.259295156502716617e-01
7.213377660914536138e-01
5.417839164574684840e-01
9.278340729441273416e-01
4.796913232257432047e-01
4.643463992337629742e-01
6.788642594669657138e-01
4.390128049561095591e-01
3.513701027329748650e-01
2.713947953105062538e-01
3.304382072580835383e-01
5.494967099446904646e-01
2.876006039792108337e-01
7.193299892744972057e-01
1.126017198364332783e+00
5.471791666764581619e-01
2.912402099687461665e-01
7.659438448819897438e-01
3.817552997827160510e-01
7.251376627283073750e-01
5.040353345952982567e-01
4.393957382915396614e-01
4.392769619575581097e-01
