6.259839830317541765e-01
3.930532984007675257e-01
2.674116629785837085e-01
2.493539322522662638e-01
4.764969168238505359e-01
1.986353163093700358e-01
4.368778418040923373e-01
3.986126732414825291e-01
7.597947194958564188e-01
4.827560610844304212e-01
8.084084976923773258e-01
7.735437819533663717e-01
6.973545724250885813e-01
6.567918616408008337e-01
3.437218586420044963e-01
2.664223891516800391e-01
1.282744036029971557e+00
5.232350935026881533e-01
3.836074741523390341e-01
6.600968890357639118e-01
6.440115004896536099e-01
3.812312743816439475e-01
3.752044717674163921e-01
8.718942453374128876e-01
1.388602252936221637e+00
4.467317529624552641e-01
1.804353674609195712e+00
2.740201902686992819e-01
3.390203942662826653e-01
3.401134472881270354e-01
3.950892158286889444e-01
2.901255826962587658e-01
3.299760801928631193e-01
4.497911993209175452e-01
5.351340637268493516e-01
2.558561478528024735e-01
4.029056395546000147e-01
4.852649308746667112e-01
6.781719131990255889e-01
2.476897014724959156e-01
3.959838869645832538e-01
6.149767792196538796e-01
6.433067014898397051e-01
5.330922860440623356e-01
3.265041003750623894e-01
8.779423453030394953e-01
1.680994517620523654e+00
1.111878484406758627e+00
4.616369306871406231e-01
2.997028929561672550e-01
2.707075605993488621e-01
5.748666107466574582e-01
6.962891048139897565e-01
6.239982537644619409e-01
2.895802892122094629e-01
2.456290192349262214e-01
6.336813982802248502e-01
3.123699944188578770e-01
4.958410444677895379e-01
5.716826151614352591e-01
9.256113006665669385e-01
5.933757354579397569e-01
3.454305339290688615e-01
1.223279286219721707e-01
3.757347847822554709e-01
7.154500443084341743e-01
2.451425736182049342e-01
3.064308920843242801e-01
4.586347410761294485e-01
5.870491300368287924e-01
4.542764240364925432e-01
4.627461994517519939e-01
7.013961969104994809e-01
3.656667228888578203e-01
4.030101907850140996e-01
2.535287078008116035e-01
2.460546333833065757e-01
3.793548018008844336e-01
4.447373920984359907e-01
5.490243579066791391e-01
3.890406465088371291e-01
4.452974345099846021e-01
5.078571197043710850e-01
5.969169543933739996e-01
7.319600583274268324e-01
4.261201472350492070e-01
3.383285886896501005e-01
2.718600017789941092e-01
6.476961247846827474e-01
5.622979347359797764e-01
4.760846260059968249e-01
4.448435761601540195e-01
3.799259455567654542e-01
9.871773179190134195e-01
5.334316047183920162e-01
3.372991263506338599e-01
5.257955101997866532e-01
4.016790708411736022e-01
3.785403247813070582e-01
4.501086457108189887e-01
7.179622288039436695e-01
7.419581356240603220e-01
7.510706779157252377e-01
8.448987494965939371e-01
4.917384169973006980e-01
2.350042778743959837e-01
3.391646152493966171e-01
4.052503149009081818e-01
2.592939175739680246e-01
3.653271518314076816e-01
6.132666140062317250e-01
3.731861130057806952e-01
7.194055401115531101e-01
9.600386824026219124e-01
6.634636383944244598e-01
8.454030222181699861e-01
3.569966470934569647e-01
2.807387981828161627e-01
1.797027704960714456e-01
1.723650471236256865e-01
8.008217693423919092e-01
3.618933225225949846e-01
2.197983892252163285e-01
6.980491131702496466e-01
4.636527909238540857e-01
4.511051640213275538e-01
3.661750395989191165e-01
3.370452238524155875e-01
5.707837877873231935e-01
2.747938291212203010e-01
3.772488868814229401e-01
7.417370773900782144e-01
4.035938999779203895e-01
5.712231946702815977e-01
4.864133210268815621e-01
3.139882397159876048e-01
3.654454742228528952e-01
2.636888092790698468e-01
3.413828127972245441e-01
2.301911990462161550e-01
4.455833483677705820e-01
9.525082756145758500e-01
5.188811822206783608e-01
7.809544901451412890e-01
2.571738912846613379e-01
6.618734155122467655e-01
4.316731258549774686e-01
7.132416449826510796e-01
4.743571427574194699e-01
4.251646308713856182e-01
5.156268417165963402e-01
4.393759828795517630e-01
3.810707750704081520e-01
9.424494238215893605e-01
5.787480398563978889e-01
3.764200613434831033e-01
3.990386321059304353e-01
3.831826251302900554e-01
1.400164569632222245e+00
2.357303923113782673e-01
4.564339329983005400e-01
7.219811889222460533e-01
7.730452638564037082e-01
3.449820879500483106e-01
2.865636291407234193e-01
7.355673015410377769e-01
8.425483155866807516e-01
5.486309372147393226e-01
3.987826796694870501e-01
2.043164461670933518e-01
9.380207595881914218e-01
2.645577615164212970e-01
9.724328355964627635e-01
4.300953209335670602e-01
4.453367603279756448e-01
6.211492213336931023e-01
4.615679118635113154e-01
7.926239716699513549e-01
7.831232546308326548e-01
5.801937382481869854e-01
6.383164143861211892e-01
7.078991777731364898e-01
3.834103362165789952e-01
4.549582656834260108e-01
4.001938036594722692e-01
2.909657929214050642e-01
1.798023868133966363e-01
9.030362090492376481e-01
7.539398598136040075e-01
7.380709096901825195e-01
2.509803037115239110e-01
2.935337062482312742e-01
2.163700750411727824e-01
4.667728106273601463e-01
4.544665050157806196e-01
3.617090132034552763e-01
3.841614422009451690e-01
7.745479803453036993e-01
5.239837611073439039e-01
5.524276938600549691e-01
6.943443367839502445e-01
2.867362869707241191e-01
4.279665160695373394e-01
3.040846138117156428e-01
7.065293731234849606e-01
4.003510209458504554e-01
6.933170462954456603e-01
4.535797934168697698e-01
5.407944850186501284e-01
2.390997981095089320e-01
5.283531446039574364e-01
5.767437602228160376e-01
4.409043297689997920e-01
6.686904398444365460e-01
2.829403617012487548e-01
4.399252548808947894e-01
2.748829634837116065e-01
5.065494826069869561e-01
6.014651623986529971e-01
2.514205017997193092e-01
7.829632777982585834e-01
2.822839394967514570e-01
4.741359784845656233e-01
2.437421029378673554e-01
3.362253775522793808e-01
2.748497635734183375e-01
4.747010388817674009e-01
1.165127367573753681e+00
9.860577434069185410e-01
6.428652134399552853e-01
4.271665695711355792e-01
2.972119844838912450e-01
4.894018106858121220e-01
3.999376607453348220e-01
4.713696674039906664e-01
4.597463015284370402e-01
6.021628393417782776e-01
5.034807464031610946e-01
2.937802904989712527e-01
6.243583434129174048e-01
7.056618473800850833e-01
4.489398249629841242e-01
6.587360994604714026e-01
1.009256352762615716e+00
1.805851347788051675e-01
9.767018368327131661e-01
6.049356299034061024e-01
6.883426789339586183e-01
2.103348600992994422e-01
9.630149576083717466e-01
2.853682235838904679e-01
9.842283018054871491e-01
1.695999290657542180e-01
1.492743997424154923e-01
8.008895622288270122e-01
2.940393718989748884e-01
5.481349586309407496e-01
7.240672344380557623e-01
3.783140720181809025e-01
5.176129541424246971e-01
4.025084931748796335e-01
2.206914764542710627e-01
3.536570677330509449e-01
3.394788823629392160e-01
6.410698420649756368e-01
8.665688887275956320e-01
4.968262186442904405e-01
4.174092375474628969e-01
4.819477874291683284e-01
3.732452233208096715e-01
9.845102673150173400e-01
4.103585036281701126e-01
5.209635257104776596e-01
8.006539558615759500e-01
2.127643548404926366e-01
6.757432917992691745e-01
4.992294254690037292e-01
6.897698670001224386e-01
3.638202634660401280e-01
4.975925535110421460e-01
9.018797236813617113e-01
9.259932372885897323e-01
7.560884174677829916e-01
3.965607592608449972e-01
7.142914957118874364e-01
4.876593240805608964e-01
2.153642916233282356e-01
1.139187749125744720e+00
2.928818957936580869e-01
2.647137234939143102e-01
6.702283390252766759e-01
3.509575787353181875e-01
4.633513153400502516e-01
6.570734430958251604e-01
7.629548579134481923e-01
3.044963799351439460e-01
5.553398978665238239e-01
1.062006317570582281e+00
4.903766616777625043e-01
6.470881265600658683e-01
