5.339086610699231628e+00
6.277872915226631712e+00
4.741043495993083390e+00
6.063932222673042105e+00
5.511183355520358873e+00
6.626470092449984861e+00
3.848481919301504295e+00
8.724010623574935508e+00
5.743749929910888063e+00
5.241807458750953330e+00
5.042472647218386506e+00
4.780773340700674723e+00
5.167907481013354065e+00
4.130627800834717256e+00
5.561711461988705807e+00
5.874792363012458551e+00
5.427389764452302146e+00
6.047437824507476911e+00
5.436897606545414874e+00
5.214555369016436792e+00
4.897560393660382871e+00
4.075903802309364110e+00
6.558281537470914913e+00
7.308350642076385739e+00
3.682245444033335424e+00
5.999666439819015373e+00
5.458749934488746014e+00
5.721349177085006232e+00
5.000054383655451851e+00
5.820251656310436061e+00
5.103066393417449831e+00
9.982144812919772292e+00
9.724615302285183560e+00
6.925249706126033189e+00
6.282787832710645226e+00
7.244378041103632704e+00
6.673768577743653729e+00
5.875086573417886981e+00
5.234416048050274384e+00
7.982813030759038142e+00
8.413882311668215763e+00
5.735324571405176819e+00
5.780176645503749988e+00
6.064901830362975588e+00
6.808850080461360754e+00
7.579756277233734352e+00
7.390100544283014550e+00
6.683596816879445512e+00
5.634113862820291807e+00
8.245410838493477002e+00
5.715023309390861783e+00
5.652310083989048550e+00
5.327399961804288431e+00
8.305389936017679275e+00
6.496424433820030764e+00
6.876000251072753144e+00
5.677191162735777397e+00
6.816536002057348220e+00
6.372376187042354978e+00
6.834704808806322696e+00
5.559086253846194481e+00
5.390821145319536711e+00
6.974098816154549851e+00
5.121892090077048820e+00
6.357746051855289515e+00
6.105471343536804874e+00
5.392144694255682325e+00
8.635626563382347243e+00
7.400566088147707333e+00
5.488126869908675154e+00
7.387844321360164557e+00
9.010236961656156396e+00
6.566834504130615535e+00
4.193375355861892473e+00
7.048453821932704422e+00
5.948149208126147336e+00
6.078388351207903106e+00
5.728480030178926263e+00
7.507980676157674615e+00
5.130684110562774514e+00
6.925949564724414032e+00
4.468878642388696143e+00
7.737039158448892451e+00
5.096053071442447902e+00
5.357621161787954556e+00
5.227917427676463724e+00
4.244524854295764094e+00
6.741288910422180258e+00
7.517809754984433823e+00
7.712983015208833670e+00
5.259789183930554834e+00
5.302936365339863123e+00
5.636763631468444835e+00
9.048590446598156589e+00
6.758481873236749315e+00
5.526846865541501508e+00
9.526410520400791171e+00
5.450374153121591903e+00
6.518702420805819742e+00
5.659233374782598247e+00
8.681061848682240623e+00
5.642973457499051548e+00
7.051943042198674405e+00
7.155179718446126103e+00
7.074045140686093802e+00
5.739075390462698323e+00
6.448917469261396640e+00
7.595407031418068833e+00
5.729762693890971370e+00
8.209926953512944436e+00
6.269480464860991198e+00
5.772620406355624567e+00
8.010628425030164479e+00
5.270403375343679642e+00
8.095455329654370757e+00
5.083482429945068048e+00
7.174764254474102820e+00
7.529182954642424264e+00
4.734007444639311224e+00
8.820943845414836559e+00
7.278485874439738268e+00
4.704425785027340545e+00
5.356942769361298318e+00
8.796432811663668971e+00
7.120945631399482778e+00
5.614329102221050860e+00
5.328694716799187603e+00
7.231258803208343799e+00
5.470129622580349071e+00
7.465986413935000066e+00
6.247878066801651364e+00
4.475344809275104474e+00
6.040077017296609618e+00
6.767291413038185155e+00
7.252204761415598888e+00
6.846957677351789506e+00
5.960687794801915906e+00
6.562220654352593385e+00
6.247595349980678670e+00
5.875492315374902574e+00
6.675088744248129480e+00
5.655043723773044206e+00
7.204898246270454720e+00
7.872324468645475193e+00
4.989004446082039301e+00
5.543778840001592378e+00
5.864194464064333978e+00
7.948551164679824588e+00
7.362195256453385461e+00
4.636447154904344892e+00
5.181695713173236406e+00
4.863159303191105565e+00
4.087157369557551156e+00
4.832338763594558273e+00
6.385900484036456604e+00
7.544235606768103786e+00
6.757545463228733951e+00
7.155695659546434051e+00
7.111879348507002874e+00
4.537708602472130259e+00
6.917849271758647056e+00
4.583630194050963169e+00
7.122696048740696284e+00
5.141510474110083884e+00
8.512635994357202307e+00
8.025841376015739215e+00
4.526912933372741144e+00
8.122484007336522538e+00
5.656755264616966095e+00
6.276512056552779661e+00
7.670663422338765081e+00
6.191761709302132211e+00
5.801024758426800432e+00
6.965024409192549726e+00
8.246667713769268104e+00
6.596029511870011852e+00
8.656224478727343907e+00
6.580701938377129245e+00
7.281405526689203711e+00
6.532601918171999422e+00
5.798927978331404276e+00
5.578556627486844555e+00
7.537760650388910300e+00
6.777556926707338114e+00
7.701126626414002807e+00
7.524338528983221863e+00
6.249544995393520708e+00
5.823976122009173473e+00
5.850602845361159154e+00
6.761513690161660151e+00
5.174343804733314123e+00
8.494580583785847239e+00
5.857611892324598557e+00
6.640622899483105357e+00
5.148217739158758910e+00
7.227852663371781006e+00
6.393156670079395809e+00
4.732782349388777732e+00
8.081169037839861957e+00
6.160677034798628604e+00
5.841901253014825102e+00
5.660428621957040107e+00
4.398864360445138288e+00
6.132307318329094592e+00
5.913057608235048335e+00
6.483527782974520370e+00
5.122600058932351708e+00
6.209658994385931940e+00
4.407249596642336620e+00
6.016422218801746880e+00
6.338140714177268542e+00
8.159657055065483888e+00
7.545309954894763749e+00
5.575237249495413216e+00
4.837237900783979860e+00
7.274494071040175314e+00
5.122586145202262742e+00
6.708581278669336179e+00
6.060570868316582427e+00
6.477752155138920998e+00
6.995763204929875911e+00
7.065863666643886098e+00
5.554409301360387907e+00
6.722868775144741349e+00
5.191786924053182872e+00
6.216635540028867979e+00
5.740641997996031698e+00
6.389182724015014969e+00
5.720811388246867857e+00
7.982874874318855341e+00
6.585175489065171917e+00
5.169393102447259025e+00
5.288712610548362392e+00
6.120061195993585557e+00
6.021314346043110000e+00
7.124621140358834204e+00
4.637118610513292438e+00
8.702241393703978645e+00
7.733872186113839753e+00
4.576512656519479805e+00
6.316441041139197132e+00
4.108685175222412056e+00
7.352932579683393755e+00
5.301473126866245167e+00
6.702120173928000746e+00
6.411677670674393426e+00
5.041840239223032150e+00
6.137234140691846918e+00
4.668419198714710561e+00
7.353423630306897607e+00
4.962866290486213749e+00
6.743721665407831800e+00
8.452971889091074331e+00
5.651830292760451790e+00
6.333033958108627459e+00
6.123156541093911720e+00
5.941334951642887496e+00
5.142068586212427128e+00
6.914047173934030788e+00
4.884139758986180802e+00
5.961643090857957183e+00
6.868726644532431536e+00
3.912110881789335526e+00
7.004924073877157653e+00
5.511763788681381726e+00
7.400654722262028251e+00
6.266622107860239765e+00
6.450356593287091655e+00
9.199283703493659203e+00
5.877791140481683385e+00
8.504063408801187052e+00
6.303643371416151275e+00
8.244399058521310053e+00
5.153541941650646940e+00
5.911283252941180955e+00
8.081562303082405307e+00
3.663388261206243168e+00
6.670373615869083395e+00
5.444895576110866386e+00
4.591548123860903274e+00
6.374633400378085568e+00
5.573608328486325370e+00
5.303479313573753018e+00
5.538754639012706704e+00
6.207363118223293341e+00
5.537267312848539902e+00
7.836614319878054680e+00
5.868443225413307651e+00
6.551771703490997467e+00
4.945564865009848710e+00
7.122047668385557806e+00
3.671299250436959927e+00
5.828123770928802294e+00
6.497599042081345644e+00
6.402158090397636947e+00
5.772152997323734880e+00
7.251206989512605006e+00
6.237401288339454730e+00
5.692665100179053361e+00
6.212637877403892617e+00
