2.477523986334484896e+00
3.778895368812698941e+00
3.999648707829015493e+00
3.042614289147461015e+00
4.124049836267063895e+00
6.398157515703963405e+00
2.851885174089698882e+00
3.574497290112507386e+00
4.915040910528302831e+00
4.120535681690269847e+00
3.164000678874733907e+00
3.420983251992577578e+00
3.037802885866213387e+00
3.614088059657045271e+00
3.422548256706473335e+00
3.949585356390684421e+00
3.374782376667320616e+00
4.548922595550987324e+00
4.416407250995925793e+00
3.411572957188021782e+00
2.775740625072001588e+00
4.663203639518370025e+00
2.669650769062215545e+00
4.650146090644955876e+00
3.722776922223440366e+00
4.885632565515078518e+00
4.656479349374448518e+00
5.017637901153107371e+00
2.968708167475558657e+00
2.562133133397984430e+00
4.564949791559079095e+00
5.743344469920048212e+00
3.348172268856780764e+00
3.500712874904009730e+00
4.420309658553345677e+00
4.927436897656031434e+00
3.643201837369015372e+00
4.186377792278727306e+00
3.686570575934485117e+00
2.921759055841727903e+00
4.740347568155105940e+00
2.480308863581794920e+00
4.882873630112452012e+00
4.056934105465384910e+00
3.869451492646504676e+00
2.265901017025166997e+00
3.351255505771630006e+00
3.270758216652138284e+00
3.180182096368612932e+00
4.291171945454042458e+00
2.555987654165425838e+00
5.214537161234074070e+00
2.419922073271493002e+00
3.195524755563941444e+00
3.001120387229390563e+00
4.559101961757774824e+00
2.327010547165469401e+00
3.050165555974387210e+00
2.981197136989289564e+00
3.212557240067081654e+00
3.717135384230820794e+00
2.789573630571133833e+00
3.703043148301166543e+00
3.307392213396872283e+00
3.849402893824991345e+00
3.381606258684557886e+00
3.661582762876243624e+00
3.596527818461439985e+00
3.598290253096576574e+00
5.174977960874890925e+00
3.724123682104267807e+00
2.862435290132574917e+00
2.613223483875142694e+00
4.001325495721100189e+00
2.917713084096259735e+00
2.752720988880179576e+00
4.823455772896065419e+00
4.765861348025123512e+00
4.096152883978938064e+00
3.657109265616749205e+00
2.300210252810288569e+00
3.160124500305323103e+00
3.390255816677822942e+00
3.202073614402444868e+00
3.344905954842924967e+00
3.624868854008615138e+00
3.367192280788529057e+00
4.443042094000096753e+00
5.646652357718826565e+00
3.787004926832024054e+00
3.912718346210702691e+00
5.409156548381799823e+00
4.447484839347217722e+00
2.846705325204299974e+00
2.019535545203887228e+00
4.215698083064838286e+00
3.607311572334022998e+00
3.884700295154653649e+00
2.901580552194519047e+00
3.311099406418426039e+00
4.997799382084215480e+00
4.257826035677639176e+00
5.034340125173481617e+00
4.586032016478296391e+00
4.552536627987813667e+00
2.810076503119076197e+00
3.246139874685680660e+00
3.495060660873146041e+00
4.192254818863093924e+00
2.907407326685525817e+00
3.515632131998458920e+00
4.232507309243682236e+00
3.703780170013156070e+00
3.343271358672694316e+00
4.073203868918237269e+00
3.008410468189800735e+00
2.698991181988627641e+00
2.734601993786204499e+00
4.087714058706194642e+00
4.941452477526323328e+00
4.617758330123691302e+00
4.084484333957624891e+00
4.914929235148870035e+00
2.857042319505184391e+00
3.392194012057936803e+00
3.799347929646338606e+00
2.483881515202540857e+00
2.787636182726246581e+00
3.271019544680722646e+00
3.456285233205829144e+00
4.440154218392812879e+00
4.180113705104082200e+00
2.794846845283730730e+00
1.244205300473167464e+00
3.384492936584494682e+00
2.703309588723319390e+00
3.288763628275402251e+00
3.711391203350701939e+00
4.574422541553117227e+00
2.896865772079951995e+00
3.169624980202732534e+00
4.397539547377115277e+00
3.444567419972996092e+00
3.642372007663595479e+00
4.120471286354518092e+00
4.763375595473929636e+00
3.739176362792020480e+00
3.542306300479232561e+00
3.195828501650661568e+00
4.223801375101136735e+00
3.439444183994250448e+00
3.442890154538236658e+00
2.973610934023339425e+00
3.363715808836044374e+00
3.462492878182108935e+00
4.173863588787744661e+00
2.777938281163684575e+00
3.472387407425543859e+00
5.002793042053074402e+00
4.416157482693914282e+00
3.271051057701262810e+00
3.117777429663366906e+00
2.668161124170680409e+00
4.660114726018546705e+00
3.418968440967482536e+00
4.995247514750094098e+00
3.686047301695041245e+00
4.825953608578032572e+00
2.435273769277951139e+00
4.360039236642013982e+00
3.809503964574013413e+00
3.186300787273300017e+00
4.785272381933895147e+00
5.570781288190011615e+00
2.704501181714257463e+00
2.844020788196019112e+00
4.294610807460985669e+00
2.603498753900789886e+00
3.667395116828831014e+00
4.417141770771218390e+00
2.285768675369667768e+00
5.739147955807394119e+00
4.183800577188910630e+00
2.641765660933533155e+00
2.565327131188239740e+00
3.784037115707193255e+00
4.041196764484583426e+00
3.628797972451900833e+00
4.700493133206160579e+00
2.533832683862873303e+00
3.210140092866395900e+00
4.601547154255019478e+00
2.809011817601789751e+00
2.984286324050742678e+00
3.584561637234788822e+00
3.232949340578068043e+00
3.692456308279036481e+00
3.241617527504000673e+00
4.050339111548480808e+00
3.118538652571341885e+00
3.463822855430056968e+00
4.341490994612911436e+00
3.731194485348879208e+00
4.237849703752812225e+00
4.802878284802723385e+00
4.412316250357836367e+00
4.413909421195374883e+00
5.275879859726892995e+00
2.750556692083428789e+00
3.591023201710968227e+00
5.038934274058548546e+00
3.219259807069196899e+00
3.080262515172603965e+00
5.182627044009419315e+00
3.442043870012807094e+00
4.776382165885031839e+00
4.736292530890570340e+00
3.203835259449244521e+00
3.405183993752464833e+00
3.720879328082451920e+00
3.502431467964815415e+00
4.045944247502338165e+00
3.816157715269635986e+00
4.230894109895897870e+00
3.340547311509187267e+00
3.867142644274705443e+00
2.888934762587069383e+00
3.315873714992429111e+00
3.087958330827893505e+00
3.731744828665291447e+00
4.076531868813897397e+00
3.532247704408725486e+00
2.939115709714563263e+00
5.980260973762561605e+00
3.819146244589267436e+00
2.620971923411050231e+00
2.496410718283920360e+00
2.818894772499448642e+00
3.797090005415074465e+00
2.606252646918032045e+00
4.322199357393135877e+00
4.078260703078271376e+00
3.863165632920942283e+00
3.201685909082364390e+00
2.034582872849829638e+00
3.084944900670748336e+00
4.478625647842096491e+00
2.355507272719001399e+00
2.551112812379905392e+00
3.699058288788056537e+00
3.058723278375440113e+00
4.935726898713471478e+00
5.421589523849668524e+00
2.014414943962943294e+00
2.857342652270648653e+00
5.689153443317480630e+00
3.177187678172688656e+00
3.926267971513818900e+00
4.299928141851347085e+00
2.313408299137492463e+00
2.805601414400800575e+00
3.817558289789197090e+00
4.713571376156270532e+00
4.016549952570820814e+00
4.891561697031239220e+00
4.067382803176944783e+00
2.870810884872755597e+00
3.499240173523092245e+00
4.856360903131029083e+00
3.703878764795753842e+00
2.526168486515772749e+00
4.539690159278809034e+00
3.808317615768452846e+00
3.988015427089139919e+00
3.602071709297613555e+00
3.593335237488577860e+00
3.300793779730420319e+00
4.141123399343653588e+00
4.474675842328918129e+00
3.797245092393610744e+00
4.067513944024816475e+00
2.595986203718799068e+00
3.101798731980797363e+00
2.774035313447724693e+00
4.256278548838316134e+00
3.959332194986295406e+00
3.413941138008804721e+00
3.347965212329952589e+00
6.275067612558319574e+00
3.282761425952569923e+00
3.983593103267717872e+00
3.467477698549685350e+00
5.424771213760942956e+00
2.614209401862555016e+00
3.611434187305485377e+00
3.449999371794973069e+00
4.086507857243049102e+00
3.706535119046458604e+00
3.786770369328226415e+00
3.307663867946803116e+00
