2.184562033794468783e-01
2.604414942910480146e-01
5.397807171084022526e-01
4.194429944782605002e-01
7.649244703864112038e-01
5.283051580767418320e-01
2.851910088973695911e-01
1.259546841112921145e+00
2.474268834676933149e-01
1.216251298865845681e-01
4.707645178613391601e-01
5.504376463833088318e-01
3.525177726036017312e-01
8.037309664643086382e-01
2.609875725050255224e-01
1.714724050976621228e-01
2.743853123993332255e-01
7.646432409779377881e-01
6.026964623716729585e-01
4.498317075597030867e-01
3.914925324948699270e-01
4.019763668692850622e-01
4.380292439439125718e-01
9.319728590470223173e-01
4.349054037882720825e-01
2.303809259723902103e-01
1.288512464722712803e-01
4.000190365082181843e-01
5.002762913727570870e-01
2.318339083932642875e-01
3.530221240539691552e-01
2.455324603704697461e-01
1.617872809403542167e-01
4.435981189696094340e-01
1.250684377024437188e-01
2.121795643978566237e-01
1.842862323525920332e-01
7.635801200028461411e-01
3.085561675806021698e-01
5.863498771650875740e-01
6.622942725347672477e-01
3.754507183727227582e-01
9.494618656679065793e-02
4.224037562574605720e-01
2.682421273664766792e-01
3.844518877223490061e-01
1.633422841942202552e-01
4.846293858077656003e-01
5.180711706249405690e-01
3.113734276455127348e-01
4.760827366373271974e-01
6.066723701486995690e-01
9.569526898350229072e-01
3.652499376113615970e-01
1.540757296644946206e-01
2.268800350098678087e-01
1.585665998100836971e-01
4.864023971524181755e-01
5.633003835644140311e-01
2.039746905936377641e-01
3.778315882241251589e-01
5.809522307308748745e-01
9.416646114491431518e-01
2.491685637857535274e-01
1.995205473051913647e-01
5.672411168688293870e-01
1.386849542021063586e+00
9.864839822749883469e-01
3.241326321504938157e-01
3.704721508564359223e-01
2.575982456486790029e-01
1.932959489506905770e-01
4.243162014141874661e-01
2.570493567525407586e-01
3.149466109757244614e-01
2.968342408417096734e-01
4.298689572209442034e-01
1.359263044989125202e-01
3.684564044395050031e-01
5.017836868202055767e-01
4.428538325211252014e-01
3.750523234801250161e-01
5.390983326612844850e-01
3.470381902113887085e-01
3.945145861376413432e-01
6.544120266165650568e-01
4.268456277046812075e-01
3.258953893078764263e-01
2.376167425995784621e-01
3.335918001038675751e-01
4.063196811107436801e-01
2.338233723118090523e-01
3.438906184794324750e-01
2.437851239364842992e-01
3.604266510328747453e-01
5.172017903603481903e-01
3.772382133786355007e-01
4.644027349041174868e-01
2.512445969017982894e-01
3.268828012915146464e-01
3.372616945367545860e-01
4.518338849809973023e-01
2.491290155642785220e-01
1.492531096177734662e-01
6.409307827155769077e-01
2.167383012966669908e-01
6.323027691022492514e-01
3.511950684776261045e-01
4.083006914680436528e-01
7.199369577737618764e-01
2.582001213775617643e-01
2.935627930200550018e-01
2.362329840693015437e-01
3.064624290576200005e-01
2.762496085712475291e-01
4.189151157142694260e-01
2.338074895306696266e-01
6.707191979808689863e-01
2.700325642681845606e-01
1.206729087933736816e-01
3.533764690739835124e-01
6.258477861134745801e-01
3.186722784458005386e-01
3.698746383671583926e-01
2.042250177007879364e-01
2.660917123970759079e-01
4.526845357432826567e-01
2.228140954624834857e-01
1.757899825001658922e-01
2.479631815983165399e-01
2.816091734616961717e-01
5.728520540908373926e-01
5.713096504452332969e-01
3.029775111822733957e-01
6.565304194454830711e-01
3.112620123028926322e-01
2.971368476691519933e-01
2.053020440048239637e-01
4.265351899055898066e-01
2.535702699745697175e-01
2.486697293451940460e-01
2.396997486550299927e-01
6.032935048636270947e-01
3.492423956615070546e-01
2.099735927915837574e-01
2.667015449695368523e-01
3.679908457961061363e-01
5.537362696012880781e-01
2.372815647059563493e-01
2.809001205014365343e-01
3.381916686902625702e-01
5.710234595634418042e-01
2.146367815541556645e-01
2.350243792159022460e-01
3.142253378131771857e-01
2.310010747825007038e-01
2.440971775324976556e-01
8.129073109908541150e-01
2.714267253957921566e-01
1.885697444826083535e-01
2.563750320861148957e-01
1.698933768524656385e-01
4.665141996305985916e-01
3.504941002643354730e-01
3.216887763223513219e-01
4.010241926130982959e-01
3.236391721556271528e-01
4.739138601739002477e-01
2.044518554647230257e-01
3.640192839225286914e-01
2.065926657518878939e-01
2.538109935767770553e-01
2.754498797983287450e-01
3.949463662790604346e-01
3.925386166855260317e-01
2.280561974813637427e-01
5.016420908462818629e-01
2.160750222831926415e-01
5.727694113107673068e-01
7.854670628899984575e-01
3.543325066942409340e-01
3.501841651398970856e-01
3.806148681643861664e-01
1.865718225080585102e-01
4.203067368317364161e-01
8.289787600141977908e-01
3.499887800271324068e-01
3.287609997292321729e-01
2.517961755265024082e-01
4.812161429298016935e-01
2.210471660621133871e-01
5.592207485415632284e-01
4.161581093360062211e-01
3.263290424690862279e-01
2.730925657167272425e-01
4.625261793818529754e-01
5.568513270853165942e-01
2.205206032113763981e-01
4.345654534557356063e-01
7.065142858467100551e-01
1.722243329957368063e-01
2.333060141494761874e-01
2.762520785597774031e-01
2.164832199209593133e-01
5.220383028994639574e-01
1.359566253044813544e-01
6.926836389701853669e-01
4.105986951888743741e-01
1.621254911938616872e-01
6.508258452389600324e-01
2.916810759358128835e-01
2.715023857669089380e-01
7.356518645262122291e-01
2.547852031103124970e-01
3.217421261031120361e-01
2.223269750808737621e-01
3.177825352031162787e-01
2.443639219292766951e-01
3.810360424011386971e-01
3.838729863280245791e-01
2.650527263920700038e-01
2.695384963934416844e-01
4.345294034634348268e-01
4.860624239863968188e-01
4.410594040179240949e-01
2.995390098497014431e-01
2.726429878823707353e-01
6.865978643734135245e-01
5.720809313108127236e-01
3.090490532279092650e-01
2.925047840086913431e-01
3.255754044530015379e-01
4.205816347982650472e-01
3.037937926161152213e-01
1.552676301061262365e-01
5.768101995823413652e-01
3.526982548436133347e-01
3.053533751485323355e-01
2.613060736200673584e-01
3.673483405460850060e-01
4.189423115190871183e-01
2.746201726032393431e-01
4.644148252064527194e-01
1.323350241905940083e-01
1.845163826269411722e-01
5.335485734521897561e-01
4.856245963562166312e-01
4.339210538765552183e-01
3.483822014896875707e-01
3.395121854756440460e-01
2.161849885533940752e-01
4.004443689014929864e-01
3.490574593395029401e-01
3.600713462012901656e-01
5.136934811071237617e-01
3.095116354097586231e-01
5.694992465766219869e-01
3.572128597823146512e-01
2.176928066891340441e-01
2.894499702564295451e-01
6.884949904869310799e-01
2.368744429021411302e-01
5.003957623397764509e-01
3.377527170635333253e-01
1.388814193002650965e+00
2.763789341121584697e-01
2.209669352289145017e-01
2.107603431085917911e-01
4.838364576421815832e-01
3.320059686083152717e-01
4.672142311676112936e-01
3.673192353013884914e-01
6.735708081502683742e-01
2.043239331808039960e-01
5.484030920980759172e-01
2.190776729741407691e-01
3.161996277242118403e-01
2.075425065314125128e-01
6.427472194119171478e-01
3.454688762929194468e-01
1.513625097704963118e-01
1.674328084315219456e-01
5.349796918968787729e-01
4.442301982956758932e-01
1.419781801015258527e-01
1.963739877882675622e-01
6.024860828794211809e-01
3.363176638624205128e-01
2.981990304663105773e-01
1.705068378429877574e-01
3.082362213551399499e-01
1.958969152601137964e-01
7.559749259097094942e-01
4.505606144443505268e-01
2.873911784371747102e-01
6.108626162018599981e-01
4.042905388009742640e-01
2.338072452879977614e-01
2.486652307515220817e-01
1.160734590982611253e-01
