2.415293688335564681e+00
1.688862146139726184e+00
1.680698723038973830e+00
1.023790361233634760e+00
1.394404132362370596e+00
9.768828612491522456e-01
2.096483913468305538e+00
1.037055881255170453e+00
1.063815983267384357e+00
1.193993079421536541e+00
1.874977019649374910e+00
2.102928571830336324e+00
1.550274027571755475e+00
1.956414522285108593e+00
1.273244617812207657e+00
1.007627297120701870e+00
1.370288292275233077e+00
1.646012996483523505e+00
1.667678395137240255e+00
1.136655611265189769e+00
2.467061498867546110e+00
2.163302459893572838e+00
1.758771112402076398e+00
1.067280313293431204e+00
1.082205868652640568e+00
9.378040713336820433e-01
1.541934919940200821e+00
1.275539035065398341e+00
2.091761797381965771e+00
9.296814730906712843e-01
1.156609420240907626e+00
2.098984520910893270e+00
1.485114472372975003e+00
1.733783415406769279e+00
1.774323383392617526e+00
1.597125138794907251e+00
1.780406246023442884e+00
8.062614654115939361e-01
1.520126382491861383e+00
1.821231821409857510e+00
1.275487035302620198e+00
2.629575639262975884e+00
1.387284447780763319e+00
2.159545882977678577e+00
1.897359223844457210e+00
2.096017101960072182e+00
9.587922334945949698e-01
9.984638874673070763e-01
2.237032496607937126e+00
1.252803702611799075e+00
3.324244547812992057e+00
1.242367396370432031e+00
7.888344666795967797e-01
1.905593613603650871e+00
1.174954010710872687e+00
1.355238119132813335e+00
1.663342098094707788e+00
1.736062981498553981e+00
1.198428766394611600e+00
1.395814914197854417e+00
9.748545955058458556e-01
1.419016685767939823e+00
1.960135370515939668e+00
1.872165830561859812e+00
2.914678960215766779e+00
2.749940022061123202e+00
1.255887177999595705e+00
1.607257393437412363e+00
2.230438920944519232e+00
1.369922650960901045e+00
1.071311304778425955e+00
2.069351322150882577e+00
1.789983092327608771e+00
2.084508103013631430e+00
1.215298562240618274e+00
2.591324066928329284e+00
1.262634447719069186e+00
8.032437934882818986e-01
1.209896902581877987e+00
8.350954923416955555e-01
7.053402001156929835e-01
1.183775673935708594e+00
1.182572973150165296e+00
1.517265651190097930e+00
1.916100501986952365e+00
1.171534522686156876e+00
2.162938666115256314e+00
2.098359063289735094e+00
1.872548694601429142e+00
9.708409461304139398e-01
2.246967874439928181e+00
1.091324170643555025e+00
7.854813524377132206e-01
1.212445279462105008e+00
1.429876293802957887e+00
1.062148099681177849e+00
1.673385063447913268e+00
1.806543418526055378e+00
1.640605278866615890e+00
1.208509110613046778e+00
1.067665735688748674e+00
1.311810448610173596e+00
2.425145997864714076e+00
1.945698877790644987e+00
1.891546475563624430e+00
8.953772955240094644e-01
2.366098213029982578e+00
1.598978740548169908e+00
2.444267594137929933e+00
1.955178094411379019e+00
1.075973617203761279e+00
1.125754929804126059e+00
1.334173273324445352e+00
1.174116050720240167e+00
1.449975801120736874e+00
1.558595368787378588e+00
1.482729944852401616e+00
1.118348468789139627e+00
6.039276287358521511e-01
1.804279797082105175e+00
1.735651816032801831e+00
1.236203456719147997e+00
2.281861866449036658e+00
2.095581187756414554e+00
1.084235165679514612e+00
1.606731095321477731e+00
1.161879273022212500e+00
1.910740807646645889e+00
9.778139130174337001e-01
2.387170888009443548e+00
1.488752966343490192e+00
1.450019844824953719e+00
1.300694565951270532e+00
1.747878794645113754e+00
1.545670971235470148e+00
1.442687634121235796e+00
1.155496385767157630e+00
1.619328347616260544e+00
1.367732111641558390e+00
1.604694540958260029e+00
1.865988263720156359e+00
2.059558601561730651e+00
1.995340976045900216e+00
1.170447150069485076e+00
2.470254595029913514e+00
1.585143049536039683e+00
1.482329271703808793e+00
1.708452137624411060e+00
1.847778200384164515e+00
2.657983630246743445e+00
1.244999588077017938e+00
1.092461190520124248e+00
1.649774347857791756e+00
9.596722103734914855e-01
1.859389417404740952e+00
3.084947494873600871e+00
2.128021849365384188e+00
1.805830956843118784e+00
1.249777377556830382e+00
2.028586491633742384e+00
9.288861836429626040e-01
2.671800765667146749e+00
1.790450507722549878e+00
2.416520568661256085e+00
1.841120574516938779e+00
1.426529250271049598e+00
9.646256999720995706e-01
1.678514240236887556e+00
9.135337654886446224e-01
1.588939655083199343e+00
1.673990340268441512e+00
5.614415264923818816e-01
1.331367080690987414e+00
1.494981519576243034e+00
1.963801302620708400e+00
1.238396021928092283e+00
1.317042652939344194e+00
1.284506972917211609e+00
1.527004749686386331e+00
1.796014809822495284e+00
1.414377390987584304e+00
2.059868167125008753e+00
2.406902927768221900e+00
1.693975002773706606e+00
1.750939976211173699e+00
1.382959594266785608e+00
1.174367756591204071e+00
1.643012760843290065e+00
9.361033158943671273e-01
1.445896717872467319e+00
1.812693263020875190e+00
1.701473733318614512e+00
2.104325133813562676e+00
1.609819874900428438e+00
2.198017627201096058e+00
1.622727786866769550e+00
1.751634823929894003e+00
1.775834516733877155e+00
2.590218458203380258e+00
1.534339850636810221e+00
1.217106365088256092e+00
1.017926004364681836e+00
1.520957768533325316e+00
1.291424699825756139e+00
1.796910850089780798e+00
8.785419026165999234e-01
1.461311141018537985e+00
2.962952943391225169e+00
1.897890248810650604e+00
1.928830571208681732e+00
1.642063555997293145e+00
6.792238796029687053e-01
2.435350291332727846e+00
2.422248119001698896e+00
1.404448020846117196e+00
1.860718203121077163e+00
1.669846518985946382e+00
1.473081263037630650e+00
1.496918444980526841e+00
2.259694711032808279e+00
1.796009045411707916e+00
1.524120587732955556e+00
1.903505719149782172e+00
9.659833217896293123e-01
2.361866622555779394e+00
1.703726660101220425e+00
9.357501629283661027e-01
1.694364240741007110e+00
1.996655263031489547e+00
1.812374189164577931e+00
1.644154760919346314e+00
1.776961608388867075e+00
9.066238794724359451e-01
9.461426122225218283e-01
1.546043109628671086e+00
1.542834458699034572e+00
1.932055600640871562e+00
1.704884545556200726e+00
6.834802520626064304e-01
1.539314412327093429e+00
2.082403244249662055e+00
2.043788168720854337e+00
1.080555034491157640e+00
1.864961391644394784e+00
1.281204418816237478e+00
1.728927515786468527e+00
1.541069719592066845e+00
1.047797524552213533e+00
1.321597312355735854e+00
9.436032697097174182e-01
2.277808080760269416e+00
1.685620280410429439e+00
2.307953944876973029e+00
1.196122613851570815e+00
2.108686074535780719e+00
1.559821899635330578e+00
1.140401585230408354e+00
1.238704580248872533e+00
1.572495864915203878e+00
8.780996466957499136e-01
1.006960922539718251e+00
1.777144257965603380e+00
1.446096842428818752e+00
1.489327620964765009e+00
1.529949989616062211e+00
1.894290325979311129e+00
1.329545137026342916e+00
1.708080383135809344e+00
1.504225721135484806e+00
1.524427994003243692e+00
2.151837099487871718e+00
1.570760071183814333e+00
2.360339114649624648e+00
1.226767962802739032e+00
1.407512220113100510e+00
1.263154537984287451e+00
1.597779665235722124e+00
1.335411721779627081e+00
2.020328138100194515e+00
1.994500443168185644e+00
2.469811514264611318e+00
2.645278926234275740e+00
4.958090832512433432e-01
1.892591428901208461e+00
2.202156812834557886e+00
1.922950174218214237e+00
8.024162071678764274e-01
9.359147683326606293e-01
1.778870550231762548e+00
1.417096805055080511e+00
2.274344503035265141e+00
1.657071256762393752e+00
1.792730076467139000e+00
1.167123834841735430e+00
1.687504894555661661e+00
2.251852339788817936e+00
1.379208935718315265e+00
2.053704328892802078e+00
1.231449911639317607e+00
1.688298797950071428e+00
