2.093079699680825190e+00
3.064921467498591845e+00
1.232214909404942826e+00
1.637994541292836503e+00
2.085123872998258854e+00
1.709067210818273397e+00
1.519915112067877105e+00
2.814793131003368920e+00
2.227714560071080374e+00
1.469933177789696455e+00
2.921905186059660320e+00
2.031119058202158101e+00
1.232887827124150792e+00
1.026172599482798375e+00
2.164524372840763267e+00
1.345818946495333179e+00
1.817683751909553891e+00
1.221434559374408479e+00
1.730974497650280552e+00
1.174797269141431233e+00
1.997516485884986315e+00
2.155284648660141578e+00
2.181976727837655172e+00
1.690899266383541599e+00
1.633233424103885723e+00
2.721347506768102331e+00
2.345930764703931359e+00
2.217943272819650424e+00
1.343224884057990565e+00
9.067958268505451613e-01
1.381526129875096709e+00
2.289638521704131069e+00
1.824620811833155942e+00
2.461463846876658312e+00
2.314173910744759421e+00
2.901315748948244178e+00
2.633910542982502268e+00
2.903794360640854055e+00
2.453054566428745087e+00
3.152637110558189182e+00
1.708306146676197512e+00
1.225659429831657210e+00
1.133678926130826881e+00
1.021303632475862866e+00
1.779611331986739930e+00
1.954738078994179507e+00
1.598499014725192957e+00
2.098773694417114033e+00
1.821829817929580875e+00
2.389158841729943195e+00
1.223263874331616208e+00
1.853253030319062855e+00
1.223699659128367756e+00
1.754610096050358781e+00
1.593748446425678145e+00
2.489380127366805251e+00
1.535845063429256196e+00
1.612960895377113291e+00
2.107498750828352918e+00
2.494613142215163393e+00
2.020682467438699170e+00
7.514966438429387940e-01
1.531447979576133100e+00
1.481454789405153960e+00
1.489472371561091357e+00
7.671655051958579108e-01
3.244515366227378905e+00
2.627215817615936810e+00
2.313694427261175246e+00
3.207723732226980928e+00
1.858305163958596129e+00
1.407335165903767837e+00
1.128676826962114799e+00
1.168426141062064660e+00
1.404888171205507907e+00
1.938665920737555393e+00
1.408984671180220971e+00
2.245256133960187306e+00
2.242653781499353016e+00
2.237510610173730541e+00
2.196101484361879574e+00
1.517370394513980703e+00
1.778038376670246112e+00
7.225781916956214301e-01
1.477127529605221978e+00
1.371713675666250465e+00
8.737596476966905668e-01
2.300507874196947800e+00
1.317698985807603584e+00
1.385157552514581392e+00
9.517179308893188860e-01
1.757437158034931723e+00
1.472044268772825015e+00
1.957446232666272490e+00
1.599041919916080134e+00
1.150930702439470821e+00
1.927430607387569106e+00
1.721022533000734933e+00
1.466623248724597595e+00
2.167375774928799625e+00
2.218553229978004637e+00
1.568956105864778294e+00
2.656163777311347118e+00
2.786533599388620885e+00
2.346427863584565010e+00
2.790089210015904264e+00
1.890094817880372258e+00
2.126341631516111441e+00
1.086457211279909796e+00
1.337938769736994216e+00
2.008159447817349008e+00
2.145745295448783452e+00
1.966185619851156696e+00
2.217094977614174400e+00
1.372438770444491363e+00
1.670913025173264677e+00
2.113784534254971703e+00
1.918897339160248405e+00
1.011115841464556242e+00
7.387246247435338420e-01
1.637801187329097630e+00
1.981485210431682908e+00
1.158999947677897158e+00
9.303537177159278970e-01
1.352235101307130760e+00
1.752068815967410265e+00
2.119544220031345905e+00
1.592692640261143877e+00
1.289787097535857630e+00
3.647322763707244953e+00
2.072790546967820724e+00
1.713309852816072398e+00
1.336299043468067715e+00
1.797561658788467298e+00
4.400370319607648462e+00
2.191887460684211586e+00
2.021693691944140170e+00
2.157223126578017958e+00
2.449826212752418186e+00
9.447561101488377577e-01
1.603857686577267128e+00
1.776829715527366682e+00
2.130495899228114443e+00
2.698694756662590510e+00
1.806672233026281438e+00
1.153498293698178134e+00
1.327634729337638930e+00
2.183735715011808409e+00
2.263640959070931213e+00
2.552862921074855240e+00
2.177182603829675767e+00
1.436401977887833414e+00
9.232632938732701078e-01
1.678949105722198132e+00
1.918527288408084175e+00
1.300017867015734963e+00
1.978219259208650493e+00
1.560324613567788177e+00
1.964211643955796394e+00
1.728513770330246890e+00
7.342217922702770627e-01
1.462121934695818970e+00
1.674634397666159957e+00
1.781512313306097273e+00
2.300549686480752865e+00
2.092775699878549389e+00
2.165766576174387836e+00
1.848480258808376853e+00
1.655505249703165038e+00
2.254623568582991844e+00
1.800431084024989525e+00
2.088966126675694479e+00
1.457430228342479817e+00
1.729941197334363467e+00
1.240905880691690832e+00
1.256447437928966515e+00
2.612454595173473670e+00
1.506335686195088508e+00
1.815804226347861317e+00
1.537781042499509088e+00
1.319168917604866653e+00
1.953271497380849597e+00
1.806792778164267199e+00
1.047938464790350022e+00
2.054735272276901448e+00
1.337201733585709373e+00
1.450633776463072344e+00
2.720364702008988278e+00
2.412695276405944611e+00
2.358110867856610060e+00
3.004534013933341186e+00
2.135034565412372576e+00
1.376774293090224255e+00
1.220599664138302565e+00
2.149605222107944691e+00
1.298841585015973354e+00
1.522153886197624262e+00
2.459714186843976247e+00
2.151846735896461915e+00
1.105301131277991900e+00
1.696902796775181299e+00
1.497429337484636358e+00
1.169456165749778620e+00
1.907336004154287723e+00
1.721389932667403810e+00
1.381894650301476402e+00
1.526340537538956044e+00
2.427532938212252134e+00
2.205279234769245811e+00
1.039599732160377155e+00
2.007284668567529629e+00
1.349452447912986131e+00
3.019317206817369481e+00
1.606369704029452894e+00
1.863107740588486383e+00
2.038460999461455536e+00
2.151223898512348409e+00
1.190585667016970994e+00
1.470450638820552713e+00
1.481647443162648958e+00
2.099746675308464372e+00
2.906214358842475587e+00
2.244615833505345659e+00
1.361310121664023765e+00
3.324358323682201188e+00
1.916288041166003042e+00
2.755768773272429861e+00
7.202472122841129254e-01
8.207163467027644987e-01
1.650406341643375630e+00
9.622057914295151226e-01
1.611047716627166393e+00
1.244949843613950113e+00
1.172185672876066675e+00
2.413853343692098807e+00
2.065592034598937143e+00
1.505962321577400287e+00
1.403347753428222600e+00
1.359261908917585915e+00
3.474250626164865796e+00
3.558267787529794557e+00
2.361333390935323351e+00
1.295141092245956749e+00
1.430207053702327480e+00
1.233796176931102995e+00
2.432156395310768104e+00
1.965814296006033635e+00
2.481256675089233976e+00
2.472118876326998116e+00
1.182571469479591020e+00
1.845416645021553448e+00
1.342676462277165861e+00
1.274259509571771920e+00
1.713420433178346913e+00
2.366270676534406370e+00
1.307561178623049880e+00
1.122941590170673853e+00
1.727439847768306391e+00
1.762587570957457217e+00
1.576945931151088942e+00
1.850842149698450179e+00
1.748999956732377070e+00
1.444221930945812193e+00
2.342313391679091694e+00
1.528662959524960341e+00
2.327370592346329481e+00
2.143683060239547800e+00
1.288670773133842706e+00
1.875296832179202733e+00
1.599474991269962176e+00
2.048809772219069458e+00
1.662543106682744520e+00
1.396786894942776858e+00
2.072928866889295563e+00
2.281859333800789091e+00
2.074581518648520362e+00
1.604378205254312961e+00
1.719963551029602078e+00
1.066462396617796182e+00
2.074167827447608747e+00
1.601893661498387189e+00
2.553338967608341559e+00
1.713527966367843991e+00
1.397286064519673410e+00
2.226704282696840398e+00
2.125803215373950561e+00
2.861328529042659330e+00
1.434217488536963181e+00
1.556924763976298642e+00
2.665517382014319203e+00
1.124195606332778485e+00
1.682976376009758690e+00
1.879606898592561581e+00
1.032659771257591563e+00
1.188804159293444851e+00
2.048609462296613781e+00
1.352962754985393090e+00
1.678370149117798027e+00
2.109627572311128407e+00
1.563969334436993375e+00
