3.369412801625502052e-01
8.986915449218881857e-01
1.043623388168197552e+00
3.893512425663530618e-01
7.001383047332498943e-01
2.444407063338322750e-01
7.123991059879472010e-01
5.559975232956227975e-01
1.443146389179655209e+00
3.806742889519493800e-01
8.256518401573262889e-01
8.783416682364224570e-01
4.510265068786724618e-01
5.528390377949052858e-01
3.708305324103606804e-01
5.466351530744203435e-01
6.539764191733483667e-01
5.833728662857469160e-01
6.409947879373766311e-01
7.236858763934040928e-01
2.715816700913660231e-01
5.315777766933557080e-01
2.868608284898249150e-01
5.751716576210023080e-01
1.108055954387691333e+00
3.656768213298567938e-01
8.598452578460403783e-01
6.479071133361793411e-01
1.419627889337772286e+00
2.160277670011934992e-01
5.648051086336021154e-01
5.005070255554054937e-01
5.964272751249827254e-01
1.817026257736478467e-01
7.165629794270659270e-01
1.288270410035870839e+00
8.336094671985505578e-01
6.984010652848345879e-01
4.174212863742884361e-01
3.219682050578538401e-01
6.602489440533909626e-01
2.513923824854307210e-01
1.161284841838553739e+00
4.977639579015333826e-01
4.219135507255989403e-01
4.762187935517401272e-01
9.587503295559269834e-01
5.165853780686108232e-01
7.309411153872962252e-01
3.387749923156569420e-01
4.501501274602263680e-01
2.631606315440977450e-01
8.137968734828121553e-01
5.660380003906351210e-01
4.229059802664544843e-01
3.753554771120070632e-01
4.448615410833990924e-01
6.465260525725634588e-01
4.321979362366260569e-01
4.648294056154426701e-01
4.534708998918249301e-01
9.127012175931336069e-01
5.653541695915949017e-01
2.738315580595236942e-01
8.810598810277117110e-01
3.178985628952175069e-01
6.491324600833945357e-01
5.624826976946259993e-01
2.024136761542010277e-01
7.937804464039669439e-01
9.981695096014427948e-01
8.138625746629397639e-01
5.536328135677464068e-01
2.952088012051040100e-01
6.266502074802339228e-01
4.351828997091646833e-01
5.501988716573928961e-01
8.446444670999175841e-01
4.958598385059788671e-01
4.884698969600881902e-01
5.222703646275250744e-01
7.829124453389897376e-01
5.084207982406442339e-01
2.747696868817385840e-01
5.643281583778880783e-01
4.889418448138889151e-01
6.067534076760152661e-01
3.921921982353595015e-01
6.160756995908925893e-01
3.360837734479368288e-01
3.831050072081579883e-01
5.786107060609304575e-01
6.617165225266697925e-01
1.468487788902329338e+00
1.496671025889799944e+00
1.245574208195382671e+00
8.399058764670661592e-01
3.643314045624612141e-01
7.657192515001836064e-01
1.205087802901212646e+00
7.839621086808381545e-01
3.992926102568226665e-01
1.038757917738547309e+00
7.100479677710133108e-01
4.530919337601555519e-01
6.798376304608437781e-01
9.833427596739631182e-01
1.946786271281814029e-01
1.253006693225668267e+00
4.438051696710130778e-01
1.022799443422669707e+00
9.734607142020300641e-01
2.177102102591047805e-01
4.978922759669585085e-01
3.791973524005112783e-01
2.612029335226860316e-01
6.258927067082712403e-01
8.641597364639267420e-01
9.859858262407630303e-01
7.742357372465162868e-01
1.034833382247791089e+00
3.449152757705269967e-01
3.319459815006021719e-01
6.439555703140453780e-01
7.371032213008571476e-01
6.387930258959455543e-01
4.716670658324750298e-01
1.043705422788350878e+00
4.076021565516627643e-01
4.913195884517375100e-01
3.687489183447141827e-01
6.150031270230298386e-01
1.294982132693066834e+00
1.076154689741945170e+00
7.337509654166131101e-01
4.793994087331840959e-01
7.553151925857034543e-01
2.059544895936439857e-01
6.189669883027718589e-01
5.941614039519182988e-01
8.098722182501226774e-01
6.944957063539829445e-01
1.398524815647554709e+00
5.615980114616349050e-01
3.668407021064984952e-01
7.656833270663895297e-01
7.311418690294977374e-01
1.106929862576075285e+00
9.046410447338485428e-01
5.802479939907219109e-01
5.322771947910862611e-01
1.187177699200102854e+00
1.207403967101197351e+00
3.811547505367968158e-01
3.847527658232279824e-01
1.547588194537697470e+00
4.598181134930706682e-01
8.979080190357427993e-01
3.301961953948171491e-01
3.837123593251229314e-01
4.784245916622755779e-01
5.804301641970722736e-01
5.716461526736345000e-01
3.284569938470758843e-01
2.152831411702998132e-01
5.079633911212586561e-01
4.605681835417720915e-01
5.539076157115859766e-01
5.611505586613116936e-01
4.762739141911448981e-01
5.519841653437511653e-01
6.488920423329632703e-01
5.316981411851661177e-01
4.611605201694479184e-01
7.505505825103887529e-01
2.129201396353972986e-01
2.643569263751515686e-01
6.248957121403921899e-01
4.538290477015898272e-01
5.179567469462204032e-01
1.340052259118320155e+00
7.667568126887944757e-01
9.701583020621319386e-01
6.264854412189325705e-01
5.227663248255551842e-01
6.763396280847092656e-01
6.430133712808205892e-01
5.767353886676559460e-01
8.345997249746390789e-01
7.267762782757511975e-01
3.830932052213097405e-01
9.002090200053625146e-01
7.723098916355107812e-01
7.185087782660024569e-01
3.742165852852312735e-01
5.256705488401933746e-01
1.772156637883327279e-01
4.793594782624244766e-01
4.126680819428176772e-01
6.516125340462585180e-01
5.437091517839749422e-01
4.485432446295732900e-01
6.069229181595819922e-01
2.719131096619148424e-01
6.462888183272589293e-01
1.171604622519412775e+00
1.077545836168109838e+00
5.380161010670094779e-01
7.556543756163108805e-01
2.378740963704029099e-01
4.676719267775236166e-01
1.110187312230309864e+00
3.186577908139292536e-01
1.112277694703130981e+00
1.022909214992069105e+00
2.974598981360991878e-01
4.290920448058757608e-01
6.918160722021700071e-01
7.105476038434181962e-01
1.053791471398662916e+00
5.581479468318628623e-01
3.167262783314157004e-01
8.821103982332847426e-01
1.085278039649855142e+00
5.113401685522982465e-01
5.521846066297463329e-01
3.116351772328836423e-01
3.710241084017784075e-01
4.177291489922092538e-01
7.044810842969019271e-01
4.065076566164197991e-01
2.701647300274789831e-01
4.339641452587036374e-01
1.282736108378988993e+00
7.265188425709512288e-01
3.138610205191808000e-01
5.371797921982448543e-01
8.220469295332779591e-01
8.242293449599653599e-01
8.962092629978990477e-01
7.616856157610385480e-01
3.245349368584901639e-01
1.155083718111589164e+00
7.509252627489635401e-01
4.795157817173079096e-01
6.328182182601236327e-01
1.764044799638514183e-01
6.864814562318993785e-01
3.525450652345274993e-01
4.016156425707053113e-01
2.949308472723351504e-01
7.558668674072893667e-01
7.694019296750661541e-01
2.975716293769111176e-01
7.370684973088649228e-01
5.429231814371371367e-01
8.417686004163362767e-01
4.900178665996533511e-01
1.011272632237318669e+00
5.863561686250353677e-01
6.719848620842537867e-01
3.470504780827423641e-01
5.620466424264165539e-01
7.096062625613137609e-01
4.240021557900843230e-01
4.765972896928735714e-01
3.779952701523561776e-01
3.114561821221074056e-01
3.914920895917490817e-01
5.766390577477488177e-01
1.080790262834723903e+00
5.410803171258282696e-01
6.824166270036449156e-01
4.064633966733759429e-01
5.026285947061697179e-01
7.914581592295382162e-01
4.731083066149135430e-01
6.681053342587434107e-01
6.494496342536648648e-01
5.068349389348771883e-01
4.727651634377817991e-01
1.019536118703997518e+00
6.577255602035498860e-01
9.084286003393196030e-01
1.026158126958621075e+00
1.012362311806503046e+00
4.164679497456829638e-01
9.822378775781215321e-01
1.342587954702399555e+00
3.021895291216333823e-01
8.021515571697798164e-01
7.437310591878824040e-01
8.098403855105321680e-01
4.526118482789456832e-01
1.258683037422880124e+00
3.120285153379172560e-01
2.942687635856385819e-01
5.140951103854491944e-01
3.385641182917399350e-01
3.048329967245776428e-01
