9.667335913125463254e-01
8.760610998845395070e-01
5.459445202000889896e-01
1.054282372646893284e+00
3.047505924292615576e-01
1.543634533077100857e+00
1.688382084957704032e+00
8.812317189229681436e-01
9.238804856595290715e-01
2.837376175968184810e+00
9.928414304584224359e-01
1.311354079916142723e+00
8.806335412636983051e-01
1.217101301494161847e+00
3.070525427457804768e-01
1.015260691949826599e+00
7.562403671620576695e-01
9.926654812355076851e-01
6.121894365714164454e-01
4.755435221979622540e-01
6.794735129058490086e-01
8.590883381940338515e-01
1.715159580957258179e+00
8.836521011075325616e-01
1.998814694175296225e+00
7.698002114760571502e-01
6.662808551885354147e-01
4.197580298328824622e-01
1.606025534982300496e+00
1.192324830593824103e+00
1.418604906781111508e+00
7.970064805355369097e-01
8.548461313522816019e-01
1.331808378577986840e+00
2.317279435728851755e+00
1.471991576616260566e+00
1.358824496473561627e+00
1.046495918263160352e+00
7.359429336644649489e-01
5.832323241282199033e-01
5.269222939398843231e-01
1.552866744003346122e+00
1.368344871721399514e+00
9.466251049528415784e-01
1.104599240527510462e+00
2.277079737949425919e-01
7.231803546411237349e-01
6.362196575574698976e-01
1.152206708183912465e+00
5.834822345676944355e-01
1.082120857804650615e+00
1.072684156529486676e+00
7.547058622009230611e-01
1.069230818473875910e+00
1.169969800552105532e+00
6.562654906145249933e-01
9.166462258924860107e-01
1.116818932647455354e+00
1.251566495044399874e+00
1.048653656134072021e+00
8.144360459678379183e-01
1.379223072539593531e+00
3.060193000501870708e-01
8.816078481236961917e-01
9.441783648283947894e-01
7.423420332935568577e-01
1.119315622767820706e+00
1.025955792171201253e+00
8.829005795612451246e-01
1.353040734814943358e+00
2.518999838795113799e+00
1.088034183227744034e+00
1.093484148100092757e+00
1.323133380467882647e+00
1.320803505469036576e+00
4.496224646285532089e-01
1.370140219110734359e+00
1.120048171787875635e+00
6.495574884807941984e-01
1.143914456663791768e+00
1.254035845020371021e+00
7.678943524318228020e-01
6.378902553233122275e-01
1.048744557188543203e+00
2.079266101503634445e+00
1.170121744605820302e+00
8.608590251824523865e-01
1.505385734558145838e+00
5.634897886287154600e-01
5.869613483227296147e-01
5.733269455571199380e-01
5.870885946700987734e-01
3.138863717934236575e-01
9.840838405068612627e-01
5.684957538438004665e-01
1.171879864151750272e+00
1.516955596473328338e+00
1.557612471820734479e+00
1.327784490157273734e+00
7.122556093988593462e-01
2.161294361107808371e+00
1.440889598235426172e+00
6.572938115852280383e-01
1.136392191043080091e+00
1.102116764260934190e+00
6.996054310941373089e-01
6.473232697673159119e-01
8.718582941168877554e-01
6.557745996671946465e-01
8.975550878103892849e-01
6.566079128367555695e-01
7.384204911971642415e-01
6.501965655574646341e-01
4.477468812850379787e-01
7.231164349861655127e-01
1.012340132405162851e+00
1.061418674386027217e+00
1.380260836082285891e+00
1.299641209396677155e+00
6.399996467300406167e-01
7.901871831602582663e-01
1.001977198774337774e+00
5.601826404337942877e-01
5.190548368782486044e-01
8.418697658730864841e-01
5.964959978568890042e-01
1.232176915266394834e+00
7.896294418818579075e-01
7.365626132199435405e-01
7.948193336948375931e-01
7.819709201734362791e-01
9.738948886564691154e-01
1.130976328874089054e+00
8.889464866409916288e-01
1.420350682284944321e+00
1.168002739166668080e+00
1.081286485724237467e+00
1.312816249908234534e+00
1.410422841179597819e+00
8.240628442509979612e-01
5.840934180646590868e-01
4.529635420060706408e-01
8.132158655737282693e-01
2.640018421269753723e+00
1.113379724885329214e+00
1.018356716984579968e+00
1.036793445447227402e+00
1.582489915356355858e+00
8.735741231142402086e-01
8.966992435368247305e-01
1.043554075347974619e+00
9.976848546440901799e-01
1.098430399238991440e+00
6.226052998846374198e-01
1.594016509620200361e+00
1.458802204081947718e+00
9.679031206211060612e-01
1.508615040088396864e+00
1.401352997893041019e+00
1.231758720650368399e+00
1.249962631752055353e+00
5.834928040257923998e-01
1.799684462904286963e+00
1.073250052234691942e+00
8.746619452931944094e-01
1.200305813170054137e+00
1.010302612782321141e+00
2.241021827968852520e+00
5.267392628897673568e-01
1.103952102537416602e+00
4.867015819182158864e-01
1.480295223981407560e+00
8.481178641221542858e-01
1.197810533171997482e+00
1.264745867450509875e+00
9.575388861771392257e-01
7.776128946104667872e-01
1.069067215462230047e+00
8.636325759578646899e-01
1.411156435575395607e+00
3.356655108891025141e-01
1.318010913249810123e+00
1.065403557059891426e+00
1.166827244455695300e+00
1.271061604728798144e+00
5.994804819603070101e-01
8.590010342934828458e-01
1.071665432514945726e+00
4.549066982928313130e-01
1.081825719934567553e+00
7.785282905343130500e-01
1.027719300237176947e+00
7.101147058143605362e-01
8.831848661882432117e-01
9.141520110031704505e-01
8.804811942001363745e-01
1.317973083209972307e+00
1.623520279859262505e+00
8.282135125507866791e-01
7.373873220017751473e-01
2.342588227366311671e+00
7.993954651918333543e-01
4.803263995268037823e-01
1.209725078740626625e+00
6.876779320294870157e-01
1.008732957979893152e+00
8.617957083579749211e-01
1.009758654499151920e+00
8.290865990641959060e-01
5.097543651168945367e-01
5.713914313656937027e-01
4.649276628399444111e-01
1.606899349900806850e+00
1.264756231287758048e+00
6.705112449227980109e-01
1.001497337100150098e+00
6.281609060904100872e-01
7.745113425505739668e-01
8.580600060895073877e-01
3.169583588878232550e-01
3.342877518136836423e-01
9.554247188373774513e-01
7.644696744288080881e-01
6.055927793339000997e-01
1.669164885751638128e+00
1.348504933879390189e+00
1.305960849123303680e+00
1.098089090300420345e+00
1.122222947037065266e+00
8.805563717073255914e-01
1.641994320814031294e+00
7.290668152253210188e-01
9.006935517774989908e-01
1.727006633954214276e+00
7.917845763869800768e-01
8.899991072315370788e-01
7.464011923997054820e-01
4.272654446239154691e-01
1.304874690984648034e+00
4.781962424332201200e-01
1.029383547312206826e+00
1.429927188476659117e+00
4.156697920499518029e-01
9.131255365765851284e-01
4.334170461448397238e-01
1.088434961805017975e+00
1.040661188084062605e+00
9.781011994865068671e-01
6.600506903059286667e-01
7.316988049632021651e-01
8.864863722869487095e-01
8.058918195310329491e-01
6.110003970974952070e-01
7.186892627902864428e-01
8.921821362270319078e-01
1.392277397647338377e+00
7.510368521149202170e-01
4.733731832568892628e-01
3.845496731453581507e-01
1.133268972585864010e+00
6.605046878609381888e-01
5.403084309134856822e-01
6.244108231529575948e-01
9.219329256821250373e-01
1.216493930847719396e+00
1.108835657701566557e+00
1.037096742420422713e+00
1.036555998171396320e+00
9.177995872366215835e-01
1.446837131119393494e+00
1.165568332745642532e+00
1.286275057679452161e+00
1.073493147620135479e+00
7.952729720127499347e-01
1.386278541978272161e+00
9.794560681030262117e-01
8.379900751415109150e-01
8.588461688359894097e-01
1.037467336101142612e+00
6.901327838537818504e-01
9.445730840773823855e-01
9.578583935199326271e-01
4.252445652982621560e-01
6.430684607165692013e-01
3.727657893543948053e-01
1.234887809448430795e+00
1.187035226623381456e+00
8.239503786277003750e-01
3.953711369057270608e-01
1.217204497811670949e+00
3.634441194825895338e-01
8.097382923734431914e-01
9.799356780877477302e-01
7.314983389528455504e-01
7.882289169467137091e-01
1.462554396762051567e+00
5.090655765184408654e-01
7.036234521472118919e-01
9.339843157843379373e-01
6.163984726652367296e-01
