3.329789088279915177e+01
3.045184961196780193e+01
2.872130885766683761e+01
3.253689051673818255e+01
3.041609465188313166e+01
3.738513578414757887e+01
2.924233505095443775e+01
3.153553253865215922e+01
2.750941249468690231e+01
2.658862063501359074e+01
3.144755051526703582e+01
2.822996289591167951e+01
3.307444685806808593e+01
3.328626328144427049e+01
3.163122759212977897e+01
3.205992227306134623e+01
3.374126445859780432e+01
3.359885156946605633e+01
3.019165185977707111e+01
3.377732797783120589e+01
3.160924199341853580e+01
3.475750463942018342e+01
3.004238566814479228e+01
2.959178316703139444e+01
3.303866819280593603e+01
2.697366461140060423e+01
2.768911097012530576e+01
2.934206410583314195e+01
2.870938842955059656e+01
3.211304146044692231e+01
3.142764604476608525e+01
3.228098664820497277e+01
3.311892777921693920e+01
3.185085570164277868e+01
2.478483827864150513e+01
3.223346453636914077e+01
2.535456733135932694e+01
3.036691799020535143e+01
3.026662060688969191e+01
2.784362410078950134e+01
2.814199729218546153e+01
2.949195585386225105e+01
3.197373104812720257e+01
2.949090097710601555e+01
3.058813045999513491e+01
3.394978632484929904e+01
2.799285810703262101e+01
3.534897452053177602e+01
2.995331954587454248e+01
3.146195974940048501e+01
2.825705350578618891e+01
3.313088366151279018e+01
2.934035388910402276e+01
2.789916244607386986e+01
2.479893862382609271e+01
3.440182502845246404e+01
2.928158465808541422e+01
3.201433597336184533e+01
2.524442353087423285e+01
3.137676310761874632e+01
2.986216820251900117e+01
3.076513576540060058e+01
2.999162436978433988e+01
2.601100092332778146e+01
3.205364815208596241e+01
3.506970230875177208e+01
3.140782230751636206e+01
2.806646588660149888e+01
3.028078440600740606e+01
2.980007689456041575e+01
3.170189451620472809e+01
2.775084751438088659e+01
3.025323874755840947e+01
3.358430457094444677e+01
3.336991303409102017e+01
3.254827962550577070e+01
2.707417016434838075e+01
3.217027093084094247e+01
2.983888287836859732e+01
3.029150126561374279e+01
2.908068415983665034e+01
3.175747467689716075e+01
3.218371946801343597e+01
3.200218510357742474e+01
2.934219723559332849e+01
3.279966808453927030e+01
2.996103937204514267e+01
3.078363904040870480e+01
3.040651585324433626e+01
3.316313432976105702e+01
2.795132163932300884e+01
3.182306059052879732e+01
3.393952029744587406e+01
2.987720107925479240e+01
2.819063282278735727e+01
2.983449772256807364e+01
2.741648293175321882e+01
3.237615483302439401e+01
2.894594399376470051e+01
2.224660782086921174e+01
3.439502457906593946e+01
3.322151045045367113e+01
3.329121186685849665e+01
2.974340237143369947e+01
3.595870764335588632e+01
3.151113793425946952e+01
3.119073144399623843e+01
3.229244221490799305e+01
3.351074032644194745e+01
2.924515736622079132e+01
3.313147820825705026e+01
2.848432342124745986e+01
3.067355310107036814e+01
2.929537827873544842e+01
2.520169017812374435e+01
3.025870768245092890e+01
3.003993302443520008e+01
2.930547615866628419e+01
2.882315574942876779e+01
2.956861051332862900e+01
3.119014488218218162e+01
2.725976045556479122e+01
3.031585813367676607e+01
3.135820534458199305e+01
2.938700432467669188e+01
2.814378422912667688e+01
3.220566375512663626e+01
2.930109215314205429e+01
3.311453535408652726e+01
2.972794383847116961e+01
3.324540647712972685e+01
3.082841622423614680e+01
2.748129199820641588e+01
2.687481283929585985e+01
2.762549737199645250e+01
2.769731530429219646e+01
3.390164425495667189e+01
3.369762912844974778e+01
3.117475210677025288e+01
3.721495016330876382e+01
2.989829664111224261e+01
2.473063167755483960e+01
3.086398198495636791e+01
2.361659506892338101e+01
3.155633979440529657e+01
2.860494958746440730e+01
2.987607838814768613e+01
2.858569228530706496e+01
2.909360083813990272e+01
2.900571320503782502e+01
2.854482694756366712e+01
2.730192920024016701e+01
3.162103365674818889e+01
2.771862014280007713e+01
3.047718787172906119e+01
2.585659668152617741e+01
3.100393552823209475e+01
3.023320920694682457e+01
3.436533483056763316e+01
3.205588693449845294e+01
2.972545068620410191e+01
3.230299293427700036e+01
3.384233627574432290e+01
3.448528404441766781e+01
3.374111739267703314e+01
2.970764250141349549e+01
2.757203300726806461e+01
3.021846004511412431e+01
2.980521471413197787e+01
3.245149310709014401e+01
3.033760211020260655e+01
2.795833537717489747e+01
2.680542959974624750e+01
2.891590440348144853e+01
3.012603585107535409e+01
3.206373092274914427e+01
3.038440896054286711e+01
3.078128332142876289e+01
3.214227363635846046e+01
3.216397235078911621e+01
2.542764980877465320e+01
3.323783746179448428e+01
3.230607191708976700e+01
3.190936740670917615e+01
3.293330594598537431e+01
3.174624848142126865e+01
2.760709553498273294e+01
3.250583402505526465e+01
3.198769224958293478e+01
3.039765923262509517e+01
2.991016445608245178e+01
3.257118646476337886e+01
3.082496672808662197e+01
2.920231744340055968e+01
2.857433168166644322e+01
2.873101028979448657e+01
3.183612070247279391e+01
2.598692989939108600e+01
2.722146238136941676e+01
3.134823778707280084e+01
2.683504969483733404e+01
2.687526994929738322e+01
3.075006141438655050e+01
2.928736921589363007e+01
2.744193916343685302e+01
3.882482166531461587e+01
3.005584255239920921e+01
2.894814897287097821e+01
2.817920752230057602e+01
2.645566008247275036e+01
3.065260010509818400e+01
2.876098385034722327e+01
3.109953666156749819e+01
2.770399302551468423e+01
3.505754013120108681e+01
3.223826681133703431e+01
3.419488223080807643e+01
3.098971957618919859e+01
3.171176127882597839e+01
2.798550037975184068e+01
2.559555222796856100e+01
2.916451627626991794e+01
3.334322029228969342e+01
3.601874452568215901e+01
3.261566969616245615e+01
3.213788083116399719e+01
2.994147698571632787e+01
3.012184105682206692e+01
3.053978700274252489e+01
3.012302254827662651e+01
3.347515929346802466e+01
3.367092013823307894e+01
3.157080513406530997e+01
2.694333161090502315e+01
2.889060712801146735e+01
3.136594420292783880e+01
2.981014145220316891e+01
2.735793128284890230e+01
3.247171944265076604e+01
3.158192570424214551e+01
3.051520583906574657e+01
3.017677130500071669e+01
2.918403428514238840e+01
3.036468939634978881e+01
2.919329786597345588e+01
3.086699418268799278e+01
2.791764413467141637e+01
3.113180757130213294e+01
2.815556562253291162e+01
3.262772214961145778e+01
3.409531188306058880e+01
2.957884165394132481e+01
3.312824479472557471e+01
3.241174585340652925e+01
3.171124223774312512e+01
3.131670082140426103e+01
2.858021793386861020e+01
2.583863079105066163e+01
3.439260917875839141e+01
2.900437739517174052e+01
2.628254085954186081e+01
2.804256799408380374e+01
2.967456937899955349e+01
2.882372272304264271e+01
2.805134327161950125e+01
3.127272963417620844e+01
3.216508404531521137e+01
3.081795201957827146e+01
3.387502003538159556e+01
3.123761156888029333e+01
3.090622093221827171e+01
3.284644644838030558e+01
3.233600950949689690e+01
2.894684911440272757e+01
2.855886383568083886e+01
3.129101154773557170e+01
2.452871966457601971e+01
3.194650444571228221e+01
2.848391092592834895e+01
3.046955718433635951e+01
3.263661319877418521e+01
2.612789158736574180e+01
3.198522014163031812e+01
3.082464484133578964e+01
2.995873970487512139e+01
2.678663805762157324e+01
3.144116898295086671e+01
2.884511216172871784e+01
2.905278121999418417e+01
3.358686431785669413e+01
3.328341931235601692e+01
2.882009122637450815e+01
3.437857948074440628e+01
2.862587386828474934e+01
3.063012474038097466e+01
3.224515741188425011e+01
2.956092427769115005e+01
3.541671447720364796e+01
3.126350640299426331e+01
3.137423968854268352e+01
