1.440571031320158069e-01
4.937508737156057204e-01
1.360413337184630533e-01
1.486003450474822907e-01
4.696602059635497373e-01
3.357608170441482853e-01
1.067957779348700925e-01
5.128469827960726590e-01
5.947559775630848478e-01
1.793117499860261144e-01
3.650396272764416805e-01
3.178786251834591625e-01
3.315808691998479163e-01
1.891531492707126116e-01
2.385756700524325480e-01
2.927006829528842613e-01
3.779215850745494820e-01
2.110768287465066839e-01
1.786985907685423591e-01
1.447321493365029410e-01
1.817195233313769198e-01
2.020515997802007635e-01
4.119317926401971364e-01
5.312076529039371220e-01
3.839134029737623077e-01
3.999512105721180766e-01
5.589979490559592312e-01
3.135242155563520150e-01
3.121815712160526113e-01
2.687020598837369656e-01
2.260979430201612572e-01
1.957969600680967426e-01
3.826927655520472316e-01
3.375760119249689994e-01
2.270818763347119129e-01
1.913101957536460507e-01
1.806193387590297739e-01
6.207254145419470737e-01
1.825373599014840642e-01
3.798838827320977218e-01
7.249150354878951541e-01
4.358831972010854261e-01
3.246713252781848746e-01
1.252851482065663602e-01
1.819997900055818907e-01
1.908826454608480994e-01
3.897852257285596145e-01
2.155826270962537539e-01
3.010831381136839235e-01
1.709014695589796684e-01
2.023407572571868929e-01
1.594603625173607320e-01
4.233480982084541488e-01
3.840145083540404958e-01
1.543216293324577437e-01
1.917481760757619724e-01
1.874948393618088294e-01
1.722594988867515442e-01
1.650618056984400339e-01
1.385094493206751320e-01
2.832395215463194282e-01
1.386421690118898598e-01
3.712614663501974110e-01
5.307746107265167712e-01
4.337929510445410197e-01
2.103168204705718747e-01
2.114878152683974388e-01
2.623614685043443306e-01
2.070823494498148787e-01
2.251291384052639399e-01
3.441065013415150475e-01
1.803164227472097703e-01
3.508141903589750976e-01
2.830002484909852067e-01
4.829118341881435961e-01
2.057522227526535075e-01
4.230976670327753486e-01
6.242208255882905066e-01
4.459611438705353148e-01
3.983389182399381667e-01
7.124950737712396620e-01
3.678789412698708627e-01
2.777877071221376837e-01
4.097592778723837537e-01
4.334517087481448150e-01
2.403605026091433505e-01
5.670407494565153916e-01
4.243178090013901005e-01
5.595867280567842217e-01
2.174239619523443412e-01
3.630142487385624173e-01
2.630893677895312921e-01
2.814415468742965665e-01
1.657958543794771922e-01
2.117597586624817563e-01
3.068859157390465553e-01
3.207513158283932242e-01
1.769110044404680615e-01
2.758364823752474937e-01
1.555433841843160692e-01
4.076707873411081207e-01
2.125718981596562140e-01
3.114591135691955337e-01
3.874988096539099813e-01
1.617661213441035362e-01
2.738612055823228530e-01
3.739942414603047438e-01
3.024640371297103725e-01
2.724487974575557914e-01
3.582443193336892762e-01
1.902237326787309113e-01
6.423963769504986709e-01
3.488865635054393399e-01
9.332367690938440097e-01
1.688848095111795677e-01
6.332050959000935508e-01
9.171881918283067425e-02
2.227691758023813973e-01
7.975047994257484785e-01
3.372569275911866393e-01
3.091193742386239562e-01
3.464192567874206374e-01
2.355917499506347546e-01
2.193404936208134814e-01
7.148476386716839936e-01
2.908755765158804740e-01
1.376322920098431712e-01
5.402941313227611619e-01
3.325488054431071649e-01
7.355783902983352718e-01
4.440252572908012785e-01
4.168585408142005955e-01
3.827704413197216549e-01
2.019499394731237019e-01
2.941563252189375866e-01
2.981476951112061458e-01
2.885514196805845089e-01
4.024346643572053739e-01
3.405709487409710468e-01
4.904521174067439371e-01
6.320016176241157746e-01
1.655530656340344631e-01
9.441436534124560132e-02
2.104876613487281500e-01
1.269327785825615784e-01
8.337165093976540708e-01
3.854103537854762229e-01
2.844948990039790626e-01
2.905309570971461586e-01
2.934729984517622237e-01
3.441871811704151907e-01
2.218709325509209684e-01
2.355001735202114643e-01
3.167928187002367335e-01
2.495903795704382810e-01
5.631548598434720221e-01
1.140552363326491209e-01
3.972588067535609002e-01
2.599449859506871574e-01
3.039091668034231697e-01
4.324594210876416822e-01
2.497796654358805379e-01
4.580373397901956745e-01
2.294387130088761106e-01
3.884119422460660664e-01
2.111987077818800462e-01
5.526485801615503846e-01
5.567489473576237025e-01
2.249528110582581508e-01
5.693681790616091920e-01
1.664570239830231169e-01
1.429560642401755122e-01
2.231319509636855714e-01
4.061794619495514569e-01
2.337253311156380353e-01
2.237674435676886286e-01
1.587975875037470896e-01
2.508627117043982224e-01
1.994774170461944274e-01
3.567881877476290486e-01
4.812317452631560410e-01
2.603262252299088919e-01
3.139745747567846412e-01
4.103525250051884843e-01
3.102255874656404955e-01
2.057057876279602959e-01
3.771646283634730867e-01
6.668690447093976736e-01
4.329546515565667608e-01
1.762362832770100474e-01
2.576215711380642759e-01
1.918617650825762966e-01
1.672379012978369162e-01
3.065799362651944193e-01
3.451170864912536662e-01
5.319142621566055329e-01
2.297663783935322279e-01
4.123178959453639991e-01
3.744232399056316996e-01
2.143390434932696820e-01
1.643054338524492786e-01
3.317818907677994034e-01
2.842243180061426733e-01
3.220483106802237150e-01
3.596777552432715019e-01
3.745270007332425766e-01
2.784124425407981662e-01
1.953415641920120405e-01
6.368353321957377355e-01
2.934047104545414175e-01
2.680578923301045191e-01
3.766114977972290778e-01
3.733980920387189872e-01
5.554837243811141523e-01
4.495570305164697245e-01
2.663956315436540323e-01
7.443005564544180608e-01
2.738056847833315044e-01
4.094416241913513277e-01
3.101491372296849569e-01
2.495148399394326033e-01
3.227359460260760815e-01
4.614890255636935890e-01
4.417788022494990030e-01
2.674712681390328806e-01
4.909847694588964084e-01
5.278614807857459068e-01
2.341703865138044238e-01
1.809671658164326569e-01
3.254756088359648802e-01
3.889186573541394965e-01
1.955848250395907650e-01
2.416515662364925598e-01
9.194307590775833983e-02
2.372239387871648009e-01
2.842695805919334684e-01
1.703027472143599230e-01
2.234980864868550687e-01
2.355200797889854258e-01
2.568612098484582273e-01
4.066254671802185805e-01
3.946497610383447596e-01
1.865990858351176396e-01
1.702073798206572008e-01
2.710984849647957162e-01
6.028991602486469814e-01
1.571611340761525644e-01
2.751045283617032378e-01
2.517976795633620202e-01
2.625991811498017969e-01
3.105750524823760461e-01
1.713161404439325075e-01
2.685601253446768255e-01
3.148896579659360428e-01
2.597794723426727348e-01
4.259682838628937041e-01
2.601197765488389435e-01
2.707092522480565866e-01
2.752202851200711842e-01
2.155066511077876612e-01
2.037433367360698688e-01
3.043605892363455689e-01
2.899244827865111729e-01
1.615919521864541963e-01
2.668683658076878018e-01
3.487721473478021528e-01
3.129896494479700308e-01
3.330941481324737330e-01
1.509980697082584367e-01
4.936483245463267333e-01
2.566958463916131361e-01
2.940409039786393008e-01
2.954343725150145872e-01
3.135788519326120904e-01
2.808702342776751015e-01
2.546030611457233417e-01
3.702021812838301451e-01
3.230313147326792644e-01
2.492199709073721625e-01
2.339577735227033606e-01
4.082381284408413968e-01
4.637500276385528308e-01
2.267579929111555870e-01
3.953496353441696698e-01
2.727008317497816026e-01
2.014778954461778626e-01
2.556778957491591120e-01
5.179256926916846471e-01
8.247572448890777563e-01
2.255260354599198935e-01
1.989444885302928956e-01
2.866929194231099820e-01
1.811892306642287898e-01
3.337235220492420495e-01
6.367397495911456540e-01
1.796188927934405100e-01
1.957923024896829067e-01
2.874997005042860265e-01
2.695391740787920765e-01
6.427572552047642329e-01
2.897576679599654370e-01
8.119124991273595215e-01
5.200342114827759543e-01
3.006882316582775716e-01
2.616781806725219650e-01
2.005383667419523286e-01
2.595795919403804941e-01
2.700373484245193745e-01
5.586199673199381266e-01
2.212638184458400048e-01
2.734061760749878500e-01
8.777147967862694022e-01
5.900975122529418249e-01
2.060519016429426531e-01
2.666618191349785505e-01
1.624974839005520477e-01
2.535406715422404700e-01
3.257280484851147184e-01
3.959937938852661210e-01
2.336330878006327438e-01
7.778714876214064544e-01
3.182239655986220939e-01
4.760302760423701374e-01
2.341308656468719662e-01
3.428057875893226192e-01
5.683016051775997557e-01
3.425383953918210711e-01
2.248733104110151593e-01
5.413757111103207897e-01
3.260639582342380605e-01
3.990423107403023306e-01
2.791026261231667749e-01
2.330317706805325184e-01
2.633519222631825474e-01
6.139727346482557468e-01
3.750851652925653035e-01
5.059207059548644914e-01
3.419162875526798318e-01
1.723586303494588634e-01
3.565276361878998435e-01
3.275530803974699423e-01
4.179006017802361916e-01
2.232529470673123295e-01
3.073968234525420451e-01
2.651930254174186263e-01
4.011768954737783277e-01
4.742196883435562671e-01
4.089035587123135973e-01
2.143166686830723366e-01
1.823525440458293734e-01
2.353058824208398569e-01
7.246210508232850955e-01
3.749744438743370378e-01
3.608493383573074254e-01
2.977431778460661871e-01
4.720915037118632029e-01
2.136939574498729066e-01
2.185025898287379087e-01
2.020149300045057106e-01
1.810376012875226648e-01
3.119018491012916505e-01
2.634728207451713655e-01
2.808444520825475466e-01
3.492782138854615415e-01
4.290596044743194559e-01
3.997858215231756551e-01
3.768918388395072760e-01
2.366356345113856396e-01
7.017047264333872159e-01
2.354706281108420451e-01
3.212060863788190890e-01
8.975214705930480985e-01
4.075241297288826336e-01
3.714664052986091924e-01
5.352644427524319015e-01
6.822328637819395913e-01
3.264583628014871564e-01
4.947970299235590064e-01
1.895675781840314711e-01
2.825533786354778032e-01
1.774479114608977504e-01
1.410258274765983366e-01
2.354310952348263875e-01
3.424547231513111467e-01
1.266507327998742660e-01
2.371296211876925408e-01
2.591109527092697595e-01
2.320956298694628328e-01
2.532474551672370677e-01
5.536517420110507182e-01
4.013076180739872378e-01
1.961185905379521088e-01
2.104175526446433742e-01
1.953263014333883330e-01
2.912876109190370433e-01
1.817052336555972647e-01
4.845302986586135230e-01
2.386098304348912846e-01
2.346563859470447433e-01
1.284975964511665958e-01
2.659788201154534293e-01
1.683998717946499357e-01
3.627609870773290113e-01
1.186207563339358451e-01
5.871789343950971629e-01
3.339236585632555099e-01
3.444443911860853857e-01
2.157721697889606605e-01
5.280091463421587861e-01
1.524853005181069088e-01
2.880462582884536493e-01
3.003778027853000188e-01
2.892296704321096756e-01
2.673005366581068798e-01
2.765573199092841161e-01
2.589252058961554193e-01
2.639840180494665844e-01
2.129326732232073027e-01
3.333976880145009813e-01
2.777474461110447934e-01
3.336754720920746542e-01
6.025988585142310061e-01
4.402011037945866567e-01
3.607172912244666629e-01
2.513317998842297119e-01
4.183889071552797656e-01
3.512358581126703294e-01
2.236198082236811047e-01
2.896706742911371313e-01
2.943869637842931319e-01
1.958558970014746548e-01
2.366817190026211937e-01
4.563036351446310701e-01
4.327176282963143272e-01
6.201385146192902459e-02
2.008003279439007638e-01
2.582195115546533359e-01
2.730064906804628433e-01
6.198491172272629912e-01
2.442536231562867644e-01
4.934046015486650005e-01
4.349862907011853297e-01
2.800609310168434285e-01
2.437380982104311034e-01
6.301855494692464310e-01
1.685792723340993615e-01
3.993125975387615822e-01
2.938613252803869980e-01
1.974025411512963235e-01
2.686900760606354965e-01
3.407276378286797636e-01
3.438286535725001425e-01
5.750918191037242000e-01
3.067190696622317803e-01
2.551338834154776025e-01
1.470443801095882019e-01
2.770097717635502388e-01
3.040388329101120779e-01
5.551447077868627566e-01
3.222839352512157363e-01
2.257671249252531931e-01
3.103913720051890701e-01
4.704042793808114742e-01
3.341555561816038633e-01
3.532967191497323745e-01
3.955208865256348849e-01
2.575901360299749365e-01
3.394141793617688196e-01
1.700742522163125325e-01
1.929364469538202564e-01
6.534556550326221513e-01
3.501275678467027919e-01
7.343466400917088022e-01
2.960982704229068174e-01
1.351039502941899506e-01
3.809686274785278881e-01
2.945584313411018229e-01
2.274403415109399196e-01
4.805981179284428695e-01
3.879792048732243481e-01
4.255646449694758804e-01
3.671078055345968760e-01
1.531100247140770032e-01
1.984401988883658097e-01
3.062796108744391677e-01
2.896850377220482331e-01
2.354956737344302553e-01
3.843361368897991737e-01
2.857739458661199272e-01
2.541224221466820699e-01
4.112103443773802436e-01
3.198786767078329318e-01
2.929241507423624991e-01
2.688695823745466673e-01
2.979699261909289909e-01
3.926100057001018495e-01
1.515285706878517769e-01
2.174131102807068394e-01
5.824695297713249342e-01
2.810598962007315738e-01
