2.236624603918391796e-01
4.936324452489955772e-01
3.507909251117928284e-01
3.716972041508017077e-01
4.937852399904756884e-01
2.283648112820419185e-01
2.832410803461490323e-01
2.831841918656881618e-01
2.661438796968158549e-01
1.229835708688531204e+00
2.288711070338015630e-01
3.149703600326154707e-01
2.984951025039495609e-01
5.135496286038706559e-01
6.124192931199037293e-01
6.910907569994617639e-01
1.684547382944462102e-01
2.991650256428990962e-01
6.832166050953394354e-01
5.016747109230520474e-01
4.078105182534644824e-01
1.013283073533138845e+00
2.215000699835325826e-01
2.631974056300711573e-01
2.762045378878567048e-01
3.744514604825605053e-01
4.445203237286148301e-01
6.942833608800159650e-01
8.627916661821655175e-01
4.823110599414539568e-01
4.113457669723887822e-01
3.962252008957227734e-01
5.390069530261663022e-01
3.854085637917328278e-01
6.051482621469935763e-01
4.652443089368191176e-01
6.926252846205253055e-01
3.809472150615469399e-01
1.457383663140787988e-01
4.035557226607267567e-01
8.326723771923685291e-01
5.763191802310146938e-01
4.309347406533456937e-01
2.959257673569667957e-01
6.777369441313918497e-01
2.771446177144560874e-01
7.863790594610737816e-01
4.317111222281859173e-01
3.836139737182276410e-01
3.459140021853193137e-01
3.133338533190559438e-01
7.117013617639442735e-01
3.325820514505846703e-01
7.731282817662117335e-01
5.239202467347368053e-01
2.031597621463187564e-01
9.236532565410424667e-01
4.517462917041318304e-01
6.197178692165350444e-01
8.702472104880951687e-01
5.832166411012843499e-01
3.889632456757299295e-01
7.261853459935226907e-01
2.306714904405294808e-01
4.403088210151857029e-01
2.685812916971340725e-01
3.840643927666145818e-01
2.823664107780218813e-01
2.793132773268501845e-01
3.516345309042742673e-01
3.874839473444259275e-01
5.109609561070627137e-01
3.419287332629406539e-01
4.089630143632713155e-01
1.788326193832853739e-01
5.151212694261508851e-01
3.396159101231089328e-01
2.285827117474241998e-01
1.021199110480425887e+00
3.879113748057785305e-01
2.814716516849949945e-01
4.843036550900701731e-01
2.904260659043988446e-01
5.143580103219406174e-01
3.321244672698399625e-01
7.391099003875859497e-01
3.772198135495885563e-01
3.838477673474779417e-01
4.495660200641191651e-01
4.416428139500867545e-01
3.195995140875730889e-01
8.091940265056882797e-01
7.549656312759691623e-01
2.272413632872455069e-01
2.378227973497466508e-01
5.116473855592388320e-01
5.461007220032251253e-01
4.254622823478786953e-01
3.262074187120213020e-01
5.429682260391968107e-01
5.451358640632575359e-01
5.503474705838676817e-01
2.040216204749632500e-01
4.429674165562136334e-01
6.788852605683627361e-01
3.050734102045399299e-01
3.123670983355544273e-01
7.729895720692208094e-01
3.023140354036993327e-01
4.297167694301907148e-01
3.661724830557204768e-01
5.946547901719758666e-01
4.668815351364742350e-01
1.850867303298894539e-01
7.606398330328124624e-01
5.424793859976035915e-01
2.929737742738092177e-01
2.290814501175538753e-01
6.102367863871815956e-01
4.319638601353970042e-01
7.333963361763364830e-01
2.893187236069564849e-01
3.596311668161715214e-01
7.242031830519713997e-01
3.420764217358122639e-01
3.910798406861061283e-01
2.959252145286634939e-01
2.314322939009402780e-01
3.837045194184277586e-01
9.030772521512415996e-02
1.336470259922509507e-01
1.194215068193583001e-01
5.002075680059312468e-01
4.207335943354794106e-01
2.311395217025807303e-01
1.449924272520829449e-01
2.961305644411957871e-01
3.519927520628449713e-01
2.192078446181275897e-01
2.275468525898834971e-01
2.429018709463867665e-01
4.412401580305980175e-01
2.017902898802517719e-01
7.886423452589045313e-01
7.117263024198843269e-01
2.816617343731910306e-01
4.755026407601431471e-01
3.356575729788899287e-01
2.006754169679847433e-01
3.260241141364036976e-01
2.668887911390829815e-01
5.475170917253676661e-01
4.688928673759854004e-01
1.718077846092598560e-01
1.993890315105247280e-01
2.004442303192888186e-01
5.570150831279374604e-01
7.298418917680474793e-01
3.106346886622561865e-01
3.227429200866335224e-01
1.098611851026677577e+00
4.406089967732866874e-01
7.426309424411478011e-01
4.038671362975781998e-01
2.206271445405826592e-01
2.925852632869887504e-01
1.612713408880738497e-01
1.773746926780458144e-01
3.528231433745241397e-01
3.558207584195116624e-01
5.988325368030721352e-01
8.542174689807204846e-01
4.972307031752285500e-01
4.425334968861354690e-01
4.170523975946645034e-01
5.088903282450399912e-01
4.754197834510602294e-01
3.656604108207676118e-01
4.264818602205535103e-01
3.060714527864450973e-01
4.372835167463627326e-01
4.969009464762372263e-01
3.430914933824090740e-01
4.677423144918358977e-01
5.835392463274116093e-01
2.235294049807450001e-01
3.378260761149830538e-01
5.699300570929438647e-01
2.154320930928286248e-01
3.865197517740695532e-01
2.325383559319753324e-01
2.661240318108341607e-01
2.484679057567072413e-01
2.852913296702358492e-01
3.401570355993440153e-01
3.732320024208003462e-01
5.652135873970125512e-01
2.997182178212589587e-01
2.982713318052838680e-01
7.140280286184667036e-01
2.306094920831993356e-01
1.781117881893924393e+00
4.310659504412284737e-01
1.372447607124410440e-01
3.464745640696088591e-01
4.013794062588095235e-01
3.123135160085900308e-01
2.930368685837188569e-01
2.006891664882774484e-01
6.917427612308503226e-01
4.281559403314007528e-01
9.280467709889294037e-01
4.452430130002684172e-01
2.988203280122683769e-01
4.464868777714205983e-01
2.028370199063165014e-01
3.185054123949727645e-01
5.497237279330710047e-01
2.858668934156777808e-01
4.145114899460519142e-01
7.446442891228318706e-01
1.060975912684136713e+00
2.900507232462316565e-01
5.058222053200717161e-01
3.178681172552079714e-01
4.594099892887997250e-01
5.796075106862834669e-01
4.124086280224072976e-01
5.009336380711242320e-01
6.756285330901563579e-01
6.528198318278617407e-01
2.827958859497169963e-01
3.449758076437137166e-01
4.665136449483103798e-01
7.237254817235526660e-01
3.416746679008273446e-01
1.112740985905478430e+00
3.834125247641392842e-01
3.986542162473298290e-01
4.137440118639580389e-01
4.646032322507676615e-01
2.316194852417432781e-01
7.053532317327410039e-01
3.156322556506240273e-01
3.347981623927341888e-01
5.828727274652049095e-01
1.125233081660068635e+00
6.260670809866522024e-01
2.727045887428517501e-01
4.141127371894820497e-01
3.913045447302115898e-01
3.638237008048454402e-01
8.724834598241453243e-01
5.048746820869434160e-01
5.686667040862379841e-01
6.022962643818641215e-01
7.311810819576999299e-01
2.330489924738547158e-01
1.118126914343154255e+00
4.519951462791919616e-01
2.976384289393467220e-01
2.801732916273927398e-01
5.533745856379400641e-01
4.764282966520831941e-01
5.740647800865418260e-01
8.074504402911506507e-01
6.796744080633831953e-01
3.308043844156558499e-01
2.417675457468882183e-01
5.721856797152521379e-01
2.282053312623023023e-01
4.661676235156250181e-01
2.974476897043062951e-01
6.558732790773739163e-01
3.263797271619687801e-01
5.699870186857666221e-01
1.967592327957753684e-01
1.637858146095401979e-01
1.135965980452267876e-01
2.712864959602338533e-01
5.348509690254195093e-01
1.790451865848996238e-01
8.443445342223482308e-01
3.152791509063730957e-01
4.726831644188091985e-01
7.574442320324800137e-01
5.016993705714195562e-01
3.459126970277823232e-01
8.035990919465614279e-01
1.831720185494703224e-01
1.603053035163340967e-01
2.231719309521524586e-01
2.332001590904501098e-01
5.947943233978464361e-01
6.454404093605963233e-01
1.772472197906166946e-01
3.433586069116258965e-01
4.196440547519694197e-01
3.987811098411934707e-01
6.552842825668284688e-01
