1.628299834961685344e-01
4.074928115999956746e-01
1.190321871037507556e-01
2.231867209143685860e-01
4.991432923514879105e-01
2.511888282188979860e-01
4.198835816619522210e-01
3.483749991935247703e-01
3.237209319476609948e-01
2.607614351251676399e-01
2.404843989410618832e-01
2.098578432665703097e-01
2.662956145692482179e-01
3.377749903651801056e-01
3.702308616678137154e-01
3.367350337211555966e-01
7.077200945355780481e-01
3.081289664733238287e-01
2.300709336588687426e-01
2.371823753264225010e-01
5.126390448675292033e-01
3.797805169831678374e-01
3.088176262752317380e-01
2.590021910168517905e-01
3.505046177326588963e-01
2.742582582969040894e-01
3.314909532828493877e-01
3.631068225139112982e-01
3.522093037794523096e-01
1.533807911156467030e-01
2.519511335211536696e-01
2.026075983949946757e-01
3.118581262302092538e-01
3.327065141351877586e-01
1.596066275912506049e-01
4.432705914176756634e-01
6.684299433776453858e-01
1.682378179376265714e-01
2.512090307092870733e-01
7.424591767216867089e-01
4.465149225995921345e-01
3.029743367889557448e-01
2.451002112325724458e-01
1.211738041934797977e-01
4.169055495739812378e-01
2.999143718150677485e-01
1.553924400591778499e-01
4.136936964033190445e-01
4.131418903465096659e-01
2.329263101380472656e-01
2.515510772063402345e-01
3.758241352522469492e-01
3.216815888843237436e-01
1.634929041296808716e-01
3.053454791077914177e-01
2.771470387787107192e-01
3.211494583158330807e-01
3.642298677538151064e-01
6.606268560551616931e-01
2.665302926211121637e-01
4.482037570550734817e-01
1.147748237120239934e-01
4.865724174453368578e-01
4.539149469937678871e-01
1.419251032954947922e-01
2.925750854339478346e-01
2.594234475632607451e-01
2.834865274264233292e-01
2.200988637613727483e-01
2.893452211354109460e-01
3.217795710662219588e-01
1.956420219609137923e-01
4.787122197270693436e-01
6.139608759552230843e-01
7.785203858295302037e-01
3.767459928014660897e-01
8.272826185982684599e-01
2.125702826136657841e-01
3.005179570438215042e-01
3.609807488329652703e-01
6.766697285926980276e-01
2.959110039456757102e-01
4.045650050700837497e-01
3.209240323659529603e-01
3.456336524026197288e-01
4.468323425518810343e-01
5.947023771253409086e-01
4.853054117740094875e-01
2.516957909395868276e-01
3.936663409587642382e-01
2.440672743944935219e-01
3.491364304891892978e-01
3.508354245091169221e-01
2.344154757555399482e-01
2.026790679407249607e-01
3.167725993616368196e-01
4.631283857715774444e-01
6.600944229066618707e-01
3.788009298725011909e-01
3.964289285256139550e-01
3.547463826157435385e-01
1.933657078808283802e-01
2.660679959767492386e-01
4.504115745716565922e-01
6.197414021304805676e-01
4.302382440844138567e-01
1.492301595350752075e-01
3.542167907757857725e-01
2.948924010490459602e-01
3.485343091572918328e-01
4.264954222712157850e-01
1.550460001864563953e-01
3.300017175809488723e-01
3.086603422366408500e-01
4.360435477873588761e-01
1.777025640886766567e-01
1.932795223551716235e-01
2.652211059703745155e-01
3.409665888019352553e-01
1.561610992633247486e-01
3.344758435217926595e-01
2.109515448254421499e-01
2.075746079087756601e-01
2.201668433524904545e-01
3.397906125483741158e-01
3.396342522448655976e-01
4.230375887453163841e-01
2.757789018169129469e-01
3.391984836124948832e-01
3.122475375767906902e-01
6.185162639931619522e-01
3.631401609244682693e-01
2.182251109944895739e-01
3.967600401380725894e-01
4.499264758802685171e-01
3.494369060011534578e-01
3.664405783940104522e-01
3.225962229283481086e-01
6.366832966047278886e-01
4.225274979480069248e-01
3.665844062922500313e-01
4.147537871140399846e-01
4.839434012364414173e-01
2.937694930627148260e-01
2.623582536062264992e-01
2.283464185999742602e-01
4.413321916593440086e-01
4.476510439837239619e-01
3.136064248716897707e-01
2.335544230450258274e-01
2.693685220204495856e-01
7.865258937713389686e-01
4.828284467813421243e-01
3.306645203021632007e-01
4.073725835778009841e-01
2.735127806766892711e-01
2.076819565888398667e-01
4.570421683194690332e-01
2.417740090253694685e-01
2.670186414489250648e-01
2.810350782215400578e-01
4.020213141360191034e-01
2.740602185325688445e-01
3.413146987880012473e-01
2.558749038513828955e-01
2.559398021796903122e-01
2.808749831905247851e-01
2.605329153370576911e-01
2.074704604252558537e-01
4.663633922331565929e-01
2.902071989632788451e-01
4.894844952314892361e-01
3.161752698196746425e-01
3.013214372837496602e-01
5.343829497301978426e-01
4.080329782994928656e-01
2.211636898510740967e-01
1.751612058881872602e-01
2.462153512800311639e-01
7.791459596881032956e-01
4.466100503488270590e-01
2.160497979839661742e-01
1.478131444994706112e-01
3.386581095457644741e-01
3.474157008669573332e-01
3.788827164079737186e-01
1.504872726789464044e-01
5.775594364966869509e-01
3.790164354895253496e-01
2.947033692936305571e-01
3.925529857273356571e-01
3.473963691603799697e-01
3.755239412728267334e-01
4.615963746537811163e-01
3.402615469402593407e-01
6.160391524301905841e-01
4.479315676964094051e-01
4.298907455023361912e-01
5.301132491307666283e-01
2.467423334568558668e-01
3.288234145918686457e-01
7.109799211181981882e-01
2.395777895425181547e-01
2.821327364803896121e-01
2.473519763000142369e-01
3.969648005575835970e-01
2.285256122648097188e-01
4.423611939620012423e-01
2.643525162412233565e-01
1.800261520023477280e-01
3.003933728734287656e-01
1.884260406681551592e-01
2.157477491360984823e-01
1.475343217035189336e-01
4.800886586332016592e-01
1.940572344317057496e-01
4.321647913537434160e-01
2.753742703409071124e-01
2.552261190690632842e-01
2.096555386827841649e-01
2.941509979256581864e-01
2.997589052107052510e-01
5.556308395687782342e-01
3.744134053581630317e-01
3.235297016802191061e-01
2.693840487942857354e-01
4.049343853072867594e-01
3.041945713370008408e-01
3.449507093564255777e-01
4.219956463177709227e-01
3.778035483524884164e-01
3.713390684465227576e-01
1.142795020067008810e-01
2.174607872988947033e-01
1.452355470687908545e-01
3.664571672479742248e-01
2.473631773639871079e-01
3.256682501425325338e-01
1.144385955750197026e-01
2.340383093396054826e-01
1.286950659548185827e-01
4.493082128977245460e-01
3.423398409420391197e-01
2.708684663741325327e-01
2.393808012990077672e-01
1.363088842893159514e-01
2.020860437387768660e-01
3.666371501612825656e-01
2.777095767642054347e-01
2.265691652036652681e-01
5.807417245218468027e-01
3.734742735711709671e-01
4.995117571715724791e-01
4.383475539277775224e-01
2.731850925271654962e-01
3.200128279418394395e-01
3.610045355810538870e-01
3.301269428013865470e-01
1.473347363690872269e-01
9.424727695669853356e-01
2.286259746232075785e-01
3.403489722097301495e-01
1.579573545008586821e-01
2.120820039403719937e-01
3.421929239375545162e-01
3.796671225851153686e-01
2.780310314397173022e-01
4.886023017927196843e-01
2.169763135140423405e-01
1.410471066995858946e-01
1.513259979703253655e-01
3.284683814082204889e-01
2.085530693250349510e-01
4.360726522108228087e-01
1.324667911659085928e-01
3.771814019234145943e-01
2.005949414291963717e-01
1.908341354572114790e-01
2.421162186712444431e-01
2.574121983699471095e-01
2.254238050252424241e-01
2.184280841960579977e-01
4.525758177542645866e-01
1.742054444895583809e-01
2.061468812441327181e-01
2.954760871959839497e-01
5.142544528428240058e-01
5.461445607438315530e-01
4.246728657572746979e-01
4.750093757573380371e-01
1.773889209810829426e-01
2.189189354034573320e-01
2.803998451485391619e-01
2.711410644327178487e-01
3.303789016571045400e-01
4.298876761460750928e-01
2.014425436981186757e-01
1.253568549110707364e-01
2.582428238557254452e-01
1.375786586372832465e-01
