1.061638189125151399e+00
2.834235794420970844e+00
1.232937053012408635e+00
1.629545331182387313e+00
1.905781817489518692e+00
1.053056746377865949e+00
1.995390808829911267e+00
1.568829934258994863e+00
2.073814356683184368e+00
1.905751013167962249e+00
1.280079714509243516e+00
1.223468188234321685e+00
1.513329553855693677e+00
2.805644068266630153e+00
1.113311002487247903e+00
1.488146364055636273e+00
2.043432251439813996e+00
1.521391224070822501e+00
2.029806879644162620e+00
9.506227333186936246e-01
1.454714249572077067e+00
1.252032162749359800e+00
2.946009911919545310e+00
1.759312499603646884e+00
2.364400204738699607e+00
1.177007388342450556e+00
1.596493738775839777e+00
2.878610782326863404e+00
1.066860948716009228e+00
1.450835398793174358e+00
1.225509158069983284e+00
2.743571720543784842e+00
1.008573056759643594e+00
3.207467584008678596e+00
1.563776192151678623e+00
1.447802461531380258e+00
2.122000961948872000e+00
2.797105636182312338e+00
1.562448082922708092e+00
1.449301591912957488e+00
2.278864313415005061e+00
2.466771059603415139e+00
2.324562026517178470e+00
2.358255764912955854e+00
7.897449988220031081e-01
2.154885791244283588e+00
2.152352018189498395e+00
1.068374113391927116e+00
2.168053765680497236e+00
1.891957698066072391e+00
2.059891095970901365e+00
2.040915184242800606e+00
1.499591918411657954e+00
2.615518635286775417e+00
9.209323889692861975e-01
2.447013360013893912e+00
1.849444203981489121e+00
1.464011621279685205e+00
1.357563593594707685e+00
1.924377654991848985e+00
1.584412600894869794e+00
2.577592401068944383e+00
1.902093553066089182e+00
1.659654848178589548e+00
2.111013244914903275e+00
2.588349080621197729e+00
3.365425247172881829e+00
1.999927984418332194e+00
2.011843003228726889e+00
1.674337054795459245e+00
2.480341901668804194e+00
8.440829176071475981e-01
1.842440069566852801e+00
1.665727833831265770e+00
2.131492283806472710e+00
1.284730159033697694e+00
1.603591460524886658e+00
1.537610222796101933e+00
1.231408232755149212e+00
1.523142213896587105e+00
1.564380177621326418e+00
1.703459830168633005e+00
1.552468099946250568e+00
1.272302826707996104e+00
2.610623052848171977e+00
1.241126738617470471e+00
1.737293384202218682e+00
1.545972098495345559e+00
1.167382859669360284e+00
1.326301024764177772e+00
1.672011284074319981e+00
1.146299006831814626e+00
2.508153275848952646e+00
1.850129296523597366e+00
1.445648301516898826e+00
9.454013740901608953e-01
2.381405911867927383e+00
2.433316178825493559e+00
1.849582221919341851e+00
1.005850624761933210e+00
1.126922973547301199e+00
1.605806954503989914e+00
2.099578355871424939e+00
2.126350893731001168e+00
2.433241932797236107e+00
1.326045319111035514e+00
9.205939231762974018e-01
1.018438776955833180e+00
1.304113512903303240e+00
1.076267196636506052e+00
2.993637485208186177e+00
2.611786232425687970e+00
1.840139550678933311e+00
1.231947784465645457e+00
8.070657757706187763e-01
1.412668571707372367e+00
2.236419121506719954e+00
9.390650067400755363e-01
2.572155082203328114e+00
1.249423176870075647e+00
1.872968999901262199e+00
1.957847520561670995e+00
7.326435387068873650e-01
1.724460761342822668e+00
1.315551876312426316e+00
6.972953306552331920e-01
2.445975349427778500e+00
2.159379542200550173e+00
2.458660523956603061e+00
1.288693119097653828e+00
1.047152102144289554e+00
1.822304764910257502e+00
2.323016056370994509e+00
1.824590052310919974e+00
1.679712830690349934e+00
1.920917618186873010e+00
2.296240488655306500e+00
1.461824401996612899e+00
1.836279332471786985e+00
1.217024970836894981e+00
1.494507631368080514e+00
1.818124083144406100e+00
1.747234639783596055e+00
1.743156118498168983e+00
2.068420511751902779e+00
1.523037056065622563e+00
2.484231390960542463e+00
1.726530727841840918e+00
1.876422965974446910e+00
2.180664318063429974e+00
7.583521574495758477e-01
1.139988631918220641e+00
9.564139299794066629e-01
1.025486225091586157e+00
1.977632567018017706e+00
2.322270686505883308e+00
2.513664607719039434e+00
7.897499639767406876e-01
1.457686220856891701e+00
1.348042419624676747e+00
1.476266106721233706e+00
2.177366397524264308e+00
2.089442250439300430e+00
1.247207080395756451e+00
1.338712938363007199e+00
1.638315049318130656e+00
1.578691075818249079e+00
9.968200756879693758e-01
8.675635428107199010e-01
1.041606442563130397e+00
1.619333413251583975e+00
2.055492285606545178e+00
1.811187857170272197e+00
1.969322263623088043e+00
1.145363069513794407e+00
9.858489121645885866e-01
1.420012977345048721e+00
1.519554248288593312e+00
1.144947873322687659e+00
7.896391293445939041e-01
1.831359407904814329e+00
2.110201883391914723e+00
1.086579760129074090e+00
8.087543043020524181e-01
1.559387208550302217e+00
1.315152320227192639e+00
1.165652739706214858e+00
1.581797954961186248e+00
2.083067050246579566e+00
1.332027475144201389e+00
1.907829405139356949e+00
2.226266848109217822e+00
1.230329175198551672e+00
1.439893550967785263e+00
1.284829082014270929e+00
1.575978805813186723e+00
2.201696713312710774e+00
2.164459745039876815e+00
1.264528962755141483e+00
1.827297466435420903e+00
2.017152673252102346e+00
1.728002461989642580e+00
1.460381598942782855e+00
1.118333066812861487e+00
1.157590630404343512e+00
1.813436641138001626e+00
1.833048705886415775e+00
1.516588754386168025e+00
2.115528416796040645e+00
8.633957206083554548e-01
2.662604569780985475e+00
9.959614151001661142e-01
1.936226581989163975e+00
2.202048330209051663e+00
1.838518517122569751e+00
1.506373475291086228e+00
7.412388400969203150e-01
2.094687233885571764e+00
1.800025011998494184e+00
2.492711422623728801e+00
1.615387900356118456e+00
2.063722123229184469e+00
2.588074378746620940e+00
9.369886752372297289e-01
1.591232946295816575e+00
2.239306531491985552e+00
1.640262815942169050e+00
1.789305372706878616e+00
1.983023525908265805e+00
2.508277177315688000e+00
2.267757500657027414e+00
3.116099826136049522e+00
8.219377321659175895e-01
2.175177807493614779e+00
1.388716711665877179e+00
1.577560349397501449e+00
9.780039367667374695e-01
1.878061873275806981e+00
2.342875019175399309e+00
1.425414167819097244e+00
1.401968340761494680e+00
9.062979689129364580e-01
2.218526054286148241e+00
1.825533787939956021e+00
1.085433903990787430e+00
1.544143274199871518e+00
1.890963586009754227e+00
1.310211461287518642e+00
1.011140879767886247e+00
1.771946101497807513e+00
1.390201283104692154e+00
1.226144157787228961e+00
1.003147609672623508e+00
6.084273032160127936e-01
1.990960212686749609e+00
1.116452347479786056e+00
1.751951519564880044e+00
1.243360389790496345e+00
1.382027458987518997e+00
2.390141774145372544e+00
1.688802498127153884e+00
1.119199816068741749e+00
2.227389615794107769e+00
1.017847850507164198e+00
1.977085850910412335e+00
9.959259740834653929e-01
2.316197513868237134e+00
1.407530471627871149e+00
1.491570792950669633e+00
1.686153608618377264e+00
1.990168384646287869e+00
1.589646330912960925e+00
8.734312066770651972e-01
1.528947144505059752e+00
2.033994383185161681e+00
1.814819720898595667e+00
1.363660847272679888e+00
2.135420026854867981e+00
1.730890338115789406e+00
1.001757420598488046e+00
1.822955655201597303e+00
1.483434089980546045e+00
8.489517574912349707e-01
1.316679447786360369e+00
5.871469426252903245e-01
6.922115194556760498e-01
1.249406097850559449e+00
1.340593933407013383e+00
1.954891060206967568e+00
1.686871024069005687e+00
1.890674994587698166e+00
1.024886195227230568e+00
1.475851940388466677e+00
2.979941307925384031e+00
2.569956786895100098e+00
1.261255283752374945e+00
1.621115179298519227e+00
1.005510497280367010e+00
1.900067403373712605e+00
2.577798334237223266e+00
