1.051901299290364911e+00
4.743480411850187206e-01
5.606204854684269101e-01
6.283305318817451468e-01
7.822844694370827412e-01
9.208354626910979501e-01
4.793486361551049235e-01
7.512828574834828910e-01
6.425727584558772465e-01
1.427066311299082901e+00
4.595349526989800926e-01
6.496231974652129093e-01
6.368420387207397448e-01
3.321475941573433510e-01
7.783535096338767278e-01
6.252229745701564090e-01
1.763378655315994026e+00
6.412526387004247042e-01
2.787403409421056466e-01
5.138478812766399395e-01
9.282141196804499783e-01
5.902565531661162490e-01
4.725968021512658157e-01
8.444198167463851101e-01
1.722336008771804483e+00
3.474474393504416447e-01
3.284968153550085201e-01
4.933540213003266284e-01
8.685432384702272968e-01
7.244470095063018089e-01
5.488471743212803844e-01
1.067586872475051463e+00
7.210863335905594029e-01
1.122933832281771016e+00
1.224085612739362450e+00
1.314950440718239522e+00
6.088605156458901657e-01
4.738078102313141859e-01
6.168524280729453801e-01
1.562501101343568122e+00
4.872651571605445819e-01
6.483288971376973686e-01
7.370361130684009998e-01
5.875064300227649250e-01
9.978631333728643638e-01
1.106073137103470883e+00
5.484917587172385423e-01
1.062800822579804905e+00
1.762272876730319460e-01
6.569948268663156066e-01
8.799668189224337800e-01
1.480631812689160887e+00
5.394915607510190059e-01
7.180843451961971269e-01
1.196081979704284315e+00
1.285359463466816621e+00
4.606489253454110200e-01
7.689198557576287785e-01
8.881036097233478976e-01
9.447157399332328787e-01
5.422349125542258452e-01
7.431523667960050483e-01
6.436754226513102806e-01
1.066675103052625140e+00
9.251256557349846199e-01
7.311098117789552875e-01
7.848131206002517679e-01
8.206904591758005241e-01
1.019730903450971837e+00
7.969891272283922135e-01
4.837287678221231513e-01
4.467721077393800311e-01
8.789779257502650101e-01
9.629888599331378751e-01
8.854551620106682064e-01
7.225936661526383142e-01
7.075774440365090179e-01
5.737446307428015757e-01
7.650070171822005438e-01
7.656447736008487048e-01
7.501446184138867990e-01
9.330894175552923997e-01
5.441001331440610267e-01
9.045459480044800715e-01
1.106686135152269879e+00
2.311865016841805343e-01
7.133819381934033421e-01
1.390480032620568629e+00
7.416031842140969887e-01
5.007286090603891848e-01
7.834653476124811000e-01
3.482695917563697341e-01
8.508600577976740409e-01
5.296313563074710462e-01
5.651257774874353101e-01
9.391193002430781034e-01
4.874894477441214513e-01
7.705914403808750146e-01
1.001642448674561869e+00
5.299753965559106383e-01
3.844738922735069231e-01
1.101639343325523601e+00
8.960524117257853138e-01
8.782588124545632757e-01
3.006971653807918865e-01
3.571186996608601838e-01
7.662111479482692777e-01
5.563474106192892732e-01
5.031798144325759781e-01
6.337957850601523280e-01
9.866329081845617299e-01
8.355661269962881832e-01
5.178468153611851532e-01
1.041826921480572654e+00
5.171701771445006424e-01
5.118238998358265457e-01
5.306578746850227901e-01
5.925123314812036357e-01
9.994935753027975878e-01
5.892803765982757014e-01
5.425547003166848459e-01
7.001942610324682903e-01
9.828670959389889106e-01
3.390844550034017302e-01
8.907090277579686743e-01
7.728542214218143691e-01
1.233611956237876006e+00
6.083411443737576363e-01
5.765644685011248605e-01
2.369551153261012233e-01
1.345492422424612755e+00
4.751891982207624987e-01
7.183932462005746533e-01
8.640705871649632108e-01
8.481578844608372858e-01
4.822895976799364548e-01
5.763186535689933665e-01
6.209160269127079745e-01
4.848563579648198507e-01
4.313534184507533120e-01
5.907737749709275343e-01
6.329124376939757601e-01
6.521197309428382605e-01
7.548078529685682270e-01
3.547838357806702425e-01
7.571202660700599996e-01
8.158759381970739355e-01
6.924223968226832504e-01
7.724763847522599924e-01
4.686609666576502797e-01
7.520812337819958726e-01
7.970439830270603654e-01
8.589266551301101282e-01
5.595435544554420160e-01
4.565010464473202578e-01
3.919562421926870988e-01
8.036320473310369916e-01
9.858133297384533700e-01
3.467251289558608285e-01
1.093912385952291899e+00
6.511786541936780415e-01
8.664087886564598717e-01
7.340248457276470351e-01
1.282343303257863276e+00
8.337621783168995826e-01
5.844232643182405429e-01
7.456773979505291194e-01
4.761873289097696693e-01
6.134740636662411317e-01
6.885565005894472845e-01
9.095842661250358452e-01
5.040847321504285938e-01
5.946493953550852085e-01
6.797634897728571657e-01
1.302988208965790928e+00
8.437576975024596582e-01
3.623603118980961435e-01
8.980538232279540178e-01
7.892043201856039358e-01
6.525787972608165788e-01
4.685859907033007588e-01
1.218819580255571466e+00
4.786896687446599019e-01
8.258647454505033680e-01
4.779785336809200258e-01
4.308185393715082689e-01
3.541979359337346089e-01
4.464168042574989670e-01
5.170320084641661929e-01
1.131812197357269234e+00
7.674457171909491171e-01
3.906294610695667524e-01
9.347641185143481524e-01
4.803979615271751769e-01
7.089933212405578056e-01
8.668962955237063950e-01
1.125393092839789277e+00
8.031888413001421201e-01
6.361042828559194673e-01
5.536720561233269278e-01
6.946679587642515807e-01
8.516573774010756104e-01
5.478978965733640738e-01
9.636413211035155246e-01
6.470390421943739145e-01
7.352649496694466658e-01
1.151170056965731048e+00
6.270638640824133248e-01
3.467321631079511857e-01
1.239367477804190765e+00
8.184400360258539120e-01
3.173260535797865489e-01
1.207524985023429087e+00
7.105672068697235222e-01
5.765011822764429805e-01
4.029350694055904292e-01
4.485705094737039156e-01
8.386190677164495622e-01
5.819185747790035501e-01
4.672849608361825946e-01
7.300564893093584029e-01
4.995452605418668757e-01
8.522197119893201167e-01
2.901123125928934954e-01
8.225317156902138827e-01
3.570168125202197729e-01
6.669294299013822647e-01
1.483244208916718598e+00
1.306116706714042230e+00
5.543762541156470602e-01
5.551512728334512259e-01
1.296259936752785613e+00
1.165011904028561585e+00
3.611712722501204120e-01
4.938864511281512160e-01
4.236736807501634283e-01
6.144364005643032645e-01
3.841945691243006666e-01
7.328273901881856567e-01
8.293900560323034243e-01
1.376306199785611639e+00
6.760128858948164510e-01
9.602306070329638121e-01
9.258389093756841381e-01
8.016760868113839145e-01
4.568581789082683531e-01
7.171927660835797358e-01
4.843783038380103378e-01
3.971290336491296036e-01
6.377611322243951220e-01
7.995233883991921253e-01
2.138261875985212612e-01
8.799395177793993827e-01
7.891866435748210451e-01
8.232781544208589430e-01
8.258935302531047462e-01
8.265867180170911599e-01
2.359802893932715362e-01
1.124999921147703086e+00
6.571471301725165803e-01
1.202087120323866110e+00
5.713357564225978180e-01
5.170587001925818216e-01
4.872721703532821302e-01
6.266636211229712483e-01
4.031080052280766601e-01
8.507820163193969831e-01
1.076721248286613752e+00
5.938709124491254876e-01
7.484099927045291256e-01
7.520757674415241567e-01
4.510592458770550373e-01
9.572672106465033304e-01
7.297155181902030829e-01
6.765997081463640539e-01
6.930121053958251398e-01
2.939864716687484170e-01
4.694140204567257557e-01
8.380920063662486985e-01
4.665739970402688619e-01
3.967874308594312449e-01
4.100844682609469660e-01
5.420115898039382651e-01
9.318390770281911317e-01
7.197157339271236243e-01
5.652327342090316398e-01
7.792354651203551308e-01
7.812357706847816718e-01
7.922037241658239637e-01
6.529588671844649417e-01
7.049678076041930863e-01
5.795888073579424926e-01
6.688389430060166507e-01
1.089544478258053006e+00
9.632654045356517925e-01
6.462295147525628503e-01
1.029416878887146503e+00
5.916223432678198169e-01
1.456482206851077654e+00
7.087937435284749066e-01
