2.005252219170026440e-01
3.123837208610162897e-01
3.672738121192863914e-01
2.664133825744237072e-01
1.600276630155631208e-01
2.286746987914680673e-01
7.672289063644607277e-01
2.441985868887148192e-01
2.327587517216687385e-01
2.037427357546689188e-01
3.568321719233131795e-01
1.754662944564444882e-01
3.086586720509259529e-01
3.054131576407284610e-01
3.684404581123645883e-01
4.717565088838350240e-01
5.365001497143565556e-01
3.719430625600552154e-01
1.279932204305313515e-01
3.754795423303141089e-01
3.325166393904307460e-01
2.397832795797988359e-01
3.832333651092602600e-01
9.970451352963501102e-02
2.352949527516276507e-01
1.735142947309690764e-01
1.838889283502202487e-01
3.540651882442350518e-01
3.951023382355203228e-01
3.409835661933158790e-01
1.370255741925163473e-01
3.035055449733786714e-01
5.252668553194277390e-01
2.910053497698757985e-01
2.356810095503239499e-01
2.980118159484088092e-01
5.256622246980398039e-01
1.752463352452299783e-01
1.932576863143043999e-01
2.950748113225091229e-01
2.814536320128717128e-01
3.031824860421800660e-01
3.772462606342882885e-01
5.351384040023832167e-01
3.148593355799256255e-01
3.797860837035781922e-01
2.425692637402835361e-01
1.981712500593794113e-01
4.388106848543496530e-01
1.187418254132619339e-01
8.108698465685073575e-01
2.456750410797785000e-01
2.617505268084775460e-01
2.171037260739087094e-01
2.835448003291379804e-01
4.302537725716943373e-01
2.283314500793311441e-01
3.220763543534086448e-01
2.511902134035371992e-01
1.753126741537003874e-01
4.471896862280249629e-01
2.089676560089916424e-01
3.820113930636579447e-01
2.163809469636257810e-01
2.197145894590306903e-01
1.882171242247278609e-01
3.643984930009105949e-01
2.594031133464368977e-01
2.857200809465445523e-01
2.377056053421852388e-01
2.107203156014607892e-01
2.801245483098360189e-01
1.327961004960314662e-01
2.821416113769004141e-01
1.637999434744701055e-01
2.241659649663340359e-01
2.245649651217705156e-01
1.217404775038299775e-01
3.427756033685659953e-01
3.121754830570391270e-01
5.712273166175432237e-01
5.776077218081311360e-01
3.250548799059794769e-01
4.053167585293685482e-01
2.504656266182905267e-01
3.929365111579913306e-01
1.846869510765871414e-01
2.820005147510878940e-01
3.899835259940944154e-01
1.341276953284521734e-01
1.372777018103964464e-01
1.879789668100705358e-01
1.988704572128273673e-01
1.844217490365116507e-01
1.791718210590808602e-01
1.180283471887061397e-01
6.175486396603577788e-01
4.105194912000838525e-01
2.744152377299327039e-01
6.994404068220014814e-01
3.261947895299200928e-01
2.811351437357879068e-01
3.288151921968519575e-01
1.513012798245720603e-01
2.140744370175146627e-01
2.874572798094334747e-01
3.207296268177401988e-01
3.496137247555863858e-01
1.091819997814144072e-01
3.262687657290198051e-01
4.979866950311219731e-01
8.334074697283981870e-01
2.548303804388397098e-01
2.633595793571364418e-01
4.844307065069656248e-01
1.898002726011574492e-01
2.080464983887379826e-01
3.156211166615026098e-01
3.010560546064000587e-01
1.719373448328130882e-01
3.070760471011315107e-01
2.422677119857162276e-01
2.945489612533347401e-01
2.599625696816377229e-01
2.529626237272790124e-01
2.404264665525606970e-01
2.388214467687313214e-01
3.698697520433111841e-01
2.042469578299812016e-01
4.044406822079619768e-01
2.475740392534331313e-01
3.649796271453036867e-01
5.501372225728499155e-01
2.668072617839487570e-01
1.343601649917751106e-01
3.520246343875148565e-01
2.955556979411488316e-01
2.479451713033665461e-01
2.332202943019857644e-01
2.095748637711137285e-01
2.169636809594269466e-01
2.249373628543982484e-01
5.493760994393279695e-01
2.728765339576789684e-01
4.083912193822484826e-01
4.027749900761438129e-01
7.051503425773972822e-01
3.940273492649664644e-01
3.359405485803274027e-01
4.575727267660687492e-01
3.370374878725935774e-01
2.660538793706258009e-01
2.687793524513220067e-01
5.559815958037414019e-01
2.711696361973774949e-01
2.895041444014022081e-01
1.278966234769523258e-01
2.160076731144148776e-01
1.666850977773479958e-01
4.995620384730641295e-01
5.579931364377384018e-01
3.217727099425967685e-01
3.964005520887278200e-01
4.559720628013888555e-01
6.291810820529328829e-01
5.051889818787695940e-01
2.272470743284671080e-01
3.130193159504826572e-01
3.265536862090796522e-01
1.898439629825910968e-01
1.757353178843905073e-01
3.065206266050899964e-01
3.749900256573904800e-01
2.510948016900256263e-01
3.668965425582998985e-01
3.414175736899720537e-01
5.017828798966628145e-01
4.686489110882981479e-01
4.399226239013532824e-01
1.310622167727844567e-01
3.046923391719749685e-01
4.231075128164676902e-01
1.804049945832098545e-01
2.146703129824459877e-01
2.803661947796651233e-01
5.148717646786510338e-01
2.553403964902042911e-01
2.686073572076751459e-01
5.075106797933700564e-01
6.254726032076808329e-01
2.648421989970443091e-01
9.395244437401902848e-01
2.952976231471507451e-01
2.460591621008811347e-01
2.630071140914777561e-01
2.065084059359983404e-01
3.179207749049708376e-01
2.771056516226353406e-01
4.536301137525675098e-01
3.997159418136208564e-01
2.814968488218593801e-01
2.668215368494008533e-01
7.196716074585057799e-01
1.717995684577325599e-01
3.886961615549437421e-01
2.763443593350180527e-01
3.758827530028489017e-01
5.717039611836576274e-01
2.628325390278926088e-01
4.801151027469957033e-01
3.081734209397734015e-01
2.832387338772796581e-01
1.716384925054597055e-01
2.267584704004676210e-01
2.793163276384666438e-01
3.709432251049017970e-01
3.906118209842463496e-01
2.841912004348853826e-01
4.776250382131241867e-01
2.750945650870659787e-01
5.372429729144975186e-01
7.568674980075016379e-01
5.823626164239731340e-01
4.195121890416380062e-01
3.248729358040339243e-01
3.312762702017270633e-01
4.849626944366380865e-01
3.258538912133911447e-01
1.551310452050511657e-01
2.298705505276331662e-01
3.179879821646051097e-01
3.476647919575435730e-01
2.643193361020143017e-01
2.809381145969588878e-01
4.548321832974525636e-01
3.130465115157153311e-01
3.308703616690584770e-01
3.623668641363962384e-01
4.255984271041436950e-01
3.821451220589974218e-01
3.147475197700903005e-01
2.519393513770162851e-01
3.362236964898510649e-01
3.879729253875376371e-01
3.445657657063016521e-01
2.447801699638935957e-01
2.976292699160362210e-01
2.196516960962537901e-01
2.444981969081511108e-01
2.525550114767975418e-01
2.778674654486336104e-01
2.534769010404181455e-01
7.484056979246700436e-01
7.297737664314224437e-01
1.594987770295814011e-01
2.062468839654560404e-01
2.095774566686669504e-01
4.516111369261039399e-01
5.218344823859786263e-01
2.522514991878607726e-01
2.637005436468846109e-01
1.470710085205245432e-01
3.078411313810918704e-01
3.008262550947103930e-01
4.113014893761473001e-01
3.016317084128594672e-01
2.824525215694144165e-01
4.148785604771118019e-01
3.965750163341542622e-01
2.926610102233287991e-01
3.471523781476820725e-01
7.763578132036018653e-01
4.343269955810139527e-01
2.815554404148540302e-01
4.242709091889819151e-01
3.556792684267963689e-01
2.115954041505117567e-01
2.625360574851175466e-01
3.181340580487239666e-01
3.692538452234058743e-01
4.734596655928063336e-01
4.216462109659419033e-01
4.785881207493000167e-01
1.854678755800418521e-01
1.851194017940298864e-01
3.086277075569591188e-01
2.120962701270826811e-01
3.346669086399083337e-01
2.698924830672483899e-01
2.038608377630855284e-01
4.341359836070963762e-01
4.044550210751549635e-01
2.649626461534920763e-01
3.661241659589870023e-01
2.785229089863609508e-01
1.760589147891116757e-01
8.797162620057012994e-01
6.659802244403277838e-01
2.664387282019715086e-01
3.110985273841709864e-01
