2.109628016971581133e+01
2.042057415922142383e+01
1.919513187945385724e+01
1.964106177819668275e+01
1.936922644415434291e+01
1.915053705690656827e+01
1.989091546033506219e+01
2.099365923305560244e+01
1.799498918945799630e+01
2.033428154165443758e+01
2.036928270452421330e+01
2.070690542357437636e+01
1.913369646085718045e+01
2.101277807320973068e+01
2.032804921051839031e+01
1.912940016392221665e+01
2.011628435583247665e+01
1.907983121235650614e+01
1.935604310880892953e+01
2.083067974340492157e+01
2.143005574660318047e+01
2.011041512790376018e+01
2.107494021012842822e+01
2.093989496853579979e+01
1.954515868011466750e+01
2.084518698422708027e+01
2.070356937224638472e+01
2.037764174791798411e+01
1.938333708740318784e+01
1.995573632136333231e+01
1.981062382712550018e+01
1.915157434657647784e+01
1.977816817437143015e+01
2.088958715769210883e+01
2.193357277949827377e+01
2.040265889393290522e+01
2.023986283344136083e+01
1.989207170043454553e+01
2.036150743443809930e+01
2.028399163431727814e+01
1.958578556152858141e+01
2.041195010160023671e+01
2.039070788391871147e+01
1.950424358875986997e+01
1.930351897016536711e+01
1.954013278158323885e+01
2.137208775496365831e+01
2.022106644013054577e+01
2.069808179225928058e+01
2.019896156980473378e+01
1.945526822871827832e+01
2.018647512565248192e+01
2.034953860798196956e+01
1.842456128419848227e+01
1.873903491672755450e+01
2.086854579007183119e+01
1.928027770908207472e+01
2.104321528907958694e+01
2.057419635525699064e+01
1.800163146752288057e+01
1.779919650507730111e+01
2.127265152247962732e+01
2.208491910960409754e+01
1.923033301685714136e+01
1.991920161853586180e+01
1.904594150773769101e+01
1.972771098625429786e+01
2.050386266200716534e+01
1.990351986027070907e+01
2.082056592330106426e+01
1.947092382516459708e+01
1.985644335662400195e+01
2.113457230208348747e+01
2.069064490405155254e+01
2.110249297376489253e+01
1.998629092426459053e+01
2.041270800451491496e+01
2.048348042951843340e+01
1.958958258517002093e+01
1.815673201608456822e+01
1.888973637447211473e+01
2.124342230610524851e+01
1.896264302567038484e+01
1.995538606545823157e+01
1.845365234949689537e+01
1.983393041570088400e+01
1.822967952657073454e+01
2.137030180336256180e+01
1.993580740861255052e+01
2.044863251827887751e+01
2.072460872329331849e+01
2.039179581099466176e+01
1.990023298350130787e+01
2.111860144608368373e+01
2.000581869353592879e+01
2.013521389295304331e+01
2.044500475145610707e+01
1.987270552791731149e+01
2.008739816893779206e+01
2.090595685478727006e+01
2.030518620828929244e+01
1.978866113218326461e+01
1.975575854571519230e+01
1.816947394390229320e+01
2.110892385860530851e+01
1.905735228826532435e+01
1.934354373109834668e+01
1.925133351501762746e+01
1.776262491161388368e+01
2.190854470701984624e+01
2.066617091662266859e+01
1.882282776954247083e+01
2.085012802966435075e+01
1.887640494586648998e+01
2.179939953717655499e+01
1.915824112719946726e+01
1.825666275191494137e+01
1.898833153313723443e+01
1.934778541614753422e+01
2.015793158825074016e+01
2.020262292310346908e+01
1.902112171851154443e+01
1.797140695074846661e+01
2.001595168417158632e+01
2.006739916517494393e+01
2.061588916744402056e+01
1.948941985389220832e+01
1.857008857985048422e+01
1.957160543504477701e+01
2.195796238335326933e+01
1.959916660731322935e+01
1.996135722248515876e+01
1.890391753230487382e+01
2.115415028227163674e+01
2.041529035318488638e+01
1.967595550315593300e+01
2.039369580400383342e+01
1.954692164209372507e+01
1.965266925228626960e+01
2.029311874060663001e+01
2.038280277028098197e+01
2.068262932978909774e+01
1.918127529279860610e+01
2.013518832215962107e+01
2.075596981302938815e+01
1.963713263510058127e+01
2.151821997931364550e+01
1.885983686752771149e+01
1.897371823430477633e+01
1.986611922353916881e+01
2.054050438174790472e+01
1.977522497579787952e+01
1.882962803028406640e+01
2.030281543806853151e+01
1.962091620048396834e+01
2.070444442463749013e+01
2.023232758491107219e+01
1.865088499084436080e+01
2.150233124453353284e+01
1.939522289713563907e+01
2.043650912748149295e+01
2.065153885400591705e+01
1.810022701310638382e+01
1.837825197999501015e+01
1.929221372430780335e+01
1.964728087570852111e+01
1.942465749727263002e+01
2.087941802202397312e+01
2.042609974974020304e+01
2.031962905219342375e+01
2.173083357688392070e+01
2.051143870082180953e+01
1.973329397725490963e+01
1.988727002089804685e+01
1.968933568844821735e+01
2.143806085158501418e+01
2.091978346597156957e+01
2.138508857385399153e+01
1.942384878649487945e+01
1.876896667897911541e+01
1.986438332026411047e+01
1.930026657777154853e+01
2.060845294675005945e+01
1.958722660378160896e+01
2.076151191670081531e+01
2.097281968226189264e+01
2.088687464837466834e+01
2.132326595709497141e+01
1.914481960492194901e+01
1.879335045885731148e+01
1.911355146885707867e+01
1.974068397010032072e+01
1.850517645900640673e+01
2.006976263221039503e+01
2.047526972055879213e+01
1.849103864413176979e+01
2.182164567006350708e+01
2.026999994082380852e+01
2.071131186860816698e+01
2.084691266822489197e+01
1.839776331169878887e+01
1.996655363272500594e+01
1.980298750931561003e+01
1.961490600365483061e+01
2.174784840270208619e+01
2.011527847957339787e+01
1.962623759790331945e+01
1.989713822016953060e+01
1.892510308286458098e+01
1.966952597033704109e+01
1.857019740682205722e+01
2.060919858819775641e+01
2.029634446976725215e+01
1.944147896459533342e+01
2.195348952450049396e+01
1.995905448807825522e+01
2.004937223646203037e+01
1.993754051138392569e+01
2.076173162658161786e+01
2.086143460558775331e+01
1.860328099181562678e+01
1.879683508968009420e+01
2.085144217776615605e+01
2.026280351099312327e+01
2.038947792865329944e+01
2.021642214877287103e+01
1.873494251408164502e+01
1.959600536690296124e+01
2.085443900025540742e+01
2.004581558995744217e+01
1.896169402821398720e+01
1.815594336942035980e+01
1.946629498606894515e+01
2.021132320420613482e+01
2.074187597296237584e+01
2.055629472115943912e+01
2.030742923281447787e+01
2.021306002268669744e+01
1.904391291393260133e+01
1.931327999603529832e+01
1.813191332572932168e+01
1.935634026758382475e+01
1.943288624547214027e+01
2.024378972920954567e+01
1.985020540036186887e+01
2.073579580842604742e+01
2.010055705155900796e+01
2.037061660630538640e+01
2.152842739018499785e+01
1.933720134699964888e+01
1.967577999251995635e+01
1.914076138412440287e+01
1.970500731971329245e+01
2.051434325319265639e+01
1.808035148117435753e+01
1.948023546798932770e+01
2.113015742375411676e+01
2.067028381927439895e+01
1.835098712956091305e+01
2.072573151492769483e+01
2.028672089668409129e+01
2.189130607865694600e+01
1.782397197751632234e+01
1.861122187115392990e+01
1.961856426433643819e+01
1.754755883996602250e+01
1.963690278682044621e+01
1.937284043935058619e+01
1.890223979164638024e+01
1.932512083551052839e+01
2.066423085107699009e+01
1.958019236646672212e+01
1.895220847937163811e+01
2.014480758171641028e+01
1.977879522165927995e+01
2.035798234239137372e+01
1.902356419515148289e+01
2.111783577333087081e+01
1.979942230761093214e+01
1.861178912088850623e+01
1.806911573671257187e+01
1.973697450321815339e+01
1.899329604557587103e+01
1.980378426383652979e+01
2.128146361506991013e+01
1.928583855088245613e+01
2.014609071577123700e+01
2.049774718410053254e+01
1.870106020196911345e+01
2.065471122428803241e+01
2.065526493933119312e+01
1.934153641042296101e+01
2.013085475631883980e+01
1.851773066826076430e+01
2.214448542239399131e+01
2.104139801885706262e+01
2.000587070794327360e+01
1.870760390325798284e+01
1.864790961210006515e+01
2.037923551037287595e+01
