5.265097083489730379e-01
1.196269432925866738e+00
7.001864915058608752e-01
8.772867719917545326e-01
3.099405093980550641e-01
1.206749516374061804e+00
5.898620050796041792e-01
1.544516180311489073e+00
1.327463272178537101e+00
5.712103934351483447e-01
1.514734512407013511e+00
7.071424278717357570e-01
1.466346483453002447e+00
1.544132895171194786e+00
6.762696114214283849e-01
1.121515936706227068e+00
1.457496228175821029e+00
8.534192194394049080e-01
1.730246773633808299e+00
2.458358281905202336e+00
7.580367777841116039e-01
1.811438931901877547e+00
1.304161748278667599e+00
1.417110483963579970e+00
1.242967834875522204e+00
1.530219215028307156e+00
4.213845422902902094e-01
1.747645896572890045e+00
1.537104818770378856e+00
1.426820450647022565e+00
1.201836697170809209e+00
8.914507838579440735e-01
6.973129906658442900e-01
1.503695469967706977e+00
9.598207099619681104e-01
5.761768116057613964e-01
1.483956692009465339e+00
4.141955312107127862e-01
8.452478662349303118e-01
5.112536817219780483e-01
5.720715352653271690e-01
6.477789827590882954e-01
1.332080951848103600e+00
1.467364646356750679e+00
1.128770011228718007e+00
2.389848392778394004e+00
1.929779559635049324e+00
1.215729092127271649e+00
1.517546600366008303e+00
5.454470203482028046e-01
8.602712864110851898e-01
7.563402041691978939e-01
9.371624471258187539e-01
1.293264833041115169e+00
1.768134111414412901e+00
1.152680018060633360e+00
1.117455139612445247e+00
1.584858290185056084e+00
1.154071797944416389e+00
2.008158227006998420e+00
7.415011651659042524e-01
1.411612857734686921e+00
1.662697916620151206e+00
5.974895966243553014e-01
4.738115829222347419e-01
1.264116606774526419e+00
4.507492221211580330e-01
2.073883946505237219e+00
1.102685812045622882e+00
1.097084893322556098e+00
1.142790108699048846e+00
1.450609959735810417e+00
1.316240298563246869e+00
5.791990837061373743e-01
7.833762311784467913e-01
1.404462020595202754e+00
1.199056413100199725e+00
1.414835743699114134e+00
1.053989821495605161e+00
6.387070221739630238e-01
8.048117397592979838e-01
1.587818466436659470e+00
1.091855689465133450e+00
1.640683798432813756e+00
9.775545339996086769e-01
1.561325967917858160e+00
2.354210842305460183e+00
1.264129269540484879e+00
7.379480935618347726e-01
1.749286568068640468e+00
1.350378912017709210e+00
1.467109117518547112e+00
1.085920332937348798e+00
1.019891471522565540e+00
1.705301592408710931e+00
2.458696322935223222e+00
1.363413593259993117e+00
1.173238037356034713e+00
1.547794983899324572e+00
8.134119587700591181e-01
2.329196905478641888e+00
2.207552946409839567e+00
1.454232784293522096e+00
2.338114757165908220e+00
1.231793867532048781e+00
1.260203633371307808e+00
2.272003655905746378e+00
1.653783273544437771e+00
1.100284548295351605e+00
8.219358796685202195e-01
1.714809141699739303e+00
1.239326445218768669e+00
1.371549719710453141e+00
1.626303749994439496e+00
7.856324235588915128e-01
1.266225712767032219e+00
1.465269464265035237e+00
9.530816250626615860e-01
2.166201270145285296e+00
6.059188873549590237e-01
1.305257025729883003e+00
8.417620980331121938e-01
1.039680284460115844e+00
1.470690289029121134e+00
1.255208989940598929e+00
7.952041597840336928e-01
1.277652942382993650e+00
8.321820770398848932e-01
1.653260584788563525e+00
9.883482609930648310e-01
6.293015873532312732e-01
1.366066214607878582e+00
1.096820712880284709e+00
1.105197382455193500e+00
1.347959020915573847e+00
1.214525249435184140e+00
1.012688223619394368e+00
6.203135183036773137e-01
1.743124394962489054e+00
1.158633134908748863e+00
5.911169236653061043e-01
5.803879110887275594e-01
1.349483088017412014e+00
7.819837319261340181e-01
2.267317144274914043e+00
1.016838252036088797e+00
1.043681520848184441e+00
6.385130541409085314e-01
1.527622873132208792e+00
1.247148316580353633e+00
9.618864720171677041e-01
7.370010023748109207e-01
1.868517613388295695e+00
1.001319031915869573e+00
9.010840839599648655e-01
1.572734790552556605e+00
1.333778835537446028e+00
1.752919737768688924e+00
7.576587514237282939e-01
1.160010911240531239e+00
1.386298585306060982e+00
8.172736592054462568e-01
1.233196317050529123e+00
1.540489768765013645e+00
1.355821787567798697e+00
1.049258544179568764e+00
3.978002232543852990e-01
6.127175864953123829e-01
8.457465794464371633e-01
1.157797085395459336e+00
9.819187327417264743e-01
1.882613128913650291e+00
9.288419937622245381e-01
8.831154005592013467e-01
1.940887618457071362e+00
1.403013886646912400e+00
2.245099446743778593e+00
1.941552771051154203e+00
1.267368344445705564e+00
3.293471498923288276e-01
1.757511216992920344e+00
5.478919786937158642e-01
1.171032952388136872e+00
2.627444412391917616e+00
1.232300588622063930e+00
1.272179481217258434e+00
1.913814186621200175e+00
8.626398864645347109e-01
7.268852869515252113e-01
9.993243994358613769e-01
1.198689790659663856e+00
1.147619120467554543e+00
1.042721616052397549e+00
1.698884405945327414e+00
1.345074162702002862e+00
1.241708235366231428e+00
8.547043599686487969e-01
8.765872609111162728e-01
1.556737721490317972e+00
1.155698992867006503e+00
9.182369551476161629e-01
1.206744734892071680e+00
1.838861385668506099e+00
1.348986096205370799e+00
7.431077938876375910e-01
1.086820014146550495e+00
7.787663573535377193e-01
1.630736508654974992e+00
8.967241038889874893e-01
1.711686688667466649e+00
1.514978170720818085e+00
9.114160394187799108e-01
9.996304872011366749e-01
8.333199459143832977e-01
8.879534804858218999e-01
7.944119462700933720e-01
9.537237135495640894e-01
1.135341301941840131e+00
9.609228822283970572e-01
2.611852333071443155e+00
1.391271911517217852e+00
1.096811581425745530e+00
1.093325949388757712e+00
1.278104171492765673e+00
1.064727537274803515e+00
1.336036487709941323e+00
1.362420629428171770e+00
1.371633675293620458e+00
1.096595026557918073e+00
1.051036842448918041e+00
7.647168690597635488e-01
8.327138093767947336e-01
7.410169589330273254e-01
2.119937466106194268e+00
6.439459387800247070e-01
1.658689273405831610e+00
9.967102931866227422e-01
7.623859941093673598e-01
8.270490396970348046e-01
6.412040001139076573e-01
2.193312936622383802e+00
2.637996446576412968e+00
1.549043748201508475e+00
8.367397224699976155e-01
1.712192807799966632e+00
1.038230295550478521e+00
8.507212094214080533e-01
2.033918163333687357e+00
1.689487556142585944e+00
1.457417505913588540e+00
1.031136427151605028e+00
1.225908718082409754e+00
2.493322470790573675e+00
9.195249926330535395e-01
1.413258953777474014e+00
3.598004097787816380e-01
1.225165753079312303e+00
2.197077494131776998e+00
1.960158544522285773e+00
1.414679542518771704e+00
1.291233723406841838e+00
1.432349288005967169e+00
9.945550476293993913e-01
1.200647858858159278e+00
7.869164560680906861e-01
8.615118062688208456e-01
1.489424412457811098e+00
1.024196191264883371e+00
1.248437380601300051e+00
1.797873655618067890e+00
1.310804018311906516e+00
8.776768092237912100e-01
7.780529528269909401e-01
1.716704964158549895e+00
1.103927055719916561e+00
1.353500463767387973e+00
6.242826543245660886e-01
9.234054874222228371e-01
1.182784569118072060e+00
1.384858889777505597e+00
1.063923991069063213e+00
1.301695328037974608e+00
1.561378523983554478e+00
9.448472253399760046e-01
1.475950036707081248e+00
1.037421177160170238e+00
1.169474549255264950e+00
1.349717727238854081e+00
1.344463954408859019e+00
1.456135800125680557e+00
5.536580203258389954e-01
2.206066478584747692e+00
1.427993115363558996e+00
9.338888721825157058e-01
8.826606702283685824e-01
1.106353555070050954e+00
1.867715915990189934e+00
1.711934323247090273e+00
2.083019034552753279e+00
1.677044981594522088e+00
