8.994508230955268857e+00
9.011935584454599635e+00
1.067641062080118530e+01
1.014422913694799888e+01
1.368056062216866486e+01
9.167943425141329428e+00
1.385760018387557224e+01
1.081136145187446829e+01
9.278634551672180208e+00
1.070824761055341412e+01
8.818870474058808639e+00
1.084237398500181193e+01
9.434546624963612516e+00
8.549739221614405693e+00
9.125822266671107741e+00
1.064995131482122481e+01
9.052546547643553154e+00
8.250145707642966286e+00
9.184621262869491432e+00
9.311545591197862848e+00
1.109369402466679055e+01
1.102892041621986152e+01
8.895871990485838765e+00
8.086391437247559821e+00
9.625094663704473419e+00
9.113043231031374702e+00
9.696282065411171658e+00
8.065951649014623470e+00
1.069081260443861225e+01
1.004331049037548773e+01
8.720586173581349243e+00
1.266024709086404698e+01
1.032586460280480267e+01
9.321918347187262199e+00
9.969872056237525371e+00
8.814924127439905277e+00
1.039880389749786183e+01
6.283020987247931899e+00
1.041947136197737045e+01
7.933321502976512285e+00
8.374273873093979859e+00
9.344202763957380142e+00
1.273473344601473300e+01
9.776940620824081662e+00
1.104113482998521611e+01
9.542300846890974242e+00
1.257033758399507661e+01
1.032313625613328334e+01
1.162345114651098577e+01
1.002921722313502961e+01
1.026738023304744019e+01
8.994688522942693609e+00
8.981792878482472986e+00
8.326310982528857707e+00
1.173562833629049607e+01
9.346458517147315348e+00
1.070665210534190415e+01
8.959824368879528933e+00
1.137231841882955585e+01
7.608129025075447416e+00
1.191089942870149088e+01
9.501231446867066666e+00
9.356953956361689251e+00
8.943774946767611311e+00
1.263737717130396021e+01
9.986172046731887519e+00
8.207301238771899321e+00
1.159635127073893379e+01
1.210955653882090743e+01
9.249499297555928479e+00
9.416625621616937281e+00
8.979801057962879085e+00
1.030826459662807970e+01
9.535040868590925811e+00
9.325425223515219741e+00
1.175928611948355140e+01
1.139317485641402605e+01
1.086869863119991209e+01
1.093584816724864694e+01
1.095398634347995781e+01
9.771082911153680328e+00
9.170742586616762893e+00
7.128304326083041431e+00
1.111453927817464304e+01
9.582882728631332725e+00
1.044994420688361814e+01
9.407122151211519068e+00
8.934414289657288677e+00
9.497263860751978370e+00
9.518607596188150666e+00
1.157964982200412507e+01
1.024256299003251236e+01
9.217607572247507264e+00
1.148962484273091711e+01
8.489325091224268149e+00
1.012288523522985351e+01
1.071127360268087081e+01
1.129626495902093097e+01
8.531819841871664423e+00
9.654968137549468921e+00
1.218522464582874854e+01
1.111330256011556195e+01
9.969942343150425046e+00
1.302517083470301174e+01
1.004047440984877682e+01
7.857314830023632624e+00
9.609112592271060294e+00
9.303173335367725727e+00
1.150745160660772370e+01
1.038705588382648060e+01
1.055488006142680746e+01
9.497213194665242497e+00
9.721305381394623524e+00
9.816967196146157093e+00
1.044781916419374568e+01
9.154094613447368189e+00
7.800387058318939637e+00
1.091622152003619028e+01
9.926701040516295649e+00
1.035470036341029854e+01
9.588396600273640047e+00
1.216866839302774750e+01
1.129838592184922597e+01
8.904634422952415918e+00
7.723800982449891883e+00
1.433376813104032443e+01
1.007373953841320358e+01
1.042792992255554729e+01
8.383362315097349082e+00
1.000029297218768320e+01
1.115690069158262432e+01
1.206192229758177525e+01
8.102832577143479043e+00
8.983663548946671185e+00
1.115725044106919839e+01
9.063053068235108256e+00
1.102600323632927015e+01
9.674330625835619202e+00
1.172712523594410428e+01
8.889017694140264325e+00
9.485894593247177653e+00
1.228719085185419146e+01
7.894184777064070957e+00
1.046085103383379966e+01
8.237413487287101432e+00
1.032088728341403616e+01
9.525927045720809616e+00
1.140003986689006510e+01
1.308807770044902163e+01
1.338496138018278891e+01
7.540026394106537744e+00
8.225663442718508023e+00
1.131157990570407357e+01
8.341426969687191217e+00
1.120549717690321678e+01
9.742940382777431907e+00
9.611134607531651497e+00
1.069878113691856925e+01
9.912274502906555540e+00
1.061581485764816080e+01
9.059792340427691215e+00
1.084787009831955018e+01
1.005713782468964901e+01
1.023169087163734758e+01
1.235534825444356066e+01
1.078187146721496958e+01
1.042397466393036431e+01
1.414690331387227040e+01
1.084337519529878691e+01
9.431077929835316453e+00
9.292693411605787546e+00
1.190509508511306436e+01
9.028020134180190226e+00
1.196413325477403689e+01
8.437594860365292604e+00
8.975377923643492295e+00
1.154798398169434392e+01
1.130534391983319509e+01
1.141371054009959352e+01
1.042589287813412291e+01
1.251448558807906863e+01
1.008769111748324399e+01
9.997992132097103024e+00
8.534614687284006962e+00
8.710057719560314382e+00
1.177194697505167120e+01
1.036624244334249845e+01
7.213418652845166257e+00
1.033657309446212835e+01
1.063717372244035886e+01
1.072815249390428072e+01
8.089848830548167058e+00
1.147449353721602172e+01
8.928815106687251202e+00
9.553558762483129740e+00
8.442280083674004842e+00
8.743503520205184287e+00
9.372340006540568424e+00
7.035064664852265004e+00
1.041059102332796726e+01
8.729244662940468302e+00
1.034848152052161296e+01
1.172881030406677461e+01
8.975027526054523364e+00
9.897090400957983647e+00
1.002990805112057693e+01
1.276163822593557384e+01
9.553199941855174515e+00
7.995372247803859800e+00
8.270414977134031176e+00
8.631396982439598631e+00
1.095750155974134721e+01
1.049894478950796994e+01
1.085081629864380304e+01
7.726400733355361261e+00
1.062640905178654194e+01
7.714108366510287418e+00
1.147951501431717958e+01
1.288582776270554575e+01
1.034552220966177494e+01
1.060850205512718958e+01
7.291710602794991836e+00
1.034294376823799055e+01
9.387048714423517737e+00
8.565812701431871901e+00
7.940812947636001873e+00
1.016339440534614980e+01
1.144949050086255937e+01
9.590609838311131341e+00
1.085226693020409705e+01
9.151515936609552426e+00
1.195348466073402882e+01
9.674780208862790332e+00
1.048005568039017454e+01
9.150235687359511871e+00
1.303440204436656558e+01
9.286890488725866533e+00
1.291690157089003854e+01
9.278726173930028409e+00
8.369284601730239359e+00
8.470227382016341622e+00
1.172159467002878053e+01
9.895356213510680732e+00
7.796829876846943286e+00
1.222101432896500484e+01
8.290329906541771265e+00
8.684970385005973625e+00
7.665551775145852176e+00
1.050737525230906044e+01
9.041148135257923713e+00
1.136240239646523875e+01
1.108106879500919817e+01
9.307312588625602956e+00
1.077863196579999361e+01
1.060083358935135855e+01
9.365148235500740270e+00
1.029060580347239728e+01
9.784948060958878813e+00
9.494712553705337399e+00
1.147293243833128784e+01
9.073248138930891216e+00
8.197914426753968087e+00
1.050075081397310406e+01
1.149740485916841415e+01
8.928202308583044200e+00
1.291409147373592781e+01
1.218890405759025697e+01
1.115198600057763123e+01
7.771035266879597891e+00
8.347873974474380177e+00
1.200682510114325829e+01
9.290344803688205033e+00
1.018139948155449481e+01
9.656444961588892539e+00
1.037985716317500362e+01
9.515525803742168165e+00
1.076853063503003050e+01
1.127559408032177046e+01
9.397857104353695590e+00
1.129765544987228587e+01
9.492205438109786897e+00
1.070965972517378439e+01
9.437443309683482440e+00
1.076285808390838561e+01
1.010623163924832291e+01
1.023880437957011402e+01
1.245413382261288504e+01
7.985369492779797795e+00
1.080367837534628173e+01
8.421037056098638729e+00
9.906354539277325344e+00
1.054142340559648083e+01
9.160273502061086148e+00
8.770620124302222820e+00
8.111419471662509650e+00
1.020136449054569638e+01
1.124643530210529363e+01
8.133794100395494553e+00
9.766524782816281558e+00
8.841436972353289292e+00
