5.370924538407527704e-01
3.162621222310632030e-01
2.334292467725107012e-01
2.419050705766085940e-01
4.237430275355946740e-01
2.235758321080159317e-01
3.534891442215404855e-01
1.621567244248950657e-01
2.655257137402116663e-01
4.819434785774364682e-01
4.904452257124472525e-01
2.454233696187060609e-01
2.718015283896089707e-01
3.901393047907643075e-01
2.562292982822422793e-01
2.548513708405775735e-01
3.551774788656296145e-01
5.026184105563019644e-01
4.774758392053056744e-01
1.973429447244139934e-01
4.505956120444725155e-01
2.803668238923467393e-01
3.120007291169588637e-01
3.145679839473883299e-01
7.571083488982337517e-01
4.728031871162159949e-01
2.984131421773935089e-01
2.026267126935641372e-01
1.300079127718884175e-01
4.189749897389827837e-01
3.894189429913210154e-01
3.940720603494565211e-01
2.151185200737128211e-01
3.034773764666269247e-01
5.016315016339322197e-01
4.770491100000099349e-01
7.035420246323533799e-01
4.366963503111422895e-01
3.191513583984920133e-01
1.939780570367916623e-01
1.484050921640544529e-01
2.582080065370609967e-01
1.402697841850661653e-01
5.605976363397440210e-01
5.088747424662746210e-01
3.296459104802035855e-01
2.594069899587737593e-01
2.792124021432511594e-01
2.327038168806553065e-01
2.718287585462469402e-01
3.071864625719245012e-01
1.278481694426841508e-01
4.316470130629290747e-01
3.318180531926738230e-01
4.695242563793824431e-01
1.965199410213040732e-01
2.795843431342119878e-01
3.225208996348900015e-01
3.332368324636573176e-01
5.053745822749351468e-01
1.799014610046253959e-01
3.742458823097103426e-01
1.736667702870971219e-01
4.710132121960139417e-01
1.526057949886323317e-01
4.511951063764620407e-01
3.921587321583962504e-01
3.656950726581043032e-01
8.592041337838094428e-01
3.846151929716828954e-01
6.347619698073465599e-01
3.267393415983183558e-01
1.605908917953488835e-01
2.386219415111568709e-01
1.954417012520255348e-01
2.297096023487888716e-01
5.720099624768356650e-01
2.670801985238387966e-01
4.078915224592934430e-01
3.566603814068545764e-01
2.448436678806701905e-01
2.962007171133773653e-01
3.763617548041939265e-01
1.485254234350575908e-01
4.517627725855092868e-01
2.217943933611037644e-01
6.796904040383187073e-01
3.493404297756573795e-01
2.037129406127332065e-01
2.345141200067646925e-01
4.741932772421492692e-01
2.772802224697260565e-01
5.463528907781959321e-01
9.538296746469945298e-01
2.441761088210793462e-01
2.957374254980498218e-01
3.412863410662823616e-01
4.716433323647761244e-01
3.082421184955991267e-01
3.620940437095633846e-01
2.084142934308639006e-01
3.945213335832075119e-01
2.822597116482697954e-01
3.702887517386957428e-01
3.229450587893362146e-01
5.061960177602378153e-01
5.471330175255297856e-01
3.802969917765435803e-01
2.419302629290602247e-01
3.192509950468984670e-01
3.622658954038922574e-01
1.942356602833979484e-01
4.075674619022761069e-01
4.281462621217775322e-01
2.442199636518983530e-01
5.352405864197420371e-01
6.808556978490074574e-01
1.815640848051487122e-01
2.647336928958353153e-01
3.153176213126400174e-01
3.467438083501824808e-01
3.616456337445653757e-01
4.274057957199033919e-01
2.659167048978900438e-01
2.054509983684722207e-01
3.032421657161898931e-01
6.098491757478710085e-01
6.948168696941509070e-01
3.623371185020172192e-01
3.050762486086293079e-01
2.530176536264137077e-01
4.195498844992933130e-01
3.590872947452348196e-01
4.793857814084567237e-01
4.949016454218149175e-01
3.395041527212627752e-01
3.454412927764877739e-01
5.487667590356948288e-01
2.171138370194685419e-01
2.454865554202699252e-01
2.988440776535628007e-01
3.594663644485079912e-01
2.769225333653595467e-01
1.691161574095616515e-01
4.589300678960728241e-01
2.332084911312996278e-01
3.694891316879788667e-01
4.202827090855785763e-01
3.111656719238857227e-01
2.756982973789197655e-01
1.916782057223523350e-01
7.080549998291735259e-01
4.901301073152744547e-01
2.187483487800354343e-01
4.999808887242814248e-01
3.900349111021285675e-01
1.772029327757012607e-01
7.210460427659117766e-01
5.672226011097785126e-01
2.509515641165949718e-01
4.208576771111140480e-01
2.089121885664294853e-01
3.312730723232927277e-01
7.092638376873472428e-01
4.596749589156594595e-01
4.586030352000455279e-01
1.780666092028952985e-01
4.809213930910127277e-01
5.677547339440588425e-01
4.667105224269712527e-01
4.531839173206718696e-01
2.451978584315765985e-01
2.855391776610159971e-01
2.836295828776329020e-01
2.552267005408289657e-01
3.129015861773702389e-01
2.636173901817088217e-01
3.061719009158688221e-01
4.443057773355606477e-01
2.562874748258208712e-01
2.181029570335896450e-01
3.917937968170494556e-01
1.440334506937303305e-01
3.109870747405244495e-01
2.882142725902393510e-01
2.268446891338013749e-01
2.395105136475509100e-01
3.574408013410947382e-01
3.474169241160643962e-01
3.811096807631988437e-01
2.119628239661149882e-01
3.377797331058247643e-01
4.404920955204616462e-01
3.674464492211002020e-01
6.479791651432736943e-01
3.457497638538883922e-01
3.472328555670137207e-01
3.877525545718430999e-01
6.267960485996195708e-01
7.284432880678533007e-01
2.849023752981909574e-01
3.234389266326687107e-01
2.047234547063438159e-01
7.167838745663932531e-01
4.421274992622432065e-01
2.444808860274540752e-01
8.069232813731055387e-01
1.480928243307647885e-01
3.526273315420020427e-01
7.826786435622063998e-01
2.401487510846882223e-01
1.639850947197587505e-01
6.858188893824828103e-01
2.632464343109619520e-01
3.931817486931395988e-01
2.171928350461781454e-01
1.840605209824838773e-01
4.109159987236860045e-01
2.044887619603725504e-01
2.230279066536033361e-01
6.185517057725519185e-01
2.454966479673836577e-01
2.582120718816734439e-01
4.280020813971365246e-01
4.231967383963046725e-01
5.630524818157580658e-01
1.647595080726804162e-01
1.122322952344050745e-01
3.032097095583744517e-01
4.187989916839053306e-01
2.785987402783150491e-01
4.378736650153302046e-01
3.506460075141641930e-01
6.165223478137827895e-01
4.006033275705878638e-01
4.148410038658226218e-01
5.720806011167498539e-01
3.047165426856972004e-01
3.308247191730184777e-01
2.852276984238535373e-01
2.561310586982427084e-01
2.218073891062628533e-01
1.875447529681436576e-01
3.796367147385742991e-01
7.511013052110782073e-01
7.078705310610055035e-01
4.604912479790959079e-01
1.966964044545746193e-01
3.897048292819592641e-01
2.080638088458184598e-01
2.815705756696474382e-01
2.279640050036452759e-01
4.579042759266087614e-01
4.075364453518081076e-01
2.782163686072055553e-01
6.174061326044146814e-01
2.711079441018972580e-01
2.913911535148545617e-01
1.676134436269812455e-01
3.135119099606099025e-01
2.163746021175440293e-01
2.712843009682016637e-01
3.107010203052861796e-01
2.989588919171873860e-01
3.863388234200767490e-01
1.281601077648043319e+00
5.546693070384638435e-01
4.389595745662724369e-01
3.503687418181109514e-01
6.809426324332994440e-01
2.952918867758485555e-01
5.362163678788215426e-01
1.978695565857888916e-01
9.298907323802926284e-01
3.914445145385406222e-01
2.091305562810007179e-01
2.183574684365154339e-01
3.089887676501120173e-01
2.002611410245591639e-01
2.300320643540106902e-01
2.071757005494652137e-01
2.568333057104367767e-01
7.493405093854960120e-01
1.921994535593289921e-01
1.912819348349321935e-01
2.870902164637719745e-01
3.050611991314888805e-01
6.398212001441102581e-01
2.062204849149646135e-01
1.893845529955545115e-01
6.647706325256608206e-01
4.171604040519274470e-01
2.851180627438489323e-01
6.130005695919357178e-01
2.808752382378311152e-01
2.927069461656633953e-01
4.427276387479734399e-01
2.432773095643822880e-01
6.167328609056877964e-01
3.779909477099764326e-01
