1.518571837986049944e-01
6.027261852810786857e-01
5.107273163530566817e-01
2.814259544946868807e-01
2.129500826538699709e-01
3.819186033419787463e-01
1.693441510827639052e-01
2.489944694540334180e-01
7.939758305864110799e-01
4.206799912579279321e-01
3.469736753455966438e-01
4.962306832455955496e-01
9.610752298632853352e-02
3.235029106469172189e-01
2.672576004188102483e-01
3.742898330902747484e-01
3.200659365151341529e-01
4.342540891111150714e-01
3.033237767018863162e-01
1.984194470000681665e-01
2.733884170858300600e-01
2.143722547580038662e-01
4.768201918903502423e-01
2.561146538067718970e-01
2.340163903277465429e-01
1.597894745216315859e-01
2.294590191405535551e-01
4.095626019363062253e-01
3.258223606536102546e-01
1.196442662646406141e-01
1.645323312267516214e-01
4.520576284766222863e-01
1.282133760811970669e-01
1.862627824509333063e-01
2.332924755558269947e-01
3.313530125861643971e-01
2.582561281928276165e-01
3.808956220070058851e-01
1.832673992163423304e-01
3.089770261232848148e-01
3.275925084569092927e-01
2.559940805630743221e-01
3.701931339117021658e-01
2.504643109654123845e-01
6.584553084427017255e-01
2.834966431284891009e-01
7.204605418530379835e-01
1.305144659500307724e-01
3.872459788523285318e-01
1.578075265416541695e-01
4.374962052596017559e-01
3.602462711059812306e-01
1.766674575852804907e-01
2.761121030622020744e-01
3.349705734097234711e-01
3.881382608990853189e-01
3.868456401177418624e-01
2.210768580560203700e-01
3.333926691091961825e-01
2.774210221564470946e-01
2.611469894425015870e-01
2.902893744872921955e-01
4.426809173451421442e-01
3.004175665839577403e-01
5.993846661981930835e-01
3.447126298300601799e-01
6.012429113840876971e-01
2.939751045615688896e-01
4.935925598121947422e-01
9.624512357051583367e-01
1.190515075268553380e-01
6.393870321033509052e-01
4.126428870638228497e-01
1.623876448887713597e-01
3.229388698620058173e-01
4.356523044871122297e-01
5.617150836544476666e-01
3.843032613723503799e-01
3.625059275861168273e-01
3.358545110943871315e-01
1.196347204965892558e-01
3.295713760669820025e-01
1.345829639680092837e-01
3.489726948368175319e-01
2.266374029701088144e-01
2.411499203111133471e-01
6.384727108816441454e-01
5.724596355184848884e-01
7.520319053241590890e-01
2.074893137233339013e-01
2.681600494070828233e-01
3.902941850813128610e-01
3.655522931853563140e-01
4.676756556458019909e-01
4.994910636747382782e-01
5.775158713898866925e-01
4.886966041686077178e-01
3.724128564258872287e-01
4.539944209563964717e-01
1.484976858500888508e-01
1.890862785242713173e-01
2.149870970660835434e-01
2.205158422667236329e-01
5.113628156596834451e-01
4.703494944938237943e-01
2.096325973973286738e-01
2.531709685743543381e-01
3.418139017982803618e-01
1.707828846874461237e-01
4.605741409148039200e-01
2.321130699791605634e-01
2.779725088595602078e-01
3.952947843093724267e-01
3.777282906053575640e-01
2.485949056364815668e-01
2.494920594209850406e-01
3.449029754368109213e-01
3.887420208991297366e-01
5.307027256668321868e-01
2.089606021769372102e-01
2.220308450106481812e-01
3.040898761227178726e-01
4.332977111266850256e-01
1.986882110909554966e-01
3.171654310880364647e-01
3.375174194368833480e-01
1.076269524101152619e+00
4.103735498422307337e-01
2.260218661871133405e-01
2.229227577195286858e-01
1.905741983508808801e-01
3.487403494717725150e-01
1.964424055578647133e-01
3.696645906136524218e-01
2.905116235130302260e-01
3.828761285919472512e-01
1.737272908607959687e-01
2.473728262819327173e-01
3.100676954552150089e-01
3.903889335604493471e-01
3.679020200127515738e-01
4.257698663698529229e-01
5.698216668696707288e-01
1.480029185523421831e-01
1.472566141819474927e-01
6.222839687790829855e-01
2.699911947596169148e-01
4.105421963002013341e-01
3.091760572198791190e-01
4.048589817188065210e-01
5.306679993932098549e-01
2.504741313468734076e-01
4.981983700185731445e-01
4.066640194521289331e-01
5.528210677060879652e-01
4.398368996695258826e-01
2.680945483746044466e-01
3.990096303755560347e-01
1.903343317720998240e-01
3.904464496290171449e-01
4.520328622434279797e-01
2.244177119168079826e-01
4.908477109575506980e-01
3.824086241210780668e-01
1.362483896621988488e-01
3.632100984751635009e-01
5.362628833790131777e-01
2.581062808608020620e-01
3.680568705319232636e-01
2.800356730492258306e-01
2.724314346119806052e-01
2.366892898015953706e-01
5.140737110897075635e-01
7.181731835876301595e-01
2.212664777988618547e-01
1.404425320888121664e+00
6.987586385243230724e-01
1.371004258195686887e-01
2.830702097455880528e-01
1.942946165624933330e-01
3.175367506475463841e-01
2.553682593705968173e-01
3.195877767502223188e-01
1.864258027116444949e-01
2.238251263520429357e-01
5.266935790247274651e-01
2.494837021520822096e-01
6.897993480693448420e-01
2.858482679310641039e-01
1.814298335270010942e-01
4.284343689799078869e-01
1.255694969200084055e-01
1.896712088367814297e-01
4.317436614555540397e-01
2.989335939462110514e-01
3.795606663794043878e-01
6.083167714002303272e-01
5.625292025239440052e-01
4.796868308897757616e-01
2.570374829975007325e-01
3.140724173598402058e-01
2.703069956962399489e-01
2.313038331280669602e-01
3.634888565642877545e-01
2.422520243102451454e-01
8.211386479558271390e-01
2.392073564401379360e-01
5.071719400647909382e-01
3.185102137150029877e-01
3.233742246811632803e-01
2.136724738710197580e-01
3.217414327317391631e-01
3.753925163571454338e-01
2.588163349409778324e-01
2.044915013201964449e-01
5.187063018453950125e-01
3.974598853736659443e-01
5.383037106866963573e-01
2.012772433675618089e-01
3.103220877034923997e-01
7.035447908732230804e-01
2.648413707260114935e-01
5.625424816101407544e-01
2.454652843315917876e-01
3.388217571559726249e-01
1.760723784173706952e-01
7.991432253719878975e-01
3.199367940639322172e-01
4.192849538622931971e-01
5.702671793678598666e-01
2.019289558484237967e-01
3.263970810954450186e-01
4.415186322606246550e-01
2.651233187117379431e-01
3.866309021389181533e-01
2.118974427169550423e-01
2.844555336854084349e-01
4.432963555570071934e-01
2.962471454858401354e-01
5.207350483526427265e-01
5.858440448887893837e-01
4.114139123560648370e-01
3.707158292378263109e-01
3.468347340865600148e-01
1.594171365482011382e-01
2.115834873961874585e-01
4.274048049942692495e-01
6.814680653354741047e-01
4.092249521850306881e-01
4.392255709687060694e-01
2.895174171079333281e-01
3.407283230684182151e-01
4.095768245607087077e-01
1.420217362902008729e-01
5.595896058295272146e-01
4.610945964826617671e-01
3.951666059235651729e-01
4.222858983721919923e-01
4.520070458399252922e-01
1.054993253492882144e-01
6.223014507145082641e-01
1.225499210145417350e-01
2.186674198141223269e-01
4.478307653376765729e-01
5.820781273264153954e-01
2.230265020276912535e-01
4.416812726771633946e-01
4.618247882830234241e-01
2.794928071564341532e-01
6.676532949207877321e-01
2.939630361955086202e-01
4.508384523644776154e-01
5.013559082017523538e-01
2.535502333255821306e-01
3.308301812958398536e-01
3.214482875448858579e-01
2.184945387081921042e-01
2.521758807676018899e-01
2.443266489283227594e-01
3.008000912723058917e-01
2.566626602899004239e-01
4.237148789619921141e-01
2.462210709631821037e-01
2.389625077658408536e-01
5.825009401092351435e-01
2.044021785450140516e-01
2.279077694054882919e-01
2.019237846901893452e-01
5.297376888957779917e-01
3.160679746343990071e-01
3.721048860192042729e-01
3.619138511554469417e-01
5.628788665199083718e-01
2.977453442340917134e-01
2.410774272148062669e-01
3.933680577769390063e-01
2.711614306315190404e-01
2.648433130211744202e-01
3.994170506793950914e-01
2.650257935267297249e-01
