4.857244271061058605e+00
6.864741752924461871e+00
5.701018373959116481e+00
5.790412278969979454e+00
4.777340592492510751e+00
7.001382176428647242e+00
4.401798285567640079e+00
5.627134800696970807e+00
5.165662991715645802e+00
5.743328883269707141e+00
5.705939030606257845e+00
5.945374235310660005e+00
6.958494556419479338e+00
5.611632711750629277e+00
7.981562892755749594e+00
5.421234747870135706e+00
6.029224618392193591e+00
7.474222278778167805e+00
5.965010759454933087e+00
5.017355180503807688e+00
7.938624550982853023e+00
6.024377380451337416e+00
5.456065423086913668e+00
5.722999148184243268e+00
5.495483328499527254e+00
5.866912690434385347e+00
5.455035307158649260e+00
5.825592935226143965e+00
6.055146243895643821e+00
4.151969396797961842e+00
6.931859453971601859e+00
4.149250573951284160e+00
4.722942132172864405e+00
4.861210708413474357e+00
7.665051014450040334e+00
5.938917046479807560e+00
6.485702382630720741e+00
6.108744927208076270e+00
4.711705036629632914e+00
6.686907554979768520e+00
7.079103578275694808e+00
6.183038293366550420e+00
6.275000230803424728e+00
5.047080603622191575e+00
5.127222930990839700e+00
5.815927196846220504e+00
6.073047577742139325e+00
5.800546487709022259e+00
6.386281207600949195e+00
5.917902000550774311e+00
5.901868754873364153e+00
7.183592606297088956e+00
6.956979317336199564e+00
6.470394181971766301e+00
6.495969642777721376e+00
5.416411112570367337e+00
5.795894029779123713e+00
5.320199382706428004e+00
4.965755020795601382e+00
5.576536882594977484e+00
4.135254545942941284e+00
6.624798672556747370e+00
8.089941582507861995e+00
5.875529182523019145e+00
5.582174183870645123e+00
4.881372873530856360e+00
4.933081908271753413e+00
7.075210568337738870e+00
5.988637173282371329e+00
5.180099381527151436e+00
6.841373505832480717e+00
7.624421728266844056e+00
6.990666491824341300e+00
4.606064604895167669e+00
7.068084145230506543e+00
6.180815387207893252e+00
5.809939127506009271e+00
5.769045361951939732e+00
6.529673567980871951e+00
5.688186833166322565e+00
8.494724660225760005e+00
6.665180726062130745e+00
5.198388582675200986e+00
4.652222465836289622e+00
6.690156382684257608e+00
4.264191191001262204e+00
5.688790638021733237e+00
6.066293439092794060e+00
6.313678780530239898e+00
5.903479298579481060e+00
5.994526639858946737e+00
6.479190387108249460e+00
7.062283335997656231e+00
5.367265041873611864e+00
5.146563863365646085e+00
5.940671891786276859e+00
5.421982893096304323e+00
5.671039902187296811e+00
6.017288311029038717e+00
7.132960902094337641e+00
5.395463185607233925e+00
5.151932136467621604e+00
4.965375084052475074e+00
5.950620351262734253e+00
6.132361316305517285e+00
4.963118085398655843e+00
5.881337171677372133e+00
6.870460812034439257e+00
4.966266429141207972e+00
7.192768711565001638e+00
4.563504177186085364e+00
4.802873466545699799e+00
7.080886062559049954e+00
6.332468178004650561e+00
6.017125268072341271e+00
7.771211151551639773e+00
5.138658748785983832e+00
4.748487518286487408e+00
4.829958724477865672e+00
7.044589136605008406e+00
4.610878235738297803e+00
5.854572157853617398e+00
6.072632241758670446e+00
6.536190534431220556e+00
5.762821913769852422e+00
3.651796761947923020e+00
5.292007585822314120e+00
5.587454240685413964e+00
5.511822216909509464e+00
6.032416896525288230e+00
5.483456764956944340e+00
5.791068873795405914e+00
7.176760413870306721e+00
5.957737689148194349e+00
6.292233428501075032e+00
4.941246520290295763e+00
6.522298842195575652e+00
6.465210035498855312e+00
4.606400492488962328e+00
5.154574630462281704e+00
5.257827463046298000e+00
5.563649975666190350e+00
6.715267336731066905e+00
7.227211871025859935e+00
5.202061271975999546e+00
5.167955280764583215e+00
4.688368076547951624e+00
4.678286899726058046e+00
4.897299859815714029e+00
5.896023290603278788e+00
5.880597549178647299e+00
7.741829257667032671e+00
6.989596362227261217e+00
6.544338278731481218e+00
5.858782763447638153e+00
5.399232402430429012e+00
5.499539334155837622e+00
5.500264010940979276e+00
4.943192505724013586e+00
7.851780901556677073e+00
5.668199668529780411e+00
5.565465216012507099e+00
5.635937927425680449e+00
5.737243741814104681e+00
6.821541532162891386e+00
5.193820309004336444e+00
4.942914316503700611e+00
4.465178247090495489e+00
7.918861586730942648e+00
6.039741602873384352e+00
5.162048926370192525e+00
4.853136631603888418e+00
6.238474510845080090e+00
6.935393993300459137e+00
4.666362448994935797e+00
5.000279692156398781e+00
4.101666051532239621e+00
6.392905201737413279e+00
6.796737926397712570e+00
6.325764056390440260e+00
5.538027821584152299e+00
7.878681091671561276e+00
4.669431349155786393e+00
6.426155069201861636e+00
4.743098923529585065e+00
7.286790086193052574e+00
7.167170328512690425e+00
7.324786375198121924e+00
5.449582097612174714e+00
5.839581295564244101e+00
4.277489466911964300e+00
7.142181000932301238e+00
6.194636211499623180e+00
5.424272250940102680e+00
4.712696341011686663e+00
4.967381314213666244e+00
6.939879071488084250e+00
6.530571805659023177e+00
5.699630386691129758e+00
5.123869653684837822e+00
7.011569903220931543e+00
6.969825381435944323e+00
5.253077964950727541e+00
5.402579109410635461e+00
5.532915119301725859e+00
5.866274843684593066e+00
5.494015883388091659e+00
4.887315767947627343e+00
7.152433509441364912e+00
6.135178808003930229e+00
6.095276970545512540e+00
4.924783165407437657e+00
6.252985002156917993e+00
5.897780122089079313e+00
7.097023608947068851e+00
5.368884017389071062e+00
5.791429454543272293e+00
6.553814547379702482e+00
5.899263600570411548e+00
6.038797275965149147e+00
7.813246548102300792e+00
5.118520852240061814e+00
4.406614972049340828e+00
5.404119148387731109e+00
6.017284767885175079e+00
5.173454780601145053e+00
5.864363594249172529e+00
4.609198942114789865e+00
6.690280749640736602e+00
6.934836762585730341e+00
6.976558385893506298e+00
5.598194043428587285e+00
6.020777365717891350e+00
5.884053474516788285e+00
4.317140744022744947e+00
5.019167562302618180e+00
7.942584969325050537e+00
6.109945872244603393e+00
5.768801779183500678e+00
5.447057338340598243e+00
5.860015798991515368e+00
7.120815617470714010e+00
6.558310312650692531e+00
6.119022492518669587e+00
6.484632849168740165e+00
5.445444384748419964e+00
5.133340993465929536e+00
6.628594690676879786e+00
6.147763150018099587e+00
5.553918678167993228e+00
5.424689488239700097e+00
5.442044610411043593e+00
5.946529176727384680e+00
4.921939106330622593e+00
5.287882211736028459e+00
5.571169685693095452e+00
6.563221594353110255e+00
5.001824163218111963e+00
4.992890078372045792e+00
5.400072807905341499e+00
4.815298732606828835e+00
3.845938310809765781e+00
5.115331362329908593e+00
6.432306055340473172e+00
6.581086264075250547e+00
5.350463855234584898e+00
4.571764790132673895e+00
6.876178454417026131e+00
6.296513448217352149e+00
6.166710883503666807e+00
4.479690319185720249e+00
6.308805164605477245e+00
6.816664817594332959e+00
5.945042105306862723e+00
6.096898826540067873e+00
5.805295065361118390e+00
4.678032932813390055e+00
5.165455711863055299e+00
5.411186370273926904e+00
6.760865238438082514e+00
5.251513251882677480e+00
7.993599528168928714e+00
6.224759184187739436e+00
4.624033033804434645e+00
5.922349662201427556e+00
6.255438721820178571e+00
6.709271262650387868e+00
4.870634338074447456e+00
4.036536299388366444e+00
5.877137356802958124e+00
5.381184688521569726e+00
7.701218398580442326e+00
5.123709033290803738e+00
6.289599701995870262e+00
6.170690867628132459e+00
5.410278532555771847e+00
7.768886964986235100e+00
6.187621981091512957e+00
7.075037110905258331e+00
5.707615848768559985e+00
