2.599951378944305169e+00
2.692686786235876983e+00
2.469927272684538710e+00
1.859516824607861496e+00
2.494115284036483526e+00
3.102762930568881306e+00
2.148555378449739983e+00
1.723598940578237482e+00
1.611243660525879973e+00
2.991057419264093298e+00
2.805478329580233687e+00
2.054431439699485384e+00
2.627064775932801854e+00
1.981684556436070554e+00
2.788987011815453609e+00
1.537638639961410369e+00
1.600452995254310062e+00
2.824320594855155075e+00
2.902599439070252085e+00
2.209440275644703355e+00
2.627336500418203880e+00
1.784817751461379887e+00
1.352238786625588940e+00
2.696470222255278326e+00
1.609525740947069128e+00
3.075105700083389682e+00
2.034387238589025593e+00
2.276811125453491957e+00
2.143697352442412107e+00
2.328329892199453965e+00
2.009244515853672031e+00
2.081968976425950579e+00
2.973350731879026210e+00
2.635219685629792252e+00
2.382781710878768333e+00
2.541124720910278523e+00
2.104972109595833807e+00
1.328282022946481788e+00
1.808389732319039434e+00
2.074078338439028446e+00
2.151757324366506019e+00
1.852597527581510306e+00
3.068212418925540863e+00
2.340195925870597993e+00
2.220221988731440277e+00
3.129571238706351899e+00
1.832815366183291106e+00
2.149294982834941248e+00
1.327640005796059564e+00
2.257747419882904172e+00
1.947808206310794876e+00
2.560533983629557309e+00
1.244045829189835306e+00
2.257886298679981696e+00
2.855200463085801221e+00
2.995295628858117620e+00
2.343688952954014137e+00
1.586336433816833535e+00
2.915229047869624335e+00
1.906655660861716894e+00
1.536854538122413016e+00
1.650026693227157448e+00
2.564003330367650602e+00
1.856639200506755349e+00
2.779549117533111513e+00
2.761700313658232098e+00
3.098055534451670034e+00
2.203183156578965463e+00
1.802597038190450363e+00
2.769307720884753632e+00
2.609234572478436043e+00
1.737263080964113415e+00
1.940217201881678788e+00
2.718559118965629740e+00
2.164298113028591430e+00
2.896112583457761680e+00
1.760934507980345565e+00
9.823381232763644944e-01
2.466205759798564046e+00
9.844480982592909157e-01
1.294185556946064075e+00
2.366287702536479909e+00
2.062741622235314320e+00
2.205400671595506790e+00
2.626704500277887711e+00
2.184443023855834110e+00
2.444377964410975324e+00
1.994986932412230907e+00
1.824204588396358240e+00
2.322225922549589594e+00
1.995613483129651033e+00
1.926396564136881873e+00
2.903379157907929109e+00
1.813752140489048204e+00
1.725683938856489519e+00
1.807193023091850037e+00
1.615789557934919518e+00
2.156501213230059832e+00
2.585451589354232915e+00
2.556436308206496921e+00
2.119141343776344222e+00
2.224961470955647336e+00
2.602573591859282054e+00
2.273466033788560825e+00
3.013983761432343922e+00
1.478054541357881835e+00
1.601235923923138182e+00
2.726304740935423965e+00
2.183799532937957366e+00
3.197570514622102067e+00
1.771341258780497085e+00
1.397964006216894317e+00
2.738723343258007592e+00
1.739335626668669033e+00
2.304435653113320548e+00
1.279032970016219739e+00
1.856145633732287470e+00
2.519402261235963003e+00
2.544889162989294906e+00
1.055210848776216404e+00
1.886874901721916853e+00
2.028176527545287655e+00
2.689311699915226228e+00
2.285590698596669856e+00
9.522846352034324280e-01
2.753012857085683329e+00
1.978089604698817006e+00
1.946505681700635870e+00
2.521837328671842737e+00
1.713779942702126080e+00
1.991226982987632343e+00
2.843644309725948727e+00
2.105367501700583954e+00
1.670379617022319518e+00
1.608202558515023917e+00
2.559830126758698920e+00
1.876642676225298789e+00
1.334978827455746808e+00
1.685646777607860303e+00
2.276254196574782895e+00
1.999384308367818663e+00
2.235365827354420798e+00
1.916948391893711801e+00
1.329833954487334546e+00
1.593610020778110981e+00
2.456140745079253396e+00
2.152024685362637246e+00
2.145369022930391001e+00
1.667253639902919637e+00
1.738719792098331718e+00
2.650594771951122919e+00
2.291052637890637289e+00
2.502735532551495723e+00
1.452628041290332739e+00
1.999920211049520669e+00
2.634446344822586106e+00
2.773868184166170980e+00
3.108466964495967488e+00
1.068852646024595066e+00
2.312781095611238236e+00
2.192348265706464794e+00
2.054696071893102882e+00
2.627981392156133467e+00
2.434766718907744210e+00
1.674838947239871700e+00
2.206934474952920944e+00
2.419837854919938636e+00
1.568413185793005038e+00
1.007001888920305843e+00
2.772655860689764662e+00
1.403140250811923062e+00
1.845053361017676918e+00
2.340760605927568960e+00
2.628204949098829957e+00
2.518583454387921972e+00
2.019823385908066093e+00
1.768787176961967411e+00
2.180454440925510884e+00
1.980639048149115622e+00
1.577535880253812417e+00
2.196597773476525184e+00
2.067673782492120083e+00
1.424324039124888142e+00
2.136109422739898900e+00
1.890252419712480592e+00
3.835358967255582563e+00
2.643138848312195144e+00
2.662503460812131628e+00
1.441486870458877467e+00
1.604340851967654080e+00
2.217065653358165633e+00
2.699907932739991967e+00
2.312083948070454031e+00
2.306987918487634737e+00
2.125033270044848877e+00
2.139319415296256910e+00
2.217001083390133687e+00
2.164857718083506022e+00
2.844399488573919665e+00
2.514965389284208097e+00
2.989063405496279469e+00
2.373574421681319713e+00
2.349613839331825549e+00
2.722640277785931318e+00
1.397285200672303107e+00
2.314070857549208604e+00
1.851707375420929891e+00
2.598487335958686639e+00
1.608364401707870872e+00
2.507979014671581464e+00
1.479140815990283242e+00
2.000193803286008709e+00
2.188026635514288554e+00
2.235014875162781856e+00
1.582494874637498050e+00
2.004201791681473388e+00
1.879178650948559959e+00
2.101209578252386301e+00
2.606259281886183388e+00
2.151979244025936211e+00
1.675209814618515924e+00
1.827029704941047550e+00
1.399290873880144392e+00
1.513519732930808548e+00
1.613700458608744892e+00
2.693180407906956564e+00
1.916480772146298861e+00
3.089738370879049345e+00
2.350521939517515424e+00
2.112649459149309017e+00
1.850592793014155246e+00
2.637063041338635117e+00
1.688033001456605620e+00
1.164502138015307997e+00
1.557543702588584544e+00
2.431807234959849850e+00
2.716357493749443464e+00
1.561070928103720279e+00
2.134786752731094417e+00
1.349094331589327123e+00
2.680697449841360935e+00
2.096139728596669194e+00
1.569851829731032433e+00
2.182926906130465916e+00
2.425284739364948816e+00
2.301606299337584538e+00
1.693547095838514593e+00
1.736352099350831457e+00
2.224584554464112962e+00
1.789590374894247438e+00
2.416515017791919462e+00
2.377371715293600030e+00
1.591818940809656580e+00
2.147472068692136471e+00
3.677735758987109804e+00
2.793752160902249315e+00
2.304757667718821068e+00
2.256225020822736127e+00
2.163107132485274864e+00
2.346974611881271766e+00
1.968285570293570874e+00
2.452745267466525991e+00
3.168126496219753729e+00
2.358388232846315269e+00
1.041738505779002733e+00
3.313761651497953764e+00
1.474445451213292957e+00
1.878367093306183566e+00
1.627935095698387125e+00
2.985808772590540894e+00
2.712335741217485108e+00
2.167352973247673287e+00
1.444238521484769500e+00
2.236845847000878074e+00
2.647328859587880778e+00
1.938113315484853993e+00
2.550339856768046420e+00
1.653067190978735557e+00
1.969582205899247151e+00
1.972051312075204788e+00
2.883600607314898756e+00
1.528507185984884664e+00
2.512481220821498606e+00
2.598484047533577534e+00
2.019701081473005644e+00
1.828730197268290114e+00
1.507392518314376595e+00
1.862176682537547645e+00
2.508202553940536372e+00
2.645699836322111143e+00
1.490020391067166106e+00
3.464282991834229719e+00
1.806377682999837475e+00
1.817655541637086536e+00
1.626171267295895673e+00
1.876695911157817198e+00
2.258406788983441160e+00
1.418325612620308762e+00
2.564907908450397844e+00
1.998990539310738779e+00
