3.394406386270982789e-01
5.223363918304037012e-01
2.044421748965643826e-01
2.073457105430764058e-01
3.201397469248121186e-01
1.338310325800862732e-01
1.455973757020249393e-01
3.630022605527852275e-01
3.972754924730416692e-01
3.051531664329668603e-01
3.514063124555193984e-01
4.105371561182150075e-01
2.132258936563390939e-01
3.209261902401502331e-01
2.894632478245884322e-01
1.907060360763699058e-01
3.370191898034008982e-01
9.172127895295140165e-02
1.521849913395171006e-01
5.532476144868198054e-01
1.067109845071647634e-01
2.451251637547378626e-01
4.662144557837673564e-01
1.207870850879533275e-01
3.164868172016985226e-01
3.391649193737479306e-01
5.164669401722289388e-01
2.145477607402535014e-01
3.672068663045814918e-01
2.816146438401612717e-01
1.993370481994826693e-01
1.705922789868697664e-01
2.786882519722613805e-01
2.177581474919628168e-01
5.593955488569669621e-01
1.863595729334261153e-01
2.973199355702138558e-01
3.516047860376681489e-01
1.130542611369112077e-01
2.261113431219528291e-01
2.385176595555165702e-01
1.826060804409172234e-01
3.958740516564791534e-01
1.454286985929962583e-01
1.829922042375616564e-01
1.529454772573405896e-01
3.572039888582496658e-01
3.097558211109489590e-01
4.821476548932846495e-01
2.832087404106391482e-01
2.180926655944022130e-01
3.012082511054032241e-01
8.514575904314540811e-01
2.753543101750240418e-01
2.989737567188617828e-01
2.901923521655613847e-01
1.995629283485328975e-01
4.705862186881688003e-01
1.872111085980649736e-01
3.002005409805944547e-01
1.839536862582652477e-01
3.224960408303882975e-01
5.549786885699103944e-01
5.669777724439449829e-01
2.510609847763045077e-01
3.186019934484058957e-01
2.446533190775024846e-01
2.728887757189593644e-01
2.543438820061587058e-01
2.996708136697202041e-01
2.026217588123691848e-01
1.644524858792572319e-01
7.453985074864006855e-01
4.849327052126767290e-01
1.193038607237464632e-01
5.756891009980283913e-01
1.982230597191625976e-01
1.115531436734899934e-01
4.588736459861099681e-01
2.939984873282071032e-01
2.319747276329567343e-01
2.816361672475874989e-01
4.047425885295378167e-01
1.184003753466623121e-01
4.928077320112226323e-01
2.541491995541841353e-01
3.753143828740397869e-01
2.955341602721329175e-01
3.133666008290568183e-01
1.294464528005394577e-01
3.050292051496043544e-01
1.861636100635577773e-01
2.722053011683777113e-01
1.336587597727395826e-01
2.954357629100695659e-01
1.287105169547918260e-01
5.874826168300009144e-01
4.053756767538009842e-01
7.564498227347236092e-01
2.889042824225422357e-01
2.226876654755691187e-01
1.727803970205880335e-01
2.580247835517296973e-01
2.095106663364422195e-01
3.696622052147401916e-01
4.442921661125374122e-01
3.419604592085633832e-01
3.899167701964862398e-01
4.379292465804941470e-01
2.266422886919249036e-01
2.521322317295431881e-01
2.036917841043359712e-01
3.258080509942956060e-01
2.291315229448906421e-01
3.544759927421410883e-01
5.129144263744950250e-01
2.915204825411830680e-01
1.448253963758458496e-01
1.842504531037592319e-01
8.426835789113115704e-02
2.737719596241648956e-01
1.777017881987156822e-01
3.287523684848562278e-01
2.016591432751611290e-01
2.267385767387344042e-01
3.346297647545439236e-01
2.292867574080300341e-01
3.503737561951144053e-01
3.635234869323394902e-01
2.835017932936763629e-01
3.163964308760829902e-01
4.389968913654742066e-01
1.855082726037235730e-01
1.504199952165964915e-01
3.927660677154466429e-01
3.084252435576161355e-01
3.794582000164291591e-01
2.888845727702774591e-01
3.547388425537680301e-01
1.989453023296168244e-01
4.992660251536321647e-01
3.900482101979335647e-01
2.575177155435989795e-01
3.844275597177605475e-01
3.384480563077548188e-01
1.744374496378536532e-01
6.199491801735841356e-01
3.504615016259962079e-01
2.399745056328410620e-01
3.013941641553142259e-01
3.667652570453527328e-01
1.971094474493013116e-01
3.572376905136387393e-01
1.598102482391868528e-01
4.859517815456023127e-01
2.396186020893059654e-01
1.957590959096184025e-01
1.483892871294870131e-01
2.980729488120323900e-01
2.071712232277637955e-01
2.442336715370907463e-01
1.420159915949288087e-01
2.971463633978257968e-01
6.633927626438216318e-01
3.124924938378771389e-01
3.547297514442074307e-01
2.847266664945664050e-01
5.009166343908795227e-01
3.009667994213239828e-01
3.891829446939878978e-01
1.984323087339467939e-01
6.333000568647512152e-01
5.281742786669622047e-01
2.654674420795050116e-01
3.878352936648170046e-01
2.029953389453832968e-01
3.797669022567170538e-01
1.563617315776134886e-01
1.960376486572748544e-01
2.891277954466605626e-01
2.650269891055794247e-01
2.729819920219572760e-01
1.873220330772579489e-01
6.319246662284289107e-01
3.550526688211657622e-01
4.195527985396340642e-01
2.774051327526845800e-01
2.756023686196834022e-01
1.709700400064638748e-01
3.503294775026987717e-01
4.780150208075462648e-01
3.462403213867503160e-01
1.908492267134203335e-01
1.395983330296569347e-01
2.637931237056932443e-01
9.374958586184405362e-01
4.207816855474422191e-01
3.143010931552676079e-01
3.660708614864078836e-01
5.819383594148489491e-01
4.081625954781462617e-01
6.513703090853449895e-01
1.007726062408580647e+00
2.744626854583375741e-01
3.077261592571965965e-01
2.681258782450519074e-01
1.814945637629778452e-01
3.085066351803100182e-01
1.210987828142574690e-01
2.841382636499210079e-01
3.027807011046438901e-01
3.658155012596644440e-01
2.567567535639896370e-01
3.783365902599165054e-01
5.699029876352512680e-01
6.423270170694201919e-01
3.277092555337354218e-01
4.680451617744941228e-01
4.735589744111926569e-01
2.175787428783891864e-01
3.010655709961629900e-01
3.121810717775864163e-01
3.122180300086534466e-01
7.113303798837068426e-01
5.218803262702677026e-01
2.848417683310277004e-01
2.490715079255211850e-01
2.008622750178688521e-01
1.774885445524509719e-01
3.153296685876176286e-01
3.997854260902699575e-01
2.120171662570289328e-01
1.777299254548292129e-01
4.393644688082946059e-01
2.985641698870613592e-01
2.675593188279657419e-01
2.753513859245180218e-01
6.377451125430950718e-01
3.746576346532532464e-01
2.969386248255795335e-01
3.065001705462241932e-01
2.895509701483335863e-01
7.189846557858924070e-02
1.408030769118665815e-01
1.919845432559535159e-01
4.725317075610604989e-01
2.231858446918975891e-01
2.527891148376474328e-01
2.624129693056591606e-01
2.446615532440034602e-01
3.224184091939109598e-01
1.444901699123926075e-01
3.935069461553056258e-01
2.899368720480799411e-01
6.998403176608833931e-01
2.366424797790929180e-01
1.771131607405964647e-01
5.507279159692723969e-01
3.080860534177669030e-01
2.473222659012231373e-01
1.749695992743223738e-01
1.303368404254462987e-01
1.685242055877354261e-01
3.826608760686516786e-01
1.914911728076421071e-01
4.727564552968601119e-01
4.914395215363401848e-01
3.993821290760730114e-01
2.574647111275967237e-01
1.757520262154716184e-01
2.190817818767242242e-01
3.495237116887138784e-01
4.210782059912177022e-01
6.179891433140257684e-01
3.630646815065853850e-01
3.294396457370548092e-01
3.897419140185006126e-01
2.278662226380875899e-01
7.003330292589230455e-01
3.296318212326845298e-01
3.813023760779538085e-01
4.976398791458293003e-01
3.024235831747795755e-01
8.851268927432298650e-02
3.090009889876688676e-01
5.403388633082002457e-01
4.384007724343789159e-01
3.513213813136319419e-01
3.884461213734810014e-01
5.706092233702427796e-01
3.304348086074153090e-01
2.839628937426633137e-01
2.499406704433518867e-01
2.484004077264249377e-01
4.827483061304585488e-01
2.439927613995824807e-01
1.635317599028063007e-01
2.380864725112795954e-01
1.862110617928184331e-01
3.924518841934703794e-01
