9.163150349642228409e-01
9.648202764915230212e-01
4.233498572059805620e-01
5.583703571950927591e-01
1.081467812029385245e+00
2.823625676997891798e-01
1.001495710752439594e+00
9.039556642122343888e-01
4.143240156308115596e-01
4.217274706781730664e-01
4.212132324324700527e-01
5.499781471822343670e-01
8.283097089643286504e-01
5.401835469843088156e-01
5.513875667417360571e-01
5.654128212982205692e-01
1.125123113631790295e+00
1.025559203100750327e+00
4.214912676216319154e-01
6.188053504379740222e-01
4.955113139830014668e-01
3.238095924399608805e-01
4.964059697631992840e-01
3.194141048861155463e-01
4.266321124064701431e-01
1.104523480338373442e+00
5.700850687878658007e-01
7.594624986478237805e-01
2.911077817528924805e-01
5.550125072378796487e-01
3.812138850646927257e-01
6.926864714378275778e-01
3.152874216633346771e-01
8.865775466574742358e-01
8.061120881793784054e-01
2.271587522972970397e-01
5.735736484378616273e-01
2.061420558141383585e-01
2.757673128024422105e-01
7.203306224034146110e-01
7.381986432853325786e-01
5.383385843388729386e-01
2.500170468694501991e-01
6.683796141941106272e-01
5.940891200317951482e-01
4.611126583010532465e-01
2.830084288592044639e-01
7.588524076139642194e-01
8.243749735554990465e-01
5.477525682993586997e-01
4.234119414191312436e-01
5.242936845634689202e-01
8.477597362790790791e-01
1.137107624737304645e+00
7.227278283518751012e-01
3.616073664621255457e-01
2.848489398824437524e-01
4.505291666161925779e-01
5.030273570606498268e-01
1.726391463454177710e-01
1.726430510022557874e+00
8.386209050849575686e-01
1.455187409449937297e+00
5.183993600228099519e-01
5.247831857588345361e-01
2.822342560292270819e-01
5.079690908882862344e-01
5.516119248270551223e-01
3.922043206632476187e-01
3.014945474106539569e-01
1.181870858507578781e+00
4.802726545837561201e-01
5.427185941369443434e-01
6.064472555430256984e-01
9.790696939717802305e-01
4.814162872441227203e-01
2.382580462624066253e-01
7.862567163370670631e-01
7.843198986501087600e-01
6.177561395289344892e-01
5.672593460570961588e-01
5.936273041621392688e-01
1.098069195263341902e+00
7.564373286393644147e-01
3.441764586619485145e-01
4.289037900262363534e-01
6.901057493912665652e-01
5.341311705313699365e-01
5.569993753834510120e-01
1.062319279990078025e+00
8.340095842101472590e-01
1.417868977259414631e+00
6.048775432546995567e-01
7.496474149195017089e-01
9.551421480141978337e-01
8.123610152615211577e-01
5.708067853570979455e-01
4.742994677944464277e-01
2.476971322232121575e-01
6.184714887584514820e-01
5.997856503779211979e-01
7.384743936735488345e-01
6.773450306049195735e-01
5.982401431370035771e-01
8.178316702234655899e-01
1.205596992959502289e+00
1.305573690785263308e+00
4.159802691643256778e-01
4.141256018759789104e-01
4.180289968372443710e-01
3.376797172530567326e-01
6.588056488402833644e-01
9.646476077411754169e-01
7.810488976969850450e-01
3.243916632780215470e-01
6.862661564683333326e-01
3.317948864209333548e-01
9.248052991504434051e-01
8.974015203036498356e-01
8.466569263258009181e-01
5.597354919025051556e-01
8.339885001928672992e-01
9.288278578801504315e-01
4.939567745670814247e-01
9.018843826103561945e-01
2.236151920544498517e-01
3.250760973433630130e-01
7.123806184685398390e-01
1.678486680630236094e+00
5.228290117407362603e-01
3.017505943513990596e-01
3.263840772251829780e-01
4.896354537305110388e-01
7.432561500519526687e-01
7.075462362333065913e-01
9.451033332243878871e-01
7.993482968736556060e-01
6.461960337157751644e-01
2.510408741838207058e-01
7.969119357957740180e-01
2.668156112607539265e-01
8.361312545562554766e-01
8.813062512622741318e-01
5.145752289251180889e-01
6.659834346362987212e-01
1.094121300122223861e+00
3.720504082056564354e-01
6.852456271519051789e-01
2.724723193633426521e-01
5.057865058627361021e-01
5.089354934767779115e-01
3.614712842854440056e-01
4.115389234959009324e-01
1.963610198626096759e-01
1.105383704021106084e+00
1.065722582653696460e+00
3.969679160788290306e-01
3.815874419904702330e-01
3.160367801363069828e-01
4.138540619532017906e-01
6.942733073304778735e-01
9.462424789128062175e-01
5.661664698972141974e-01
1.093679773751734530e+00
5.385750333665907386e-01
1.200000934246018280e+00
1.406248655490850874e+00
7.697030005890417304e-01
9.052616753390043680e-01
6.339009120009003739e-01
5.474769131877329498e-01
3.848261638775595239e-01
6.483852124622784263e-01
9.616473059030511417e-01
1.103390298267582947e+00
5.641952006775707851e-01
4.997471490233724722e-01
3.969471185979518979e-01
7.202847280576262223e-01
1.047827804168902865e+00
5.985272319742122038e-01
5.064221005510786133e-01
4.360740311874887198e-01
5.403147411665759625e-01
5.553961782968458438e-01
2.647147257804062792e-01
7.925000279223496369e-01
8.808816033532960166e-01
3.430654264516975194e-01
1.363366009053210703e+00
2.946679554732983819e-01
3.077916399011638715e-01
1.301728928334843660e+00
5.437776640260634231e-01
3.085074533724780910e-01
7.722337543162618445e-01
6.608857015076852193e-01
1.060426246691284602e+00
1.745375361090838462e+00
2.388846963591660100e-01
3.308651502773461983e-01
1.014331931767484596e+00
4.961811754316216017e-01
9.997795607441483101e-01
5.376829195488104229e-01
6.799036951960957254e-01
7.110379040280865315e-01
8.724474733108158464e-01
8.296046373574296195e-01
4.741138326386007407e-01
7.105606660526366802e-01
1.083374586934179984e+00
9.394713700901607956e-01
5.288770672356989389e-01
1.267569230650587020e+00
5.569332568055033184e-01
6.308780067290002957e-01
4.609592573804633386e-01
6.091889421170152419e-01
9.184104414594063126e-01
8.636115315964900674e-01
3.103471859344300587e-01
8.764790796470605105e-01
5.591261318435646333e-01
3.491781419792852059e-01
5.378209863262692902e-01
4.749495951830807194e-01
4.750624075442016481e-01
5.797975444026295389e-01
5.013885380499839561e-01
5.391361615988569111e-01
3.374571759184389896e-01
5.536880763714083775e-01
9.952086730488965971e-01
7.805760979471226824e-01
5.183503622232809027e-01
2.628864220725554701e-01
8.240929470382142297e-01
9.724465501808139400e-01
7.246978802299520739e-01
1.220580373156329390e+00
9.619241232258163299e-01
3.338748864309931119e-01
6.685371697579499672e-01
6.400850366799060165e-01
4.052225126704412927e-01
4.392993848443850768e-01
3.984792274495568276e-01
5.681250563468183135e-01
6.502062991686665683e-01
9.699541946644294477e-01
6.758264068011928805e-01
3.582598761492256090e-01
5.940663506415831963e-01
5.174452298586486032e-01
3.538818834529860458e-01
6.193375956748650157e-01
4.623299281864355348e-01
7.356567183660104314e-01
7.256892560924329549e-01
4.395692962694161543e-01
5.413985233650464579e-01
1.073301923388480184e+00
2.666965627149546214e-01
3.540348684414351133e-01
8.806704332469461605e-01
2.939092382263948089e-01
3.754474941284066114e-01
8.617403291173971747e-01
6.720167974804743816e-01
9.112077951402569598e-01
5.682351553931346277e-01
3.229215050208611437e-01
4.469348660504756099e-01
5.041591522850336071e-01
1.422455624684775488e+00
2.967784372824312511e-01
4.104526287446066402e-01
3.135959533704611446e-01
1.039331753498979882e+00
4.983456247380017579e-01
6.899947357688426264e-01
1.696737393236931180e-01
9.138032373611070236e-01
5.568856236267309967e-01
3.843805806288041471e-01
3.734975995560838036e-01
5.920915402361126567e-01
1.742420520788131588e+00
5.328257552227200211e-01
4.465823668443167915e-01
7.551858005014038255e-01
3.457534504687235222e-01
3.846605133816627387e-01
8.356367777601884095e-01
7.569959026107274669e-01
9.225152187442036134e-01
2.677120942461181374e-01
8.465700262444596502e-01
9.144625659207483714e-01
