2.754211004273342533e-01
1.174874606723809611e+00
3.250029247145336253e-01
3.431885801607776898e-01
2.442135547221118697e-01
3.186100513203530826e-01
4.247420389528370199e-01
3.318717597993092738e-01
3.737414092936608423e-01
4.514085251145425470e-01
2.364370125637961506e-01
2.347513410683183810e-01
4.734720269474098631e-01
1.856293683178633080e-01
4.303411341401130463e-01
3.412124133579961249e-01
3.205988370341977256e-01
1.717661467383924667e-01
2.024208919913222382e-01
3.268498732674727791e-01
1.528187564994171743e-01
3.074264557051797353e-01
2.933226663213576169e-01
3.766803390849114974e-01
4.193327599776206505e-01
2.075016522966763866e-01
5.452546279071613933e-01
1.957733862023365856e-01
2.907960719019971885e-01
2.092337842998470143e-01
2.592496661877619069e-01
3.252286073116779086e-01
1.829418722635701433e-01
7.031303166505405988e-01
7.006932490390349599e-01
2.234862023769482453e-01
1.859803010110833710e-01
2.742555546996186533e-01
4.707938289849224467e-01
4.147014902015194182e-01
2.003979775886330084e-01
8.596008086260201742e-01
2.188427036606599707e-01
4.678920208049635043e-01
3.080477013410858889e-01
3.443534033023613050e-01
3.155693475374356516e-01
4.429366871783091408e-01
2.643930746276382249e-01
4.497662757038524695e-01
2.937422104268953005e-01
2.125779110523145776e-01
1.600483497173949277e-01
3.697354406693125206e-01
5.582744520004131461e-01
9.966610524397728765e-02
3.380743161568262045e-01
4.212803893584128878e-01
2.244334974196875998e-01
4.003907805218590021e-01
4.352914674650739668e-01
4.658095719884482455e-01
5.912857682991121688e-01
2.552801835730035274e-01
3.937392172440565830e-01
2.906666422450764342e-01
2.854979820821341718e-01
2.552713494710662778e-01
2.250738865072383632e-01
3.263878666491152880e-01
2.218130714019360683e-01
3.389837997073037457e-01
4.564467443505582089e-01
3.047975073614525576e-01
1.653404598302794515e-01
1.879888414620188575e-01
4.267898474907072526e-01
1.936647987708716712e-01
4.827861414135115603e-01
2.251591504778539254e-01
3.964251236446301729e-01
4.307880889161977978e-01
3.268211258205147574e-01
2.438003988720942872e-01
3.247023615721749135e-01
1.384939842770278040e-01
2.262467108538989968e-01
4.111169274373105420e-01
4.238641172135660939e-01
4.839083140140618133e-01
2.990839732824762676e-01
1.534902841532747586e-01
3.413111168299569620e-01
2.093822122691236243e-01
2.008467681555214934e-01
2.299207274532241718e-01
2.689545724880039179e-01
2.314393142663757341e-01
1.180189632716266562e-01
2.198384954735274066e-01
2.438232683951736812e-01
3.445328447073035538e-01
5.605953356667120469e-01
6.144550046511544350e-01
6.372514100000892245e-01
5.947649172722404565e-01
1.055689921959851230e+00
2.409745123781212306e-01
7.042920968483276090e-01
3.302461551801147421e-01
2.809103291269868241e-01
2.586969906666595209e-01
5.042079149513142289e-01
1.286434347982894355e-01
2.889993529416324813e-01
3.048401457905550727e-01
2.098666878056800467e-01
3.080926275071316778e-01
3.276396553488943875e-01
2.857560657447886787e-01
4.712516534975882965e-01
3.596896822730172860e-01
1.761527490085137981e-01
3.780058319414913992e-01
2.883843198285276910e-01
3.170299896593108957e-01
2.745330347763031975e-01
1.668253885920864821e-01
5.668352412204961110e-01
9.705072163601841106e-01
1.615077620217629517e-01
2.785924514901222948e-01
3.463232215361643496e-01
3.066273583705318440e-01
2.695217357608892250e-01
3.575885098629801306e-01
3.546224799685155915e-01
7.524849017803287854e-01
6.632379834234496396e-01
4.123278355206893009e-01
3.242335688641926894e-01
4.493569320859488458e-01
1.987604341135541797e-01
1.217897268774291164e-01
3.642296327179320725e-01
3.924732982105896828e-01
7.801007588237826029e-01
2.707431563468242763e-01
4.390043419047363060e-01
8.410217969439817143e-01
2.082000774915272745e-01
2.546451060972517166e-01
1.628142438661956404e-01
3.096929491271118717e-01
4.352534959653317492e-01
2.224311607671789759e-01
2.729081768716188905e-01
3.163317523912793638e-01
4.082715391049794307e-01
4.184646895014532131e-01
1.562806281135396269e-01
1.971852976242485789e-01
3.457680930190004109e-01
4.189735294416336853e-01
4.357676451492231706e-01
2.923380260781144324e-01
5.971732434872485396e-01
3.281805231378613352e-01
2.737244791962768486e-01
2.091595690903427229e-01
3.430587834003674397e-01
1.632144244213263873e-01
3.528655764184149279e-01
4.132590311088644164e-01
2.434055574673617273e-01
1.916389155749810558e-01
3.611418614262137949e-01
2.271375949062027777e-01
5.680419612479705727e-01
3.012940229269893133e-01
1.284079749382194824e-01
3.669989100052413189e-01
3.538137223607674131e-01
3.346161346637851475e-01
4.833163491591194738e-01
2.534259123693135551e-01
3.534641048147157960e-01
9.966391462697699044e-01
5.316306965489474567e-01
4.970726928609300876e-01
3.488165637005631314e-01
4.387840620808159953e-01
4.060384442420782447e-01
6.538917572381433008e-01
3.074610469279365765e-01
4.003356228638849101e-01
3.412111501178398676e-01
2.094373129017119972e-01
5.834998866279467178e-01
2.955036196764422307e-01
4.681721344056760103e-01
2.462665043713781476e-01
3.696566660228285395e-01
2.608620340230474177e-01
1.451210717414405382e-01
2.870711957808555481e-01
2.422434507438701867e-01
2.776256359510942961e-01
6.305156643148355222e-01
3.332784002884101038e-01
3.351718340395805629e-01
2.470481022742983257e-01
5.909950713253702137e-01
2.824703421859982022e-01
7.470220882441398480e-01
8.247469511765864736e-01
2.463189849849204693e-01
2.736045483097886977e-01
2.790164445136107396e-01
3.649110394874221508e-01
3.330877023556949035e-01
5.163105472061161327e-01
3.673536258871911153e-01
6.128715125141392939e-01
2.015312352861268197e-01
9.007319544437558667e-01
1.478015899059595128e-01
3.039642896597136157e-01
1.593056876978496683e-01
5.215320971835509800e-01
2.990641078123194019e-01
3.710167137939340831e-01
2.861995154352331983e-01
2.256062503505467665e-01
4.836275756656054914e-01
3.409248313917186413e-01
2.418276241542630656e-01
2.347712030252208093e-01
3.972971107627937815e-01
2.542927075575726614e-01
1.923027964136567736e-01
3.155995821709579596e-01
3.157596845422114828e-01
7.131959440605059042e-01
5.769783307571749731e-01
8.203653986701160417e-01
4.137886169495898492e-01
3.422545640402250844e-01
3.949932703150222935e-01
2.765019316401122751e-01
4.443548665288774568e-01
2.923516564609840995e-01
7.669479957203948484e-01
3.152995293489753159e-01
4.712177647013050530e-01
4.039772545836517459e-01
2.475242140216686870e-01
5.681038377545105655e-01
3.561403136570252537e-01
1.388164399045733188e-01
8.326497610061315280e-01
2.555584898059199972e-01
4.247274324883641428e-01
2.026495255374243520e-01
1.989718863397594018e-01
3.333867387854911879e-01
2.756597435846582234e-01
1.375216472504275367e-01
2.365685052943646838e-01
1.525085364459844162e-01
6.298619647091623364e-01
3.964023766753968503e-01
2.447832124423109101e-01
3.770578250920734176e-01
4.680040118448033915e-01
1.853553240325069851e-01
1.164977512431297491e-01
3.558186153565500720e-01
3.715356051695408723e-01
2.314913454362218237e-01
2.643631691425677444e-01
1.941046603788571523e-01
2.394140839392814302e-01
2.183116984776181657e-01
2.957284225363809860e-01
3.351073855560043890e-01
6.396458477006716770e-01
2.973968731469630589e-01
2.658531320609131554e-01
5.087271395688853781e-01
3.736652044620598079e-01
1.319247187581900349e-01
4.770978215640324649e-01
2.895014428583198018e-01
5.514109683106950266e-01
2.558249559698486109e-01
2.554374808239406880e-01
1.877742074215119072e-01
1.771476687855262633e-01
2.519142832842318769e-01
