2.585988899996319645e+00
3.442296360094030838e+00
3.457010011293704110e+00
3.754634462529691241e+00
3.627404275379780163e+00
3.059122681802210142e+00
3.444111430448551392e+00
2.531144256555935890e+00
3.957810830292241455e+00
2.866680588598810253e+00
2.723220700993717269e+00
2.662754052975195851e+00
3.219573026086111067e+00
2.786574061137693015e+00
3.468383598943638013e+00
3.818803210282873284e+00
3.763377683894500336e+00
2.840504957793410945e+00
4.135799846351756237e+00
3.340994637675081425e+00
3.574856058167036110e+00
3.947853459812340482e+00
3.219318865536904717e+00
2.989519999872346290e+00
3.033489004510403930e+00
2.447812141137286179e+00
3.598116138745790504e+00
3.203237524617124521e+00
3.012999101090221288e+00
3.348315882810268818e+00
3.187714006494732022e+00
2.846517247862635713e+00
2.619676989197869954e+00
3.733044948019230258e+00
2.620063869190926820e+00
3.283008575132671414e+00
3.302558588724571198e+00
3.185216162816430607e+00
3.361478998717879474e+00
3.809917491228657749e+00
2.588333050450289274e+00
4.908639292027510592e+00
2.850004002590191821e+00
3.239759256443966340e+00
3.707449352842423274e+00
3.037075523534015886e+00
2.892856204126005526e+00
2.906436107757368159e+00
1.882250430415237430e+00
5.370672442766871058e+00
2.683084503345318339e+00
3.288065580067126348e+00
2.667886602509021099e+00
2.558533806901910790e+00
3.172886723125478703e+00
2.681027978016671920e+00
2.416303899231558638e+00
3.425805026249877372e+00
3.361971536623479029e+00
4.442726769214398352e+00
2.832932934988813933e+00
3.151430352761541265e+00
4.364805929755275926e+00
3.594190095992174871e+00
3.809131080268110203e+00
2.841526554370963353e+00
3.028010663531595092e+00
1.704130888561533608e+00
4.593873313456078300e+00
3.468047663893843335e+00
3.924971573555424253e+00
3.107252512790758203e+00
3.457529756337247573e+00
3.692669028833387213e+00
2.958711445114727390e+00
2.728393220776330175e+00
3.281305788504750076e+00
3.393700473242106330e+00
2.823915583536509288e+00
2.737404174080980912e+00
5.080788411747057864e+00
4.588844823585118249e+00
2.366037632309999861e+00
3.716666858887017089e+00
3.365459644989837962e+00
2.403512116618406580e+00
1.750129573110366543e+00
3.273285239315578021e+00
3.799299840713346033e+00
3.112145057557281547e+00
3.922729542492642718e+00
3.101503235547923065e+00
2.964989901596025046e+00
2.348095177453586313e+00
2.987443037100995014e+00
3.580302233991100813e+00
3.134245480655333260e+00
2.992018850378948880e+00
3.100548966609128598e+00
4.059515493470566838e+00
3.281906476814585361e+00
2.995351396225669927e+00
3.381879606461075216e+00
3.419289084338127171e+00
4.920431900501895051e+00
3.489181007404059454e+00
3.187471545110109883e+00
2.290769957278731006e+00
3.990817136623311612e+00
3.786673209625960101e+00
2.396446245418350607e+00
3.534519289695437827e+00
3.514856449428930496e+00
2.766965643940586528e+00
2.553720372582483744e+00
3.740708446634527284e+00
3.033749816165554503e+00
2.727935634529598197e+00
3.878824120134751308e+00
3.660153596939541121e+00
3.798549933355053199e+00
4.065963811570093789e+00
2.722977141509046017e+00
2.698680812712141108e+00
3.030907854762798337e+00
2.789754553453252850e+00
3.564945290565924463e+00
2.740075514058882611e+00
1.747532097035402021e+00
3.443061384764039001e+00
2.930213082797719082e+00
3.133501702931861477e+00
3.090997309006214611e+00
3.241494065236533384e+00
3.039870229548547798e+00
2.694901343549013895e+00
2.753513842593942051e+00
2.693329877023939112e+00
3.980013108058091387e+00
3.987435752181447857e+00
2.901579142542627388e+00
3.978432316456271600e+00
2.169983509259877597e+00
3.611710313397279215e+00
2.071918636755495591e+00
2.252591749880308747e+00
3.481893182232737693e+00
2.960269554238275536e+00
3.167351267008871929e+00
2.536298024550001973e+00
2.240272792921033318e+00
4.083952536184763282e+00
2.726636662485931506e+00
2.970095320459706034e+00
4.933199458889752975e+00
3.662963584099744541e+00
3.724570864448788932e+00
3.577234578675788423e+00
3.499950738706932629e+00
4.087131376059780052e+00
3.550564842815658206e+00
1.804374534192229707e+00
3.597627875638736317e+00
3.151469509732088614e+00
3.372381287718883680e+00
2.719123105957240494e+00
3.459465209379943840e+00
2.495389626177929365e+00
3.794889916748419356e+00
3.097242702935968151e+00
3.235503430390614277e+00
5.147373549570034790e+00
2.459454110536166915e+00
2.954872604403643521e+00
4.158580320253260076e+00
3.846261017997271825e+00
3.852754386057205327e+00
3.056547452889363914e+00
3.354050328575910012e+00
3.146249105783549549e+00
4.260543260637644991e+00
2.412997103567935397e+00
3.881895797056072794e+00
3.375559819355558933e+00
2.989133840835464184e+00
2.496065864470839113e+00
3.418783709496999279e+00
2.290097391298926865e+00
3.472967816845801359e+00
2.639135138463000629e+00
2.884053156259398065e+00
4.680675969517497315e+00
3.418417065905202890e+00
3.451580531150966635e+00
3.298112715294597042e+00
4.589746743271503782e+00
4.356330864822773208e+00
2.386687439776300046e+00
4.057372526680963709e+00
2.451516239669532471e+00
3.117766702870990336e+00
5.014127613325027433e+00
3.203932338537199165e+00
1.909160906258308144e+00
2.888039867377785175e+00
2.844239027763964867e+00
3.633705203429014041e+00
3.069507930239919968e+00
3.284541723919105483e+00
3.612630179870369496e+00
3.437675673057046577e+00
2.585732573005784740e+00
2.274868004778607844e+00
3.459851765366282805e+00
2.281024317520515154e+00
4.016434267306227213e+00
2.287304220742682581e+00
3.557887218894804970e+00
3.683980762328029179e+00
3.709873783453137897e+00
3.087221375419938685e+00
3.123291445215488960e+00
3.283912553404259249e+00
3.082720640402420997e+00
4.003096814952564308e+00
3.368398510821048575e+00
3.112629290937158011e+00
4.667899326701943075e+00
3.325251805056923970e+00
3.939067481954176664e+00
3.996095531633744979e+00
3.270938172318384574e+00
3.082920899167227446e+00
3.629115021322719681e+00
3.797806760964996364e+00
2.657104150344161919e+00
3.016416887096217359e+00
2.855183106020357631e+00
3.833119332469659746e+00
4.798493252721215185e+00
3.474340341220288231e+00
3.472007851886260710e+00
3.797621430204465298e+00
2.417036597916587315e+00
2.906761140535220278e+00
3.607528343970868967e+00
2.969507002950019903e+00
2.835445598333891315e+00
4.583868225848361178e+00
2.724306629386635592e+00
3.884151164087264352e+00
4.072444227152358209e+00
2.193213982433047438e+00
3.028592079020654193e+00
2.349742992008699183e+00
3.954710276473405894e+00
5.170420487069923077e+00
3.355872691692888932e+00
3.323455397171798609e+00
2.797454359843769112e+00
2.404387213319610250e+00
4.005715797455828842e+00
2.919932836012800514e+00
3.358857902136091589e+00
3.004271059448081704e+00
2.670816068193104353e+00
2.052662298264134044e+00
3.605539376004141872e+00
2.527867174963407404e+00
3.426158027188528354e+00
3.397993795832035868e+00
4.800543685623842372e+00
3.579124611923865107e+00
2.872545607522216216e+00
2.894741299976127724e+00
4.170404246777459356e+00
2.763981668985436180e+00
2.937892198225077856e+00
3.229305393704009486e+00
2.507169944350964297e+00
1.893063110780934366e+00
3.216960539831644095e+00
2.949614892357484308e+00
2.430307080185984514e+00
3.209965420343082965e+00
3.301443002922776593e+00
4.124020570743818226e+00
2.246881701152969590e+00
3.079380863248463385e+00
2.358105192579191378e+00
3.643105004584318962e+00
3.299917870836135414e+00
4.337663747466773856e+00
4.498763385284084038e+00
3.540128447857757266e+00
1.976932774314727359e+00
3.807111142618927246e+00
2.318656085215610840e+00
4.394795765717007363e+00
3.620090827328763083e+00
