3.344418177713078255e-01
4.050971037297794175e-01
2.265133351219068836e-01
3.033964421354430896e-01
3.053714248419943100e-01
2.469997548527003151e-01
3.494983805113643371e-01
3.133098964610764869e-01
3.158762572113165135e-01
1.780455934798227668e-01
5.775030210537152042e-01
2.510141406852607893e-01
3.849647088645811177e-01
2.945881203501009571e-01
1.483293133491137838e-01
1.998033690620977521e-01
2.312747311128721672e-01
5.382973347504453887e-01
4.239934536984823477e-01
3.608437024728620157e-01
2.404770636429370001e-01
3.576227079377510276e-01
7.764357980884870614e-01
3.181199789662168542e-01
3.012073750257669436e-01
1.752876023039216524e-01
2.331554583233680644e-01
4.120882202235378045e-01
2.381047747822553351e-01
1.993588650328807221e-01
2.495535723550220686e-01
2.903306262635384494e-01
2.882456603677936990e-01
2.289371148751781770e-01
4.950476293338202383e-01
5.437224043771505810e-01
2.998317163927988194e-01
2.965938031941460218e-01
3.301740464252237994e-01
2.965196329273089293e-01
1.483897719737941046e-01
3.376804367484018132e-01
3.267027054942773234e-01
2.740714512749399256e-01
2.247599963697317904e-01
3.699613031040639433e-01
2.655442135176430685e-01
4.271494337875856862e-01
2.324513310753276718e-01
3.283633577702262385e-01
1.556735831780460544e-01
4.001461045176001319e-01
2.788172395866221898e-01
4.328587299459775162e-01
1.890537882776671952e-01
1.071889995760698433e+00
4.170603753588216778e-01
2.633682776054261931e-01
2.850599109117057384e-01
1.832909489114384616e-01
6.379899838421393410e-01
3.529244105235729845e-01
4.092361765900022763e-01
3.177333631140094039e-01
1.813154550926519559e-01
1.003731346456737672e+00
3.239267806654692050e-01
2.756465858525098400e-01
4.628882619840682389e-01
4.858758156960191754e-01
1.793672336949673762e-01
4.714929156124341714e-01
2.699928120296768985e-01
2.379494281353791429e-01
3.435432401872543506e-01
4.785720546328270930e-01
5.162405892683985531e-01
2.179466800120326286e-01
2.090109641420918873e-01
2.474153027593548326e-01
2.425132937455717619e-01
2.375847116178145535e-01
4.022445692023475239e-01
5.559463647199505143e-01
2.210154185986280551e-01
1.521937799640893096e-01
2.656790955544897637e-01
1.880794524018149783e-01
3.809272485035309352e-01
3.190650375709065956e-01
3.703534740400047376e-01
4.234996093554218577e-01
1.821846824961678712e-01
2.218476075252853730e-01
2.446179620075238925e-01
4.744870241542758493e-01
2.715969878430330997e-01
3.242737946804580274e-01
2.174924568783120626e-01
5.116462414591359531e-01
4.482005220011201496e-01
4.795476396239810035e-01
4.630541769291123266e-01
9.883411627149314704e-02
3.254371834128905738e-01
4.280858187155620609e-01
4.770500596114086167e-01
2.444242061424168888e-01
3.670034718230277271e-01
3.474101221959990937e-01
2.869976626000139142e-01
5.055549071004611372e-01
2.460235584272161546e-01
1.949128887554789080e-01
3.674890853108750410e-01
2.019276161419401583e-01
1.839927080904220635e-01
2.175463143549071221e-01
4.682734548891356319e-01
5.465375675944397216e-01
4.846205159276767982e-01
2.397393590944747466e-01
2.397400579649774377e-01
3.892889314897595154e-01
2.639538029669151187e-01
3.058587687219094242e-01
2.838750259695249079e-01
1.895013649853982407e-01
2.850859456797077418e-01
8.181162805426865914e-01
4.156577128125611420e-01
4.860988689041822464e-01
4.789643866058496124e-01
4.996182822751885078e-01
2.743919958756347866e-01
3.026970221583669685e-01
2.181067058262488312e-01
3.051382749997918475e-01
7.081554305777096880e-01
4.605952549139752383e-01
2.419713127903651007e-01
1.324007436019428996e-01
3.330670824989508394e-01
3.865300282680677046e-01
1.370789419522184804e-01
3.628199576540434013e-01
6.811865783547762510e-01
5.975658884684531547e-01
4.456433545669716834e-01
1.620003984519258200e-01
4.616669561939814037e-01
3.009424223111569208e-01
2.872365712201780386e-01
3.061471524566327651e-01
3.048145541146748960e-01
2.425579177779739470e-01
4.163795197947412485e-01
1.864034604815201779e-01
2.624674413097896619e-01
3.385187599360257593e-01
2.288176082437596570e-01
2.418018900404882709e-01
2.137621595609124348e-01
3.898596051353642178e-01
3.988363134449367520e-01
2.144160889943100279e-01
2.271046766848907328e-01
2.530366738668865523e-01
1.455722812551089596e-01
1.686165604950995711e-01
3.828982271673095350e-01
2.769051451562665189e-01
3.094071544513571914e-01
2.094799115412243895e-01
2.900375726777247309e-01
4.160086689165837237e-01
3.139832600885244518e-01
3.042603033860024619e-01
7.122970525733204328e-01
2.278411609562747409e-01
4.678634095450895924e-01
2.769066411588631538e-01
2.754262118720831043e-01
4.517597095271038699e-01
1.888770936149127555e-01
2.755763545140948456e-01
2.297572641261688420e-01
3.105330542517206194e-01
1.939657812835675066e-01
2.915399307359373138e-01
3.835725131740119198e-01
2.556421517811581223e-01
1.614964148032953795e-01
5.564083622703486220e-01
4.378427325184995889e-01
1.720253631539997996e-01
4.257819284921952607e-01
1.931036228852883729e-01
4.687859669063266788e-01
4.196497394491965904e-01
3.457060206682148196e-01
5.664649882775583123e-01
2.180830674775841305e-01
2.505307359039593562e-01
5.518298745509490066e-01
5.598050165932660915e-01
4.023983622115490100e-01
5.365838375442356645e-01
2.279676568165536488e-01
2.254617835522453317e-01
2.705769546627325717e-01
2.237644389118202959e-01
3.353530585640324135e-01
4.151564894356836177e-01
3.213158069034103281e-01
3.580401425496685941e-01
6.331881547364757168e-01
4.620998078699648515e-01
1.865789557831921686e-01
2.395982724126901886e-01
2.015103920311176744e-01
3.259137905474935315e-01
2.389780528210815602e-01
5.001869157133204125e-01
1.374373570812460199e-01
1.653680773181826213e-01
2.559380445890832578e-01
2.736635716887287906e-01
1.989198013984090352e-01
3.619560074254111748e-01
1.455736511899826946e-01
2.735904344351528517e-01
3.984963880489846844e-01
1.991284826014214082e-01
1.633204577908788924e-01
4.923728347024355356e-01
2.888340397949729077e-01
2.229598273265719355e-01
4.786835168228066872e-01
2.043437473222608214e-01
1.906048202750570686e-01
2.873206219764857239e-01
1.700411577285670384e-01
2.846968557929663302e-01
2.405834748451418370e-01
1.769935769956106353e-01
3.533966073334926516e-01
5.364118573449461191e-01
4.041408913567527961e-01
2.233764253798225796e-01
1.996390559513677998e-01
2.854142958994747015e-01
4.263673759350575798e-01
1.406955968588174677e-01
4.248803783971845105e-01
1.952522088368727482e-01
2.286618248960770039e-01
2.132038494787530103e-01
1.800557750625300935e-01
2.030260603060557445e-01
5.590744598138724930e-01
1.554564749349203467e-01
5.166226143878260846e-01
2.248112709630191164e-01
2.603283910508936150e-01
5.696178543621917001e-01
2.115184161814492592e-01
2.863897659128046280e-01
2.554869736559382543e-01
2.462182687322704011e-01
1.845883882415957356e-01
2.108477922548139816e-01
4.386869219665436859e-01
4.142358086802025441e-01
2.290563707612079392e-01
3.177051167150760635e-01
3.054060939153618870e-01
3.526649491379542090e-01
1.962817973124119375e-01
3.951065008958289937e-01
5.143047901575561465e-01
1.767284630600835238e-01
3.325258073684477789e-01
3.386654023370155864e-01
2.800416345716296163e-01
2.861484604296741785e-01
4.212295745380549850e-01
3.131201490844237045e-01
3.307965848443716883e-01
2.768812131271884969e-01
6.153292855973040432e-01
3.558028614410453927e-01
3.260022204435562565e-01
3.549369781981822625e-01
2.046591236046705065e-01
2.658668591409757420e-01
2.045087176101139936e-01
3.117733591971751372e-01
3.531210762212501075e-01
1.503426077961450835e-01
