5.716858545414928994e-01
3.903665403725116723e-01
3.554784150985744740e-01
3.386648875944960890e-01
7.319809789673502598e-01
6.341219974786084235e-01
7.852811118839228000e-01
5.162303285586882229e-01
1.097813255055797299e+00
2.839083080769770340e-01
6.199641750929704154e-01
9.249933143458524132e-01
7.153910435182607719e-01
3.604589484438208702e-01
5.688932735421508013e-01
4.713724455595609264e-01
1.003834173311919375e+00
5.193184794901692936e-01
3.837173359089316449e-01
5.582003398938475414e-01
1.323804226428520803e+00
2.458835398845188591e-01
5.693260020049367709e-01
6.639447343359621279e-01
1.001866252637396038e+00
3.442136295321880368e-01
4.838446331064821804e-01
9.091599209428894435e-01
9.127904908458959188e-01
1.415330034675012394e+00
8.313684963925161986e-01
4.736722884509867448e-01
1.013453380045651997e+00
8.732007319855586980e-01
2.759855307672574032e-01
9.029487730128854528e-01
3.119361318563314001e-01
4.505756813012298800e-01
7.240570851887623283e-01
1.382587078933278368e+00
1.736330940392260880e+00
6.548921007831155494e-01
3.923592643450610762e-01
5.147156186955489376e-01
2.583227099132069937e-01
6.360312519950772625e-01
6.430667357875171630e-01
7.847292364287131727e-01
1.238593853475541851e+00
5.959196740789252100e-01
5.942310742287729708e-01
4.987769521946826545e-01
5.728826920014923330e-01
6.212122676740688965e-01
5.072449005972129443e-01
7.200302133026006413e-01
3.631674053095668708e-01
1.205516560047012797e+00
9.885987245760263775e-01
8.986433740034424078e-01
2.996202401263798887e-01
4.944107917869682289e-01
4.842740148395139332e-01
4.690292079758330845e-01
6.855076175634337021e-01
6.349793932842292543e-01
6.560527255423423965e-01
7.428535153818054404e-01
3.951005257220755462e-01
4.361977485368520036e-01
3.220531316504468555e-01
5.207816128263411670e-01
5.024447523154140782e-01
1.061643582199351066e+00
4.685389901664143708e-01
1.257410179467887357e+00
8.497085544390946543e-01
3.972504256947169132e-01
5.348306769135384720e-01
7.037808071687681188e-01
4.457609476541129490e-01
3.580722084724824450e-01
2.469441470667138316e-01
4.126557039872461030e-01
1.106785313677564275e+00
7.987902892471302474e-01
6.636514829965673989e-01
1.313150534256423807e+00
8.774758726603282266e-01
4.266293898007673668e-01
6.166369760760752605e-01
7.427504809935717711e-01
5.461734161721849556e-01
7.297308973339046156e-01
9.678570755909992052e-01
8.510019352124230663e-01
9.002746998221106134e-01
8.667442926610486875e-01
4.718714202570502003e-01
5.733028430579011347e-01
5.309225456476985849e-01
3.318350248987792517e-01
8.756792794257158841e-01
5.806470341937484125e-01
5.383363264735396836e-01
5.753039960668462349e-01
9.584146151587151774e-01
5.005250394462675834e-01
7.540137849293514494e-01
3.144345730898021607e-01
3.473510741228626464e-01
8.991234575794873063e-01
5.454145465358204437e-01
4.889870156787307076e-01
1.537871717235296698e+00
1.042492131942672318e+00
3.366874122235753442e-01
1.717147156474542413e+00
8.146373826211859015e-01
9.235846417071378323e-01
1.527107307525837232e+00
5.884284798230545732e-01
1.063555153332323533e+00
3.695133700549299571e-01
1.322734599493107899e+00
8.683134263157999966e-01
3.715255746316997731e-01
8.336421738674494319e-01
9.048486513054384561e-01
1.219845082143398374e+00
4.374631350508460526e-01
9.811673818322119711e-01
1.090012854122491825e+00
9.157379821575720724e-01
8.669214458819859415e-01
7.687373654410872836e-01
4.637473784384231190e-01
8.421841301464264573e-01
1.352668217199144651e+00
6.262405052330590749e-01
6.226077937331598866e-01
2.677836303312618460e-01
1.759264756787538575e-01
5.891623791014675149e-01
1.485625875165587306e+00
5.908580233419246097e-01
4.976474586756597929e-01
3.854646292141769570e-01
2.533607566998720140e-01
4.705086637926642057e-01
4.066691393245702169e-01
6.993595117958399943e-01
6.838131379049777747e-01
8.608180562393865642e-01
4.861056900001851089e-01
1.353113501345431846e+00
4.627789943058267519e-01
8.977563116086818562e-01
3.612733795677222082e-01
3.335667213740726722e-01
5.516148632370165839e-01
4.820754503512634792e-01
4.661572478031987266e-01
4.668343084920238417e-01
6.278500863612477279e-01
9.469438125156116604e-01
7.929228344632561765e-01
3.511352152589546916e-01
2.411497768524912266e-01
6.884038325806935976e-01
4.179966993474067416e-01
5.691259654137282853e-01
3.601345583108196968e-01
5.108517733307417208e-01
3.600415466946712550e-01
7.751973973138971408e-01
6.274430233383287980e-01
1.117480194199272914e+00
7.651239138438443721e-01
6.389525682843576471e-01
1.121023950001628355e+00
2.769068885231483201e-01
5.506286994696162340e-01
9.070572602323218048e-01
9.019372717613658441e-01
5.117746277806037858e-01
3.818219453413821407e-01
6.230061127500894358e-01
5.831882848879161862e-01
6.277977979163060773e-01
6.925871365466290674e-01
8.716005206975924180e-01
9.866146329137758242e-01
3.227214187113780497e-01
2.998862000108212800e-01
8.104195761356791650e-01
5.429189387204317319e-01
4.327693019925434870e-01
5.968596629323986713e-01
3.428415545321539804e-01
5.410190361406693738e-01
1.517703924451711872e+00
9.771549045748564311e-01
6.393648907957236727e-01
1.109789129589844547e+00
8.830855066046494617e-01
6.600387348464018533e-01
5.700745341057698035e-01
1.413450373817521477e+00
5.651993101074508363e-01
6.228269258690570798e-01
5.752523306486214683e-01
5.080736260482036082e-01
6.543115628544318163e-01
4.622865297755068825e-01
3.847751191368347090e-01
8.778318554060733359e-01
4.931329138885520158e-01
8.873122243192558267e-01
1.135482121426112601e+00
1.021316766219181771e+00
7.515390914824444657e-01
4.230473852722540506e-01
3.389303610755195484e-01
2.992104013746793023e-01
6.440140889703023230e-01
4.432863044803556085e-01
8.251878039754166894e-01
4.764738060810487785e-01
4.200819276245018052e-01
1.045335547978285318e+00
9.801057619507589358e-01
5.641071032106994565e-01
7.882103159236663048e-01
5.131438652955119251e-01
1.237067907983504744e+00
1.201496180425590810e+00
7.205389358584002313e-01
9.365505561334286355e-01
3.217253805917966725e-01
9.584227693900559952e-01
6.811061335745283163e-01
3.645711119988492843e-01
5.217060953616035057e-01
8.530675062904237160e-01
4.973456665848399183e-01
5.590691264059173271e-01
3.433867871904207614e-01
1.008014872440357257e+00
8.766718406867831659e-01
2.430372198043459497e-01
3.387776450126848138e-01
4.595849625603072308e-01
8.812364383691693170e-01
1.053726317020529768e+00
5.948966587565950315e-01
5.675005083417122842e-01
3.350557303219522942e-01
7.885474697646125408e-01
1.289656907859709323e+00
1.410941699642093150e+00
5.312471075461689951e-01
5.584893788844184082e-01
4.762253961264801272e-01
3.865748466295141905e-01
4.686045121993078211e-01
1.965630447298949701e-01
5.567477867398678004e-01
9.353293503440246459e-01
5.173392755977135327e-01
7.771596468820057835e-01
7.389739904897939526e-01
6.458366281852621071e-01
9.522043251937915009e-01
8.778174240595250089e-01
3.655429856555655888e-01
1.104769969590804646e+00
3.953294940621355225e-01
3.573958293772637740e-01
4.272049596954339834e-01
1.086618776394435049e+00
8.053868973979496637e-01
8.152118212004411113e-01
7.248383306228480816e-01
7.807188292489330994e-01
4.609675866004698253e-01
8.217789910071077175e-01
5.540405334369453705e-01
9.538014456246590722e-01
5.062599786350877595e-01
1.134662205766193699e+00
7.038607033747471542e-01
3.596294136033603150e-01
1.557378483604391350e+00
3.465102572641574619e-01
1.096556542756970121e+00
1.476904413508460134e+00
6.830811241905425657e-01
1.090538781797202983e+00
3.220431887290798878e-01
