7.270146852504363322e-01
4.951111972508387415e-01
8.897007324319738952e-01
1.121401384140857882e+00
1.003427695317253621e+00
1.012144616493020788e+00
1.019310974410218451e+00
1.659639416375750409e+00
1.193769669506556941e+00
7.069099003203328513e-01
1.241533500695849002e+00
1.119888060238999783e+00
7.364850782452753153e-01
7.575316780057694821e-01
1.230277213584343166e+00
4.635959861084454903e-01
9.980909765150117741e-01
2.372498196861143605e+00
1.276746420062960130e+00
8.680786186849505093e-01
8.105488227237123144e-01
4.459249569550233216e-01
7.222282613258651507e-01
1.500379767821098165e+00
9.532026914461555478e-01
1.198964303588182290e+00
1.304523366074740842e+00
5.634954793406046214e-01
1.110853228974139739e+00
3.041009076798641964e-01
1.114716550236895865e+00
1.478869090428822863e+00
8.170421557148622727e-01
7.236187623776442202e-01
1.348763622940386098e+00
1.115737894596008140e+00
1.151828297882711905e+00
1.236765218289381130e+00
1.035584225726400742e+00
7.482880051648790332e-01
1.150702678716127636e+00
1.006895988064759218e+00
8.507229825221744868e-01
9.735893501164070152e-01
5.948172505624650386e-01
8.011738788794500188e-01
4.889099744392962354e-01
7.685390482128516831e-01
9.017123745960562431e-01
1.009122591108734035e+00
1.564618640278780060e+00
4.278857132893738036e-01
9.410219583970831358e-01
5.776700208922664892e-01
9.812880807089016111e-01
1.572104372395694227e+00
5.245316693456172352e-01
9.331247015724736249e-01
1.159166654369526928e+00
7.274600820820796843e-01
1.076156805947275474e+00
5.388141246636235504e-01
1.160998745153489109e+00
5.224640637188933123e-01
5.673982892208748741e-01
7.899990926050014517e-01
4.642533793286399146e-01
4.820501376781475833e-01
1.561121351637529520e+00
1.032211378650613076e+00
7.843763445245729438e-01
7.974960760516540681e-01
1.226040921218254365e+00
7.218392498576208238e-01
1.240994054295918136e+00
4.388545137945426555e-01
5.569694405220733113e-01
8.346978316142537047e-01
1.231894987838863198e+00
7.838601804178992882e-01
9.942184401765444823e-01
5.712951173607316857e-01
1.748793273509403168e+00
1.511494558698375457e+00
9.175068522337546106e-01
4.470519353779801031e-01
8.993891713783800368e-01
7.084390472384651805e-01
3.907015942719866963e-01
1.508871325923530238e+00
1.026582340221511735e+00
5.934863803088845646e-01
8.052611523360094781e-01
1.441554801165839894e+00
6.334939757240267699e-01
9.820175894436253827e-01
5.850836162659023287e-01
9.049424045989906684e-01
7.663639695457563628e-01
8.007498025374257811e-01
4.738491045129853418e-01
6.882494645464476424e-01
4.406491424471265517e-01
1.092780976871103205e+00
1.275139716552552871e+00
7.212317514444800404e-01
1.049843979389108117e+00
8.795124232055882008e-01
1.012320876011923110e+00
1.242568586384168672e+00
9.384500198589401654e-01
2.551526863988780036e-01
5.303062223848656886e-01
5.524613463768202060e-01
1.505650735106404570e+00
1.570308401905664786e+00
1.523531540007985630e+00
1.090257204126462431e+00
1.370112939386248785e+00
1.044467937786867751e+00
1.536329702081578708e+00
3.145961291778419100e-01
1.351855022251718719e+00
6.027524608180754306e-01
1.755875964792757538e+00
3.897246133446083949e-01
7.481616612555817003e-01
9.587780704705923807e-01
4.427401323346925599e-01
1.104417566683510321e+00
6.180963395695038276e-01
1.348641240930994023e+00
8.698601931643489271e-01
1.386787407162502594e+00
1.504669989807910113e+00
7.950434784196653837e-01
1.006940931203261558e+00
6.077243476611268180e-01
1.207976399742980878e+00
9.559687506147119818e-01
1.182339591092268938e+00
5.127110794650020509e-01
1.297293152342996914e+00
4.307973401744956687e-01
9.779941623714657473e-01
1.040812137171222229e+00
1.250361879807842413e+00
8.837145357363510589e-01
9.506816684105977577e-01
6.581416679147293891e-01
5.671818852897514418e-01
8.022005067532965716e-01
5.611599856359497096e-01
5.485168250215916030e-01
1.067291997950159832e+00
1.117178791525049286e+00
1.552887879140812721e+00
1.402371916852864553e+00
2.007857535784816516e+00
1.556395980183459038e+00
4.055206049382792943e-01
6.219050358848809967e-01
6.649603338674917596e-01
6.731773338409354768e-01
5.607027944500246885e-01
6.902355498618465424e-01
1.403221133087963590e+00
4.861716712206631263e-01
7.540383817917218900e-01
1.139530779577725639e+00
4.543425403757935799e-01
1.266804559987223744e+00
8.413577069895697980e-01
6.235500271478930934e-01
8.918760640804030970e-01
1.462074653171712590e+00
1.107896811734295328e+00
5.586904224506439309e-01
7.236396383021497236e-01
1.072123687839015460e+00
1.282403357184782600e+00
1.628436853297029696e+00
9.886204790146511101e-01
5.514617273895198180e-01
1.342524956394400393e+00
8.378370353840652873e-01
1.097651075925661690e+00
8.009640214775103351e-01
5.383344228156614619e-01
1.165230043521187975e+00
1.193359933511032533e+00
1.607969017202608875e+00
1.386435467503319252e+00
1.453554465616437641e+00
6.985484932362721056e-01
2.180080876912569021e+00
8.763095187005324194e-01
8.098652986975533041e-01
3.122566399937239390e-01
1.318020195929933136e+00
5.531845566513322598e-01
8.146191659936420360e-01
6.999472552072383280e-01
6.628365134229184941e-01
1.199874666817080993e+00
7.156493871436866439e-01
1.664605635415926432e+00
6.454091691494957539e-01
1.144255713310469602e+00
1.521291214512152656e+00
7.385402480575117279e-01
1.159061133890453732e+00
5.093131300158063590e-01
1.116333068387747263e+00
1.061620096333085517e+00
2.931002784338155198e+00
4.264050517888547942e-01
1.504894822149187350e+00
3.400040261970337374e-01
1.438230367971697454e+00
1.556692808291471053e+00
4.625988975929551383e-01
8.256328078103858381e-01
6.904978933603083124e-01
1.034261090028582464e+00
9.543534089879988080e-01
9.414565205576244100e-01
9.612202884802383274e-01
8.595883601788586459e-01
9.459978914822682050e-01
1.040281813854578630e+00
3.158601817433520642e-01
5.739198022969018709e-01
8.962901479298893692e-01
6.889866811094934596e-01
9.757905330443960024e-01
8.615344873430318406e-01
5.328414718343024159e-01
2.472858700828672873e+00
8.194070163417715991e-01
1.432446993785257305e+00
5.168938116546260009e-01
7.658534508294978504e-01
5.298255307475188136e-01
5.898866173799459656e-01
1.217574279252741309e+00
6.521404498003231520e-01
8.514137958418489527e-01
1.054418963438316981e+00
5.608839643876090131e-01
7.180559324980022584e-01
5.470288321652045926e-01
5.678749066817573299e-01
4.185381970622477077e-01
2.990259612359133512e-01
5.194439596120095093e-01
1.167911614710942958e+00
6.341679970856356485e-01
4.919993109475128690e-01
1.060455141879944829e+00
1.715904537489608250e+00
1.155686744455398207e+00
1.124878339579895137e+00
5.518697528620595261e-01
6.187845318741882483e-01
6.675470541761190368e-01
8.357366522972006218e-01
5.010040613829740419e-01
7.029061450896647578e-01
5.484308806683118043e-01
7.786070228954977690e-01
3.720685203641321825e-01
7.227575757478045260e-01
1.765378364446625881e+00
1.033200748977091132e+00
1.761570197624143352e+00
4.122886566842114964e-01
7.749735429668502817e-01
6.319865865641499658e-01
1.379572388962069684e+00
8.711463668127592541e-01
6.058601101505195485e-01
7.299930095553357479e-01
1.241074857783471153e+00
6.260894945659697397e-01
7.538536177162410423e-01
9.345629154084013068e-01
8.885545122144744568e-01
6.573541736801710167e-01
1.217719321746125960e+00
1.047163366452581013e+00
1.180004140069054852e+00
2.007803365687005070e-01
1.598971688379769551e+00
1.239060148149562446e+00
9.244608082640486391e-01
5.869757640347964545e-01
3.580763001341624174e-01
4.539599235897561202e-01
1.122157588013064755e+00
