4.498557131980078783e-01
5.755120630934541515e-01
4.549709255392946905e-01
8.291918657420683791e-01
1.102264180834108265e+00
1.065957367169504844e+00
2.277817097500141497e+00
3.439258051131545146e-01
7.601675766227673492e-01
1.201479137138684594e+00
1.557534540663417566e+00
1.290113089712326522e+00
5.977888357860270396e-01
1.480911711902082928e+00
7.636229152157447686e-01
1.202188420426909543e+00
9.406960839282183517e-01
4.724801779233845367e-01
1.176596406193123778e+00
6.641567131316010730e-01
2.779324249260510249e-01
7.840966458598014333e-01
8.965304928029099729e-01
1.002507064309630547e+00
1.676148717176738412e+00
1.375458442681108062e+00
1.051311300612540300e+00
1.164520837232985828e+00
1.334000779283301741e+00
6.475481010540873328e-01
9.270554244938949973e-01
8.152078908808163549e-01
7.536172174972297633e-01
7.262476747137812660e-01
8.130727759104507957e-01
8.619921905285947705e-01
1.605868545590805496e+00
4.496470265806628563e-01
6.341836498266706368e-01
1.092615500040371446e+00
1.153699405326203520e+00
1.323274551229348672e+00
1.334621612159889281e+00
7.996362915812279537e-01
1.167886934575156133e+00
1.188585352999701694e+00
1.103222419844330782e+00
6.421763547591119448e-01
7.478279075536067300e-01
7.841181564996886344e-01
9.898619461656636975e-01
9.985809702039201152e-01
1.366056931363023308e+00
9.170958139813171206e-01
7.215270193001548371e-01
3.725538605297444295e-01
1.573598334079597594e+00
9.789996334859397686e-01
8.761120357751053245e-01
7.053818535772423681e-01
4.234432280331629217e-01
2.878830116268066286e-01
1.853142725814977299e+00
1.469369231310922119e+00
7.383398685314322973e-01
9.406629363138037103e-01
7.322630708877054806e-01
9.368161078316485924e-01
1.144871991730943117e+00
1.684697124808198332e+00
7.610790077366329509e-01
1.236106109148173315e+00
1.792448380255984519e+00
3.758105355341647691e-01
1.173804205646086007e+00
1.252910626652992798e+00
9.510566947899580237e-01
1.212824753223150420e+00
1.381317605443855623e+00
9.438801907902484301e-01
1.556247406480200546e+00
1.581488515032638986e+00
1.036580971895735281e+00
7.889182622256146749e-01
1.129025660462230851e+00
8.807745681155749740e-01
7.105211782223156414e-01
1.308328808587749581e+00
9.707854294450247723e-01
8.884626185987939406e-01
1.948054802970100807e+00
1.056236859944122974e+00
7.820648471925135681e-01
1.695568242356853661e+00
9.082524122466856253e-01
1.078564982081800627e+00
1.159483932430771969e+00
1.191567088826569254e+00
9.165214355875329622e-01
9.684989182790485485e-01
4.340724346621858687e-01
6.520091315487065442e-01
5.539916086915894766e-01
8.256213428933143472e-01
9.163077179062890654e-01
9.422159983801062788e-01
1.128228962439273841e+00
1.366426204850681669e+00
6.914208007325479688e-01
1.493070748921768054e+00
1.109584856855160062e+00
7.258208496761978656e-01
6.366092626621614459e-01
8.664954351604085003e-01
7.410421394766473213e-01
6.879533940200798225e-01
7.952992347847717136e-01
5.752239605544982037e-01
1.639807783777554873e+00
6.684991845871488536e-01
6.530332032539645226e-01
1.040091676853454938e+00
1.190909430508314992e+00
1.428062445689094018e+00
1.024259587082804401e+00
5.836044677901726097e-01
6.415300422619489851e-01
1.305523314183728578e+00
2.232826528747169803e+00
9.402203663432723291e-01
1.263440854660017099e+00
1.889786417532849594e+00
8.113475041858908554e-01
1.703596920223223732e+00
9.580272550269647303e-01
7.254465351590052569e-01
1.602378391858635176e+00
1.041792991490629872e+00
1.324902308032722242e+00
8.643853655628636057e-01
1.007610461852498140e+00
7.029727062641789592e-01
1.442626262230562117e+00
7.472949339106729205e-01
5.054012916643964015e-01
6.482473099660889249e-01
9.310503350720467086e-01
8.872713831888604519e-01
9.265551880946226726e-01
1.222269697939570632e+00
7.607158699774309030e-01
4.533844019593801788e-01
9.739265121762791244e-01
8.425075196617126672e-01
1.344722264507383525e+00
1.073105901524235462e+00
1.560029454043714292e+00
2.070438841881402148e+00
1.081127103766858832e+00
3.441763051760918790e-01
1.112540892084274091e+00
8.585523805316334078e-01
8.199706018557995080e-01
9.297889814585031942e-01
8.942321247613898016e-01
5.875344128456648773e-01
8.494568829405610977e-01
1.324922566276965030e+00
2.803156587007565315e-01
8.448127970877997717e-01
7.241095192960955718e-01
1.096111575598208043e+00
2.764515237142758930e-01
4.772955703168305641e-01
9.201173042482433395e-01
1.154941641466717073e+00
8.177299889499626273e-01
9.871007560849553997e-01
9.032843789630782272e-01
5.766250151195632112e-01
9.951191095251126217e-01
3.023714516752486481e-01
9.415086798516438815e-01
1.434596952309768580e+00
1.697241099442592605e+00
1.222036905232315673e+00
1.364619359879192473e+00
1.030731144662504484e+00
6.627661601026575422e-01
2.232538164356037413e-01
3.701390614385191014e-01
7.065850262500301682e-01
1.418740415596260185e+00
8.340638804926320260e-01
1.030293207089281848e+00
8.405701602744637402e-01
1.062363071918366986e+00
8.225850068206700394e-01
4.719239689158410966e-01
1.048621389626378964e+00
5.125645992917398086e-01
1.100900393592586513e+00
6.145510549629757957e-01
1.700740323609970073e+00
8.770685257600101536e-01
1.533997533613107533e+00
1.437338411407808492e+00
3.727622754521525694e-01
2.266753067649575293e+00
3.747438194570365533e-01
1.094526166728368111e+00
2.647964165155335947e-01
8.207974601725358532e-01
4.914532887799182292e-01
1.102432659626152001e+00
8.496521912193990556e-01
1.246640049908296577e+00
7.799918453579739452e-01
1.130433916313809295e+00
1.991728931810031078e+00
1.026374548406171261e+00
1.832474575875089329e+00
1.146237839433318140e+00
1.281967258105100704e+00
6.998092832814111208e-01
5.065805310053603794e-01
6.000132620653343407e-01
1.404635915045489680e+00
9.009635299802685182e-01
1.835109074019140585e-01
1.026502252438713292e+00
5.591384426098824356e-01
6.607179980064975533e-01
4.890621988250416496e-01
1.416598989780327278e+00
9.760992358840218097e-01
1.058194508776865383e+00
1.165287436490134665e+00
8.578841136322228333e-01
7.447815200862618612e-01
1.356928589118720385e+00
8.799823132131551207e-01
6.998412633065689281e-01
4.849314132656701859e-01
1.284897688065159693e+00
1.242136332423318112e+00
1.560738248819991236e+00
1.082343936794217587e+00
8.331857865992692291e-01
9.382766639575008671e-01
3.922569309495474443e-01
7.375256750213653456e-01
2.336669239224356431e+00
7.752664912318122381e-01
6.155439318814391880e-01
8.226994424099779435e-01
1.319041947106613710e+00
1.153406809797735466e+00
7.847774773168609830e-01
1.153471717283115927e+00
1.120393164912874440e+00
5.240617570164658456e-01
5.058719983150345989e-01
1.209013517168744611e+00
1.336588537349300054e+00
7.328817092924382326e-01
3.001599276647601289e-01
6.324241347379820910e-01
4.644464338268047832e-01
1.466794034890287923e+00
1.046368393662842733e+00
1.076061212003537992e+00
1.356993605984060824e+00
1.221893244117008503e+00
9.720919652259160104e-01
1.534514478578894003e+00
1.745758235357590449e+00
1.025040861289047145e+00
5.684253676591649596e-01
1.450126285440381579e+00
9.691494666086382104e-01
5.337717479611673310e-01
1.209629241613178419e+00
1.171265200827678710e+00
8.788476443850604669e-01
5.061060856243608796e-01
5.619863957451334269e-01
7.857545631978259948e-01
3.555031517350095149e-01
6.901007607203157868e-01
7.541876223073198382e-01
9.203539267214665420e-01
1.260830802158125596e+00
9.632957664636443429e-01
4.918735486031324267e-01
1.500392112496259589e+00
5.670889018333050702e-01
1.338815917287283552e+00
1.244222221363235237e+00
3.557821446719528491e-01
