1.194731489352305054e-01
1.864377398863752144e-01
3.016977265786695561e-01
4.340363803420018707e-01
2.707565002345155847e-01
4.704978378042332099e-01
2.525721719093677042e-01
2.646398384627123845e-01
8.969212160335149342e-01
1.080062840869616819e-01
5.450672022806729577e-01
3.325783065323116294e-01
3.318656995206228366e-01
3.151352254438946066e-01
5.304958886594219880e-01
3.978923711697737176e-01
9.747146886680627675e-01
2.880773208971023069e-01
1.801260249757621057e-01
4.053721922026599644e-01
1.783669024544750625e-01
3.340137973333361376e-01
3.100556654526758216e-01
1.225371530040465784e-01
3.330155698686923516e-01
2.479102313035747851e-01
3.161047888306421361e-01
3.478701226931102952e-01
2.890334624169954014e-01
3.110412500828282911e-01
1.634015039217170118e-01
3.741001688600972819e-01
3.181979490571303915e-01
2.760789833787376524e-01
4.293788989636188047e-01
3.167018587144180830e-01
2.442656820946949858e-01
2.990465490915359403e-01
2.996178490053071908e-01
1.618190172086349798e-01
3.452858714299394949e-01
2.925177106430140728e-01
3.024435345261204944e-01
1.449841472882487381e-01
2.559943503888593708e-01
1.931034861389878954e-01
4.555084436882153587e-01
2.093620629988148796e-01
3.122895641959754776e-01
7.367612717379807830e-01
2.233903204052207492e-01
4.213092968946231531e-01
2.680368290724714497e-01
2.910080800006986657e-01
5.870047332863492784e-01
4.462971863827111529e-01
2.204779307425946688e-01
3.417775978886146704e-01
2.932317305909744043e-01
2.076904358333992173e-01
2.816232746151445809e-01
2.734199456806918893e-01
4.810798365934321197e-01
2.527743493102916350e-01
1.238674778032714807e-01
4.798984030025477132e-01
1.239091983497411370e-01
6.726993957648911282e-01
6.576981919322969494e-01
5.143231048216018175e-01
5.729955622197459020e-01
6.064307689443311222e-01
2.502909420078587299e-01
1.207786930204018810e-01
2.179815141789527566e-01
4.106083638084874754e-01
1.642074837282380961e-01
3.274383009050936266e-01
1.797735565054194573e-01
5.688636394761428239e-01
2.485306483351928386e-01
4.146643140039007469e-01
2.004528636681150999e-01
3.440657801432910889e-01
1.832917520954731594e-01
2.158736826621963090e-01
4.352487226589911162e-01
2.493146014583420278e-01
2.216074660584694545e-01
2.416293035368925202e-01
4.997580952283786626e-01
1.999811700149562999e-01
3.662351014588582365e-01
2.396508908328627008e-01
3.716025707502897957e-01
2.795851463872968679e-01
2.256006547301096510e-01
3.016101716812082945e-01
3.288845551148712465e-01
3.845634592803001683e-01
1.245508668382045298e-01
3.174264944972806091e-01
4.685236158228194281e-01
2.432901808287510348e-01
2.716002015471516984e-01
1.430691424227656661e-01
3.833271639480931303e-01
4.444708963183555128e-01
1.770120764982201778e-01
5.594597677614977504e-01
3.159447307557273765e-01
3.851013178575485862e-01
1.945976336117198890e-01
3.890378024530879442e-01
4.390548632227104786e-01
1.865748922126252984e-01
2.234315842469555558e-01
3.180660321486761255e-01
3.414354457824772537e-01
4.262246822927723278e-01
5.923351068459723479e-01
4.607446965404097816e-01
2.502892125479560526e-01
2.638978433564835857e-01
1.681598752131173435e-01
3.556229718438784770e-01
2.249527851552667046e-01
4.438786457150321052e-01
4.547695246174284778e-01
2.116482182144703572e-01
1.593738404273614129e-01
3.567376156008697508e-01
4.525797987454671656e-01
2.874070599933022940e-01
1.262286054489679676e-01
1.656510061893411156e-01
1.089783208737030440e-01
3.219555302415739173e-01
5.524483101243672367e-01
1.511389548084251799e-01
1.354312424849681562e-01
4.813986408650419158e-01
2.316971011475075226e-01
3.313007258691382240e-01
3.550740299235219388e-01
1.529007424747118593e-01
2.020072641812138137e-01
2.308698958320206107e-01
2.428722534218064888e-01
3.365023739598082542e-01
2.576560168857016109e-01
3.846331094471407974e-01
2.660280368246721872e-01
1.684158138258096959e-01
2.804463423466500016e-01
7.054829336073646928e-01
3.218903716458281217e-01
3.506611166760619236e-01
2.663372238659177382e-01
2.831034182119273601e-01
3.289772600705492822e-01
1.026099634130379773e-01
7.815932725440547513e-01
3.954790669176907469e-01
2.805595665264015715e-01
3.323329214066552684e-01
3.960081182082059170e-01
2.596517699500260346e-01
2.545828547457129609e-01
1.840490576361245578e-01
3.217125800289886706e-01
9.049557282464398833e-01
4.107113353611373530e-01
4.409371975242660779e-01
4.773511582236865669e-01
2.700766812101429437e-01
3.657323960398462526e-01
1.708103262331915340e-01
4.368926562939542402e-01
3.305851736556265075e-01
2.229965181586293643e-01
4.435093782449053834e-01
2.612171795976327981e-01
3.134635928015614970e-01
2.737386717905001543e-01
1.749894074437081948e-01
2.708259124267785589e-01
3.033216028041634260e-01
3.545656876642280797e-01
4.732488471144286613e-01
7.118353712045947246e-01
4.347604508995421280e-01
4.396289282276828470e-01
4.318264809050758046e-01
1.639153294200464961e-01
3.706468849338759308e-01
8.115590279530093820e-02
4.421605879816921658e-01
3.147921919130694524e-01
1.818382066346304615e-01
1.388328310241272179e-01
2.307057473562393879e-01
3.114190351900090747e-01
4.591189452982936126e-01
2.440200532843671555e-01
1.997135296191366038e-01
3.260003252201205681e-01
1.349130052317328576e-01
2.915414022372425085e-01
2.708804583324870840e-01
2.145621425882862365e-01
4.126827386837604306e-01
1.816868273870495820e-01
2.446117814842612981e-01
1.485469133608474102e-01
2.991920563786261145e-01
2.867804997157827884e-01
4.429743416670622325e-01
3.409539520012370706e-01
3.312189795288965621e-01
6.286913981325514822e-01
1.268455053209926187e-01
4.854671254553913351e-01
2.183462209976810564e-01
2.695735254444170947e-01
2.881129396931579878e-01
3.462448571561648203e-01
2.038307329280630575e-01
2.379710541689349090e-01
2.914151083125653408e-01
4.171991419589700656e-01
4.143170589831501882e-01
4.288410110439434542e-01
2.431614755292546282e-01
5.529848776368269103e-01
8.182802118659256163e-02
4.556285039673059756e-01
2.706004963504898830e-01
2.450358681714654152e-01
4.011920774304226778e-01
4.146009774205817733e-01
1.912086277090727371e-01
3.739690897772560696e-01
5.428487101028632855e-01
6.780575040594689629e-01
2.707771390382560095e-01
4.052539478404388884e-01
1.950765851696170117e-01
4.716684046063578939e-01
1.659578640421739693e-01
1.636545286321004766e-01
2.918245678301576440e-01
2.105787796733470940e-01
3.382574703509172442e-01
1.842244277141271980e-01
2.034897615225294276e-01
3.652430496252463410e-01
2.167380515766157700e-01
1.976396857972191334e-01
2.674223953066688919e-01
3.916942784907424535e-01
1.352286477320846780e-01
1.637317366544636943e-01
3.192874137234222309e-01
2.957072730480627132e-01
3.069296088608050033e-01
5.426096837915316273e-01
2.066095403472555658e-01
6.008433434238648063e-01
4.984700382198022361e-01
5.270034354358403839e-01
2.523448175958196704e-01
2.715397407728377677e-01
6.625948546249482707e-01
5.726866850425290645e-01
4.704937468264367428e-01
3.245859246292821521e-01
2.858381460613811931e-01
3.219253376873774664e-01
3.987351152839814783e-01
5.562962146325818313e-01
2.283298094167489078e-01
3.484995363791088541e-01
2.723223821933056232e-01
1.909845089064353407e-01
2.081161938333548067e-01
4.471697203538173016e-01
2.144383358992780764e-01
9.311556772005225024e-02
3.781378995579632307e-01
3.357456184528674337e-01
4.129325414668559291e-01
7.642745618746018543e-01
3.354396040360974607e-01
1.786581706428807259e-01
3.108794080056335729e-01
2.733224019735988608e-01
4.459648501905612017e-01
2.476192853209460698e-01
2.424420068350800206e-01
4.377312283675724447e-01
2.080254901903602904e-01
4.466146216960911186e-01
3.149308609640120715e-01
4.812839921261068965e-01
2.653077954068889244e-01
3.153068817752723296e-01
2.653469598315805755e-01
1.779435804517268682e-01
2.641000229406149646e-01
3.378110335048382096e-01
3.317078215358770787e-01
2.475005954839964162e-01
6.863106096690212432e-01
7.254067394037128080e-01
3.210704857505974341e-01
3.800603535777645758e-01
3.731415225808156211e-01
2.520281654602545274e-01
2.522332160205793539e-01
3.173210593171961191e-01
3.283361124064630432e-01
2.256886675281195298e-01
5.284170386101564310e-01
3.025993827950169135e-01
3.712567204908052698e-01
5.601963740245399226e-01
1.464701475567946332e-01
8.873244380718633417e-01
6.356743950106795715e-01
6.297965677134460538e-01
2.829634652219158442e-01
3.558269759091569617e-01
2.156926308872988418e-01
2.659174394801700481e-01
2.635228918467691916e-01
1.651556550469283902e-01
2.131579913057603248e-01
4.234823502410472451e-01
1.757823244169758325e-01
3.350985294364307032e-01
6.088476119583385859e-01
2.055057382363209284e-01
1.966096022235124252e-01
2.305386139612227159e-01
3.442378863404942368e-01
2.562056577118440037e-01
3.544085556869885356e-01
2.942092066401132411e-01
2.783351477456031398e-01
2.322221738165446692e-01
1.735336966329150965e-01
2.065159997251097002e-01
2.983881638115038482e-01
3.224762232346704005e-01
1.427617327520666335e-01
2.499369385450449232e-01
7.016896874094635805e-01
3.001676484354795504e-01
3.045300820672736108e-01
2.824814042293340433e-01
4.318036553427737623e-01
3.663628022692702602e-01
1.802918036847157568e-01
2.882377007962982352e-01
3.240463049973400511e-01
2.509688429280008681e-01
3.899150720983948215e-01
3.669507723257203202e-01
2.731847999995946075e-01
1.555918548124221312e-01
2.254332986248690496e-01
3.872743796634461888e-01
2.766990480485037596e-01
2.762486199608962800e-01
4.299044369835134383e-01
2.363902183576452876e-01
3.215350879423404806e-01
4.086913976611268873e-01
2.085126785244336423e-01
2.835024025569380379e-01
2.727300532125822019e-01
2.540763912173004124e-01
1.254792328151658476e-01
3.913319530222456044e-01
2.336153056315009025e-01
3.546826735385641971e-01
1.692589091436511317e-01
3.472573977881242557e-01
3.075796373408425377e-01
4.669930526673373161e-01
6.042314352684799994e-01
3.216035749009337752e-01
5.535263675118083926e-01
4.337220201204713410e-01
1.470381753618655585e-01
1.935429561461421699e-01
5.656329815626179869e-01
4.331660174014035913e-01
3.760321478702465803e-01
5.762618961059516876e-01
1.985859716038475553e-01
1.241677018619518763e-01
2.448382584732258505e-01
3.534097798796494994e-01
4.711208741635068975e-01
2.219720312487121483e-01
2.235992622823432530e-01
3.153641669542636694e-01
5.960133228831676622e-01
3.373861962238771661e-01
8.068037934447863657e-02
3.231066826349962007e-01
4.601076477517152541e-01
2.283340468262429201e-01
3.656645979730490659e-01
2.543963451800458353e-01
3.101107596064043848e-01
6.641442787406030002e-01
3.161233858436212629e-01
2.279677375080821078e-01
2.127460961892761460e-01
3.766259622253182449e-01
4.752534895394706083e-01
2.381084301635265355e-01
2.609875360421787804e-01
3.944515839974320759e-01
9.985962196271348790e-02
4.532150819381076667e-01
2.681660938610071487e-01
3.689675647170422290e-01
7.445295733332488730e-01
4.290547169372073699e-01
1.724948451208211941e-01
1.563896631760219591e-01
3.679023288278850390e-01
2.742457211591851074e-01
3.252505645310524440e-01
3.656811060668189728e-01
2.929615085902035898e-01
3.479108272257913637e-01
1.947362390235529428e-01
3.387530275751380326e-01
2.131514591623870636e-01
3.933526611209489099e-01
2.253346696338213995e-01
5.420060536807412843e-01
1.601869088362547489e-01
1.890563244769991880e-01
5.269012109546493683e-01
1.031292137991322022e-01
1.375990959276261472e-01
1.860841837126865628e-01
3.032054696485201872e-01
1.980161192638767165e-01
5.110944993789483526e-01
5.015623821588576225e-01
2.795121383715926666e-01
3.816865781341939323e-01
2.787031742608653273e-01
1.489223642035527317e-01
3.559500431222256678e-01
1.489583488210017570e-01
4.483393476840213387e-01
2.619997766921360882e-01
2.866100864528576819e-01
8.244407680025479801e-02
2.282575906871996962e-01
2.079288396706261144e-01
4.517981083098928097e-01
1.208508911604728592e-01
4.221814340454833059e-01
3.431588516401094524e-01
3.272202643351100337e-01
2.998573301044458184e-01
3.511157015244662505e-01
4.815172562567235914e-01
2.770747801067738325e-01
2.816543926584061386e-01
2.627643224227040886e-01
2.504802151651949194e-01
3.028490515542029970e-01
3.014621551996146120e-01
4.418572079068169844e-01
4.293327980916460951e-01
2.964428704338190612e-01
1.607144127105380738e-01
5.786583164099882159e-01
2.622493671029043072e-01
2.600952182282116887e-01
2.312871290932478341e-01
3.566341343938760899e-01
4.579694526568308111e-01
2.228757024601759618e-01
2.142071584580610144e-01
1.462086277731149409e-01
2.204219712811080478e-01
3.048608673515603162e-01
1.914243635531261145e-01
2.297986604344005590e-01
