4.169863538679701165e-01
1.889862678918434735e-01
2.897743775453290316e-01
5.978136197763033177e-01
2.545806800309406426e-01
2.941507313159530956e-01
3.257544230812715047e-01
1.485224297339553801e-01
4.551254935197497353e-01
2.928624578983056170e-01
2.371204616762510320e-01
3.483709692899016330e-01
2.827690377064160376e-01
1.971955422996021223e-01
1.008058383866972801e-01
2.676528530334184031e-01
5.544742464068485033e-01
5.965439881312959436e-01
1.318407535582764578e-01
2.462630504431597978e-01
1.408478091101476037e-01
5.285279889549933108e-01
2.575033298934292780e-01
3.764841317949243482e-01
1.918161233221635786e-01
2.327705955817743200e-01
6.514616991769917043e-01
2.745107719821089920e-01
1.210299633376206996e-01
7.259125891566114985e-01
4.300984046523765314e-01
2.289979359574783324e-01
3.412750204902682549e-01
2.655593673738909644e-01
3.230588544163006670e-01
4.507402783574476768e-01
4.458691816852622392e-01
3.571975154797786267e-01
4.860717184830982696e-01
1.861182140049373601e-01
2.669222108227903290e-01
4.301654355576456923e-01
5.518241486132714479e-01
2.315063305954562223e-01
5.969009398309047532e-01
3.853537401808648788e-01
3.200249349084329786e-01
2.609864776948072618e-01
2.815837663892803433e-01
4.754391399235267102e-01
2.490063498530873387e-01
2.021012916035140328e-01
3.871965349008275048e-01
2.023476014981896165e-01
2.111513461274413528e-01
2.020604473319120298e-01
3.952607421512847052e-01
4.707062781178557032e-01
4.115984009871083704e-01
2.401995270219963174e-01
3.194740780445365913e-01
3.884753743277404303e-01
1.715130468403601727e-01
3.096972722666961331e-01
2.167304870088801461e-01
2.210785570971084690e-01
4.395603328313437697e-01
2.893229000047913280e-01
3.233534635569840776e-01
3.069118932003024325e-01
2.441535915653044175e-01
2.418597927554533844e-01
4.450607983433543247e-01
1.327582566194462355e-01
6.617302091190019331e-01
1.429204971679353953e-01
2.238218465091752485e-01
3.233295362684845964e-01
2.237750944739178571e-01
3.388507227502726149e-01
3.316934471216221314e-01
2.810827600157227435e-01
5.449435104967161880e-01
3.649056249759107251e-01
3.071329418721325255e-01
4.561953037541243150e-01
2.601899007160756172e-01
1.624894092718145722e-01
7.708822352872825023e-01
2.611851410952199526e-01
2.072226135814612680e-01
3.174596625957723517e-01
2.357763560690572247e-01
2.622921397342958816e-01
3.700439743264645753e-01
2.357387926115592780e-01
2.703960807079232032e-01
3.301585503591439874e-01
2.168575132278489637e-01
1.793059744926496502e-01
6.028874346655846983e-01
2.657807198612336941e-01
1.715930016436963967e-01
2.734280793990928049e-01
5.464024992913920631e-01
2.482271707881451295e-01
4.364738688285620949e-01
2.375302786590560156e-01
4.338759898824175454e-01
4.772674203808617288e-01
2.370234047309817127e-01
3.979454713297193580e-01
3.190320141362925077e-01
1.373038365190897558e-01
3.067512301409309194e-01
5.387663966406043281e-01
2.899382192882176690e-01
5.615439245317733752e-01
4.334069714309412014e-01
1.596507840930214417e-01
3.345621063259497374e-01
4.531236247715282328e-01
3.754660613639033140e-01
1.730558051679263742e-01
4.268449642898957674e-01
1.653221400382338391e-01
2.600455970081686496e-01
2.101136545765792396e-01
3.779489536840421327e-01
4.026585547184171054e-01
4.354890654835482100e-01
4.148219575567285711e-01
3.832934864069166281e-01
3.298995734715782224e-01
4.115850862073635041e-01
2.098903873709128398e-01
6.951202716868456477e-01
5.409623079011919300e-01
1.534009723082074839e-01
1.403893569275535547e-01
2.554584260109600824e-01
3.019439617294065181e-01
5.092598804233432475e-01
2.072575204577608854e-01
5.542569577814329129e-01
2.063810053764756069e-01
2.593556040643116845e-01
3.419180672084039530e-01
2.384394497091719689e-01
3.998910387402657696e-01
2.676217956335927295e-01
2.344963866789973317e-01
1.888264870835642817e-01
4.857907286262652669e-01
3.237258391319804418e-01
2.348424446129886434e-01
2.051194115031689802e-01
1.169487745169116161e-01
3.449749452226424928e-01
2.452859251264299933e-01
2.856871477997347530e-01
3.018765227352216418e-01
2.226756721861023469e-01
2.237987200309015656e-01
2.069569737578506041e-01
3.352273353806717315e-01
4.105307240821867154e-01
2.552362402767846539e-01
4.925828464790105721e-01
2.568220289198208106e-01
5.434223827659377948e-01
2.522759430936683533e-01
5.216584824342337390e-01
4.145098033630578160e-01
3.673864467333101125e-01
1.415147248740860064e-01
2.037965620011827628e-01
1.577522198239685314e-01
2.440714904679079644e-01
2.424421827539377794e-01
1.954414608377151863e-01
1.338373333963756295e-01
2.749584783378157260e-01
2.614292945642432975e-01
2.255301035184112124e-01
3.143640430108315953e-01
1.582342851109875825e-01
2.285225979941265528e-01
3.670538732464643794e-01
3.576934066462764683e-01
3.467215770927304930e-01
1.965547897172235381e-01
1.329686540173105336e-01
4.691442142868381127e-01
2.720901821612720095e-01
2.219461413159949104e-01
2.706867802869804551e-01
2.708408240356270369e-01
2.152046606022540165e-01
2.655010428503497555e-01
4.039022780421805958e-01
3.032379104440487971e-01
3.876903519090861838e-01
3.766912164300390553e-01
4.113454248662670176e-01
1.483219219570097169e-01
2.605926028255979299e-01
3.810740629746264818e-01
2.583451041136068382e-01
3.209582596594610648e-01
1.306470974190803436e-01
5.020422771944066387e-01
3.623537857447355903e-01
1.802233458035728819e-01
2.339704497576401143e-01
2.831428698854706050e-01
4.979870825727921724e-01
3.678517475252015001e-01
2.537832603481630644e-01
4.169679502094688073e-01
2.972153626921791303e-01
1.338179566894110994e-01
3.209362983257136870e-01
4.797536954047705304e-01
3.190781572386281462e-01
3.463265419584775073e-01
2.627197537840358366e-01
2.639742286711049268e-01
1.856851811046383582e-01
2.124181604931954515e-01
3.501139564371273383e-01
1.852918385058523743e-01
2.188439865684325969e-01
2.339931440235933913e-01
3.767898137229562239e-01
3.389451887765855820e-01
3.258085940787411316e-01
2.123392264739348556e-01
2.033047072843252312e-01
3.239576486530071908e-01
3.140145339685433967e-01
2.380717052266363987e-01
4.543788413852253294e-01
2.734193031594827072e-01
3.470033918398868766e-01
3.194273630479168014e-01
2.179002546603178714e-01
2.122214343501152567e-01
4.425812490059840565e-01
2.584074920323345403e-01
4.602108901669245133e-01
2.271842518762302032e-01
3.179280194511397428e-01
3.983720819997942364e-01
2.382304583814142118e-01
2.904323980789502713e-01
3.774130391354059699e-01
5.434812204762176080e-01
1.379522472605245742e-01
2.161097896838229115e-01
3.323874440079667147e-01
2.061015569938717540e-01
5.708052986909225579e-01
3.215889564530445277e-01
3.205559607484682050e-01
1.374090488245501285e-01
6.617897246196612349e-01
5.836212081650389294e-01
2.909407534759178571e-01
1.532045807172052743e-01
1.507650051066625474e-01
1.192569622623850939e-01
4.328564185751250237e-01
3.511863300384664988e-01
2.605331308936354451e-01
3.079052925096608662e-01
7.093808273155647326e-01
6.191758056506322383e-01
2.965624321636240457e-01
4.386354813186061352e-01
1.448331236801143895e-01
3.627427782258659805e-01
2.848332735911372482e-01
4.163449824466223803e-01
3.278371640142547783e-01
2.778983678983024119e-01
3.452608027616883568e-01
2.068812559112782334e-01
2.989446535542985006e-01
2.300489937166732834e-01
1.895818363100894577e-01
3.212260454638715679e-01
2.353768098903237793e-01
4.127777453518448603e-01
2.222337674491743909e-01
2.587444677315346442e-01
3.931818065937581208e-01
3.051492938575089964e-01
1.834023376212098599e-01
1.374139909465320886e-01
