1.397672519786784529e-01
3.458655022467607143e-01
5.530989862616529917e-01
5.277814938535178024e-01
2.658950428244746811e-01
4.059089759106412343e-01
3.556850371291126467e-01
3.692852063263374895e-01
4.340305080470653332e-01
4.492617847442559320e-01
4.690754348082460945e-01
1.852159470364526384e-01
2.557230624375788075e-01
4.225205995305707507e-01
2.380306109233680523e-01
2.666397426969850382e-01
6.626102553814885443e-01
5.228828701750170005e-01
6.496090458604376616e-01
2.223652675003620627e-01
6.251860306455259142e-01
3.492743856034055128e-01
1.330742078369317460e-01
3.076261795271113542e-01
5.074712260958583743e-01
4.344334186638055817e-01
4.631805571955668888e-01
1.732586633075183513e-01
6.331817983542593620e-01
5.573761046811392950e-01
4.678615072153192722e-01
3.633932505283185010e-01
5.853631361196258709e-01
2.880874943958006695e-01
3.044175145825548379e-01
3.500704642627248675e-01
1.471655289911054876e+00
4.339022521223832030e-01
2.986907685861870942e-01
5.490784274935205378e-01
3.317779874039021859e-01
9.300358306013986054e-01
9.162540067032933777e-01
1.179469544962870264e+00
2.935768812759816382e-01
3.972821403616886293e-01
4.453652535072114005e-01
2.739745460767060714e-01
4.206099436976628025e-01
8.439311582367073905e-01
4.517506651704327747e-01
7.063436091138036721e-01
2.951073505634572158e-01
2.932703913103976712e-01
2.619269189947583953e-01
3.102414056930000164e-01
1.010084445886050952e+00
2.017453963161386088e-01
2.667467771501931817e-01
4.977319328769663764e-01
1.359185717995235188e-01
2.773129448077835679e-01
2.215173515674724314e-01
5.483500107931156275e-01
4.370359426352899979e-01
3.091771986417453655e-01
2.809296030853747350e-01
3.777792476694330492e-01
7.066983813937930403e-01
3.093912516872220908e-01
7.659619252089768793e-01
6.142672146526912957e-01
6.067397579485436232e-01
4.206808623001623837e-01
4.007578593747244122e-01
6.188011430522282197e-01
2.474515841989018416e-01
2.617549300966486303e-01
4.493696047026916052e-01
7.775991408755357215e-01
3.227834684575391355e-01
5.203435398872098272e-01
6.206982133081598851e-01
5.772472431442231544e-01
4.391809264372923405e-01
2.498020094432863991e-01
6.620690266997290019e-01
2.347924253662336258e-01
3.911652345795840757e-01
3.002673928292240446e-01
3.599060618154918401e-01
4.601815691405912179e-01
4.346266126165180266e-01
5.494237499398778590e-01
3.271703082615664560e-01
6.277917727610418108e-01
3.874653200571699374e-01
6.322474301881234604e-01
5.199126410754159044e-01
3.526523135468189740e-01
3.611418805333667104e-01
2.661721016313302601e-01
4.304885400835790632e-01
2.762625430245412850e-01
4.962984687191022148e-01
3.942185319162961332e-01
2.097082666571329634e-01
1.952416881209173560e-01
3.310215172756328927e-01
6.585064722669958792e-01
2.721803012507837960e-01
2.610832836457300243e-01
2.571659227155106420e-01
2.275567790395509049e-01
2.872452656049386266e-01
5.824174483937567537e-01
9.905585968899202065e-01
6.504044081442106329e-01
4.526160524452886302e-01
7.236982590661864556e-01
1.820257791217524124e-01
8.519477397092052595e-02
5.515021195265661369e-01
4.996566428630141443e-01
2.234539030523770287e-01
7.876072353167763440e-01
2.819602807433012059e-01
6.005541790729171936e-01
3.128364326396154138e-01
1.066238860616964962e-01
4.696618333862239147e-01
7.314417271283985000e-01
1.295241397769442582e+00
6.882757569551848364e-01
4.213988321173667839e-01
3.415000311992860138e-01
1.038392893637829051e+00
4.816432364401815325e-01
5.083168718044480672e-01
4.461788082771707686e-01
3.723265873748695665e-01
2.805326557694276524e-01
3.958219174894856973e-01
3.666726793625019742e-01
6.842996786674303555e-01
6.399668824772704046e-01
3.837955425954814870e-01
2.659008437222730725e-01
3.200640819961141914e-01
4.444353573466974239e-01
5.565090990937242577e-01
2.205137921763251074e-01
3.017291427970300588e-01
7.331041224671439593e-01
5.364091280083835844e-01
3.904412239688571651e-01
5.674193841482894074e-01
6.359055801058923763e-01
8.997187489521122350e-01
3.700898503067354683e-01
1.720215214394088532e-01
6.301359981017043976e-01
3.158046699097867283e-01
1.880934080439868872e-01
1.977758628913515171e-01
2.925165088700175109e-01
4.028903603071206652e-01
2.634152377468466644e-01
2.892599189073346566e-01
7.413650270579471568e-01
1.740933022661164953e-01
7.186383810484591184e-01
5.229402397217981502e-01
3.063895893341100907e-01
3.685274867399992438e-01
2.863727260918053075e-01
4.439825633297477814e-01
5.148013892902769673e-01
9.636899666589744395e-01
1.899328184022666954e-01
5.297480564808292325e-01
1.452420891726610819e+00
2.784599145140133625e-01
1.736908107132827950e-01
2.999788744873846391e-01
8.321165404921571085e-01
3.373012306149196227e-01
3.308716122851423358e-01
4.387220178550072514e-01
1.069413992593325480e+00
4.081397276152856080e-01
4.429208866123975907e-01
3.648886779125773971e-01
5.177891713544002794e-01
2.919311318331203053e-01
3.998765554477369810e-01
5.290222011431207072e-01
4.482119032808801751e-01
2.287929764573979896e-01
3.488414693454771065e-01
6.681520468254871226e-01
2.383365465039269382e-01
2.804231292373141060e-01
7.517924270383241625e-01
5.577537917811427048e-01
2.892864291765683271e-01
2.866414421780360544e-01
2.235352755659884560e-01
7.469163735003064852e-01
8.862478314087465225e-01
2.122885329069655047e-01
3.839290231522159980e-01
5.920005171675127853e-01
3.272909589609304670e-01
5.664952003554830640e-01
6.590572421182940843e-01
3.660369865885871321e-01
1.234667715520672560e-01
5.830960992520244357e-01
4.802696958179983322e-01
4.829676296271541713e-01
3.874726520366434390e-01
4.641272454785933532e-01
3.104540132381918283e-01
2.822390643190332282e-01
3.081073902379868890e-01
3.048250682212916840e-01
3.656015374352666325e-01
4.316233501272118689e-01
2.966849843861611991e-01
2.870295360910259386e-01
4.784208793492578660e-01
6.953006909527958967e-01
2.567361581337072041e-01
3.445769649038520344e-01
1.736312814452240505e-01
4.647503167446387362e-01
3.933691991311868419e-01
3.086559967837779750e-01
3.130229337038129001e-01
4.489311626362949004e-01
3.117593188051325792e-01
6.972579316225662183e-01
3.183280099595104384e-01
4.066394091444555658e-01
2.779876116525792362e-01
9.029279752093367639e-01
3.886550071934371520e-01
3.185636074202677914e-01
3.307469184949192731e-01
2.410249445152300163e-01
5.596614312050282036e-01
2.725804722866453922e-01
2.852633106363487436e-01
4.580865454987877450e-01
7.917680658992919396e-01
3.126766233553384677e-01
2.624831947421859546e-01
1.922833335616037920e-01
3.276496227521705773e-01
2.621285578817215134e-01
4.524246635774774039e-01
2.277586453480692497e-01
5.648694852306382908e-01
3.613549634835043767e-01
3.042946181457603094e-01
4.690062942695993886e-01
3.617930812408376440e-01
7.379089686498380152e-01
6.261096095343373635e-01
2.697058136762545133e-01
1.881602055789224903e-01
1.906082468407047370e-01
7.075622863642568872e-01
7.366298241471043173e-01
3.502372480930887044e-01
3.671401310353428205e-01
6.667133599763785945e-01
7.873789170937908199e-01
4.793627988421725328e-01
3.772580966711890915e-01
8.213107946258533243e-01
3.187551260162094779e-01
4.977585448515138289e-01
4.289715595766420142e-01
7.962896848035133646e-01
4.155157559929605338e-01
2.457842654100927116e-01
2.625525405231515230e-01
3.971352481394261891e-01
6.475816749984432130e-01
7.978126306919079980e-01
2.564142528046300384e-01
3.403006564703859871e-01
2.630059812502186789e-01
3.503448051748980219e-01
3.667203565021744383e-01
5.670498217379924544e-01
4.275536671658855536e-01
4.594023981034277559e-01
