7.252204664722685656e-01
4.245034461506485002e-01
2.082711058318449659e-01
5.382064644505510920e-01
3.828102671898955811e-01
5.272619778739100482e-01
8.273674174575045281e-01
6.291431626847486802e-01
3.556462834246953975e-01
5.224482764883989772e-01
7.355447497748908159e-01
5.726522905844397826e-01
6.169414572483959969e-01
6.676969696321929382e-01
3.164039900416453777e-01
5.370803994554262939e-01
5.698301227651493273e-01
7.116367964534251467e-01
5.994378313559234339e-01
8.028887316936504925e-01
3.826224885175142920e-01
3.609123691300651360e-01
3.436949633422713979e-01
2.234878869795901279e-01
3.899091647724961529e-01
7.528735001068540544e-01
4.626269938902350942e-01
4.319608056106865601e-01
2.277214504821063190e-01
3.313334494912318351e-01
1.888646951127914975e-01
6.574089409460012190e-01
5.867274279117083990e-01
3.465792454576957504e-01
6.400980070701010050e-01
6.636312035238788321e-01
5.705378107488094930e-01
7.280218326151818298e-01
5.088988879403746335e-01
5.045946139658352703e-01
3.115297089859094259e-01
4.330972814035782825e-01
6.122214001601865574e-01
6.642656290811019826e-01
5.497524825900172996e-01
7.683485230024922341e-01
7.628203204191815745e-01
4.761724079628299466e-01
7.552582185101733847e-01
7.903034142940258411e-01
3.872794879906279464e-01
1.599448669730072492e+00
7.659757572704666284e-01
1.631781757617614570e+00
1.572415539345230207e-01
5.728481991260916395e-01
2.810716061096509844e-01
1.121313600890383677e+00
8.487201052405413115e-01
4.980644798223317626e-01
1.863747836523408086e-01
4.478234984227483229e-01
3.230335361807932792e-01
6.080633757012988694e-01
6.309570524549756865e-01
2.897359996222678702e-01
4.026283396350301413e-01
5.652750230914117546e-01
2.471689182269644069e-01
2.336453670032676289e-01
4.847380688848154651e-01
2.491046862800030681e-01
5.101923587509751279e-01
5.801790195174346687e-01
3.766631039446443063e-01
3.612765840272136875e-01
2.372969124763039117e-01
6.995317410195818209e-01
3.745395550204533297e-01
7.608800244081221908e-01
7.549128227766457311e-01
3.494985618344671474e-01
6.133973658037881194e-01
1.133262891472836653e+00
6.535225056888913642e-01
3.636346913991878038e-01
4.450582464648414338e-01
2.211144732244913480e-01
6.072289573319789024e-01
5.903907641271279871e-01
5.659600840347537298e-01
4.950070322030951653e-01
1.370728698039884508e+00
6.053187214577268049e-01
2.222928045508623662e-01
3.634228837955708058e-01
4.342369361024494556e-01
8.296137880380887175e-01
6.554584288898255284e-01
8.719112338720623745e-01
5.480517561436608620e-01
5.351246965777660680e-01
5.999993458089363241e-01
3.013568733071792516e-01
4.128274148349991846e-01
8.010783629400284322e-01
4.493224991027006676e-01
4.629541543004622173e-01
5.034758720604963766e-01
6.629978314119935323e-01
3.525322795894298422e-01
3.401223991055759566e-01
8.126060591586298232e-01
1.219191924605857125e+00
3.397305851476156158e-01
1.803272155667220877e+00
6.202437949035748410e-01
5.689075628001102336e-01
2.773936744795060805e-01
3.210650278382685685e-01
5.070036490628945236e-01
3.528857593364190803e-01
3.125756942148919526e-01
2.975592483839642477e-01
1.106232419614929796e+00
4.516016507358683874e-01
4.593852897545707137e-01
3.142622079951455372e-01
6.224582003975522859e-01
3.420306253786383199e-01
5.496768649506027504e-01
5.465493987480170013e-01
5.903147982537813032e-01
5.232186008767862884e-01
7.066153676124882210e-01
5.782140182487685021e-01
4.333353494920549887e-01
5.541411003131123669e-01
4.028260339391422917e-01
2.620464282759599750e-01
4.356834896931083834e-01
6.292999263709717628e-01
3.583804326506731530e-01
3.124098040735272530e-01
5.716622383514078365e-01
1.582548938255568416e+00
4.566415996335592142e-01
3.348693379284504168e-01
6.772871216568784325e-01
4.471297458899143873e-01
2.026459797762988346e-01
4.270713018276675044e-01
5.567339162508565531e-01
2.319536937668975063e-01
6.914252646250852452e-01
5.156901632979865591e-01
4.647358937259333800e-01
7.796942766164663974e-01
5.156202806650993509e-01
2.639635799940787675e-01
3.755107086982160114e-01
2.882809813757608586e-01
1.872749680359324376e-01
7.442560269264132389e-01
3.125217544197608777e-01
1.163058681456432764e+00
2.279698900313566201e-01
2.998904241898117107e-01
6.696473989181439546e-01
5.280164987640961760e-01
5.977963575208894431e-01
3.249837221277706578e-01
3.791444387127637650e-01
2.149452723750128469e-01
3.169493958180906734e-01
5.902395765769072877e-01
3.862984084013795782e-01
8.995893623559344521e-01
4.646035285416544869e-01
4.579085393160632900e-01
1.863105785479584942e+00
1.184434849691278879e+00
3.716260775594779631e-01
3.950381304772349611e-01
3.265921569260218926e-01
6.232658068148611008e-01
1.028060482734835634e+00
6.433651871586074655e-01
9.284575228725024942e-01
2.373858507093989101e-01
6.615947699118538416e-01
5.918421238697638698e-01
2.173635392517266063e-01
9.577652476438376361e-01
2.241557388064249201e-01
6.064275177882733070e-01
1.398616478642879635e+00
5.820362491435070451e-01
1.001287495356797841e+00
4.540787901039914920e-01
2.125482975040156874e-01
8.686945991177588144e-01
7.863456756036996120e-01
1.093692527939530867e+00
5.214191323594030703e-01
7.013310985392087193e-01
9.401182733134952896e-01
7.202599141047983933e-01
5.151735800331362913e-01
5.491148078375092112e-01
5.284831842123941525e-01
7.950384329475855827e-01
5.056094235341962451e-01
3.853304918473556273e-01
6.542762362986730418e-01
9.977888937326548913e-01
7.599397613267371288e-01
8.574942333080872725e-01
8.064195589219577132e-01
6.152819882010751584e-01
8.445660955166294226e-01
3.168253231099769640e-01
6.652860356754624060e-01
8.874559698560504639e-01
9.273917244686257222e-01
4.080764235326044820e-01
3.447235368688628121e-01
3.015078403067966706e-01
7.238866440181916939e-01
1.525065326503028063e+00
4.316892563697156127e-01
8.970771363910696738e-01
2.640558997402824848e-01
1.063884449251146114e+00
5.660371486772534100e-01
8.277927849876931532e-01
9.415793631520863460e-01
4.996199205833054546e-01
2.855427802827545936e-01
3.525211985925685299e-01
1.104295524547986629e+00
8.888895303320096808e-01
7.093168663743887326e-01
9.881180226188078786e-01
4.472486949282126201e-01
3.211205341462157192e-01
8.587953574413644819e-01
1.492670109217047736e-01
6.805729897052831268e-01
9.570960660944517473e-01
6.598951366481036196e-01
7.622898303467181558e-01
3.126457559537498820e-01
3.996227409176343337e-01
8.488155815718422259e-01
3.058696811183087561e-01
6.389107587875423322e-01
5.117595178060956318e-01
1.041071763144934881e+00
4.298349922182444494e-01
5.793484599009081082e-01
5.814274584196098550e-01
6.799801454683981339e-01
4.141561703318369925e-01
3.793938609620761682e-01
4.949228267167046780e-01
4.799745559768143766e-01
8.407306508778213949e-01
4.429102980870338602e-01
2.283976866382228521e-01
7.118072745265842105e-01
1.037542691006714701e+00
7.046484074570247280e-01
4.690162526420394995e-01
4.692988684177947234e-01
3.543431844385374063e-01
2.734943542939074490e-01
3.636579415861559972e-01
1.041680231398532719e+00
1.112747753084297742e+00
4.170424959451200508e-01
3.698510540583288542e-01
5.395307094200215703e-01
5.314075938148810074e-01
5.244727435796719961e-01
6.607594200361462944e-01
3.691989915134862854e-01
8.403669494883840851e-01
4.990947015009242760e-01
2.375869096236828959e-01
5.172750319215103643e-01
1.048650559146869554e+00
2.961297431954479364e-01
3.816917615310571055e-01
1.856988654235487202e+00
3.125009438471630374e-01
7.136759186043527547e-01
5.655594605800595698e-01
4.743212361561229828e-01
1.406693869171216527e+00
