3.953862729563358269e-01
1.000605015944323162e+00
5.806321341836345740e-01
6.602123760880056480e-01
3.461043848624427710e-01
5.205767388768522963e-01
6.470128048754122396e-01
3.908656353115120274e-01
5.150766112691431697e-01
5.301833517136116392e-01
9.384811903153985613e-01
9.577226903245157352e-01
7.487355980637528940e-01
1.334103987052888352e+00
4.768405692322179035e-01
1.084507998428228426e+00
6.513026595419592057e-01
6.505433056947447223e-01
6.270679055475553154e-01
8.565747790408627660e-01
8.097257931922235974e-01
5.718044233976528057e-01
6.031325940106029293e-01
5.350442191527483571e-01
6.253688024756439701e-01
6.361647310451192805e-01
4.038635828903628378e-01
9.605860659718904460e-01
1.255578715608800522e+00
8.723482536216546901e-01
4.369578258674894911e-01
7.529205958559128664e-01
6.580084751241466190e-01
4.952806385518169763e-01
7.476739268847281128e-01
6.705421287354638160e-01
8.638687969811870149e-01
4.573622334657704847e-01
1.267605671701840020e+00
9.621255375203300320e-01
3.714948385310701262e-01
4.266854682877090355e-01
1.138178534552909626e+00
8.679283664315856628e-01
1.503360864381567685e+00
8.713817520266904371e-01
8.544505914980052852e-01
1.111027305798383047e+00
1.991586199308665872e+00
1.366014693091904153e+00
3.708283481769607537e-01
1.305136529102989940e+00
9.951597996431591486e-01
1.419170339983666151e+00
5.477849346855613311e-01
8.124471992351420813e-01
9.071559945397342783e-01
9.017548784374935789e-01
7.062752843158096594e-01
6.624597454335077185e-01
6.817444024917936884e-01
7.992534095155369167e-01
4.476963149451666513e-01
8.747561989627286039e-01
7.392604575047667659e-01
5.078359294255088141e-01
5.779387634067747470e-01
4.443468390279127767e-01
3.747527411252331575e-01
7.259911487721462109e-01
1.163202744468590399e+00
1.474751947432497712e+00
8.060003428647195545e-01
4.060225483298773308e-01
6.315251132567717418e-01
4.528176559993384309e-01
1.016715974011676904e+00
1.365280142830509913e+00
6.155430481769446072e-01
8.964276770351334855e-01
5.970960457057599147e-01
1.213248023935372233e+00
6.450144226349757703e-01
6.297839205824903308e-01
7.888141394592138589e-01
4.957231522595526019e-01
9.207718254310528483e-01
8.191871158840321465e-01
8.674264126573316691e-01
9.924614196467640426e-01
5.497529912340062275e-01
1.146756334153416601e+00
5.453028760646744244e-01
4.741319381088737739e-01
4.137093426269803920e-01
3.965028544111656728e-01
8.903871958375407791e-01
5.710559881976644547e-01
9.611322974821785436e-01
1.127864527304826447e+00
1.710821038365670510e-01
5.900702655656528961e-01
8.914183513068515419e-01
6.278113724703472398e-01
1.735811392060973013e+00
5.222147299435405676e-01
5.248423856291809519e-01
4.173951214292746514e-01
1.115692479793482184e+00
1.129772106286661915e+00
6.718892567894084733e-01
6.306444077650593671e-01
5.084656260917337356e-01
5.640063637861911783e-01
3.149228822350644275e-01
1.177317095120273382e+00
6.039692059801915480e-01
9.606386945061884397e-01
4.467239123712718474e-01
3.574488923876282254e-01
4.523714509211548274e-01
5.121857981937901760e-01
3.984274807285003717e-01
5.403140127750275523e-01
9.910257470025786164e-01
1.599038686713763369e+00
6.569498225135861347e-01
8.097000956670886707e-01
9.218563265780490568e-01
4.703811002556524401e-01
1.336968371498998609e+00
7.324387177357107870e-01
8.592685164520800223e-01
1.400644811025628655e+00
1.578576342820067646e+00
9.912829286680080454e-01
5.300219121111268139e-01
7.684636933628030686e-01
1.151848460656228035e+00
1.150754355626731895e+00
1.345605205301668494e+00
1.209806205824671244e+00
1.333493884977576149e+00
1.426367637003108202e+00
7.910845842753179147e-01
9.049112867178231712e-01
7.554727147228428308e-01
8.018790672138738085e-01
6.790394458801265465e-01
5.401620452919208004e-01
7.541361913422324204e-01
7.698543977693472762e-01
5.234978019539785477e-01
7.344419205348212687e-01
4.382710345838700117e-01
9.201856381916954097e-01
6.524805292224230557e-01
7.810932714980894920e-01
1.243438074994575482e+00
1.136708861694626593e+00
5.033535152156087822e-01
3.737683229019493902e-01
1.127708349756493478e+00
6.039027976073922943e-01
4.098257797430270299e-01
8.679132610962080330e-01
4.370308174039932991e-01
1.287308821143454018e+00
1.574090678111637942e+00
8.779774969064376711e-01
7.957274949402738384e-01
1.380289227450738565e+00
1.064649313155261900e+00
3.855130562280566497e-01
4.096362707135672854e-01
1.114418093867391324e+00
3.946975309789690911e-01
6.167499921674987062e-01
5.403767820371400132e-01
5.787492335028220358e-01
8.958829216373436211e-01
5.721082216347451732e-01
9.738464984814476644e-01
7.585732818276582634e-01
5.170262710609390133e-01
7.016664400462115925e-01
8.701441466790824641e-01
9.192053433999820555e-01
6.790944460707374342e-01
5.688404893181902011e-01
7.227368954785314825e-01
3.032579340976065962e-01
7.670355984363007584e-01
1.709501683768307245e+00
1.021730081110953536e+00
4.916072180553603399e-01
4.908152641298915153e-01
1.044393474193229032e+00
6.020114013233144323e-01
9.764727063152296438e-01
8.931949562684512456e-01
8.594336732198780693e-01
1.445420363875817849e+00
8.327957647673841501e-01
6.146578762773888815e-01
1.493027867421717891e+00
8.299920857594985657e-01
1.110009923683456190e+00
1.075045179010478469e+00
3.978759304047047030e-01
7.948899249878804696e-01
9.541824249751978959e-01
8.731965263943632927e-01
1.227018516538887161e+00
8.037887693596883487e-01
6.820661104191693136e-01
6.586596091852304768e-01
4.445797346170803910e-01
1.047492933537392812e+00
4.939183861085304494e-01
1.371385567008414297e+00
4.025541700473985740e-01
7.421077569223507586e-01
4.327934189598590664e-01
8.916741215365197037e-01
8.641115437980230185e-01
7.803837170718472827e-01
7.469891516644304730e-01
9.751356313659582664e-01
9.476383221582286298e-01
1.410825808054847252e+00
1.152316470776994173e+00
1.199430395944009131e+00
9.034330473519649463e-01
4.256614485624485300e-01
6.204250313176298270e-01
1.660335376644455740e+00
4.611667111716819534e-01
6.710038754285034823e-01
2.928884078124369128e-01
8.265752931323285813e-01
8.167911383406335490e-01
1.596375401463694166e+00
1.514580720733405883e+00
7.941503764022848078e-01
5.122671392062787543e-01
7.831679728667984008e-01
8.605383354519606787e-01
4.455500325082503710e-01
1.316557255017002159e+00
6.356943605584750578e-01
1.425214173337650214e+00
6.583501272176189856e-01
6.201015328506769286e-01
8.945646418457495752e-01
7.677919041551308776e-01
3.785136475108246690e-01
3.740510936507148165e-01
7.143691449367909341e-01
8.517341133043583312e-01
4.073060386980651426e-01
9.497318686484297334e-01
1.565602981638185287e-01
7.720558739212443067e-01
3.743245839004800124e-01
8.184533199071707399e-01
4.695470060644769683e-01
4.689354752859296038e-01
1.235281155925932239e+00
7.464888441969182997e-01
1.124628295065079664e+00
6.471295506554980426e-01
5.762863874340218295e-01
1.346769609414745883e+00
1.268487689947151331e+00
1.295408327760263045e+00
1.254720169702398858e+00
3.673547137262698214e-01
8.816210895895122412e-01
1.177278482425115680e+00
3.723225226663360310e-01
9.739372890121342774e-01
6.050709388526640531e-01
6.317760968897451201e-01
6.467773951050721504e-01
1.245667315940534037e+00
4.254229637358390992e-01
8.498357731528688452e-01
6.875105669348069437e-01
6.351513153929387867e-01
4.352589430085859190e-01
1.008040026168621539e+00
4.949714307228981203e-01
4.409690685796285314e-01
4.139552750003945847e-01
1.229558365536487230e+00
1.257322639232896888e+00
1.087263337977967703e+00
5.500353911114180816e-01
5.235978106174797864e-01
