1.388374106054942159e+00
9.442514075278238828e-01
1.374677167253356647e+00
8.352357096431065608e-01
1.492340762559169365e+00
1.187686648679492363e+00
6.572131327639104681e-01
1.340496223827721156e+00
1.854518109393179737e+00
7.841010787135815896e-01
1.405754836495157312e+00
9.108549799477869691e-01
1.050376026085653169e+00
1.146296291432772341e+00
2.093209438002288980e+00
8.227580907479646877e-01
7.196376904485369819e-01
1.004674248723159691e+00
1.826380998848544213e+00
7.189821875752100411e-01
8.570572958929965068e-01
1.098045361097936157e+00
1.689344269457203618e+00
1.543941951940293045e+00
7.817337771283838777e-01
1.469044155087070092e+00
1.349408392936235712e+00
2.184305467013083923e+00
8.890367090428993313e-01
1.063250460467623171e+00
1.342033527883765842e+00
1.415829687304051010e+00
1.550144974257988251e+00
9.748084648329905511e-01
2.030273194845505724e+00
1.204230392077823453e+00
1.730380880957248069e+00
5.745023405041708164e-01
1.452423252056247671e+00
1.681106008180308420e+00
1.400523791249182581e+00
1.020815725801159868e+00
2.203085864317307241e+00
1.522112913190030836e+00
1.040969074995965027e+00
1.975697040122762926e+00
1.401314080438831766e+00
1.397462387107067716e+00
8.479312706538619793e-01
2.086969735759611755e+00
1.330151997938383346e+00
4.082369422056498220e-01
1.335105409891991668e+00
9.472291921377167245e-01
1.385459706396866331e+00
5.680649530948741477e-01
1.816760345928411624e+00
1.238267459192649245e+00
8.516725308545167739e-01
1.389725589869359235e+00
1.271424075112034924e+00
1.482253561085285387e+00
4.822396436679501353e-01
1.330292896271299874e+00
1.026441251613305017e+00
9.095410462324041712e-01
5.565832980800642371e-01
1.272703404975390473e+00
5.990212326750236072e-01
1.619218650812323856e+00
1.102401389432061896e+00
4.999624625143733736e-01
8.005480098263820787e-01
1.548088579009845533e+00
1.277963381006678167e+00
1.012226516968030676e+00
4.095317995612538509e-01
9.341396255281672056e-01
7.891548081842095774e-01
6.200917972725146221e-01
7.775731066837220373e-01
1.756987677640287071e+00
8.635176729793532235e-01
1.651961252318883355e+00
9.194355255744108835e-01
1.037177360408351623e+00
7.414360786745585186e-01
1.521166393946860040e+00
1.346552315713226200e+00
1.091930205449670899e+00
1.195705024755997936e+00
1.015647896336633327e+00
1.833375260180691857e+00
1.391647982831276220e+00
1.785635016990388957e+00
1.388536569548987298e+00
1.174672407270113350e+00
7.167147647916036757e-01
1.438815173988738039e+00
1.166627723380592840e+00
8.233295578015583649e-01
1.669234241322403056e+00
7.872566558370304168e-01
2.386410416097903830e+00
1.055668699790145437e+00
1.106797287043191469e+00
1.354094905566397333e+00
1.292729989704280769e+00
6.685075453284863300e-01
1.107555696205046125e+00
7.150129578282807818e-01
1.668992696935702069e+00
8.968320396946531936e-01
1.519187373838527089e+00
1.248037218420731120e+00
5.263489421263337631e-01
9.287568353722581715e-01
1.067730382633582220e+00
2.050689552915685443e+00
7.911428145904493281e-01
9.935958483107817374e-01
5.713547098497602228e-01
2.241724472762165021e+00
1.486035635236168329e+00
1.226374116604281861e+00
1.143633367660990885e+00
8.867225307069576123e-01
7.555548101254555560e-01
9.965364967608790758e-01
8.341915234952665958e-01
1.010762346210945850e+00
9.903924886857145005e-01
7.978743379326274088e-01
9.504564617240119917e-01
1.438344958204985646e+00
1.286864291265112703e+00
1.571439689205914592e+00
1.322715520607075090e+00
1.127928035896964110e+00
9.536446631409316588e-01
5.049920804351951675e-01
1.149694369347150857e+00
1.003287385163383894e+00
5.475410989575498766e-01
2.646582233906668025e-01
1.441108925602728075e+00
8.090242183959662770e-01
1.025332808765835102e+00
5.381543750124250236e-01
1.101228923707014529e+00
5.855087553263591538e-01
1.331365943726809720e+00
1.491044026497547526e+00
1.502402010381782338e+00
1.348114792299460518e+00
7.669132616037002137e-01
6.955810532236956778e-01
8.884885216393541008e-01
1.192144166916479842e+00
1.178821175813765887e+00
9.736989499464290265e-01
8.065070028114194045e-01
2.050719289997640971e+00
5.046874799832617997e-01
2.020210951593022219e+00
2.110195511373401445e+00
6.847594105483433280e-01
5.939409751898268031e-01
1.848300442735020033e+00
1.306233961903450869e+00
1.385814431144924974e+00
2.428893607042169389e+00
1.264961727105994305e+00
6.736850850349591635e-01
1.699628743308676748e+00
1.392460276393888918e+00
1.792629186746331760e+00
1.814100017780671203e+00
1.501228604825391555e+00
8.859187154375482987e-01
9.311738075554523153e-01
1.060924295752298185e+00
1.373298639349049832e+00
4.778539937332291210e-01
1.135644670205063322e+00
9.190665711157455231e-01
2.126683095548558278e+00
1.507332296201506772e+00
6.072993362353541480e-01
1.472670250487503996e+00
1.297683481378573811e+00
7.298251961232284923e-01
1.436146063278818774e+00
1.552998995654534253e+00
1.015080031507739289e+00
1.625652553919402887e+00
1.505065843835935002e+00
6.596824276208622662e-01
1.137790485170225407e+00
1.206817233837978565e+00
1.338262283879100289e+00
1.507242915433408159e+00
1.094048181365805839e+00
1.051779075287308629e+00
7.125710889160585815e-01
2.734315948555875675e+00
1.821010140120267851e+00
1.006715644894948136e+00
7.158588556660708813e-01
1.619149381268973675e+00
1.976866808772585360e+00
1.234355180847777067e+00
1.629034815841753803e+00
1.002140341002991875e+00
9.829285599170506371e-01
1.580571962301779321e+00
1.042867737696771879e+00
1.080428330723739450e+00
1.336870631564813783e+00
1.029538850746760437e+00
8.530590810795146695e-01
8.484099924567449769e-01
1.411130435624462498e+00
1.115680402258464099e+00
1.526108742011726305e+00
5.334644560106088784e-01
5.783860434405834194e-01
1.137828801370577292e+00
1.334209353878315518e+00
1.164809802377947623e+00
1.058858237835052174e+00
5.456146740996234978e-01
9.880105933695787490e-01
5.059137889844768088e-01
1.172413314417442898e+00
1.613854531505823697e+00
1.167511879594395952e+00
8.143308678835882164e-01
5.187131018595575460e-01
1.153423716152794487e+00
5.377682929003094747e-01
1.919242623655036173e+00
1.207907803326005336e+00
1.707632246830359524e+00
1.685905993899342148e+00
1.006682398821678426e+00
1.559892043641283754e+00
2.022461611798379799e+00
8.908017646286396918e-01
9.048959436027339542e-01
1.254041288840773927e+00
9.184092266741745725e-01
7.343871441634830521e-01
1.100534142763987422e+00
8.285373189269845673e-01
1.266777141943146834e+00
9.799803298450827649e-01
1.628318188131960165e+00
1.640979537439030134e+00
5.766509041450211814e-01
1.338728496546200075e+00
7.982924490904846904e-01
1.264051082897946543e+00
1.286645549747863715e+00
3.954821670050085447e-01
5.088836578218572937e-01
2.542486740487202912e+00
1.194156050327566332e+00
1.138978569681666331e+00
1.489026641495485581e+00
8.387944622524786675e-01
1.054525683952717063e+00
9.350896818311648095e-01
6.779226583288843200e-01
1.268471591051743008e+00
1.389097832687210765e+00
1.248790078898666112e+00
5.853082286090627306e-01
1.984454973485637153e+00
1.386674296379746707e+00
1.476164079289540965e+00
1.962366441345116286e+00
1.454076942246045778e+00
4.146029677523427881e-01
1.612733420800258832e+00
1.013907206791980986e+00
7.434870731786069609e-01
9.718393371424746130e-01
9.081757089351069068e-01
4.813918227002161321e-01
6.546470653507874271e-01
1.164455117342080070e+00
1.675969614865313595e+00
6.304824742651544689e-01
1.025312360535379552e+00
6.908181274958133944e-01
1.039885823642406448e+00
1.207187054311628982e+00
6.429546080250495566e-01
1.511177839810205592e+00
