1.385987509176681010e-01
2.049676209540173266e-01
5.443732494503924491e-01
3.727402929583785718e-01
2.238438224021890299e-01
1.827629798076410017e-01
3.999216407141139018e-01
1.559410786954593675e-01
3.979647518917052151e-01
2.373808629765126743e-01
2.410970854475726899e-01
2.594685131507399323e-01
1.664177192245468728e-01
3.262607790825012288e-01
3.129076535476740251e-01
2.114661767886154564e-01
4.765514283028948750e-01
2.897328308807484154e-01
2.752553315837970582e-01
4.307954018957145803e-01
5.814275366230408082e-01
2.341293352379126003e-01
6.640345895061128267e-01
4.558235131647461746e-01
2.363509425444826340e-01
5.355803826869924844e-01
2.268820727767298928e-01
2.236971262485847600e-01
2.427255066012951601e-01
1.815544440500699297e-01
2.058258588503706354e-01
2.841981637512618342e-01
2.461818159865457878e-01
3.942148377595354747e-01
2.113256908738918582e-01
3.607253159038293910e-01
5.521405549210518515e-01
2.379750982290673444e-01
1.988891796676258428e-01
2.617491774788720527e-01
2.389231626826856525e-01
1.542084194852852141e-01
2.312982706549865097e-01
2.123052923592347596e-01
4.126683400404487778e-01
1.772090492031841713e-01
1.753699860754918405e-01
8.015713550401233345e-01
3.386676416654518240e-01
1.380963279147288947e-01
1.481918392105611160e-01
2.070785520903100085e-01
5.890794675492331267e-01
6.448107308543460370e-01
2.490796746335436074e-01
3.412779521918291037e-01
2.685429330892221134e-01
2.909967581556588412e-01
2.399725085418937254e-01
2.542866259458717026e-01
3.575516869912775952e-01
7.397644008715198449e-01
1.746513765273319807e-01
3.655676446134233926e-01
3.294732585939690317e-01
4.114812413624245879e-01
3.289921710127049481e-01
3.436791625732462663e-01
3.933310705364547188e-01
2.549587730934804730e-01
1.059493063279325131e+00
2.953982759558328453e-01
3.366217636572858551e-01
2.429056283505745817e-01
2.632418442508893119e-01
1.562165439294164182e-01
2.146971823227388221e-01
4.846697885959751484e-01
4.888358784632552134e-01
2.406943840602019935e-01
2.694794426091058903e-01
2.188729340684492097e-01
2.593534449619639970e-01
5.253904682568794060e-01
2.041727711242062315e-01
2.453179337595720322e-01
4.514626319672446209e-01
4.325635329888825042e-01
2.680316773320415291e-01
1.676373804320461236e-01
6.190447395521310181e-01
4.409270644087658342e-01
2.224912148720877558e-01
4.292808864927616375e-01
2.228881110253799203e-01
7.853878876594451164e-01
2.599304176991925619e-01
2.826966353059411352e-01
4.491315269020041967e-01
4.866554409987810526e-01
2.626280351541028235e-01
2.335402351816044664e-01
2.773916496314356439e-01
1.789724189973415369e-01
9.761515212399961283e-02
2.207505694003291941e-01
2.071111234173278748e-01
3.667529066808145055e-01
1.157639547670560459e-01
2.959477386822615408e-01
2.242672458287005843e-01
3.314857695836271323e-01
5.048040083574391046e-01
2.403651631998032778e-01
3.141096364246355188e-01
3.111853813070715735e-01
3.728090364155690617e-01
3.593696977843611751e-01
2.329217631430663682e-01
8.405554796325627465e-02
5.763179435790736216e-01
3.203028577923988651e-01
3.791750727971009427e-01
2.501690498422524667e-01
4.001828108131383344e-01
4.686857552251963988e-01
1.896237257649768526e-01
3.304273807364771498e-01
1.917826693562346974e-01
3.716872142471641105e-01
2.272428106265486913e-01
5.105903315680191401e-01
1.433145627724347337e-01
5.800319093880633714e-01
6.888761111214967148e-01
3.645534850245747971e-01
3.893486778128714132e-01
2.928277787477915894e-01
3.752130616672938457e-01
4.414592413121137260e-01
2.070902968164118618e-01
2.149039101960502907e-01
6.458179009574871454e-01
4.297507214492291561e-01
2.656859615529270635e-01
4.931343534950010654e-01
1.328103689680312227e-01
1.916458009435818566e-01
4.443619057499064717e-01
3.368990481274345417e-01
5.348895500179908780e-01
3.758412170945127917e-01
7.500249592575184421e-01
1.740976692108478774e-01
3.766539094470459093e-01
2.550903037054454425e-01
3.911474974040800023e-01
2.869440455879673224e-01
3.352372902182074177e-01
1.314351177083208644e-01
4.103317864909869495e-01
5.881532346830151692e-01
2.410760237034819953e-01
4.119556288152967927e-01
4.160056837002427121e-01
3.837845543985246577e-01
3.738089970015586738e-01
2.490363248916764582e-01
2.491740536475544054e-01
3.383414145726209576e-01
2.480060714443172443e-01
3.119776380513225589e-01
2.475416759618672413e-01
2.862172197509628702e-01
2.564879606999707629e-01
4.929529662453668304e-01
4.518778356936295482e-01
3.824856363505984014e-01
1.213418937148503657e-01
4.687791884523121455e-01
6.339703251539419160e-01
9.161163217804713099e-01
2.358800651653994995e-01
3.684201687561134975e-01
1.329961772539400289e-01
8.426629099420639424e-01
4.253185264767282425e-01
5.337602633936894270e-01
2.315896306132340099e-01
5.068098904732144527e-01
2.252607039574942016e-01
3.393321930783027573e-01
1.776924518706156086e-01
2.917625785648413350e-01
3.409549095642570027e-01
4.277733391470110447e-01
4.686343314815805683e-01
2.156506267123760867e-01
1.649790214292964075e-01
2.489891207366634329e-01
5.805418697235056325e-01
2.756837519567483241e-01
2.437252439872825693e-01
1.929408812071266577e-01
1.607034509832554747e-01
1.721910073453444545e-01
2.855136140298189518e-01
3.379823355808013186e-01
2.083070332925309742e-01
1.807099694466826612e-01
3.279302647043745300e-01
1.611342763376526210e-01
1.463158179712483742e-01
1.461715899914625694e-01
3.203527126401430336e-01
5.449643464503337587e-01
3.316563285816395701e-01
6.522038376804220050e-01
1.141456404669143193e-01
3.383701430344815408e-01
2.799727961992198866e-01
1.715193096873937062e-01
4.422428800699956253e-01
1.981290821627080534e-01
1.653963556573572191e-01
3.572195194786100814e-01
4.433073122925829668e-01
2.326908960707449736e-01
2.596597480873835129e-01
3.606911563141614874e-01
3.097319618205676695e-01
1.522003882471999470e-01
1.767396457984127534e-01
1.877528201707590327e-01
4.119550053327714623e-01
3.040317235885921510e-01
4.186406041700136416e-01
2.592275774319234838e-01
3.439748705237163917e-01
6.369441105116294688e-01
3.877325226806871417e-01
3.255467836132522885e-01
3.343849236288346516e-01
5.307618487084735381e-01
4.103737580810790653e-01
1.896607150007146025e-01
3.686799802666155812e-01
2.576977732165131596e-01
2.766402186951917308e-01
4.379225009935042157e-01
2.758627291885856203e-01
2.811422184906375854e-01
1.868762262170582944e-01
3.368629169857496053e-01
4.772262218680169976e-01
3.029762330279504035e-01
2.768085600437331095e-01
2.240344465937845198e-01
3.962447053664668872e-01
2.627175357769171438e-01
6.615698419876600012e-01
3.811077896785429187e-01
2.059037577263047591e-01
4.669993462555572794e-01
3.152302740304404050e-01
3.471434096570018002e-01
3.496877420532749636e-01
1.485995681566175675e-01
1.757525720433335270e-01
1.495086339292120425e-01
3.047623129580661616e-01
6.008714292543257951e-01
2.326090904415853422e-01
4.223347319129089339e-01
3.539486109157120586e-01
4.672077554889711992e-01
2.453262088317242351e-01
6.154720998844896984e-01
8.595487788288026509e-01
4.695154813819916728e-01
3.228214876045399917e-01
3.024719874688904797e-01
2.889242602193998199e-01
2.327261515397517355e-01
3.288995764866193272e-01
3.681145413323608784e-01
3.283793154093553324e-01
2.835294418327786725e-01
2.563985160776647287e-01
3.625159720459391055e-01
2.733922555580789449e-01
9.856677314444266258e-02
3.007915159321650767e-01
6.992105473135539206e-01
2.661853877403352886e-01
1.857732657933769960e-01
4.745168437430371533e-01
2.855328161034568213e-01
3.697262857084790411e-01
3.727083852881866166e-01
