3.278205739808338071e-01
2.925628534340575237e-01
4.308113303725581988e-01
7.221257611931544140e-01
1.800158051523757519e-01
2.542557524550215775e-01
3.986964808025385554e-01
2.510848576417097355e-01
5.484231137657450406e-01
2.456610783189715208e-01
2.887990765640383040e-01
4.816750866221233829e-01
5.768468521682071914e-01
3.468031147123018521e-01
2.974457306166231052e-01
1.045905126417587816e+00
2.030466127451377722e-01
4.483319410431568786e-01
2.086331270202266830e-01
1.867057056876864352e-01
2.964440584622026198e-01
5.381561841367502597e-01
2.016735859952203391e-01
3.864676955189927376e-01
3.703319785352658378e-01
4.033831360949501899e-01
2.356798335568191793e-01
2.810049260864790344e-01
6.371562279510460947e-01
2.477921700693769269e-01
2.154157446297221834e-01
3.684298204051313363e-01
3.165423551526307389e-01
5.352218634146830301e-01
4.349976720542815256e-01
1.507982507781462644e-01
3.883017251078862975e-01
3.487661020385641186e-01
1.327696494725003895e-01
7.614541325516019921e-01
1.466805267203872554e-01
4.116998246218486202e-01
3.600170770947796473e-01
2.680585238586695174e-01
2.799220055853317568e-01
2.027713646403374315e-01
5.532819483633886204e-01
4.617311632632914997e-01
3.947266327522552798e-01
2.903745878338971353e-01
3.203640167162833952e-01
1.662820684088333612e-01
2.574428739975832547e-01
6.116347462642282018e-01
2.259584144357333624e-01
3.391305263441295459e-01
2.840571047066690058e-01
3.607501483304894063e-01
4.347715077815441642e-01
2.855072169341087429e-01
5.167292601663087126e-01
1.603300380980253736e-01
3.562472424877290988e-01
3.358605354896866957e-01
1.770692893590958550e-01
5.670206533287369677e-01
4.498953676526046275e-01
1.997683274639300011e-01
2.144854116774146113e-01
5.089295279036297748e-01
6.718886264114760642e-01
2.891298686930234285e-01
1.176058689187243350e-01
3.909666816639949527e-01
3.714805294879259256e-01
2.249169979265680241e-01
2.894828250905945866e-01
4.935446956755330516e-01
2.456834424195756261e-01
4.887035817432541784e-01
2.060024425285461591e-01
1.515670265990348708e-01
5.483194004210054651e-01
4.616080050874765695e-01
2.946829164416667757e-01
3.186659621679351351e-01
3.304987328974088867e-01
3.110305428294263819e-01
6.888404521045251583e-01
3.137522277809356441e-01
3.339547170277423760e-01
3.036966723756715503e-01
2.477793559624337505e-01
2.433336908116592590e-01
2.351388926502570309e-01
3.759665037257168829e-01
3.387507651397213548e-01
2.231733265510771336e-01
1.990968584833676669e-01
4.286716268498201865e-01
2.807011194058561809e-01
2.834951168427179979e-01
3.737062282405381186e-01
6.363242946065721384e-01
2.536332570453649904e-01
3.968030672222402355e-01
3.299473111358469102e-01
3.845635676591061536e-01
8.825119600243920281e-01
2.583379952917543854e-01
4.176659742225309890e-01
2.623929554539256026e-01
3.184654927200547547e-01
3.657877446199553906e-01
4.244103741995979284e-01
6.165739584393773454e-01
3.194978762762092916e-01
2.847363712823592907e-01
2.729646801846846160e-01
4.184198378743621549e-01
4.137668479728568438e-01
3.390396327633098394e-01
2.436637734812223954e-01
2.205170106091631499e-01
3.350747818600408046e-01
2.805776761404010777e-01
2.138665822758975543e-01
2.205763242882962105e-01
1.726849749576380988e-01
2.183224258334810763e-01
2.658639843149357973e-01
6.458712492116118753e-01
4.126252128061582147e-01
2.057820762896094280e-01
3.255752693666644215e-01
2.022447996037598505e-01
1.707600216574665930e-01
2.280778712949260989e-01
8.299244461111200399e-01
2.939928083643034151e-01
4.757231386094508685e-01
2.789634524178444819e-01
3.625125771773594074e-01
3.655648922767541498e-01
4.005684574446772284e-01
3.667512438207761183e-01
1.955315503701742508e-01
4.160067993556126331e-01
5.447745734167639409e-01
1.881825692328076283e-01
6.703224649444972094e-01
7.871118544615413049e-01
2.662546058784907577e-01
3.204776334213281230e-01
1.583063861539794337e-01
2.305781710895216385e-01
2.450584479340856825e-01
3.004563893529770824e-01
7.251726506509735826e-01
2.819288614699395623e-01
3.406946594883841217e-01
1.373026296825267667e-01
6.137490974457590065e-01
1.892634431174897158e-01
2.214189401450869787e-01
3.379392692789559560e-01
1.273500360188275504e-01
1.735887894302050316e-01
2.467290519788369885e-01
1.894727948202673262e-01
3.365943399705219607e-01
3.172545490317372763e-01
1.940776460427920125e-01
3.108622930650737914e-01
3.649579481152687710e-01
6.864361282174654688e-01
2.041254885869248914e-01
2.873815376246318110e-01
2.443955045859518005e-01
2.789784264175915740e-01
1.839706414408911750e-01
2.294884561730541617e-01
3.064867460901327667e-01
3.612340649680779725e-01
7.928290466956846583e-01
3.959110230511294071e-01
1.976441179760995703e-01
2.159581297201992878e-01
2.476095086204509743e-01
2.760941555268654479e-01
2.347144662747612798e-01
2.431366471790480099e-01
4.741678334748929413e-01
2.961181223524690376e-01
2.321035300962858428e-01
6.394456689892642487e-01
3.908222508042603072e-01
2.826600039512505158e-01
3.689676671847270661e-01
2.535900340251545093e-01
2.370016002607752692e-01
3.022322362098747162e-01
3.629330002249013254e-01
4.703829381674378696e-01
2.046171388990331297e-01
3.628992995756867290e-01
2.312506929322887261e-01
3.408201815025887482e-01
5.232222199968318277e-01
3.466381794991763576e-01
7.082632406309409268e-01
1.760474606730505487e-01
3.441417133601875622e-01
4.540278055846561078e-01
4.601238638481970900e-01
7.881647465736663083e-01
1.603491711216978588e-01
1.473587898367043902e-01
3.464560834426262947e-01
4.426670885389172860e-01
6.705459667467461582e-01
1.970765982590286514e-01
3.232998864926580618e-01
2.385917539443714042e-01
2.166101670635063592e-01
3.133151138410723568e-01
3.354688061711181279e-01
4.688177291102761379e-01
2.495197289173729793e-01
1.341527110967536407e-01
3.988806904189939884e-01
2.305469724464929704e-01
4.397784537632269952e-01
1.404593441396960740e-01
3.331782634546664457e-01
2.967682629258766580e-01
7.963888476148152373e-02
4.897137405613097294e-01
4.182271596254230062e-01
1.133241970057304648e+00
4.358453275974538133e-01
2.470527123076939890e-01
2.974984805912002650e-01
3.510996070864334517e-01
2.720248663497319974e-01
2.323945605627285860e-01
2.008668464610758320e-01
3.302586806231875283e-01
2.357016829518002454e-01
3.120456603502076431e-01
2.742411966220303920e-01
3.162818630565318312e-01
4.496217170502814775e-01
1.517505625918714462e-01
2.368823133725637964e-01
3.817272391726169167e-01
4.692929705638219096e-01
1.964657543601907863e-01
2.163530774306733073e-01
3.852199106061553469e-01
3.861764043929867829e-01
6.815540914789173232e-01
3.815400263465016928e-01
4.181881936578361048e-01
2.937676203819313825e-01
4.025606249714440144e-01
3.514707368354838546e-01
2.967556589392540412e-01
2.357511129497791291e-01
1.714832275738708833e-01
3.452428268496309793e-01
9.634417540498425581e-01
2.188236638187623095e-01
1.885563770193765532e-01
5.471804234367613207e-01
3.627383696011503567e-01
3.122970083817882547e-01
4.660735245477405919e-01
1.389149522834753625e-01
2.478865412895192855e-01
2.147793168513061346e-01
4.015046221921376723e-01
1.484514883290692366e-01
4.088644758035012150e-01
3.240691694036584858e-01
1.845612305616371185e-01
2.252794075499866822e-01
5.071479481404399525e-01
2.103804598959048977e-01
2.142469835481521367e-01
5.269924241717729441e-01
4.231748637684418779e-01
4.009273310722563655e-01
3.890138502522177411e-01
7.740592881222246868e-01
2.975649444838271429e-01
2.440935484731620309e-01
4.395392034051452401e-01
4.157503215788801998e-01
1.505694567433868980e-01
