1.623204776084324341e-01
2.903962564683456593e-01
2.897228157682126826e-01
2.897387484130886648e-01
1.761727222254052538e-01
2.536911003362717909e-01
5.122949378539582987e-01
2.167707066504879487e-01
4.498537131868149408e-01
3.025652862881923477e-01
8.944935548139200110e-01
2.129141921117356229e-01
2.764090280967116953e-01
3.407890084636372441e-01
3.206074549985125088e-01
3.637224111004991878e-01
1.568513025007835515e-01
2.022706872939812606e-01
1.325094274396233784e-01
3.919215659652292016e-01
2.835138647654033006e-01
1.936493602623604871e-01
3.762721575692700715e-01
2.905964386000786104e-01
3.697997009422001047e-01
3.735988286157497229e-01
5.210916285965092598e-01
2.845159009136082329e-01
2.809742205100890233e-01
1.895867799595596648e-01
3.267269286048841148e-01
1.451251593884302638e-01
1.520153175607031337e-01
1.099165386278997125e-01
2.720410542643171281e-01
2.404119375836934747e-01
2.885392363911134517e-01
5.210385881762433780e-01
3.729821368004123117e-01
3.165759359361976499e-01
1.906204074895476441e-01
3.727884940940873748e-01
1.560928238005138413e-01
3.108462818893188984e-01
2.260567294343572009e-01
3.335361308854238316e-01
2.800509267327478957e-01
3.424191822431341681e-01
3.639183332255656600e-01
1.691886775209208993e-01
2.396223053070052345e-01
4.301064215311650174e-01
1.852210864327711870e-01
3.033382269337707160e-01
3.736888814543389836e-01
3.613470558462548166e-01
3.522879998938126533e-01
3.478396833935602506e-01
2.080855675110068193e-01
2.133389398166486428e-01
3.894055576815796393e-01
5.126422662394871654e-01
2.269806348569745336e-01
1.903841795915013069e-01
3.030192532239142089e-01
4.940574281629053766e-01
1.240140334054045529e-01
2.276514593980742684e-01
3.501601477056903722e-01
3.811458939089101827e-01
3.922726700009483980e-01
2.893910294818821671e-01
2.825896929544764458e-01
3.079417175492612513e-01
2.164177120411103772e-01
4.246522057811326634e-01
3.803506619973071601e-01
4.643313977586902563e-01
3.246856921841030919e-01
1.884429642243697356e-01
3.153561593205149172e-01
3.258725892095247767e-01
1.417708999147619942e-01
2.673023253145474509e-01
1.549460746881621553e-01
4.550841324900959939e-01
2.231407841812882431e-01
1.914229726090642403e-01
3.145657487583090606e-01
3.586912534342667214e-01
4.719622074446999105e-01
3.071889961328787000e-01
2.709649617496960872e-01
6.352486349804891130e-01
2.255124507301721482e-01
1.575786180788780189e-01
1.354409186925305542e-01
5.857712105617732812e-01
2.284662869607834157e-01
1.690629179310193519e-01
2.509306758525994274e-01
3.438119921731802031e-01
3.807164685837177154e-01
3.207607835455150158e-01
2.463101942172072623e-01
2.170877379818348663e-01
1.776538329999607368e-01
1.440407757719903148e-01
2.962973470132442277e-01
2.672174741394683362e-01
5.817499304360920220e-01
2.966311416047786587e-01
4.361510660933916594e-01
2.430341987925808134e-01
1.864179814649704892e-01
1.561826265528134527e-01
3.206474665679266423e-01
2.292471574032445836e-01
4.034562422157410011e-01
1.902125775660518103e-01
1.149040055720139397e-01
2.912144208652509558e-01
2.554718927378197835e-01
2.460322728836118189e-01
3.686474476599523320e-01
5.221248821716131250e-01
4.230519085091121734e-01
2.990494856600944273e-01
2.534822762715459032e-01
9.488938451743215985e-02
3.169243875344006645e-01
1.515980886583221110e-01
4.405836391065960367e-01
3.194865570355928108e-01
4.870603466444732854e-01
3.788925174601385781e-01
6.292390909061899018e-01
2.915502035410765802e-01
3.935478856208872722e-01
3.637986711101598991e-01
2.256334966645316131e-01
3.015201108639881666e-01
4.341270694029746302e-01
1.998816744207527751e-01
2.988481496615617572e-01
4.928752886833434044e-01
3.747727583401848639e-01
2.289292020542739725e-01
2.343411692107329469e-01
1.700830582292927329e-01
2.753966713379899511e-01
3.644920870033018789e-01
3.880814631728462527e-01
8.196589725444073382e-01
2.014256179557357140e-01
4.298696980784568189e-01
3.287828476768771546e-01
1.641788306388918262e-01
5.040207911800308471e-01
3.788508773272408758e-01
1.454809668486326812e-01
2.631780152266045558e-01
4.224414165501948482e-01
1.094086294325371245e-01
3.341778925895947938e-01
3.114924096725424918e-01
5.242695575481018944e-01
2.385947975727178150e-01
4.240720328346633261e-01
2.477774246095200139e-01
2.204714446594511212e-01
2.967330063023552733e-01
5.663252312946414069e-01
4.309630327375690295e-01
3.002460244904493480e-01
3.463485013154189440e-01
3.038274426621873081e-01
1.442058498388237853e-01
1.742123087671400561e-01
2.488896177395663878e-01
1.882115197650958416e-01
5.108848866185146109e-01
1.736460193973225763e-01
2.691910888383278744e-01
3.427456085828328169e-01
1.960653886134824386e-01
2.061968941627731478e-01
4.156647745867110277e-01
1.871766368883694964e-01
2.788593252161075675e-01
6.221916027753530143e-01
5.093308249013785982e-01
2.727969619296643500e-01
1.330797758303582934e-01
2.794075027906525177e-01
3.445403774373752559e-01
2.937660314338427225e-01
4.965487927295733628e-01
3.002942899218848383e-01
1.998528401875543370e-01
2.730548252476650561e-01
2.475205403077703203e-01
1.639526574969880912e-01
2.430306770347580025e-01
2.243545293189467271e-01
3.493037874149637623e-01
2.462147797394137472e-01
3.526692338583627406e-01
2.586941181055220085e-01
3.721279912890324559e-01
4.934461123253350845e-01
3.202166959542220304e-01
1.690892325324556134e-01
3.830632046558202775e-01
4.588584235144819723e-01
4.807148950135129439e-01
4.272725799821845416e-01
2.808513023861552993e-01
3.449332776820856483e-01
2.732034633773923749e-01
2.781401842753332687e-01
3.448719554675314103e-01
1.825601463070761765e-01
1.524757798386275065e-01
4.267309012265338986e-01
2.297973551363489686e-01
2.441754076942823370e-01
3.189563751631097621e-01
4.248170679918858994e-01
3.239177805882971772e-01
1.583839501206761868e-01
3.179829270674315866e-01
4.729447047915955604e-01
1.704155840932352617e-01
2.072659697057784856e-01
3.116033091618443662e-01
2.823299821738456949e-01
3.173979805242941876e-01
1.727743412738073081e-01
2.933196605285600667e-01
2.724451050129033658e-01
6.145651771095321791e-01
4.865557666172907747e-01
4.040017683881768074e-01
2.919884813969022552e-01
2.075830000187455227e-01
2.245170905161622821e-01
5.449199544668166251e-01
5.120548856679854044e-01
4.639881131981263840e-01
2.115170258883012633e-01
1.943629159180010335e-01
2.166732942605776313e-01
3.046511985203653738e-01
2.430931650373376884e-01
3.597865288214031620e-01
2.583691860571328824e-01
2.436161183405839703e-01
3.067536689591019994e-01
2.708358791086696304e-01
4.997349433759163406e-01
2.869493976091209708e-01
3.086496507778286880e-01
2.968783768062824291e-01
5.475190980307199640e-01
3.188573270191424891e-01
2.295591173810213881e-01
5.886778567682090513e-01
1.991726484864243529e-01
1.959031285647294673e-01
2.213399121126896074e-01
2.950182723154841091e-01
4.858459438291005683e-01
5.873425005550325650e-01
1.894190853646626205e-01
2.046085983265485408e-01
3.388055969019408420e-01
2.229199327667408803e-01
3.025355753632930078e-01
1.597826051682862125e-01
3.478932347279267701e-01
3.166548062337373737e-01
2.626578977031409634e-01
2.749512946877745168e-01
5.398947604632138297e-01
4.568970972039139711e-01
4.160589858403694885e-01
9.058203774078332771e-02
2.833891923605361129e-01
4.080880702976692476e-01
1.940448639665187658e-01
3.549365174142254942e-01
1.770109424414522958e-01
3.088510805548999594e-01
2.040039621746872200e-01
4.398477414096174098e-01
2.371216601984204586e-01
2.098310128891328619e-01
4.617596746645184491e-01
5.083840062337892096e-01
