3.206358215664064093e-01
1.991312131712376643e-01
3.194218224918639049e-01
4.495774411252191904e-01
3.664040957298860257e-01
3.662229735919545481e-01
2.982458372393149149e-01
2.644540593852272026e-01
2.099384881618414356e-01
3.999677383980571599e-01
2.176465036930363417e-01
3.475135573395045641e-01
4.291341520621684835e-01
2.042944750594474779e-01
3.470956015649476756e-01
5.000474692785534803e-01
2.297570151821221596e-01
5.282312587648779756e-01
2.658971681827447253e-01
3.160977498241460681e-01
1.410344447993271133e-01
2.569108289175092152e-01
3.397271937684033238e-01
4.348304182686187902e-01
2.567075035292624707e-01
4.173480732887666633e-01
4.755321083491687584e-01
2.589151015598845085e-01
3.084085736070399375e-01
2.533843544739706188e-01
3.052503852267689499e-01
1.351247831728730198e-01
2.624528618010368297e-01
1.737041332713309405e-01
5.737033377896626485e-01
2.017709712145036027e-01
1.450710689649425955e-01
6.081543306007832772e-01
3.244812054015570046e-01
2.903517096652561413e-01
5.696820208595929635e-01
4.581016683993167082e-01
1.575129186118552349e-01
2.647339676129663033e-01
3.104042859083348538e-01
3.521268898800162250e-01
2.258638224622097901e-01
3.135673409209944751e-01
1.453504928318440081e-01
2.733176815169032770e-01
4.421159967351449560e-01
1.731804213007053506e-01
1.564370145674817969e-01
5.974842389668938436e-01
3.182326775242865780e-01
3.007186476071313508e-01
3.183304541866546766e-01
1.490949828526025589e-01
4.157789399214036341e-01
2.971702333249066075e-01
1.519267254826872360e-01
3.019130374324814348e-01
3.748874459555048833e-01
3.218000764284357218e-01
1.831671703423131126e-01
3.623998994799957352e-01
2.421654581417836682e-01
2.359785162690203331e-01
3.640181521640129536e-01
5.389604210665971395e-01
3.409183328557722770e-01
4.600515745664296441e-01
1.263615758282199686e-01
2.182689218961201272e-01
2.039957628509243559e-01
3.042410059199193717e-01
2.419683568285955488e-01
5.043508052445203615e-01
1.561865174468529682e-01
4.149804163832829240e-01
2.991354713496938711e-01
2.674443036307506683e-01
1.710018013508189938e-01
2.737466174141882091e-01
1.717396215180784502e-01
2.332164032109688145e-01
6.437135482032181333e-01
3.597630776428556443e-01
5.708685343665316214e-01
3.970080432332959153e-01
3.862911194200390752e-01
3.275670006089738684e-01
2.296199879298392588e-01
1.430130486705226411e-01
2.023995007436194260e-01
3.298921770674259069e-01
4.571075877951801258e-01
1.226413397184589749e-01
2.476263568801334025e-01
2.370026100975072547e-01
2.725882774723971114e-01
2.475490472441618517e-01
4.324005592437852874e-01
3.097094366965124634e-01
3.635248379956886877e-01
6.346215784035761365e-01
1.970409883703310439e-01
3.555487249024995022e-01
2.960834171177655905e-01
2.270659032319866100e-01
5.224916716162547603e-01
1.746680871506575139e-01
3.142173166826723318e-01
1.103965808482551408e-01
1.886310476896809474e-01
4.339532359947440021e-01
1.874178774811878778e-01
2.123959645545493991e-01
1.536875441676670007e-01
4.261393278151356379e-01
1.808790051439470581e-01
2.655525048556034440e-01
2.934056743618746466e-01
1.084221997346544314e-01
2.581158267082414581e-01
2.041389572028035337e-01
1.752935689136241315e-01
4.239908792943123950e-01
2.355670037109863502e-01
4.504804632999984682e-01
3.269001958940018771e-01
3.183564085302660884e-01
1.888192334738209022e-01
6.930138709189560542e-01
2.321466499363138425e-01
4.457652211882288107e-01
1.740239785522904592e-01
2.535920275398829693e-01
5.176362296247175587e-01
5.347372326176432766e-01
2.905326432319111918e-01
2.406648538154939065e-01
1.277405220324239199e-01
5.522209419726467061e-01
7.154254377245947705e-01
3.485684257280332599e-01
2.266163726374145482e-01
2.316207108555571048e-01
2.567968720313759112e-01
4.119269138516257200e-01
3.589399152371681723e-01
3.300343589319577053e-01
3.476200764278279398e-01
2.868974632307812467e-01
4.856882901940706709e-01
3.744351777226107014e-01
4.174643162812260999e-01
3.707372772943986483e-01
1.953348206511555107e-01
4.781337956028314795e-01
3.201708328043534335e-01
2.253747072312616007e-01
4.305394554674047969e-01
1.477716762524573790e-01
2.363116244831319213e-01
2.702768042271506133e-01
4.197851850175168265e-01
1.364515587290707488e-01
2.172032727041090794e-01
2.861230826561916851e-01
3.883381684552345559e-01
3.749740253489913244e-01
9.081495784528753612e-01
3.171784649847977922e-01
3.593001252683152846e-01
7.212789910249491898e-01
4.300423868204974465e-01
2.231548378978369385e-01
3.846927305527629848e-01
2.751570545261645129e-01
2.992046079990289265e-01
4.588946157441715079e-01
2.325999396216048565e-01
2.133268318025203503e-01
3.503206713595593547e-01
3.178043508587997112e-01
5.277644851471725573e-01
1.670237347708237730e-01
2.092225737771231109e-01
6.577945719446709472e-01
4.014957233558298921e-01
1.791412341582860335e-01
3.491617682651880217e-01
4.477263754669940088e-01
1.049040208590487910e-01
1.391805015915099364e-01
6.917189011274612609e-01
3.522271470443971708e-01
4.247371673285909033e-01
2.125868245775026366e-01
2.027046743802344009e-01
3.409599657747442447e-01
2.261665575891505520e-01
1.976260806969477313e-01
5.820269706471000726e-01
3.732487822165457825e-01
2.554826149158373472e-01
2.649839843490497948e-01
3.092426251320937181e-01
5.375947486554280008e-01
2.559061163849229992e-01
2.344608831659990289e-01
3.651098753610186320e-01
4.650374524588051228e-01
7.520587830980773880e-01
2.831921481042701250e-01
3.729760801204978771e-01
3.128534210944431959e-01
5.257867918573837507e-01
3.490302808420606140e-01
1.605590403094283858e-01
4.009280892122151219e-01
2.484413231775938480e-01
5.321442083267459155e-01
4.448573322001819763e-01
1.422745826746250331e-01
3.781949952835961248e-01
2.238322542220210765e-01
4.411388697838754536e-01
3.398960616243518751e-01
4.446782380176038663e-01
1.974047864751384551e-01
2.916157565595354217e-01
1.465238338573008892e-01
2.771666644463172124e-01
2.607249230050773248e-01
4.010199063531567076e-01
1.508307250524007492e-01
2.592825901526501498e-01
8.398673722536968977e-01
2.895477290226169398e-01
3.597500725680162770e-01
2.602040452913714774e-01
2.143054657338225033e-01
3.666653046643563174e-01
2.216974903936213825e-01
3.057754735852179495e-01
2.573452268829705125e-01
4.023519406854655922e-01
3.106407314948326781e-01
2.620328687337629137e-01
1.766004792852556848e-01
3.988075666013678466e-01
2.497511520872767732e-01
2.261957504211200010e-01
2.841576631904573214e-01
7.555503713205671268e-01
4.549418635298628777e-01
3.807857239095375212e-01
2.830911922816169990e-01
4.913027334519686762e-01
3.567540493445124361e-01
4.559591461567635284e-01
5.590916112287014350e-01
3.460645189596703308e-01
5.457518931714701038e-01
4.172357859978035322e-01
3.508391242340961891e-01
2.064157518163707294e-01
2.308023463213483839e-01
3.569746704498633072e-01
5.637520104134305932e-01
5.562181444200370306e-01
2.487431271076536443e-01
2.125990884552718951e-01
1.320672904386359092e-01
4.388154462730046168e-01
7.701474950701475697e-01
2.006011017342365921e-01
1.667733926989312943e-01
2.423751850642888173e-01
6.358858531151043714e-01
2.570406534767098461e-01
1.608158613501957102e-01
1.387770139560560723e-01
1.244289827664210035e-01
1.980751801890525965e-01
2.265679759950077754e-01
1.272956387935564593e-01
4.345924223750934901e-01
5.383895603191027890e-01
3.982668144923112163e-01
1.063052963266092749e-01
2.461703463082423604e-01
2.558756371951906861e-01
3.909500040353822703e-01
4.569940118944205154e-01
2.432167360496070851e-01
3.696429477295342103e-01
2.986725799273881599e-01
