6.519333924917734002e-01
1.624082695252984765e+00
6.293800140484481220e-01
4.095635492813676226e-01
1.072047509628186290e+00
5.514209555970397414e-01
1.009504221767385967e+00
7.556980579000290854e-01
1.135835120044298874e+00
1.551440530012188068e-01
6.057813301177636944e-01
4.103574360321847192e-01
8.771213932234261934e-01
9.143451097257531135e-01
5.678940638340471692e-01
3.579685707485676938e-01
2.692194200749798982e-01
5.616892390453257500e-01
7.117004358669327679e-01
3.020745754664706517e-01
4.062357091335956349e-01
4.054639636916046452e-01
9.858583477025820718e-01
2.180334273860389804e-01
1.084662878261016372e+00
7.055749775407681446e-01
1.483066867509016618e+00
6.848897540641514237e-01
8.982505538108462861e-01
7.513196186554512712e-01
6.025612560826922870e-01
4.667191388030935140e-01
7.279052138802253324e-01
4.960280297881298761e-01
4.215280493537345574e-01
2.956286350279884734e-01
5.229284975757723108e-01
3.860800045415093140e-01
1.194211317350703405e+00
4.494841250643498709e-01
5.907134323387177588e-01
3.241103268657046232e-01
4.268324781384187916e-01
5.361696684628319831e-01
2.602753815726618347e-01
4.612027083044547560e-01
2.182698211518280251e-01
5.568645976207381443e-01
6.845847759492672546e-01
5.578361037591418325e-01
5.235087306540739949e-01
3.424477335330653460e-01
4.372839944339723117e-01
7.888481907112330216e-01
5.981559669111737865e-01
3.330896490868193727e-01
8.206219809775922025e-01
7.419131792384926483e-01
5.386396524758279014e-01
5.881185639870276649e-01
3.636478639490552389e-01
5.456846806394015648e-01
1.110758207394010100e+00
5.658601173510712234e-01
7.667127870066021700e-01
1.036290534124155061e+00
9.483448967811078933e-01
5.678074731893985039e-01
4.566956565053653105e-01
4.920745877693554204e-01
3.767071036865658473e-01
3.378955306612936305e-01
1.162106600582711424e+00
2.462988184518439816e-01
1.009760374285156859e+00
8.008225269038394822e-01
6.249222022799790777e-01
8.560039129442262862e-01
6.190994403545143632e-01
3.449845349117338644e-01
3.791052474194838151e-01
7.597051538593566633e-01
8.251226644849481984e-01
2.140095165688206125e-01
9.461959719040661243e-01
4.061253981608438091e-01
5.370349439367112510e-01
3.889337780023526259e-01
1.070565932599230274e+00
3.211478823645093628e-01
1.137039262563626529e+00
5.702468749927229741e-01
7.830493355172800651e-01
3.270908819527325595e-01
9.281018658526641874e-01
1.053928406525105776e+00
3.468942284149889588e-01
6.469962439114995689e-01
6.658498311369834832e-01
3.627852561434624090e-01
8.921743609359387150e-01
3.943128259606628050e-01
1.136870207837455071e+00
5.754425720217496432e-01
7.472236594563959056e-01
7.548418988028761101e-01
9.392675057798776095e-01
7.925512327814629998e-01
3.605627790338112315e-01
4.849822340369279172e-01
7.122280179518587495e-01
2.460737587026734785e-01
8.439145675258935553e-01
1.107296771670273738e+00
9.749750984622708172e-01
5.141465449869622173e-01
4.060854306098686806e-01
1.170395216541014749e+00
4.289316643961857967e-01
1.160162837727571450e+00
7.609656890275009467e-01
5.728671138553605990e-01
8.328688837384145005e-01
8.039307919874805197e-01
2.456237541715356187e-01
1.145243538603280431e+00
1.144504490634317584e+00
7.655514220650501134e-01
2.844757771477725017e-01
4.952124026714672667e-01
4.837257902554981115e-01
4.823253309108941900e-01
8.335755839817887702e-01
8.626929450652041087e-01
6.273204536463721226e-01
3.932866724283068938e-01
4.706760218335416246e-01
4.474148407118502258e-01
3.024388085810246207e-01
1.261398680698924135e+00
3.174415712874144591e-01
3.959628576242004705e-01
6.172552518419075485e-01
8.152826320856130238e-01
5.536991048535094828e-01
1.004752943688788536e+00
5.776802333407627943e-01
3.488500226637420432e-01
8.971207415989623790e-01
7.804329588539443696e-01
6.877234020117918289e-01
4.053137007614773801e-01
3.137082072235487518e-01
1.109438113616483923e+00
1.039595890247549059e+00
4.362594389139121676e-01
6.198624617352994637e-01
7.547675042548472879e-01
3.558170468979492407e-01
5.146610675528556778e-01
4.138321007171943955e-01
1.205353916554050775e+00
3.489719073219378354e-01
2.449672802803895821e-01
5.056150211659687921e-01
7.065440326742339350e-01
3.578815678031668224e-01
4.531283817063391783e-01
7.112242362748891766e-01
8.385376904779571205e-01
4.739236679540124175e-01
4.489378922213183021e-01
2.764905794553981777e-01
6.166955434432577210e-01
3.331078008008728220e-01
8.181576169572009061e-01
2.864144766053456359e-01
7.745336850565102127e-01
5.792736095953359143e-01
1.223508048286839900e+00
3.758910663689798426e-01
3.405516590826561107e-01
2.156384960019542829e-01
1.985293221490518123e+00
4.380897432302071071e-01
5.667469070471844450e-01
5.643018088908926533e-01
3.459337131619653061e-01
8.956514632901286799e-01
4.744338767439945648e-01
1.245528097050291993e+00
7.686869938840906746e-01
3.647713520810302867e-01
4.246018975106557458e-01
6.540690971131304376e-01
1.706115548407370675e+00
1.251873269981399917e+00
5.505686020162888772e-01
5.147693658644663106e-01
5.270686531388867335e-01
6.390404735910962808e-01
7.911582854954321009e-01
8.453639980744103166e-01
4.138037398923886667e-01
6.065774797830393306e-01
7.595524332602443529e-01
5.663076088008399678e-01
8.328037584851712971e-01
9.386413425146742373e-01
4.955601462451041384e-01
5.831960788802645901e-01
3.310153213751730883e-01
1.139113623823988286e+00
6.124792893622360568e-01
3.238486339154565963e-01
3.411643760598734865e-01
1.167394532724385758e+00
7.119414626069144880e-01
2.376399001379568277e-01
4.263148828176148708e-01
6.848364890346687606e-01
4.739401147000376624e-01
3.563156083599449131e-01
6.156807212354410419e-01
4.913123217863761827e-01
3.072957237366443217e-01
5.819459879428883209e-01
5.167975242935406444e-01
7.423358161212179063e-01
6.611815138945802417e-01
8.164931148474394718e-01
8.068364700564913949e-01
4.517786468862939331e-01
3.930429808598111530e-01
4.715233601548186049e-01
3.480100646978757095e-01
1.598197553812895189e+00
7.390973974593690876e-01
6.583102789644648123e-01
1.732606374276805417e+00
7.374768126990648431e-01
3.876196676747312164e-01
6.346985281079885466e-01
1.083441596390368300e+00
6.368458323681703837e-01
7.763805188524470768e-01
5.838708864591792835e-01
6.628676485315647682e-01
4.264133436029695634e-01
4.382442763723758961e-01
7.500062587708377082e-01
4.553637887247518612e-01
3.646151283892572481e-01
6.933110350338574923e-01
4.476398473237663267e-01
2.483577625588399007e-01
2.332836040743623551e-01
4.216851882418091169e-01
8.237432931744123055e-01
6.915068571342001258e-01
4.005453606539357558e-01
3.510578136182176956e-01
4.658857925726020421e-01
4.769888656733098364e-01
5.397735419025511128e-01
6.680367890419230958e-01
4.539546502853166188e-01
1.117888523181346461e+00
6.834278559512770856e-01
8.583129985717155019e-01
6.835969088098394764e-01
1.038842273668759253e+00
3.972882678376394305e-01
6.425723512615010291e-01
5.447266977116380637e-01
5.744149403457027292e-01
3.570580653329680776e-01
5.614555160412409984e-01
9.965828060912934605e-01
3.104131331068425981e-01
4.600931784196311547e-01
6.657634100649795217e-01
5.683407346882245470e-01
4.325028681768564587e-01
2.143588527963221357e-01
2.118536341859849348e-01
4.981585899264705519e-01
3.415349697088647662e-01
4.021777197921410640e-01
1.721633553572399444e+00
9.037006751493589229e-01
4.959657393825585570e-01
3.905533748674607786e-01
9.261741349405681056e-01
6.300662402315226895e-01
2.344907824871030055e-01
5.259564393668542115e-01
1.092833710448329221e+00
4.688875956192365413e-01
8.788209732415215303e-01
