6.184151976239627979e-01
4.247537940758298602e-01
2.960125743573627788e-01
4.751914885317636283e-01
1.259140712240286009e+00
4.582634199292885957e-01
3.168817397367759137e-01
3.910308569873842677e-01
2.659244345420582745e-01
1.480594588345010842e-01
4.518895754061998948e-01
4.707606034263909778e-01
3.337342940654871026e-01
3.825854454432784935e-01
1.318394831454210658e+00
1.675494456854313696e-01
1.661046933268175652e+00
2.346626556308538669e-01
4.786442591022042059e-01
4.504528261584099802e-01
2.695001261575988849e-01
1.688933601562208897e-01
5.035207589525564353e-01
6.650154378858786908e-01
5.076985335285195688e-01
9.890210808500876638e-01
1.775036166006070393e-01
2.871192989730115830e-01
4.444050407163294691e-01
2.376030577839734481e-01
1.021811688551972352e+00
3.331711285081056517e-01
2.808728338596146457e-01
6.173814830392868602e-01
2.623382816718925481e-01
7.148923475201727218e-01
2.507396949163917532e-01
6.365056458707654130e-01
3.770752809794600258e-01
1.438712962090380687e+00
3.254931254274219810e-01
3.740836155445070310e-01
4.761933579118395876e-01
1.633730566340991786e-01
5.285425677149588886e-01
7.185047071142411923e-01
3.944888095799555794e-01
5.993162292555441750e-01
5.725154111922338140e-01
1.124409639692343532e+00
8.088765991543098721e-01
2.700495903378004603e-01
3.038847181403762088e-01
8.224217893590324291e-01
3.839782150925225568e-01
5.048145989077692519e-01
3.518976695524366205e-01
2.489587041413047208e-01
6.395943207395893282e-01
7.798029391703070745e-01
1.918002150641386350e-01
5.784965612206082186e-01
1.592232785407090012e-01
5.013890349368335109e-01
5.030942870000114642e-01
7.406210849495675763e-01
5.024331356014427596e-01
7.635462997645134919e-01
2.748475775360636475e-01
5.650115290434232218e-01
2.808445147875205383e-01
3.929341696324151201e-01
5.935921710166561782e-01
6.304996457624089112e-01
4.191246483839639048e-01
4.247631382113099541e-01
2.267945614460318560e-01
3.874823465687090018e-01
3.772198091667336994e-01
8.248672451115157678e-01
5.870844658117450043e-01
2.247087689558586454e-01
2.468481745327701371e-01
8.883690061019000606e-01
3.183571328357595043e-01
3.821617669810263851e-01
1.009818839829530912e+00
3.196495139277499287e-01
2.466987355803769155e-01
3.409363489969116090e-01
6.105839564535587849e-01
2.548753341019018293e-01
3.859354344474878462e-01
3.908086317681582766e-01
3.520505278290182449e-01
2.348021982646551764e-01
3.014952639000067491e-01
4.647896675460430616e-01
6.137481742437296273e-01
3.208104559063866268e-01
2.463256123597388769e-01
4.099678621080499186e-01
3.340576872764350336e-01
3.608228461177370727e-01
6.552904325092845372e-01
2.086070878965584630e-01
1.211938967524273325e+00
5.059221696072263574e-01
8.107171420340485435e-01
3.271955290832612717e-01
4.860775860016333105e-01
3.230282110226906367e-01
3.222221655014697594e-01
7.240632184113329206e-01
3.580009692070789673e-01
1.089215048239510431e+00
8.785812542022978233e-01
3.073099529358155335e-01
1.940055682179766816e-01
4.761497531637761127e-01
2.451813745669189082e-01
4.417942648870868405e-01
4.380671612432762707e-01
7.847807247600675495e-01
5.314659653597431088e-01
4.089490927813388410e-01
3.135133625598893192e-01
2.688041712501131886e-01
9.125121114172890513e-01
3.350618219186584090e-01
6.823269990982558930e-01
5.120931378265222156e-01
3.905595828592273722e-01
2.968868224167425796e-01
4.505761518822973266e-01
3.817283622780356378e-01
2.154303503249213048e-01
3.325148071132174588e-01
7.655292414258407785e-01
1.741851333613184949e-01
4.261362970783625914e-01
3.397293258235476454e-01
2.305607750622969410e-01
6.814944783418827035e-01
2.130564076097516413e-01
2.540483147761870009e-01
2.049465596105452259e-01
3.956254262612859951e-01
4.223416563208420849e-01
5.065373788893680063e-01
3.597986945473245490e-01
5.885922203650523210e-01
2.144208392730308776e-01
3.146237747227311199e-01
2.540497819990576445e-01
2.953785230959608543e-01
3.816704263946567033e-01
4.325833499080063427e-01
7.625205391962524004e-01
6.235652554920332324e-01
5.866343985530442229e-01
2.755104614089737280e-01
8.429594842831754642e-01
1.905353753833961827e-01
2.408711184072082345e-01
6.872268993227047540e-01
5.876476396846412875e-01
7.534662274934664783e-01
2.551169969446626662e-01
5.938801259140250588e-01
6.540036456522628772e-01
2.772171990319548529e-01
8.071608600233648456e-01
3.367365707682964393e-01
4.470220960107060826e-01
2.420455225860156656e-01
7.324848685382500113e-01
9.035661322789181327e-01
8.073488697913744350e-01
5.088333126105522020e-01
7.943347837303156300e-01
2.405468069157281341e-01
1.034473023241622380e+00
2.822667329472891562e-01
8.219588504014944119e-01
8.872817231698661988e-01
6.264120659224616805e-01
3.199199621704452157e-01
9.053988721543289042e-01
4.894166731168704265e-01
5.941186879453684844e-01
3.991359108634188191e-01
7.181391726502162065e-01
5.086185692295184246e-01
5.560669415525408832e-01
3.803885262265295220e-01
6.828709214361606827e-01
3.113668619478014987e-01
7.898066095456992564e-01
4.635098447017388379e-01
2.847491804353574629e-01
4.445322141609516220e-01
1.852549886688102387e-01
3.311918494372795840e-01
2.129180223504846536e-01
1.864376284164785680e-01
3.120940576776704556e-01
3.505576474778128726e-01
4.816815950646143873e-01
3.275865566844944343e-01
6.560019535453978090e-01
1.165858294716388244e+00
6.520853316192275484e-01
4.686395450159777654e-01
6.998876308801128543e-01
3.476159469696913917e-01
3.402268876595681002e-01
3.077361399118409557e-01
5.540628744919982029e-01
5.221090119761281345e-01
4.994579953970397224e-01
3.221045072399250087e-01
3.798270446579632975e-01
3.511971522478918306e-01
7.063992589667305033e-01
1.891122465873311120e-01
7.259988631703165884e-01
3.667331588598814474e-01
7.015636198582667626e-01
4.387449048934103368e-01
3.683073242013418791e-01
2.103070812697198644e-01
6.496644127882480468e-01
4.407396975820120355e-01
5.601554309477151383e-01
9.315051183782795396e-01
6.118893116941145349e-01
3.013185819644854657e-01
3.761717912989141488e-01
1.242099157384411595e-01
5.167338361753295306e-01
4.013609725601361977e-01
2.851130223067694369e-01
6.294442702309347437e-01
4.525689961140254014e-01
3.934076128241289494e-01
3.118065931349551234e-01
2.668995893095229555e-01
2.068417794443859759e-01
4.114840939392093722e-01
4.469152239503271229e-01
5.314122699180293674e-01
4.231274544832446249e-01
3.849568404107238107e-01
4.231096711611158634e-01
5.017854925909195352e-01
3.953755764150324037e-01
4.921875010049336918e-01
6.235487808562450995e-01
4.270826588894284792e-01
4.741579780483916040e-01
1.450118425267186817e+00
3.998934164090961474e-01
2.791654928052396678e-01
3.192691470562183942e-01
3.642552426799520182e-01
4.884952598170676508e-01
2.386154568723908576e-01
2.603185599139199446e-01
3.772073379669384496e-01
2.672361266966051807e-01
1.996581209210923635e-01
4.926222259039198526e-01
9.487414760301302596e-01
6.958110765546133836e-01
5.779629242834644076e-01
2.031297796264424360e-01
4.982922667576450415e-01
3.402823516384684277e-01
5.243840979264617896e-01
1.682799338787154819e-01
4.814036891434789744e-01
1.936802651395032049e-01
2.213070777814432066e-01
4.300877281757747861e-01
3.491000965771338671e-01
4.347584126331404120e-01
1.578744607848475423e-01
7.671937477670475181e-01
5.181724760515633577e-01
1.693314888934522311e-01
3.016082489331700089e-01
7.094683405032262691e-01
5.630445401009102069e-01
7.340461565097348151e-01
4.018714247856826072e-01
2.381387629826398622e-01
3.144256297907363495e-01
3.514353112803779156e-01
1.609629718510651453e-01
