2.353635484035681846e-01
2.531652989002421972e-01
3.620845802451231332e-01
1.899083285682036382e-01
2.392389735544094009e-01
3.796815434078181783e-01
1.607868479934008443e-01
2.263136163198215811e-01
2.374797337611790904e-01
3.885924989911549443e-01
1.087665631486250256e-01
2.835418779554775837e-01
1.795953833817224843e-01
3.462050013324305953e-01
3.814000760461281336e-01
4.015494498555988723e-01
1.835027671702238183e-01
3.705677269346173697e-01
3.610307922053359597e-01
5.098652109086370121e-01
5.423511764357190623e-01
1.893963833273488717e-01
5.877600100235020886e-01
3.637670161690780279e-01
2.270374038782349557e-01
3.202402879514453238e-01
2.758943826547260447e-01
4.568407547906131461e-01
3.345192942606665110e-01
3.849533964614071380e-01
2.102432608305640216e-01
1.558699817577472724e-01
5.525072536754602748e-01
4.663615653629175073e-01
4.004522650453297694e-01
2.364262715162994410e-01
4.706785522863243254e-01
6.109895621623614437e-01
4.153211762892977665e-01
4.390404707105109994e-01
3.537419548770594502e-01
2.473337849918118558e-01
2.701646729229072452e-01
5.465367275439287909e-01
2.990202628064336232e-01
1.954436002358868607e-01
3.665630641880281981e-01
2.811278793007044308e-01
1.182797402354701793e-01
6.324763618657315289e-01
2.090324096788991060e-01
1.794807180961073001e-01
2.289921708334710093e-01
3.915806521164556520e-01
2.437286316024915300e-01
3.499148555440712571e-01
6.489105020784148303e-01
3.384093355420897953e-01
2.605026464247519047e-01
3.378833128462102042e-01
2.326698083695350749e-01
1.281015208375106962e-01
5.280592823342349362e-01
1.576331723168399312e-01
5.075940324287263605e-01
2.607805577847175926e-01
6.394893869819903154e-01
3.259803921718492647e-01
1.872091166067922918e-01
5.870071614361772605e-01
3.107006382612280126e-01
3.782650070339884096e-01
3.859689071723689247e-01
3.391409570109845117e-01
4.095281619336598178e-01
2.752490563109309396e-01
2.009537627357114165e-01
5.309667733005002388e-01
4.794405082753592229e-01
1.388259836330859864e-01
2.451105642339501678e-01
3.934117455459945623e-01
4.970465390773938785e-01
3.826480691530818046e-01
3.032279660696565737e-01
2.457896973558451881e-01
2.857751721044577420e-01
2.062758774156265573e-01
5.610960417484855967e-01
3.658761222227289722e-01
2.001594080994755220e-01
4.538489083627481047e-01
1.700232594294900645e-01
3.568815878053471780e-01
3.376565526498907510e-01
3.272118361979599044e-01
2.742238450295653718e-01
5.121072865039348887e-01
4.176560533008797371e-01
2.249251428024479360e-01
3.781759579534919036e-01
3.754287278456826527e-01
2.707416999350992781e-01
5.701997090537792579e-01
1.784739722359483804e-01
5.250501933743318972e-01
4.730250578338186518e-01
2.701356928069821306e-01
3.712832184844538363e-01
1.279172136039953001e-01
2.357511011792836342e-01
3.687873417848224755e-01
3.251091167584133634e-01
2.691060953692876456e-01
3.544109445429594052e-01
2.717513759439603160e-01
1.244565244215909833e-01
1.395170180390144787e-01
3.374824801824870546e-01
4.144931704833659247e-01
1.428176276044628712e-01
4.536465652017437900e-01
4.907133648530925263e-01
5.421508963655725655e-01
2.104355424510662709e-01
2.188129231285927401e-01
2.734050025631705738e-01
2.031397843931964098e-01
3.474523618697176186e-01
5.228317488285735282e-01
3.511592354772593016e-01
3.475063678982744375e-01
4.867322314764165880e-01
4.362534413529539634e-01
5.162443674010400718e-01
3.721673573008801861e-01
2.508535788035947123e-01
2.934510740790103878e-01
2.209894208731028875e-01
4.137225656491381187e-01
4.571632116881022001e-01
5.288295687918376231e-01
4.057305872818965375e-01
2.069430475845225048e-01
3.004203572937444999e-01
6.148160133456683774e-01
4.422889986252511729e-01
2.607057317561827792e-01
1.449070072239834472e-01
3.346062805055053935e-01
2.163265428595596840e-01
7.857336576644757820e-02
1.871039078845687931e-01
2.177647903928826845e-01
2.907680351715077327e-01
1.983963415319843493e-01
2.182784761208962088e-01
2.303287358126649143e-01
2.783000515361743754e-01
4.753238712013821421e-01
3.755968389699192445e-01
2.373765502422094387e-01
3.883570035714630775e-01
5.984246570392097730e-01
1.685091982928844934e-01
2.511283567828128671e-01
3.424636024100474740e-01
3.581963257952189839e-01
1.790168098365510496e-01
1.612213947128852132e-01
3.435308171367942309e-01
3.168077434393412606e-01
2.667955007416374924e-01
4.223693797922436488e-01
3.135410757272911741e-01
2.711585827619920619e-01
2.730184410406035767e-01
3.274063162856156173e-01
1.482853699582027951e-01
4.150943444800818116e-01
4.389812943839008774e-01
2.813099836132922915e-01
2.520720242943250700e-01
5.665995860685676400e-01
3.003279586851299587e-01
2.576616608726620683e-01
5.696764521457376995e-01
4.807823658732839345e-01
9.401809146102714232e-01
2.057112610557244037e-01
3.731371850876573637e-01
6.610443202854917599e-01
5.132572500495403700e-01
3.711068870615385484e-01
2.919997123688916063e-01
1.541494857454767942e-01
2.385544526919978203e-01
6.186729734110321122e-01
1.649717761279251294e-01
1.052764113065966373e-01
4.933716154599380732e-01
2.868027719324292013e-01
4.196475712366309896e-01
2.418591889006562190e-01
3.380690941473707412e-01
1.161880123171456225e-01
3.250242229212718659e-01
1.289989120834285352e-01
2.574841247584815918e-01
3.505263327054734535e-01
2.708420864735889277e-01
1.754480540009119016e-01
3.908318804902025101e-01
4.346790707175858248e-01
3.093399339569360418e-01
2.806576905716607895e-01
1.963530821356959943e-01
1.861474311566127249e-01
2.950564890270502283e-01
6.074677964622654525e-01
4.771226959149009184e-01
1.472008610651466043e+00
5.207201659531865978e-01
3.191522875951839922e-01
2.252220624079387945e-01
2.897642267104992286e-01
2.708980986220039799e-01
2.848934971901010971e-01
4.218172314207748186e-01
3.635250133515158244e-01
5.410245542802420982e-01
4.006131398366946095e-01
4.703572997624628771e-01
2.816523026006956254e-01
2.493927152824241822e-01
4.641058898582998138e-01
2.024800338681959910e-01
4.589538811351265291e-01
2.566135978505140747e-01
2.692905857101678402e-01
3.048694112329195516e-01
2.181402186554784739e-01
2.954418402513278585e-01
2.652228306822594361e-01
2.385945968271539208e-01
2.775683594115800901e-01
3.557553880920655276e-01
1.663009641640062486e-01
1.521314428961494103e-01
1.974247386162882034e-01
2.509570097398763355e-01
1.819313823056299684e-01
3.525931815968986194e-01
3.657288762186794995e-01
1.622710591650602940e-01
3.377045942538985934e-01
2.193848234923044260e-01
5.414151537122914304e-01
4.731288343257877282e-01
3.636207232726001437e-01
2.206475809410902988e-01
1.751627468246489683e-01
2.018717077695208750e-01
2.886523043442716929e-01
3.288513412826640780e-01
2.686737273997545361e-01
2.187044715883023627e-01
2.543259092828131784e-01
2.898907825228251300e-01
7.635465227658193577e-01
2.460666616991542821e-01
3.752974075962250411e-01
2.593757129241314185e-01
4.724504856627227412e-01
1.595457408471601113e+00
6.064030158532240922e-01
1.575310050205216694e-01
1.303199117870319224e-01
2.376825335203986422e-01
3.933324607546421214e-01
2.539612105943176990e-01
2.155015809183173647e-01
5.078414198750178521e-01
1.247134655434131018e-01
2.324868987936005160e-01
1.530789392270374971e-01
1.848058691389705410e-01
2.752749422054480144e-01
4.759498106354033697e-01
2.087487716234937563e-01
2.941707853027031860e-01
3.710007645966009182e-01
2.298204909070452051e-01
2.525561472951967645e-01
2.793448181815816889e-01
3.203275015508310064e-01
2.172102549984327446e-01
1.557360732137942350e-01
3.129217262296705715e-01
2.248673922467124831e-01
