1.338214083234393392e+00
2.099691665658665052e+00
1.648858400749046549e+00
3.180433533616434438e+00
2.200578301502303269e+00
2.105554118428911714e+00
3.080543112263429251e+00
1.747649397589079667e+00
2.146641164051767081e+00
2.024893541530421004e+00
2.325094841716448979e+00
2.889027528035462034e+00
2.540953572087453871e+00
1.930841269432971297e+00
4.169771108990625308e+00
2.581750962744964628e+00
1.490413792790597602e+00
2.368484756781743528e+00
2.174393977964513613e+00
2.634275152470803683e+00
1.433391298668796887e+00
2.862876807311418581e+00
2.191653818761800654e+00
2.674185642090483483e+00
1.840165657944514033e+00
1.944338970881902995e+00
3.513374801838483830e+00
1.584742290662043196e+00
2.754893556219328410e+00
2.313671001400532834e+00
1.762741031769012423e+00
1.440509787689946641e+00
1.817979122205954923e+00
1.316680631244778743e+00
1.863861219096770716e+00
1.892542563319635773e+00
1.582463270421889501e+00
1.735305410909318446e+00
2.293957796781335379e+00
2.539436039820356150e+00
2.405505350309120605e+00
9.379552997672382375e-01
5.680704546765905638e-01
1.131448860582383587e+00
1.742874707538109469e+00
4.022197822625829922e+00
2.879961432940524535e+00
3.212028962026338252e+00
3.022415535938145048e+00
2.128324985871935304e+00
2.292943776020058166e+00
3.081861647466224596e+00
1.026959435603105320e+00
1.812370610516403913e+00
1.484740769171667418e+00
2.223690757223266257e+00
2.160438533656962701e+00
2.450881652008176648e+00
1.800178656433500279e+00
2.205175028798283865e+00
2.455626866425364430e+00
3.092770519479405067e+00
1.970742655785950648e+00
2.486179031617660407e+00
3.178956616597489404e+00
1.617413140606228650e+00
1.789716685537359853e+00
2.155654364506204068e+00
2.674791217207797889e+00
1.904039768676389688e+00
1.961155170873574383e+00
2.355685499818804374e+00
3.238382414732127401e+00
2.254033660335360789e+00
2.059128656546727054e+00
2.415615302821260801e+00
2.081600662775462851e+00
2.525097960436837319e+00
1.887560254850989772e+00
1.986278847719578966e+00
1.854770861146917138e+00
1.718057627982606306e+00
2.982340943810733780e+00
2.390209943904764156e+00
1.860817459491020731e+00
1.455939012633771235e+00
1.441923939963563273e+00
2.127404472768971821e+00
3.156551972724861432e+00
1.537976020362882279e+00
1.293832212477149080e+00
1.625087605143528124e+00
3.222333110101555320e+00
1.835005660140160533e+00
2.503015091703568284e+00
2.460549311915351645e+00
4.701183567263665708e+00
2.103138408903354684e+00
2.337631847035622989e+00
1.681503284789103381e+00
3.012378357477672797e+00
3.234707042184985060e+00
1.911131853878639930e+00
2.187731063362210460e+00
8.239958743418719367e-01
1.262302284753653803e+00
2.388091498741332419e+00
1.652003367373370724e+00
3.180586303222148636e+00
2.137392914404419031e+00
2.862165677991985291e+00
2.261073651961757580e+00
2.848487719729150047e+00
1.928347600357440239e+00
2.343889647774731966e+00
1.461088536620235967e+00
9.956245812864398248e-01
2.661086332039395597e+00
2.983576757653768396e+00
3.027167656430568954e+00
8.723893601150513044e-01
2.475570994655540424e+00
2.527389680912637271e+00
2.319088341802460818e+00
1.709682088014411461e+00
2.103417997746037660e+00
1.799767252755140712e+00
1.239679317893645383e+00
2.346617545925595127e+00
1.349997113474120436e+00
2.216803339329213252e+00
2.924754811903805596e+00
1.896183148443271405e+00
2.420100470156199446e+00
1.930370046913181037e+00
2.761168304883415914e+00
1.844186555027925722e+00
1.414521555701009570e+00
1.848396242552481139e+00
3.031502427137025890e+00
2.479592476064851780e+00
2.014532280432056233e+00
2.177904508236939929e+00
1.761236543236663232e+00
2.512659347222138351e+00
4.439043766588818052e+00
1.903099433278317765e+00
2.256319823193516871e+00
1.924899057932334623e+00
2.520151904013794297e+00
2.570652670662851857e+00
2.555103270424436968e+00
2.533945611478129578e+00
2.874889309165275186e+00
1.338023723993506220e+00
3.343758143563651419e+00
1.787223264548054580e+00
1.643080997797291110e+00
1.887516690921290152e+00
2.400167384334567000e+00
2.084294765926141935e+00
2.472814445140473882e+00
1.503870103011285764e+00
3.167244061465768201e+00
2.840042296167417657e+00
2.086958867099135251e+00
3.282588683430968768e+00
1.853556142795286465e+00
1.687914369287312644e+00
2.654100895666998916e+00
8.053684067839870231e-01
2.521958727181173199e+00
2.824234698506637109e+00
2.110025185129502656e+00
1.525683804818038114e+00
1.979127623493981858e+00
1.231902535300118284e+00
2.147523317416781818e+00
2.861225806604428712e+00
1.903230260832383003e+00
1.259372064245695810e+00
2.635607693178383393e+00
1.569044259867543811e+00
2.216712015186260931e+00
2.236625259243228747e+00
2.577933450411273419e+00
2.101694814350596463e+00
2.440660118172957027e+00
2.568797937434985190e+00
2.399860534266324841e+00
2.738846453972371808e+00
2.917582499905346793e+00
1.907564610234661284e+00
2.802462449055483251e+00
2.250320995552886227e+00
2.323107593166445550e+00
2.982398698289677963e+00
1.102855954454198706e+00
2.425728873619632076e+00
2.520056311126264159e+00
1.575955166585150113e+00
3.623808693511514800e+00
2.466472516129946779e+00
2.082214744812095564e+00
2.189284138099552468e+00
3.126193022632118623e+00
3.527720142106592682e+00
1.945426333656539386e+00
1.603306247332396683e+00
2.949278776300076732e+00
2.347218022762970424e+00
1.804429855609485989e+00
1.522757209048403171e+00
2.117311349190067471e+00
2.831604803721071484e+00
1.816444533205424205e+00
2.483839972518753214e+00
2.295396068052782734e+00
2.670613383889035131e+00
3.107819363444812577e+00
2.241469060015730541e+00
1.447508804736457710e+00
2.351628880760908924e+00
2.007186310721976064e+00
2.465863891233627037e+00
1.897565478439272590e+00
1.979546641618865177e+00
1.771235665424252481e+00
2.125243908259998538e+00
2.321260270409457593e+00
1.888005893384826717e+00
3.397244605129600803e+00
2.370120301358773940e+00
2.513658233567967581e+00
1.622746224299311812e+00
2.765771964015387052e+00
3.372824376574706573e+00
1.524276227979254994e+00
3.734688552487844149e+00
1.811672561314362273e+00
3.179469079588851610e+00
2.769367033977986114e+00
2.873798080722805182e+00
2.165658979018613373e+00
1.826668160315184641e+00
3.038680239186579701e+00
1.848897386707961665e+00
2.149512108883611106e+00
2.809760796011297135e+00
2.512349102875889972e+00
9.267181156420153387e-01
2.357678234476608292e+00
1.752036079878536823e+00
1.754271456694855846e+00
2.667914661483894889e+00
1.604977239582082937e+00
2.200181374585329586e+00
2.482999773036801638e+00
2.274838137639500157e+00
1.920309114823903762e+00
2.299596751062908506e+00
2.206049183984515771e+00
2.992808767409492976e+00
2.604042864526665113e+00
2.654460969085194577e+00
1.386792345328696774e+00
1.890149049963584238e+00
1.048034990397897825e+00
3.276871265031693348e+00
3.485434250974182024e+00
2.369006979477306984e+00
2.728077241537212760e+00
1.633866102952270083e+00
1.263681840928710276e+00
2.834281894411680547e+00
2.390529346708415659e+00
2.132011536754002012e+00
3.063505561182149783e+00
1.726112078029192753e+00
1.388609878526226638e+00
1.710922413114224216e+00
2.084919152967000144e+00
2.377860997451937575e+00
1.916583488085601195e+00
2.253068138907152296e+00
2.482289738843002080e+00
2.972110217314883673e+00
2.643106104138177148e+00
2.079657261898015808e+00
2.466702172676402238e+00
1.924072035593508589e+00
1.663281352204804220e+00
3.094180256799594630e+00
2.977079639101440467e+00
3.010986876826904801e+00
3.240325902427544147e+00
2.317597270898760886e+00
3.079068117750683342e+00
2.004095345323036792e+00
1.750790002694140313e+00
