6.210533339813553155e+00
5.745895466791694162e+00
4.912077751102990497e+00
5.382708110303594751e+00
3.661472641338347600e+00
5.309822953622839847e+00
4.640510487966602149e+00
4.676488561328710603e+00
4.969160227462521284e+00
4.832212905281396687e+00
4.905840771000725020e+00
5.618166447659642238e+00
4.709888208303755874e+00
6.143431648158256486e+00
4.809266371633052373e+00
5.506738696946607448e+00
3.565454168771977628e+00
5.376379623927060258e+00
5.337921107794460163e+00
6.112773017227381089e+00
5.493317003244158947e+00
4.018926810212231970e+00
4.445791423952780264e+00
5.426945253731911833e+00
4.013218563160890540e+00
5.202745852880132915e+00
4.353040908368511985e+00
4.267002846112414538e+00
4.460222160976818451e+00
5.247609184500268142e+00
5.502744000302535632e+00
4.786191357859244100e+00
3.694265697191312370e+00
4.103523736774016939e+00
5.929245597120682554e+00
5.725808035831649434e+00
7.390868303763203251e+00
3.790809089777808616e+00
5.102427605474043837e+00
3.197277343899319391e+00
3.598316649534104794e+00
5.716309824354521396e+00
4.186985104589545870e+00
4.916289163339545354e+00
6.579970208414700927e+00
4.517736509235336761e+00
4.263313050198113352e+00
5.194983897635384373e+00
4.361506386806063063e+00
5.703087472243209000e+00
5.504647076367475300e+00
3.570658738614280736e+00
5.122475151893664425e+00
4.407481496977384339e+00
3.745851049473429839e+00
5.660733548878470245e+00
3.380082348617833077e+00
5.688086750824069782e+00
3.670014817156837861e+00
5.989211849968894441e+00
3.986914888532404611e+00
5.132983891359627293e+00
5.756702040446084467e+00
3.512810106421943690e+00
6.606980440617337358e+00
5.138368712401936378e+00
4.684869223904149393e+00
5.622626938759186288e+00
3.980530882513961366e+00
3.987075304283498767e+00
4.552127729806414003e+00
7.505404865242760515e+00
3.980665964990754979e+00
4.117119537449194233e+00
4.814320064824308076e+00
4.893149400905186575e+00
5.953626140107480147e+00
3.908626503693649390e+00
6.352952176286461139e+00
4.509683699660183009e+00
5.667144254455577013e+00
5.888654781393048765e+00
3.704263995382879759e+00
4.106043795326082879e+00
5.533016495671651214e+00
5.586822629093424197e+00
5.532950905138871001e+00
5.693586341829927733e+00
5.871075243242635189e+00
5.145607422153194221e+00
4.699388793244381191e+00
5.474548855967015903e+00
5.538281296598905890e+00
4.700406305949549335e+00
4.394257138336590707e+00
5.270032188872829870e+00
6.525936511989165467e+00
7.375286353542851892e+00
6.329178934403692836e+00
5.120961858138818990e+00
5.536900713879481906e+00
5.986547351896234659e+00
5.532118162825139684e+00
3.793935292006099580e+00
5.528027109508266257e+00
4.182404955891432685e+00
3.577663680010318981e+00
4.893388639806770968e+00
6.598373645733473403e+00
4.530946857761668944e+00
4.564860708065819672e+00
5.163397529345471249e+00
4.141398572622862595e+00
3.038685989200585968e+00
4.095963172871658564e+00
5.424819964030636932e+00
5.353417939829062888e+00
4.759657640758755193e+00
3.596058654967394297e+00
7.102357556994395082e+00
5.660059881982528296e+00
5.197112026295586773e+00
4.164350845140781132e+00
5.954710855591931029e+00
5.531965347590929838e+00
4.482868312938959932e+00
5.473819834801526341e+00
4.565228603178168143e+00
5.081334573952461575e+00
5.069189270865337882e+00
4.368902035761468738e+00
4.416698046906999409e+00
4.793168195146142452e+00
7.118097343557899137e+00
5.229736932061179289e+00
4.982828822976425265e+00
4.616195554362202635e+00
5.045076737806301281e+00
3.776156665477587993e+00
2.798606475260163595e+00
5.860046579524857080e+00
4.359427851715956592e+00
4.155891090552047196e+00
4.692642413443398830e+00
4.153005967222108907e+00
4.938527345774534005e+00
2.867598343388273019e+00
4.842512419481200148e+00
4.920897654765491680e+00
5.324270278276966195e+00
4.249475967549765087e+00
5.657792672576201554e+00
5.873885708887580215e+00
4.250432373045743617e+00
4.332219027875373385e+00
5.960249142287665336e+00
5.542045039800974848e+00
4.539764319417728622e+00
3.657634378017660559e+00
5.589428183149044216e+00
5.090549108290047364e+00
3.486109721767522096e+00
4.793807553827330814e+00
5.151768152694249814e+00
4.974050465701806978e+00
5.724633493038323806e+00
4.333697098601430930e+00
5.360621423581869216e+00
4.701667905643494016e+00
4.344046592380809813e+00
4.153146948375673553e+00
5.069833359224436009e+00
4.797170316911656407e+00
3.950043415748892617e+00
3.569358891496512420e+00
4.057967404712938375e+00
6.212703024706584642e+00
5.021365512402064191e+00
5.028901256779989559e+00
4.267399299144648772e+00
5.893434247921675251e+00
5.067876039636403540e+00
6.137512306424169672e+00
4.072658099984229452e+00
5.511727086982393331e+00
5.831287524322843474e+00
4.727716070022069061e+00
6.131887897216074634e+00
5.485932161246683592e+00
4.501522109757005730e+00
3.411466624731464226e+00
6.119654003076825610e+00
4.403607617917224992e+00
3.346791806297149119e+00
3.521589828923739951e+00
3.777897947040470328e+00
4.457196245217943442e+00
5.270643379443993304e+00
3.769419516422107819e+00
3.370488165860395124e+00
3.709521194875677441e+00
4.795815879263773951e+00
5.864275955239883764e+00
4.506137706893056816e+00
4.946984400469913723e+00
4.216907352991659863e+00
5.227205539057066197e+00
4.434099867092599290e+00
5.032660846040357683e+00
4.704831241818320464e+00
4.331602041376056533e+00
4.300560979534328254e+00
5.098581755232185486e+00
4.977109639324853951e+00
3.842827517663224057e+00
4.714130311652090732e+00
6.098661488989581159e+00
4.435659528071954405e+00
4.227241858508175909e+00
3.055997430611703702e+00
3.909604740086294328e+00
4.593830361038079957e+00
5.205538227117460615e+00
4.340398254001020639e+00
4.167046439081091513e+00
6.279470876141355795e+00
5.421951892737446599e+00
4.343973753010430983e+00
4.613389579550998043e+00
5.954973643130573535e+00
4.980118346034182686e+00
5.644609889013085358e+00
4.893690720223422552e+00
5.157460885105765058e+00
3.849417110267829845e+00
4.341987820658963493e+00
2.914311585076709843e+00
4.410005014843299875e+00
6.197195745025859459e+00
4.915892275655685317e+00
2.823430201627796343e+00
6.282385685101979256e+00
3.892849547949231326e+00
4.090108113850348559e+00
4.882404096550994055e+00
4.886395071115062549e+00
4.999786898094884080e+00
4.423112549738036137e+00
5.264757467524868950e+00
5.693403343273248929e+00
4.243288661326687361e+00
5.762884420723383805e+00
5.122115541325762855e+00
3.147754927214616583e+00
5.583754423457928162e+00
3.224301821877291641e+00
5.093235713014002464e+00
4.507061129198841165e+00
4.220102480613462603e+00
5.205888181170882589e+00
4.717687976553886386e+00
5.052768257006651886e+00
4.808236090809346663e+00
5.263310249027431276e+00
5.077487607488264665e+00
5.830133890386178130e+00
4.506792233449516516e+00
3.689304633800381428e+00
4.801081532306495703e+00
3.985843497347558273e+00
3.728450333947780582e+00
5.552030207659352179e+00
3.669090288269055034e+00
4.443208396502873470e+00
5.105581933165469266e+00
3.802459577945390912e+00
4.475068738076514840e+00
4.840755594124428463e+00
5.901587135554059671e+00
4.899572402582694330e+00
3.764712608243480307e+00
5.048572926081236645e+00
4.503837725236848222e+00
4.587727372597421471e+00
5.042804426264630990e+00
2.443160445327869912e+00
6.032552912628131203e+00
4.590347345490204845e+00
3.872303923047141883e+00
4.156347273573704371e+00
3.339042199244866449e+00
5.195172912151384104e+00
4.116353316888993419e+00
4.776910587681692633e+00
4.139747985550560117e+00
5.084845297456737967e+00
5.116798380359516507e+00
5.247333862114420100e+00
5.819362426115525011e+00
4.023033328404767239e+00
