3.887017419151865272e-01
4.109463941415372745e-01
4.076021854821640367e-01
8.167866147307251135e-01
2.346011546157040772e-01
2.209162256894247611e-01
3.904198035777061149e-01
3.203726237270284050e-01
4.266578922872436563e-01
1.739894846594021993e-01
2.889750560918249445e-01
2.447419133113385992e-01
4.383427945762047861e-01
6.360306253380376695e-01
3.251797952463226782e-01
3.289401583220183389e-01
4.192203125398930585e-01
4.497091398061042189e-01
3.966947812450243860e-01
4.721364728780246822e-01
1.379055700404396290e-01
2.732787715583299692e-01
2.209428786794071231e-01
2.525700747755915132e-01
2.906511421724375932e-01
3.542417149714141011e-01
2.525554449703560911e-01
3.952799748956819514e-01
2.903703458502042700e-01
2.163903654397316412e-01
2.513033144001206032e-01
4.890699867235169807e-01
2.008311897482445985e-01
1.630074395117090957e-01
3.272214958690630726e-01
2.615210732339200428e-01
4.722725301599286496e-01
2.992649908356790345e-01
3.852399964190149628e-01
2.901573619400212856e-01
2.813541946967455520e-01
2.324116231279922673e-01
2.700666327579063219e-01
2.201894208341331205e-01
5.468547407726993548e-01
3.918682788409444395e-01
1.513235355102438284e-01
2.665558636689955851e-01
1.918365266954553672e-01
1.426002412617352610e-01
2.603721935553811595e-01
2.781826082219134300e-01
4.714806027727291848e-01
4.533352163348622899e-01
8.398852491194092051e-01
2.508180484263388688e-01
3.462342713522211790e-01
3.326445092946210269e-01
5.123873506654262888e-01
7.392024595841095724e-01
2.808118797966698832e-01
7.447165514683028453e-01
2.301304355917694888e-01
4.109101833537684434e-01
2.403833649434262421e-01
2.396546756724535765e-01
1.868601676930856936e-01
4.085946105875647438e-01
3.765168149789241969e-01
2.057171369207070333e-01
2.289499248906906870e-01
1.961282418624686885e-01
7.364814921934421665e-01
5.092875913608242433e-01
6.041539261323874976e-01
2.945958538805934501e-01
5.907913553337075241e-01
2.640726594175596409e-01
1.678765479915842462e-01
2.740396262820387618e-01
2.268261964634767092e-01
4.977203135711622539e-01
2.829540515383399124e-01
5.258874941732474273e-01
2.500367878945143341e-01
5.244563547551907012e-01
2.752104819934574897e-01
3.097071779375367151e-01
3.077241563841243144e-01
4.814321343418692112e-01
6.263572634019164420e-01
3.052900494844166812e-01
2.887906612193885114e-01
2.469377118074006228e-01
2.499591953744888240e-01
3.271164899808138293e-01
5.496965775450356473e-01
4.325666120074652121e-01
2.482696964706046228e-01
2.205010215029114262e-01
5.025236234857335393e-01
2.625893873848932913e-01
3.587011692797759110e-01
2.468393535321476151e-01
3.008583319101222897e-01
2.540683219714939822e-01
2.073413815345925559e-01
2.872062512581585181e-01
2.214476759031036857e-01
2.186550500598932467e-01
2.645417361084745345e-01
2.050709149508758711e-01
3.813176369739972316e-01
7.749862876441541149e-01
3.229352466009816625e-01
3.122201980281772982e-01
2.050965815249218005e-01
5.486692143897510254e-01
2.775954811358730678e-01
4.343524985730898846e-01
2.701480579967490692e-01
3.641913931478578115e-01
1.632175039122596150e-01
2.467650788817274121e-01
1.506066134364801579e-01
3.147966174895860947e-01
2.617708193426373509e-01
2.532647818245096216e-01
6.277284888173562116e-01
4.220752904445843612e-01
2.700640007701045620e-01
3.577576411917036681e-01
2.859738656882689356e-01
3.544625196000191769e-01
3.175766690445783746e-01
5.279380919908804870e-01
2.251366191357401236e-01
4.172568890839153388e-01
4.477059023411776306e-01
1.463739303552155091e-01
2.691140417701619603e-01
1.269300972670599215e-01
5.456393668705936673e-01
2.056525833784987323e-01
1.414852586415938085e-01
1.545038875810110790e-01
4.592334052640065778e-01
3.501389112920216262e-01
4.718129790291190617e-01
4.635076637508846464e-01
1.937738707473137811e-01
1.860228036186715450e-01
4.502190153649230364e-01
2.976398515914845944e-01
2.813291727550159549e-01
1.803574706736076061e-01
2.388994634454984778e-01
2.171947839474991371e-01
2.864586232667747367e-01
2.229714437779377056e-01
2.595952879165295824e-01
3.641013807050895723e-01
3.588621785448232737e-01
1.827573161378829303e-01
4.732687606443425898e-01
1.548001933386269902e-01
2.444129320684222118e-01
1.546210659470569071e-01
4.113906280892804523e-01
2.774587864979143892e-01
2.630068874045545790e-01
2.560367879653662193e-01
3.404438366471982946e-01
3.627218432456069674e-01
1.269905184203482806e-01
4.842067364459475831e-01
2.790624105923514287e-01
3.368969380925057044e-01
2.068830257233768843e-01
1.926108603161116317e-01
1.836463732829775874e-01
2.289863368959403345e-01
1.682803937567720065e-01
6.049941615696711184e-01
3.431392815934944385e-01
4.455911489466917730e-01
8.022693661527967590e-01
2.414803904328537976e-01
1.316070508523365934e-01
2.220048648117928791e-01
5.113724029431366835e-01
5.437692527274713417e-01
3.820054934975701255e-01
2.323197219134942593e-01
1.641420643066612839e-01
3.101172285845036347e-01
1.962801428729655795e-01
2.581600814721465853e-01
1.031003188789261643e-01
2.956310700195253771e-01
2.968696636983885195e-01
3.708405878335587769e-01
2.812840049137526610e-01
3.151549813538118139e-01
4.068244617936854213e-01
2.528408054079381850e-01
2.584918521922464629e-01
4.223793257410235480e-01
2.173018901538672498e-01
2.315751246777582317e-01
2.287808680673791839e-01
3.034777858062618350e-01
1.283836297523144598e-01
1.969538704927568940e-01
5.430926830873693545e-01
3.517463216865987508e-01
6.208487845011209094e-01
5.319867777301501288e-01
2.670342456514153695e-01
3.925403856850644413e-01
2.618700474055498106e-01
2.121371623908401283e-01
3.095989221843802319e-01
2.949700760982820191e-01
3.471058059112538396e-01
3.359991896591009164e-01
4.423339203834107947e-01
1.255884621147888291e-01
1.264228115098737504e-01
1.133667942070668705e-01
6.007255077884734451e-01
2.924225236068259126e-01
2.681117381360940133e-01
3.330466204027635047e-01
3.204834819099676158e-01
1.984793990423887045e-01
2.082726587463586410e-01
3.025067997840079070e-01
3.272689806798513845e-01
3.195860729618676954e-01
1.646592824971979119e-01
3.368310471465572609e-01
3.439055133155756727e-01
3.976685575821676255e-01
3.299652454479992669e-01
2.333378546608346205e-01
3.827864767795270406e-01
3.784268800748698536e-01
2.702841174883209852e-01
7.602928676541234054e-01
3.350661227138455600e-01
4.635677311164171366e-01
3.107457992238509825e-01
2.892152085467499800e-01
3.064522008462099434e-01
3.464634435752777519e-01
2.124440316035204335e-01
2.639960407080015892e-01
3.307553239794780997e-01
8.871788996745546552e-01
1.551522988886634702e-01
3.821613684022427404e-01
2.452786402124978449e-01
2.060796465624563922e-01
4.798639074023121620e-01
6.269337687427424255e-01
3.921007639569558112e-01
3.673863122544988036e-01
5.303577216147556950e-01
1.840945819558049146e-01
3.297126859920445074e-01
5.833170015686782728e-01
5.130634749136403494e-01
2.187719577190458953e-01
1.731697588129311460e-01
1.756877018128140955e-01
3.090723787322337546e-01
3.016215265424907477e-01
3.102891975378089251e-01
3.896925464563779085e-01
3.651379615110277310e-01
4.470761199994104929e-01
2.690744708679348451e-01
4.522753035730565641e-01
5.398456647229865624e-01
3.523809226177448406e-01
3.310170382139744905e-01
3.370977066465310479e-01
6.573415657655491406e-01
3.465003070194838108e-01
4.728974414204324961e-01
3.312004532437805571e-01
3.374910211158973494e-01
2.693332733618047925e-01
2.482933115775901589e-01
3.747577014652020422e-01
3.165537918425766484e-01
1.803422832016516875e-01
2.563931922825629650e-01
5.571590420369583185e-01
