4.728482379803663482e-01
3.551618709871524615e-01
3.458699571650929450e-01
2.028595219144927464e-01
2.818916953046033402e-01
2.885114380067976825e-01
4.034279816216324033e-01
5.961094010646105223e-01
2.429459747555332838e-01
1.982200241034726418e-01
1.325809822407686966e-01
2.505016020755047035e-01
5.132843739200659838e-01
2.606750550599686855e-01
2.317844450078506702e-01
1.972516455461396645e-01
2.817837004872740803e-01
4.578364473236981591e-01
2.637735731811934881e-01
2.742689570439710289e-01
1.245964180431156643e-01
1.875400406942893949e-01
2.259550255038199618e-01
1.474639759425255825e-01
2.853688391422466997e-01
2.273897053340875607e-01
1.747164095506697212e-01
4.391687172662925853e-01
3.033135106559344263e-01
2.325364914423276863e-01
2.119329619374409057e-01
4.203055499179965127e-01
1.718709224995394191e-01
2.366478727620550671e-01
2.833098708928888376e-01
3.546443553244409408e-01
2.432750916313795031e-01
1.578273854299906687e-01
2.180142436275879780e-01
3.527147387710497517e-01
1.669975481450494403e-01
1.983467559085627385e-01
3.411614080555827044e-01
3.461940409061973201e-01
1.845201338939486957e-01
5.141421414329245820e-01
4.006370097672161679e-01
3.593221259827466540e-01
1.862739379010212304e-01
2.849871968609529738e-01
2.578934978007429435e-01
3.450872948669388984e-01
5.909679891451388167e-01
2.543191375150744560e-01
5.520460797378848872e-01
7.060403140568808356e-01
4.554008384526592179e-01
3.233422174099150892e-01
2.766756257510777917e-01
2.761669974598475741e-01
3.909342580724779470e-01
2.328412510378258804e-01
5.632468445479951180e-01
2.993251355292873561e-01
3.130591860342724631e-01
2.862190243021538461e-01
3.817911091113188049e-01
2.159118787343212442e-01
1.419011154729653557e-01
1.755611214927111918e-01
4.216753757059065744e-01
2.737405149719076003e-01
3.289074075998356106e-01
3.855371655246199736e-01
1.859178401428152883e-01
2.412617703212740772e-01
4.143279994365700047e-01
3.048284082172004195e-01
2.426622650066034281e-01
1.701425299542683733e-01
2.260616826887912878e-01
2.974162244965330437e-01
3.323471369912447959e-01
1.771805195155576607e-01
1.490390453963284789e-01
2.388156609307029443e-01
2.088312952532129507e-01
2.417506889968220052e-01
4.559386985339458076e-01
3.133149438599185377e-01
3.269256726605941910e-01
3.062959707704607237e-01
2.250590757261525243e-01
2.326747814769166145e-01
3.296030957941752937e-01
3.888430794184630779e-01
3.227740753991731881e-01
4.045344409866301061e-01
1.537720086846250667e-01
3.119116635856328812e-01
1.733079796940203421e-01
1.928730141349206118e-01
1.910099474598489777e-01
3.461922296295634749e-01
3.165269339324943143e-01
3.042196500631318967e-01
2.315329504618710288e-01
4.030123450659630624e-01
2.007508735655572640e-01
2.616284665576096846e-01
1.161023569858309346e-01
2.177672636300508890e-01
2.089805075575685289e-01
1.291490929209539729e-01
6.669621498122005887e-01
2.251167968727611768e-01
3.090719405942897180e-01
2.469524041288903016e-01
3.808903626657064723e-01
1.874478615208508558e-01
4.832803953682400233e-01
2.954116194316163124e-01
3.025630140414290459e-01
4.192892500770384889e-01
2.694378767383087125e-01
3.504646916891268615e-01
2.942344152622564657e-01
2.328314978506963728e-01
2.683498179316658461e-01
2.986701871200012071e-01
2.275046900420877871e-01
3.996369188307147269e-01
3.862179605361187873e-01
1.661542263245212592e-01
4.254738109111039779e-01
2.525623987717482422e-01
2.754928852000063100e-01
5.019279978676719489e-01
1.912205236915578421e-01
2.566822476799276442e-01
1.969371969986943582e-01
1.897179943768282084e-01
2.825960086125048343e-01
2.071260018046992279e-01
2.865052094563085294e-01
4.015384790086565792e-01
4.818056074210360640e-01
3.472096085958382705e-01
3.035860525035563029e-01
2.606600655234259656e-01
2.716526511258494092e-01
5.707604546045329519e-01
5.228028401707608408e-01
1.665169078358025856e-01
4.621344260210036303e-01
2.262044528033977098e-01
3.708783004728007926e-01
3.486454464542142473e-01
4.367961419152878721e-01
2.009111738805572644e-01
2.057034480957307954e-01
3.038659570677383348e-01
6.594648759414770689e-01
1.620484322472286187e-01
2.863591884259784615e-01
3.324121060886938150e-01
2.698178181646601614e-01
3.411751239795267621e-01
5.788690164020922069e-01
4.025211050407254132e-01
2.091936759600251938e-01
4.635421247269466138e-01
1.527745325953883404e-01
1.114944444493231740e-01
4.046596789362864599e-01
2.963483623266056632e-01
1.957466705789331907e-01
3.241402910000612536e-01
2.461933594983062856e-01
2.764295584644719250e-01
1.944353554715128052e-01
3.891427424520815803e-01
3.827449375803421705e-01
3.731492042480715199e-01
2.467928227054877466e-01
1.855924990550982256e-01
3.254401450149536634e-01
7.600078869374363721e-01
4.904940126429762071e-01
3.328839626412247732e-01
3.954149468342127993e-01
3.959785051738391459e-01
2.845217171892974739e-01
1.165857255537205844e-01
3.088453572818555815e-01
1.974396498969692715e-01
1.973001003771180095e-01
2.424253050674374521e-01
2.471029336045064140e-01
2.282468874493855104e-01
1.951920208051189654e-01
2.781266832909237707e-01
1.963769629981306497e-01
2.748335101570965056e-01
4.398612713573998301e-01
4.522566168269239739e-01
3.183700876473712360e-01
2.894164528384348678e-01
5.912241331236651742e-01
3.548114570090706854e-01
3.741531782624677449e-01
2.449212901353820249e-01
1.252896465140035664e-01
3.244034273247765054e-01
3.674044543376560057e-01
1.932170951918843471e-01
2.248790207440122813e-01
2.907840250128538306e-01
3.985688457502489235e-01
4.696443643457034467e-01
4.211902161475530315e-01
1.711254199170043622e-01
2.043246898147148549e-01
1.330851920794306475e-01
2.406641298096229842e-01
4.477824192750482490e-01
1.307140253344705183e-01
2.451156845215338720e-01
3.224216975790169526e-01
3.300683085118800153e-01
3.982270025089377774e-01
2.542036690056276860e-01
4.641347917599636941e-01
2.931741071973280599e-01
2.444865600466367417e-01
5.804569920425869389e-01
2.857989620424210009e-01
4.940968916411676015e-01
1.958581047990457236e-01
1.742231103498585176e-01
3.991423098819335546e-01
2.535520403973763326e-01
3.073914280692916501e-01
2.101001312524044540e-01
3.301108622639138401e-01
2.856129708068409490e-01
2.212076435708593691e-01
1.478576140855494547e-01
2.083594484755166010e-01
2.270166118559003299e-01
1.781250225106442153e-01
2.154523380253984266e-01
5.991685271114632894e-01
4.050339039480786441e-01
3.254019906121942141e-01
4.271940127382222729e-01
2.702840505647738922e-01
2.587627804570323820e-01
3.092451355911430833e-01
3.219943940307828933e-01
2.700768410530256514e-01
1.153358448145036658e-01
4.315672862513346697e-01
2.026684684777293466e-01
1.956159701156083286e-01
3.475981146771623398e-01
2.495412253248455448e-01
2.142779710577968066e-01
2.974088552870415847e-01
1.709941818642773670e-01
1.477023554302948904e-01
2.830301877257951904e-01
1.978128157665746678e-01
1.691646330782271002e-01
2.184415077345522871e-01
4.282350067918947456e-01
2.621145757747278537e-01
5.206400997254011509e-01
1.779250428211413826e-01
2.539000181479425522e-01
3.189486527326450549e-01
3.557418208094249024e-01
2.053893175926050085e-01
2.151710005306273488e-01
2.328258442969818875e-01
9.189405662126938490e-02
2.075668419484688054e-01
1.788415867229896372e-01
3.475600504706750637e-01
3.869637276971571449e-01
2.620137121275393777e-01
2.929730119729874183e-01
4.856577844875086258e-01
4.957310617450763068e-01
6.250576528277934640e-01
2.729463982465454852e-01
3.086954575211506291e-01
3.476934937086307853e-01
2.413094376487710802e-01
2.739064134342881207e-01
