4.336464749398653007e-01
3.483282196652940921e-01
4.706302973104715126e-01
2.660897226316901731e-01
3.961282252249029856e-01
7.692188889672677554e-01
3.408096643865776154e-01
3.070008597028074382e-01
3.713019110609342976e-01
4.761047623330958989e-01
5.957280885048620300e-01
4.669129006447274577e-01
1.849675938143093556e-01
1.884285792443448349e-01
1.919280655547800918e-01
5.568814826838252019e-01
3.012847426588567412e-01
5.370031766923974992e-01
2.176517343654589820e-01
4.855387112565921481e-01
1.783594144456819852e-01
3.048004333471688865e-01
2.909470671998639069e-01
5.421020236828374417e-01
5.058568286692319838e-01
2.819834769857079149e-01
2.128834603275890913e-01
2.867351668869232983e-01
4.531130253714745759e-01
2.118995456154342816e-01
2.906813858035330322e-01
4.192452963182110026e-01
4.693513266277640206e-01
2.468455500845856687e-01
2.504418788745393920e-01
1.993084575090258714e-01
2.059708940992498460e-01
4.716006322265851591e-01
2.304653215710718017e-01
4.794415227792994671e-01
7.332516277733452936e-01
5.337923654102081361e-01
1.795126575933817803e-01
5.388430333630888081e-01
2.726418907989172080e-01
2.603608052437000331e-01
3.260175687209078133e-01
2.888040385447755987e-01
1.720228457784562515e-01
3.405902055315928600e-01
5.879963388525486501e-01
1.999922901502621808e-01
2.444080512620339651e-01
3.885703448736606003e-01
3.926870091583244959e-01
3.005182916074052857e-01
3.214516267404252670e-01
3.551671517009826751e-01
4.095893884224764969e-01
3.717672947595501709e-01
2.392656366955960012e-01
3.364232108989661518e-01
3.296208823290889822e-01
3.966487666438966997e-01
7.764236342060510943e-01
3.339043849181587142e-01
4.283923686931866426e-01
5.620087738606673877e-01
3.660772890140838176e-01
3.974631466090843834e-01
2.214926893989301315e-01
3.128002289500854127e-01
3.593481672513051950e-01
5.689625742105881567e-01
4.551921307462605260e-01
4.455434945716962303e-01
2.425785372974692822e-01
3.837808620943123361e-01
2.380672409276596846e-01
3.665572488402550899e-01
4.100448506485836475e-01
1.913462038902918882e-01
4.353079817982887234e-01
2.424178307364218965e-01
4.371802328830885487e-01
4.061574746540350667e-01
1.138492184078321312e-01
9.405898471197409183e-01
2.532320223617240962e-01
4.238493986355408860e-01
1.975795469193956100e-01
3.734551909623480825e-01
6.851386154814779195e-01
1.837687197840569553e-01
2.551805098888182965e-01
1.866565918732993046e-01
2.691702561386482007e-01
1.377367163554871488e-01
5.626320797548631791e-01
3.480525589143562137e-01
3.087254619596399019e-01
5.124888265378642060e-01
3.199464309671518625e-01
2.255614760064295898e-01
5.228540565402151064e-01
4.163669796302836290e-01
4.045661821099120203e-01
5.972296587476103591e-01
1.905733785284985660e-01
5.296221415427092571e-01
3.519600504789171525e-01
2.258680267461808111e-01
4.079141491675387088e-01
3.406202622346503062e-01
2.796069214941970249e-01
5.945039307897918013e-01
1.788328299390662679e-01
6.089808723905739685e-01
4.228262578244884051e-01
2.831802610489714267e-01
2.929760582037818639e-01
1.994353405487469810e-01
7.015819351003250715e-01
3.598339126365294183e-01
2.148770748358136695e-01
6.564703113971407378e-01
6.193817912250725310e-01
3.655901690475569232e-01
7.665893404662046384e-01
3.202213226398353263e-01
3.693002155856639490e-01
2.717537893824994444e-01
2.564148525186334959e-01
2.630572470149297737e-01
5.711541852634888228e-01
3.116389651923419102e-01
4.007965410621222024e-01
1.640254119459395032e-01
4.187466966515300260e-01
4.736098591861310214e-01
5.837401408782810774e-01
3.932324169452185436e-01
3.199965273430182555e-01
2.462759652695972745e-01
2.586773145321669687e-01
4.344036364493016888e-01
2.433598100022707489e-01
7.446848884290253601e-01
6.086105169360395140e-01
2.523222053205974591e-01
2.997573871187587113e-01
1.879743399529923420e-01
2.601093898849076713e-01
4.339209265148734063e-01
4.689643193221145756e-01
1.711382866069459108e-01
2.319900639104675588e-01
4.859270070538898034e-01
3.933960680336353044e-01
3.425947171075566233e-01
4.123546929255237914e-01
7.976196110444150333e-01
3.783931566585652106e-01
3.472577806454396065e-01
3.676170371926545388e-01
3.184957739131140664e-01
5.934522881080874779e-01
2.791086799912387284e-01
4.760224861491203496e-01
4.166959531395565963e-01
4.460542120202917737e-01
1.640843196305512841e-01
3.968761950683850070e-01
3.917032671615215955e-01
3.495233187476767256e-01
3.982564649697524217e-01
3.424022611007360162e-01
3.584447480260948837e-01
3.666530951490928336e-01
2.795015594110062396e-01
3.791635373067636650e-01
2.860254649057114573e-01
3.014891870925810458e-01
3.250958059110792275e-01
4.741909820394563102e-01
1.789877444251500305e-01
2.997937130050666310e-01
8.088375401705515388e-01
3.890659878270408822e-01
2.663279457862035571e-01
3.545040697119267725e-01
2.824232154212099610e-01
7.493730388426016464e-01
4.402509476742588745e-01
2.738068020553645066e-01
1.872068562165194461e-01
3.017492333584996245e-01
2.311166229244660808e-01
2.847204223778738719e-01
7.401765817107062162e-01
6.709325372612907623e-01
2.877721522115479491e-01
4.979071350869633816e-01
4.326531699292159860e-01
3.156581949184492641e-01
3.959647410167045356e-01
3.028884745418375934e-01
2.083778370776006861e-01
3.658314918699400176e-01
5.498506404555700833e-01
5.272694127550348053e-01
4.572090251629284396e-01
8.418581524924506621e-01
3.891328168508596530e-01
4.135602531087457234e-01
2.728630743517707069e-01
3.025094335622675046e-01
1.044421104351117346e+00
3.745631827783907353e-01
2.672669087855358838e-01
4.607988233453826910e-01
2.208293789240029226e-01
3.481590982091152808e-01
3.602326136192888772e-01
3.583730010440332459e-01
3.698241433128516276e-01
1.756857039089028405e-01
4.322457829616281333e-01
3.895738433706557591e-01
5.972820358501698124e-01
1.700715370658343328e-01
7.439236426315645190e-01
4.132590497640806215e-01
3.016911740388195096e-01
3.661479030921090949e-01
3.148075958616570191e-01
3.633407947044882680e-01
3.281924148347442061e-01
3.320135458022722696e-01
5.213969670072022833e-01
2.390217354612413914e-01
4.230661487999314851e-01
5.883632380714207688e-01
2.255882267132613139e-01
7.767564664322996748e-01
2.200976439876999591e-01
4.301558292414823237e-01
3.932703624802858511e-01
3.460210938701291927e-01
2.613236404616918751e-01
4.332579457655855171e-01
1.394940089862671539e-01
4.004060034687140224e-01
1.960319417775695794e-01
3.954645389660854660e-01
2.551027192373365171e-01
2.241845529481122368e-01
3.103825382098999164e-01
2.142719454287781711e-01
2.193248238923690419e-01
6.552721460370817264e-01
4.312737844969408707e-01
4.951753581713862484e-01
8.545809285183730841e-01
2.901665073588812760e-01
4.034940327924396164e-01
3.580146008280483683e-01
3.586895077724775449e-01
1.140051162427282161e-01
3.611014682420807254e-01
1.521295368208462617e-01
1.922120321789714259e-01
2.037879236469986588e-01
5.456751061838909234e-01
5.541136768482948227e-01
3.148918156328650575e-01
4.418556126428728192e-01
1.147669309414597327e-01
8.420746911544768620e-01
4.613130331559203712e-01
1.625355105477241380e-01
2.348173236019489019e-01
6.253801206596341089e-01
4.037810021521992532e-01
1.211355468649044642e-01
2.248583178677099337e-01
2.873520558398118263e-01
3.931816529282586847e-01
1.985190242587391019e-01
5.231131963242805494e-01
4.459461599100386642e-01
1.445376582318151915e+00
5.905805901438911931e-01
5.994267729369028297e-01
1.359325434829002921e-01
3.559801640169525938e-01
4.255294544180435734e-01
3.638900876902516623e-01
1.905749212176841845e-01
4.644779202429187293e-01
