1.071070305709062920e+00
2.260009566235184675e+00
1.621561557837641221e+00
1.342069965465612746e+00
1.691426031820565612e+00
1.676105345517801215e+00
1.581533268770392020e+00
1.376607686265800323e+00
2.211141048689594157e+00
2.591296446697076483e+00
2.107349973242684360e+00
2.198791606393269316e+00
2.185819759956592723e+00
2.276831666489065764e+00
1.760391947244008604e+00
1.184928019295779844e+00
1.410014166241573941e+00
2.759032882224810468e+00
1.824533290987865541e+00
1.374429265383881882e+00
2.842017464516542358e+00
2.372160389536909886e+00
1.870233613573322629e+00
1.501183961666062938e+00
1.948724156567952948e+00
1.013702804209319686e+00
2.023748042094644539e+00
1.846741011370881536e+00
2.076910079518929919e+00
1.708357256071574959e+00
1.724440936247589873e+00
1.567536794200615979e+00
1.690739810720430780e+00
2.697666278324656552e+00
2.970697450213629853e+00
1.832843293566118081e+00
2.323997318364401377e+00
2.014555784259200788e+00
1.191594058543680168e+00
2.584345290542869655e+00
1.532629869393378641e+00
2.953940140689080618e+00
2.130409933799967792e+00
3.001959778297172310e+00
1.729938404968974108e+00
2.194039553717539004e+00
8.117866409699792118e-01
2.957043802453811931e+00
1.465689890395061035e+00
1.610504867503008697e+00
1.931205404988665997e+00
1.044804222635720814e+00
1.021531621971427217e+00
1.545937380042592846e+00
2.070720712518091311e+00
2.286186380495105475e+00
1.447395042455759562e+00
1.432535620229730577e+00
1.004917243882013977e+00
1.744487174010080910e+00
2.492128631401133720e+00
1.632996012109648509e+00
2.163580461673311639e+00
2.246219958266824523e+00
1.750466035926479202e+00
1.374782030834872160e+00
5.865214424950402350e-01
1.980272884721360427e+00
2.937377646128127129e+00
9.615595583615297315e-01
2.646563306576559249e+00
2.358751150037549760e+00
1.312930471553805489e+00
2.085966125414759009e+00
2.464627353296117374e+00
3.476751463832818079e+00
1.338226805933457886e+00
1.281304163406262520e+00
1.525623619783180063e+00
1.126999011597588085e+00
2.487004528759933386e+00
1.601775043846277224e+00
2.337236207004580013e+00
2.228409692916405227e+00
1.561756858698163386e+00
9.683056367921557550e-01
1.935885815402953680e+00
9.642165486818542464e-01
2.042271534973032043e+00
2.879539190880506805e+00
1.793983581074161338e+00
3.810251794967557615e+00
2.732889762564858493e+00
1.864265326554112256e+00
1.510172020908685298e+00
1.705062657618095168e+00
1.387839227364241257e+00
1.301745893656193420e+00
1.521133549571470622e+00
1.353946291871699348e+00
2.111334308353316480e+00
2.026477540464200811e+00
1.660416196923883092e+00
1.345508305434737428e+00
1.622461022209035209e+00
1.807300586795682396e+00
2.090381743849482721e+00
1.509539633629406685e+00
1.633371027017378241e+00
1.742658969117858447e+00
2.776737212285950385e+00
2.349245870138767955e+00
1.888828728289197567e+00
1.500501300486198009e+00
2.271843048419643463e+00
1.508699766523534214e+00
1.345685022488221971e+00
1.763549160104524338e+00
1.906302907880762065e+00
3.135467178993751158e+00
2.212844571625014911e+00
1.575386221689505817e+00
1.407429256900931014e+00
2.200664871493361652e+00
1.076782208326211521e+00
1.511801672491263515e+00
1.796768568950369405e+00
2.122166172302560661e+00
1.548666147186735342e+00
1.757336312943372114e+00
2.183350160913960281e+00
1.863017869807227722e+00
2.132662322542983713e+00
2.677810029756132693e+00
1.725064101307095532e+00
3.895180453340959748e+00
2.411981711984253263e+00
1.241102110959757976e+00
1.174338718783076940e+00
3.440312219364880075e+00
7.864938277118261878e-01
2.444077996709589140e+00
2.099360239032646458e+00
1.982991749790229630e+00
2.282639459656509828e+00
2.595745253000783848e+00
2.883958417128395624e+00
1.525333163678043613e+00
2.096322120284658030e+00
1.735839373605742253e+00
3.631331577351717854e+00
2.187808126240294637e+00
1.589915923877019299e+00
1.094584710916029602e+00
1.410012241676817046e+00
2.015007819479600393e+00
1.642573009788178329e+00
3.102468589680139388e+00
1.356356588401411711e+00
2.003394351685304109e+00
2.997094183656123789e+00
1.491994225519655437e+00
1.611961371008121979e+00
1.189233943666742510e+00
1.236721669422412129e+00
1.465816511038238401e+00
2.161510099809716756e+00
1.601696070550117978e+00
2.193942803112340467e+00
2.650398622705702589e+00
1.503653568369671012e+00
2.611289921531189773e+00
2.168483965177474548e+00
1.855560347985906411e+00
1.599381987602176647e+00
1.693520629112380771e+00
2.820139514118615853e+00
1.802959085779305859e+00
2.455160600695903028e+00
2.311738158708466884e+00
2.267369662143981390e+00
2.031898649654876543e+00
1.724417652307925541e+00
2.320583812120895484e+00
2.185187008543994835e+00
2.136527387622156660e+00
1.758846388638621194e+00
2.139499972553750684e+00
1.426840079693748153e+00
1.719302687825582154e+00
1.977759553359841327e+00
1.345161023242447351e+00
1.408305009035845545e+00
1.016168561615553578e+00
3.578739113934915395e+00
1.575841426894093456e+00
2.202963822859631104e+00
1.202351059102584774e+00
1.242175222091220554e+00
8.858470086330652027e-01
1.545303252478221312e+00
1.915329732902129489e+00
9.420631153320533357e-01
9.890201179537048137e-01
1.181797246600182483e+00
1.606782129368302892e+00
1.324643419442230297e+00
2.510805408095901470e+00
1.579512633106220365e+00
1.423116347407620719e+00
1.503235049586175487e+00
1.189008309249463213e+00
1.273202843818014074e+00
2.024455827624225712e+00
2.700207146445075868e+00
8.316108167559866926e-01
1.669004336594268834e+00
3.169986430405933753e+00
1.915139147383728702e+00
1.617151145521838584e+00
1.291563315493743813e+00
1.564595238568569524e+00
2.546403705779111792e+00
1.517416125379954073e+00
2.443888977646096361e+00
1.456974835561488879e+00
1.142731565056777310e+00
1.763504491340876390e+00
1.403450535268428556e+00
2.144397352365266407e+00
2.874532808193261957e+00
1.518471658232926069e+00
1.881015369304122054e+00
1.369368223605688772e+00
1.734184718300729733e+00
4.994630024777578114e+00
1.330632356436632469e+00
2.687306547617713370e+00
2.460644621264249654e+00
2.476651178676839038e+00
2.789111674539864083e+00
2.094977291605228054e+00
2.588967797060242937e+00
1.382574416058072853e+00
2.742872023303282170e+00
2.105494669555041831e+00
2.231094871620452835e+00
1.700586385147816904e+00
1.512356538741213452e+00
2.540779015695830534e+00
2.012024908807835910e+00
2.323965038624214330e+00
1.619798509271902276e+00
1.739262641628671391e+00
1.983037144283904096e+00
2.401103683973330405e+00
1.652530997143839997e+00
1.389553386818892511e+00
2.574681276935496754e+00
1.975214002634346100e+00
1.652345293956791972e+00
1.295549783160586443e+00
1.579019083316724137e+00
2.155141885790959222e+00
1.845806507705432642e+00
1.073240379528521471e+00
2.507393823898585783e+00
9.990862762882958270e-01
1.759485412502959978e+00
1.406729008119200541e+00
2.129359748006257380e+00
1.746526976148226273e+00
1.501312179486559151e+00
1.962858713666315813e+00
1.396841622810468753e+00
1.177222600476939496e+00
1.085658280706473411e+00
1.455917613347741169e+00
8.839730816072295383e-01
1.372600961759627536e+00
1.716387468216424850e+00
2.300266024085299232e+00
1.585576619658511932e+00
1.730463400711085953e+00
1.368508661003279503e+00
1.059835874630584929e+00
1.961096624360757268e+00
2.183222751247486659e+00
2.232011972093782770e+00
2.201482873289250630e+00
2.063245367915542250e+00
2.071501176010055900e+00
2.059799174414479239e+00
2.164487098289772593e+00
1.599669923611454436e+00
1.899916194768638711e+00
1.112509095620493271e+00
1.120602297326038999e+00
1.526417276418677638e+00
1.124547939722376322e+00
