3.600655673881095198e-01
4.443025649213871997e-01
3.554676072282377253e-01
2.697236151097653911e-01
2.371309571365873559e-01
3.077102592461300468e-01
2.306112466070749933e-01
2.481878914857264251e-01
2.690374516411856987e-01
4.313479258522815440e-01
2.268156802632817215e-01
2.572888614369259752e-01
5.488100041109342797e-01
2.540841400841790110e-01
4.911377724012341295e-01
4.541215710049791299e-01
1.813988916393948214e-01
1.920655827802330573e-01
2.807633200198919043e-01
2.418261028988433481e-01
2.057574324821304368e-01
2.903498438425162753e-01
2.459894995973334608e-01
1.372299110116178278e-01
2.508929453964553469e-01
3.888798879395585772e-01
3.928571487891274749e-01
1.629225137395358403e-01
2.019626013151309685e-01
1.950645310587701409e-01
4.651613647346433122e-01
4.832075485226844380e-01
2.453813319186431141e-01
2.149935011590433931e-01
1.392521636479949754e-01
2.318750953697284733e-01
1.646844453477952219e-01
2.167658475756049086e-01
1.548779054615582185e-01
2.688951172305914517e-01
3.161855000200403110e-01
4.735978461605231948e-01
1.861222496172369179e-01
2.331793175590499978e-01
2.499319782614890240e-01
2.923145454576455138e-01
3.463134772966752761e-01
2.788254963283812171e-01
2.722807181294558676e-01
3.787105631249115811e-01
3.507066810931517842e-01
3.687824797014582212e-01
2.903538304287772154e-01
5.663594364652072555e-01
2.893731831753882378e-01
6.189135974180680622e-01
4.131053151299419746e-01
4.288570741809973330e-01
3.858933806052408655e-01
1.754770660274387051e-01
2.712265580292722578e-01
3.452936962967623202e-01
2.547531193974276742e-01
1.073194348046437596e-01
1.387800124431619875e-01
2.486985406563416989e-01
7.322499182003983087e-01
1.817317260561223391e-01
3.856652768633817563e-01
2.742441081733932307e-01
2.130284062659810462e-01
3.385518894983673976e-01
3.099769004251823334e-01
2.368341920656420463e-01
4.141256265708579964e-01
4.069160770679796646e-01
2.493557957459575369e-01
1.800219407460733612e-01
3.708685232797698794e-01
2.497768711326850966e-01
3.048050356752312062e-01
1.806512622053756401e-01
1.624970781833498246e-01
2.468625191500442018e-01
2.433661108512684135e-01
2.955037837355222186e-01
1.984090215986275552e-01
2.160905995221867881e-01
5.255248827173306658e-01
4.337315718612657078e-01
2.660460845519106443e-01
1.023597426063502930e-01
4.051520733274904251e-01
2.807649020881410329e-01
3.406326221429891721e-01
2.640460250126956399e-01
4.077398261709734850e-01
2.075336481021235469e-01
2.017120433491998432e-01
4.010444740357782534e-01
2.485370611855031997e-01
2.088338621789456451e-01
1.701018848499297464e-01
3.207182339190118303e-01
2.791759415345356765e-01
4.057824469207936824e-01
6.132148128614813842e-01
2.369555212417640278e-01
2.287305578787287297e-01
1.471654095250820304e-01
3.582786433147797100e-01
3.533910030179786554e-01
1.813827039605368230e-01
2.941018747651147347e-01
2.585235842276784046e-01
9.186966701523734402e-01
2.852641867979427426e-01
5.660837133584851744e-01
3.613372288042298597e-01
3.087709536004392130e-01
4.254723229800880802e-01
2.347213432529028088e-01
4.303085920046358370e-01
7.718123423623057811e-01
2.872817063360216805e-01
6.291189620570286634e-01
3.324553013591423634e-01
2.103186808546015363e-01
2.838009238517519850e-01
3.583876065801308020e-01
2.512584847225304285e-01
1.578958964899039308e-01
2.738196211437430305e-01
3.947523132371206223e-01
3.913316192052896381e-01
2.483404759001719975e-01
4.096419305173720771e-01
1.971165354902962852e-01
1.822124972864754278e-01
2.702846663984385112e-01
2.308059455102318136e-01
3.689978446088901798e-01
5.087565422810202964e-01
4.217740412773756109e-01
2.473563155226971011e-01
1.119230732427586583e-01
2.888330817526744698e-01
1.487951207623415262e-01
1.669476226756423931e-01
3.217420263720944251e-01
4.533499651810102837e-01
1.471553471966758897e-01
3.778327582989658429e-01
2.757697255425392013e-01
6.445007338710183609e-01
3.663810389144861457e-01
3.275406987272971859e-01
2.513119974976620319e-01
2.144193108752561749e-01
2.960067468962392923e-01
2.029063717308888237e-01
1.453644462846705177e-01
4.666740670408109359e-01
2.167097093851425571e-01
1.796348158567870612e-01
3.394485558954726812e-01
1.036104600586978813e-01
2.774106724255779310e-01
1.975223852439442762e-01
3.416383952678737068e-01
1.316725289714305025e-01
2.896103613718186698e-01
2.073904570278023163e-01
4.229477483964942941e-01
1.531199169575429841e-01
3.093955595852231899e-01
6.588489783164003244e-01
3.129813858846997032e-01
3.482192503729774624e-01
2.056229996089913303e-01
3.710655574658803801e-01
5.052517667251491540e-01
1.325031878126711471e-01
3.477836183215671229e-01
3.964197244393079522e-01
1.664581065470787380e-01
3.284765376896701672e-01
3.370164428616401198e-01
2.969988462110354499e-01
3.579516346806136395e-01
3.827601437740093537e-01
5.008787668000187487e-01
2.870503662074956885e-01
4.337836780441412521e-01
2.485690009772758835e-01
1.728378457350844832e-01
2.824400772007389926e-01
6.735800612873551474e-01
3.888557117972286648e-01
3.558048664356168733e-01
1.276517817005602962e-01
1.949109628331232857e-01
2.255788058265077167e-01
1.800015644908792567e-01
2.384243525991331381e-01
1.651787001791915066e-01
3.963043400791512183e-01
6.354907778646613492e-01
2.576652152601882073e-01
6.898948378184586172e-01
3.708105237704550916e-01
3.120920700952504734e-01
2.364112354192194621e-01
3.421659345198499458e-01
3.855582485914121338e-01
4.191693725698451001e-01
3.603039743701043074e-01
1.866681019503337036e-01
3.464389243645963345e-01
7.584253347911077414e-01
3.144474620833390688e-01
6.335174945519636003e-01
2.536065144379862080e-01
2.563580436416560415e-01
1.339796622166954665e-01
3.861178097307267909e-01
4.589414617858875722e-01
2.679292182237114073e-01
2.819701181249724686e-01
1.602209111464828750e-01
2.941255049545487554e-01
3.493400650596619750e-01
4.312540589591987161e-01
3.201222526957351322e-01
2.322220012839611714e-01
2.699809685968980744e-01
2.214048590482842471e-01
3.135191763897753336e-01
2.830470287844950583e-01
1.778940876407875404e-01
4.976491818931740863e-01
5.568433812331364807e-01
2.074522395917155482e-01
2.177780504493644909e-01
3.626654506094554864e-01
4.159511009838320894e-01
1.010349713782136560e-01
2.335705627036488707e-01
1.569582938870975886e-01
2.243999938010981798e-01
2.899301995266178600e-01
2.612265863450252690e-01
1.033097993566846062e-01
2.311830166175206647e-01
4.694873791043880362e-01
4.693319256925398975e-01
3.499704937671780924e-01
1.919283284939616585e-01
2.924780986194470689e-01
1.484705454703450500e-01
3.151516605068547805e-01
2.661233395024628634e-01
3.166191729324579485e-01
2.362924521279936574e-01
3.890922455998782614e-01
1.896394210016960624e-01
1.740610229899073880e-01
2.920868618006877693e-01
1.367023389971447622e-01
3.926550541707182207e-01
3.822873497492607076e-01
1.988307699788584015e-01
1.560099295722952861e-01
3.464705616029609692e-01
1.339558585070521612e-01
2.186556179301955560e-01
3.969938444852874615e-01
3.102561687297196724e-01
2.491744252159519279e-01
4.097334978689487484e-01
1.896132715303008864e-01
1.916928227434313847e-01
2.362424920271797291e-01
3.617544632726996112e-01
1.850647249055485388e-01
3.104624310765258799e-01
4.264439961642754184e-01
3.421556105498731459e-01
2.504812032938704691e-01
2.323883520894162724e-01
1.869315499056703744e-01
3.196420988891509607e-01
1.899000407445048388e-01
3.761310805073678765e-01
6.052066336516357392e-01
3.886302962054923316e-01
3.607214391012138477e-01
1.234048058692397976e-01
4.453062618589592736e-01
2.506921639320435768e-01
