1.664503254726853010e+00
6.448552361102093400e-01
7.579198658187109583e-01
7.633946263643619501e-01
1.516031840687728449e+00
9.843248598644598335e-01
1.454762862227868769e+00
5.747345960960694722e-01
1.289889337265909042e+00
3.555349118029029198e-01
8.673323376204935542e-01
1.576412067054371757e+00
6.951919563426227633e-01
1.539578989944616616e+00
4.604641294566805265e-01
1.347311515389787440e+00
7.726486164690103964e-01
6.466571516729802127e-01
1.227368849983617061e+00
6.731822524273316510e-01
1.060867882128310402e+00
1.326072617945097898e+00
1.316078689108612698e+00
6.548203299919214126e-01
9.573657505646506749e-01
8.773948419146559985e-01
5.858014466180208046e-01
1.715978896511299201e+00
1.533478056787449084e+00
8.965278529761414594e-01
7.257904814612369249e-01
8.292342293411252285e-01
4.156921033350008954e-01
8.755008693312523738e-01
1.589252017908851400e+00
7.838139231367960980e-01
6.081033015519152762e-01
1.276465803657460318e+00
4.255371216267250234e-01
8.297911434975303591e-01
7.422240286253903863e-01
1.736775102866697118e+00
6.706391938974104461e-01
4.843552378538735770e-01
1.125353478696189402e+00
3.960109486532891188e-01
6.966814230927249607e-01
7.240603609347535663e-01
1.202210288451090792e+00
7.007359641534448569e-01
3.794163556612983323e-01
7.703328316119443242e-01
5.778760515439811396e-01
1.134386175354477277e+00
9.167578340729665154e-01
1.227599411832528409e+00
6.192767080536029090e-01
9.373402048555055099e-01
4.312208587929162174e-01
1.004557003913029822e+00
5.002173028602124871e-01
1.658790581839715284e+00
4.607415779969245562e-01
8.591189462555505196e-01
7.501053585213752761e-01
1.052941214980615880e+00
7.475650830025549753e-01
9.464958290104235061e-01
8.503320395539656351e-01
1.210272317828757327e+00
1.335826394577934284e+00
7.843393468807698943e-01
1.255670385396273403e+00
3.364786208270703072e-01
8.356269931383262239e-01
3.178732964710860864e-01
1.377749131984183695e+00
8.276239288312293718e-01
8.123528550509629964e-01
9.104911792143995930e-01
2.959676052361855936e-01
4.317414869407414924e-01
9.990718453092586326e-01
7.585331003708266628e-01
1.358263010351704603e+00
4.917714312427614032e-01
9.114590369655023450e-01
1.475947600847689944e+00
6.727500814914036953e-01
1.597183976181651754e+00
1.114865794576847424e+00
6.524031920447288524e-01
9.048609784579425552e-01
1.269297904921006692e+00
2.961891631698141958e-01
5.401682852795777201e-01
1.214765371269016958e+00
3.788182454713690528e-01
8.758251044895097870e-01
9.912555431057447075e-01
1.993358745641441221e+00
1.207473932157576479e+00
7.625146686679589170e-01
7.944295280044315621e-01
1.877026399539307944e+00
1.367884228433362326e+00
1.244172167592763278e+00
7.204402930712648923e-01
1.174340733232444478e+00
7.100248926409906680e-01
1.556647992473195075e+00
1.287769244335887464e+00
1.481805820986672018e+00
4.881662464976331273e-01
5.388286630251627463e-01
2.806964395175607363e-01
5.968226665843379131e-01
8.077629272167788921e-01
3.343076106386877466e-01
6.854228747149455625e-01
7.266886983594437188e-01
1.024821730340371051e+00
7.861813400010716490e-01
3.254415956179709246e-01
9.779448941230046710e-01
1.028743876879237185e+00
7.193838011871773741e-01
7.213687875226216795e-01
1.376511285584567812e+00
6.938112492503517581e-01
3.768226934055509125e-01
1.343513401206644087e+00
9.341702564962047761e-01
1.124439823062753474e+00
1.768584896960130770e+00
9.663781306604845023e-01
8.824040536527645306e-01
3.725807339949586128e-01
7.343759398810785211e-01
9.222036800193185169e-01
4.640446567337006556e-01
6.747518250980041321e-01
9.113194096342446260e-01
1.297067755954666612e+00
1.131935622972683575e+00
8.888323618651772229e-01
1.121654542935822008e+00
1.276499951299667757e+00
9.312570280589186344e-01
1.614102708253997820e+00
1.498778839157671072e+00
7.057106356094502431e-01
9.654199283668626341e-01
1.979356188932015925e+00
3.221230752478541959e+00
8.467918466140534894e-01
7.204098540532692940e-01
1.335257026148455983e+00
2.018994081426362719e+00
5.354369491678618864e-01
7.377699533793382614e-01
1.823136125362112336e+00
1.437043611986795977e+00
2.308836466112811792e+00
6.437608502517265796e-01
1.329248988274502219e+00
6.210865861213424877e-01
1.751937554369354499e+00
1.044164883853438308e+00
1.752507977525785465e+00
1.097872384982172989e+00
5.000002711075316464e-01
9.747238047876122247e-01
6.619521609128601325e-01
1.264054183255942432e+00
4.857111177385587397e-01
7.218362761022828478e-01
1.005508517644466027e+00
8.315798380465100337e-01
1.366889592040096746e+00
1.294052704109045715e+00
1.593551686016254409e+00
7.122395839859475553e-01
9.236729567465711277e-01
1.257380730073751840e+00
1.178014719666667931e+00
8.420458937248318509e-01
1.061810456737189323e+00
5.994261190523600957e-01
8.097064442239811921e-01
7.578577605881234858e-01
1.276247227665114892e+00
1.603052263841315161e+00
1.342234352859906332e+00
8.331974508788642098e-01
8.096682424576153725e-01
1.409773086620868865e+00
6.402937625773837960e-01
1.131986830807755195e+00
7.635122274869774461e-01
1.586659749410627596e+00
1.098514183067872407e+00
7.755656762843912144e-01
1.614967799270840887e+00
4.923870193330084910e-01
5.937034649513094342e-01
1.539489033852320610e+00
6.711034841958075647e-01
6.033935267552374970e-01
1.177854589151928311e+00
8.442678192622545819e-01
2.029444061518091313e+00
6.688865531790808561e-01
6.438020554059278311e-01
1.054743725352751405e+00
6.359705613638013677e-01
4.426015298833496092e-01
1.310403007790824192e+00
1.417002262454971184e+00
9.932031472080203871e-01
8.459925321051204872e-01
8.637289528263687455e-01
1.799666186498261267e+00
7.519253570158223043e-01
1.114098392035599350e+00
8.900226219994620269e-01
5.575020497341176551e-01
5.988140891158184598e-01
1.108557663833969142e+00
4.977222118252128680e-01
1.716312210579049813e+00
9.240378440229990442e-01
1.488226174077226238e+00
9.320795761412328240e-01
1.303276569655698269e+00
9.418788453739749267e-01
7.360283849945074008e-01
9.867081034516824722e-01
1.136096338519257509e+00
1.182744906949534602e+00
1.158869603567037387e+00
1.712993264212465228e+00
1.486598972848955702e+00
2.260437673353868915e-01
9.058563652023078339e-01
1.706291282772338658e+00
7.369545546511223622e-01
9.173410984137296831e-01
7.940982510090487390e-01
7.154507841744285335e-01
7.758414417476419134e-01
6.656981273165063495e-01
7.972207523199049684e-01
5.487891377294532580e-01
1.868680967574624985e+00
1.107429542084212626e+00
9.180097374910878294e-01
4.949432777240846959e-01
9.134405640570453233e-01
8.683011739270727336e-01
1.174586698941263219e+00
6.156196492829330014e-01
7.578280486220367873e-01
9.960804849713722486e-01
1.271188354214266791e+00
1.977516853308363354e+00
1.584040164210367196e+00
5.774807561697192781e-01
7.480866540393217301e-01
1.397909892196859794e+00
3.755939210049434873e-01
3.854730374003229043e-01
7.319535104795547031e-01
4.458134265836424248e-01
5.050059922835873349e-01
7.244517625898001523e-01
3.567691418174258056e-01
1.026442393513611773e+00
4.963085547937987063e-01
7.421984974847526395e-01
4.465174841385121107e-01
6.846830004963405658e-01
1.197332396817867517e+00
4.922254293676278092e-01
6.940762094029713225e-01
6.245326946240190580e-01
1.724746339528373751e+00
1.383152454590435898e+00
1.564570890058578412e+00
1.096791429033485699e+00
4.025646035466940442e-01
6.773473926312384430e-01
9.160399329104601529e-01
7.686772036134963404e-01
5.820603549375974461e-01
1.092859759946753551e+00
8.528939556936565580e-01
1.273792850203824933e+00
4.617721548669111442e-01
1.181050941641899277e+00
