4.629031585963836459e-01
5.336270970690514259e-01
3.847589766056832006e-01
5.959839289435626686e-01
3.369603679257798801e-01
2.972803838955519473e-01
4.241025818777017786e-01
1.996522193563796399e-01
2.074191385596959869e-01
3.405590218449900397e-01
2.858029312264442345e-01
3.115652885515398096e-01
6.547002076454950803e-01
4.345264988551005847e-01
2.120496456005729335e-01
3.987745364945161075e-01
7.491431331613372935e-01
2.676824498189486201e-01
6.554606236625403204e-01
5.047068440345701124e-01
4.860701418403710061e-01
5.129507240936987955e-01
2.660196583246711155e-01
2.040963623784592951e-01
3.623309743335378919e-01
4.312505309989183577e-01
6.759111617287389961e-01
6.424012781656275317e-01
6.982368169255985801e-01
4.965965729363746584e-01
2.806798711498700860e-01
5.664505234675003553e-01
5.567869367663479396e-01
7.194653899383959272e-01
6.020529243503905947e-01
6.722860269145692902e-01
3.174904898793368124e-01
5.446097677656522862e-01
3.989600012279982955e-01
9.290334044457231322e-01
1.274443184032125198e-01
3.059896631829103208e-01
7.109418198730077521e-01
4.306800631199161344e-01
5.187749042737909155e-01
4.023748876533293495e-01
5.560292790766320215e-01
4.659090376332720718e-01
2.614664506675097311e-01
2.948838117399195102e-01
4.676967720127649941e-01
3.755978420169260867e-01
4.742224464815851803e-01
3.612648075845419915e-01
3.924553344855328807e-01
5.694712112590373243e-01
2.476638772864886706e-01
3.900333107603055072e-01
6.389817115654180535e-01
2.665660417413354133e-01
3.096964248622492422e-01
5.409540125017207046e-01
2.736202658017924949e-01
8.828531267414861938e-01
7.168957193026170849e-01
4.845718463110891827e-01
5.021029476619707221e-01
3.523528942184805945e-01
5.371916577282008776e-01
4.216524896291987679e-01
4.882187876607234078e-01
2.460299883975659574e-01
4.771115038667557151e-01
7.118367257298353623e-01
5.406593358109511582e-01
3.898726178712405566e-01
2.623013685717803245e-01
6.733824988005997492e-01
6.974635300265162874e-01
3.711011190144352656e-01
3.494762691151079848e-01
9.684240978404387024e-01
5.984409237733170350e-01
3.340685309806454284e-01
5.536737265161927324e-01
3.861284419764295928e-01
3.640204003465348226e-01
2.360206577571410391e-01
1.939339867751073976e-01
3.245606070885317385e-01
4.329100352410090724e-01
1.173681114090086020e+00
5.871677989017933808e-01
9.729474584419649519e-01
2.218425492498524720e-01
2.267855028361892289e-01
3.033385213947390469e-01
3.188259877231366390e-01
5.122169098995814629e-01
1.787411812575862569e-01
6.090517212285335713e-01
3.294153888089415561e-01
7.629399109654977362e-01
6.303014671598190510e-01
2.888554244553213080e-01
3.919502933021274949e-01
2.026830012432183914e-01
2.944170561580045087e-01
6.573108208228046756e-01
3.942562034430929785e-01
8.199822866133165133e-01
3.581683548762748526e-01
3.983560888973407543e-01
8.390277464798581164e-01
3.719500054600776706e-01
1.156092788695806339e+00
6.046115128416030826e-01
4.497745273393010113e-01
5.177341305741179900e-01
1.830640345676150249e-01
4.387621230500409197e-01
3.357750688903802794e-01
2.900240627529481752e-01
1.790370561155449902e-01
6.444475534319495935e-01
5.359388471840982326e-01
7.573080322092051730e-01
9.268904946305940307e-01
3.145114954706990096e-01
3.681999743289104954e-01
3.421636881123767404e-01
2.760959720181553334e-01
3.804448411354494075e-01
7.563337503228879655e-01
3.112212761354000157e-01
4.255425116211498104e-01
3.968145012512481751e-01
1.091720167072086189e+00
2.806403056269691221e-01
3.224648457243669553e-01
4.010537471711089208e-01
5.864820861585989809e-01
2.382679055714060912e-01
3.756811062973189896e-01
2.773081758123751572e-01
3.802406955273325839e-01
4.783819156563134389e-01
3.375331787152876517e-01
4.724257891245995378e-01
6.999144689698346689e-01
5.546255774835459063e-01
2.351890122759743573e-01
2.563514591410283039e-01
3.074452692739232940e-01
3.911976501543532603e-01
1.997084822006620353e-01
7.325497869063114509e-01
5.034543043205806923e-01
5.012329920393187033e-01
5.489042012628215783e-01
7.262950162404580023e-01
2.880120348838434152e-01
4.746154781166256886e-01
4.965555924660538523e-01
5.052727730151720387e-01
4.573574368587686179e-01
3.733268010846579332e-01
7.304113371933138588e-01
3.734425665844202102e-01
2.166352980674127460e-01
5.599242293181900809e-01
4.878368937784044457e-01
5.552308025421206494e-01
4.704904292007014988e-01
3.922497404200461224e-01
5.520323527866800584e-01
3.176668830332445292e-01
4.573209988695409178e-01
4.975760051197539169e-01
5.550528995058793269e-01
7.853975410319218309e-01
5.774786402294753707e-01
3.161719416239117120e-01
2.338055018499270721e-01
9.909277987086443362e-01
7.711837396354671581e-01
3.667350848923546791e-01
4.766101362646489314e-01
9.654969153122832104e-01
8.093356415438964779e-01
3.364199607464904984e-01
2.965269064664106113e-01
2.156019258304155972e-01
4.848304730036512855e-01
3.993696089486363787e-01
3.095643735766738791e-01
6.115965643236566107e-01
7.354593598687944045e-01
3.198297273604321922e-01
2.827973212481729171e-01
1.222422707639151840e+00
3.707949788904206234e-01
1.059708349566994334e+00
3.590298095699026582e-01
3.283702461999364330e-01
2.963030977500084595e-01
1.888403935303644143e-01
4.488724391164368166e-01
2.259430978421242686e-01
6.273886963895253244e-01
4.820897474253962312e-01
7.078920435084533613e-01
3.938376130159910171e-01
3.357438738670772693e-01
2.140009296878373490e-01
1.671248695133984441e-01
4.471023976447395243e-01
2.096510763607069838e-01
3.527203690089460442e-01
2.135173109372734968e-01
3.830745995747044108e-01
2.815684824144732423e-01
3.395402163619196667e-01
6.236015791685125542e-01
5.047386892715286510e-01
2.525228544198413472e-01
3.432468851072729144e-01
1.863568524783174307e-01
5.176172053687009278e-01
3.183993845671720946e-01
1.983737001506493680e-01
1.966381260425992816e-01
3.147174398302886589e-01
6.073066074117241531e-01
1.349868293746609771e+00
4.093707181429556696e-01
3.212940672234507189e-01
6.324880330809340423e-01
3.975676735982114907e-01
3.693925314229208889e-01
4.293289910061154901e-01
6.742917149338446547e-01
6.518615707028816431e-01
2.235899782564192140e-01
2.989522004424647328e-01
3.589388538652045768e-01
3.916704847354651742e-01
2.047759308420305513e-01
5.031535511195446286e-01
4.864188446117966302e-01
4.333451658936567918e-01
4.115765213314952486e-01
5.476540836451658789e-01
7.308111580516863937e-01
4.609434970416457222e-01
2.890238500632030805e-01
2.341938302866000132e-01
4.365622843661256525e-01
5.440888105561331178e-01
3.621468586523601263e-01
1.644529336305051714e-01
5.102160542732003812e-01
4.278515187385312224e-01
3.642068119541494453e-01
2.832142180139951559e-01
5.621835240720747251e-01
5.021905330563393166e-01
3.688929698921978306e-01
5.851880753610290142e-01
1.905020178604898140e-01
4.596711325156236927e-01
2.983032807386782337e-01
5.161845719581052983e-01
5.432934236509069370e-01
4.255434475078253564e-01
2.812602236247591092e-01
6.319536976794616345e-01
3.545766026486995015e-01
3.349470532578363580e-01
6.736917445489183365e-01
3.246243872026050581e-01
1.604806203806259657e-01
4.883895986226668429e-01
3.049734389163914483e-01
5.572119703254728718e-01
6.893510889158896981e-01
2.743657300595247484e-01
3.500845458873718674e-01
4.293623916792324580e-01
3.340270555679232811e-01
2.754131945345357768e-01
4.298394264766448036e-01
2.210185298638569773e-01
4.050987080069917146e-01
2.028871710387710747e-01
2.057217942731317528e-01
3.375283654084818008e-01
5.205071172663126022e-01
2.937619023458810652e-01
2.386515215289557457e-01
