2.818745608963203253e+00
2.401589252684127374e+00
2.899545662227948739e+00
2.548272562505579764e+00
2.178885648229859306e+00
3.798994741071690218e+00
1.459148012011554973e+00
1.841211584752412866e+00
2.686099786850751681e+00
7.396397698233758700e-01
1.798975005268245608e+00
1.339888289346588435e+00
3.075413287512829275e+00
1.651221358144373319e+00
2.396659401023206737e+00
1.798330789418078668e+00
2.508132065389604204e+00
1.605051880493390204e+00
2.155431441494809253e+00
3.540019583676517811e+00
2.254271898683472219e+00
1.150646779754664895e+00
1.263181004197404533e+00
2.354486740795691979e+00
2.566805944116997917e+00
1.506547431136327386e+00
2.149541635404307982e+00
2.715398394884852351e+00
2.565110317965050957e+00
2.055252269423885725e+00
1.782544573835268764e+00
2.170138570290431002e+00
2.459450884826666517e+00
2.627863725690389174e+00
2.071834577937238464e+00
2.854607660323049689e+00
1.462181884225255191e+00
1.995547589969959290e+00
2.467744459961974446e+00
2.087986324264790028e+00
2.785382979263479886e+00
1.785908286503130826e+00
1.880296897493548114e+00
3.773041414069577826e+00
3.120676207521141166e+00
1.780399738486527994e+00
1.515815972692190261e+00
2.578045267523252804e+00
1.659359638329829467e+00
3.365664805565518947e+00
2.688707529301990640e+00
1.893599388474106471e+00
2.067762159114376441e+00
1.957262336074855114e+00
2.242835668840690744e+00
1.473291293075627451e+00
2.509080341775740131e+00
2.132662694164196626e+00
1.496892374658570057e+00
1.975516123422573544e+00
1.858824187860562471e+00
1.959449617850071990e+00
2.303451058258651152e+00
2.448463968445077299e+00
2.224334849730364105e+00
3.801606179150089915e+00
2.543880573404562639e+00
2.194887391565742085e+00
1.033738719936686756e+00
2.549680546720797469e+00
2.378328024171183053e+00
1.698800984671249070e+00
2.372352488369814605e+00
3.274008768886115917e+00
2.896894162638051107e+00
3.334173912743697343e+00
1.798288080816609735e+00
2.951084706395162183e+00
2.377470289054367747e+00
2.056175288914527055e+00
1.468090137119319794e+00
1.815865511585839753e+00
1.130365229924868542e+00
2.346580042745483485e+00
1.653975363695876721e+00
1.357840832539514153e+00
1.529995758210944912e+00
1.265599923694717965e+00
2.113642590832923052e+00
2.077124460430644248e+00
2.180182795138841723e+00
2.560222417163859454e+00
1.841220094520195305e+00
1.511488709258678398e+00
3.383374233893539085e+00
2.581181377157581114e+00
1.360322707735655667e+00
2.191484302410771967e+00
1.565050854821511406e+00
2.233428044709142579e+00
3.295576752467485271e+00
1.263927003022852213e+00
1.552964524555855874e+00
1.254853141005713546e+00
2.578584603859879198e+00
2.252642416447729889e+00
2.047477105315076429e+00
1.715714389931943140e+00
2.683674830358464547e+00
1.774922413634502982e+00
1.861979470531490932e+00
2.128089417969437402e+00
2.071215207076266829e+00
1.677156362375308074e+00
1.806998282068933426e+00
2.993432212745417598e+00
2.517135149649064818e+00
8.248098787953034305e-01
1.987243098354249060e+00
1.516906798460563754e+00
1.651134016771360402e+00
2.142858609176729878e+00
1.971348370175581177e+00
2.756737571609773063e+00
1.572589239251809712e+00
1.913384172566668706e+00
2.495474306994542868e+00
1.570948850338737213e+00
2.764378401948697661e+00
2.333570817991775570e+00
1.893440637448562835e+00
1.619666404566648010e+00
2.436032773183864020e+00
2.968284148552760016e+00
1.584133524860260822e+00
2.006599078288378912e+00
1.460188493613542304e+00
2.284153512227372396e+00
1.604327411020381344e+00
1.994877519202298055e+00
2.826730282023139473e+00
1.961465748487266847e+00
1.554328644627892553e+00
2.841501842161476166e+00
2.857044558365656961e+00
1.975075518439296296e+00
2.818021804085833359e+00
2.589894402961456343e+00
2.631597724333387678e+00
2.054466593911095096e+00
1.894303900969105392e+00
1.903840651994168187e+00
2.072024578431490127e+00
2.744608344525055088e+00
2.200823333375931945e+00
1.533595820060783987e+00
9.395390002502108651e-01
1.967368281146752551e+00
1.746254604106619590e+00
1.683379947612512861e+00
1.372996875539987727e+00
2.401792518507882335e+00
2.544383872213126008e+00
1.608657470419196045e+00
2.076661702693916478e+00
2.720467909038559728e+00
2.516185984826377009e+00
3.130141769317267730e+00
2.773929865186774979e+00
2.263231292297961161e+00
1.887749500621337839e+00
1.854375969100016786e+00
2.225211011449923948e+00
1.487216523761819564e+00
2.847686480336732995e+00
1.483736014606887643e+00
2.088600983875423367e+00
1.494732956405391278e+00
2.517023662756670888e+00
1.698203597331428227e+00
1.601834695490289562e+00
1.814621715042143313e+00
1.627421687339491996e+00
2.697250655945636844e+00
1.848958692388177560e+00
2.593484845210635381e+00
1.403595535413127537e+00
1.185837819632023171e+00
2.336697083189326118e+00
2.034716651718714520e+00
1.901399079844432460e+00
2.186711308599627479e+00
1.529781535892889677e+00
2.426164900888202691e+00
1.612700684792231387e+00
2.262774764133653083e+00
1.528606257003078062e+00
2.319778679888263362e+00
1.874666364467443946e+00
2.481170197941917621e+00
1.440902030383882204e+00
1.470774509008625053e+00
2.355091385085828826e+00
2.512077826731959895e+00
1.562193427413208102e+00
2.471287287841719582e+00
1.499930291567936669e+00
2.577175560986859626e+00
4.067450071747252593e+00
2.536136592631726305e+00
1.263897250363823499e+00
1.471290506046884161e+00
2.509151376606374217e+00
2.577851865165176726e+00
2.073503810871180963e+00
2.095838606009572391e+00
1.683914591739554822e+00
2.539118240327281839e+00
2.354855499256432338e+00
2.075710386233009963e+00
1.925610712860910345e+00
2.337167530878268895e+00
2.237057359495790987e+00
1.947662937228362257e+00
2.072010053940312346e+00
2.606003887657241780e+00
1.341470046958801898e+00
1.984515901456996190e+00
1.377657581974127243e+00
2.081690164022220291e+00
2.181956597066978532e+00
1.487199420230651770e+00
2.368564370142346220e+00
2.180891245981684712e+00
1.929719882897554362e+00
2.727922747250849156e+00
2.462215109277980485e+00
2.463609141186764440e+00
2.318746642726874807e+00
3.474355419851194338e+00
1.275774149698267079e+00
1.361258287126893674e+00
1.141060923565209606e+00
2.084572229645374808e+00
2.239180179514018487e+00
1.763386339050400098e+00
2.824276331995256850e+00
2.112898272311173553e+00
1.028979645777000407e+00
1.792317030779426723e+00
2.540389330775778554e+00
2.476480578793355924e+00
2.568907006555110506e+00
2.720773300780690906e+00
2.377772538651182987e+00
2.693661547498593656e+00
2.158236754242925937e+00
1.579925188901166067e+00
1.948231252175866901e+00
2.375280591119861562e+00
2.284288217072319327e+00
2.768722889898390438e+00
2.256724409388672026e+00
9.900206695723636763e-01
1.697033470811245115e+00
1.670782292608332886e+00
2.817286064980324412e+00
2.034282235230661318e+00
2.335464102224264593e+00
2.133262420863913711e+00
1.505861186524579232e+00
2.736699228449088306e+00
2.391472966603386929e+00
7.718212307105510872e-01
1.820261991574534610e+00
3.552941427007324737e+00
1.610966443412042315e+00
1.838864076384547852e+00
4.194078257263432974e+00
2.052414826491770761e+00
2.539378596047748182e+00
3.797922002695632404e+00
2.563182160449429148e+00
3.617049925370094066e+00
1.407996728240978657e+00
2.206303844864476282e+00
2.641930072738598145e+00
2.572343595723263654e+00
8.211194993635503314e-01
2.186018627807739811e+00
1.253751941241350254e+00
1.265766774332843791e+00
2.460763971914036841e+00
1.256356570285309449e+00
3.406020425142019636e+00
3.177409253614043472e+00
1.590901969860220699e+00
2.238778286366777337e+00
2.063044443808326633e+00
1.642920758993798414e+00
