4.912478204885420419e-01
2.956570242353591116e-01
6.666210263741443320e-01
6.562754104261893096e-01
4.309130745452878775e-01
2.733049143862861241e-01
6.886302269464444903e-01
7.781629689290697760e-01
9.234634189151066375e-01
5.192871968493102397e-01
1.443435228349238209e+00
5.872734173394248414e-01
5.591563425653695019e-01
4.862626636999945462e-01
4.247155621718205487e-01
2.095161355375453893e-01
6.240148069228074190e-01
4.561463002075218376e-01
3.297804874803732522e-01
1.192489428814751395e+00
4.699037910135184792e-01
5.988095159411734869e-01
3.579416772573438266e-01
3.157544848264626225e-01
5.875079226578145963e-01
4.910357166827525321e-01
6.014476627923750485e-01
6.220638916147203101e-01
2.991373824048664254e-01
5.307569203566001592e-01
3.389597030431475977e-01
3.612985244131442508e-01
4.260584918372974372e-01
1.669865821562666497e+00
9.406938941657564390e-01
6.331653442338678328e-01
2.036954386132686368e-01
2.534194332333477573e-01
3.614948208969886445e-01
4.963251862630812528e-01
4.789630500963187321e-01
3.626434260812106958e-01
3.393963482423707489e-01
3.074137231172804352e-01
6.879243802707969424e-01
1.132421890803219977e+00
7.637036471762979062e-01
5.870720828826029303e-01
6.032725627964093951e-01
2.112107277427587304e-01
7.350128308288631507e-01
7.511173854569843655e-01
6.030421546861165494e-01
3.323431132950431799e-01
6.836993458128945989e-01
6.399064001186758333e-01
2.374263943245651098e-01
4.662076197986363968e-01
5.296612582613202669e-01
5.200217834708122933e-01
5.119491780160949634e-01
7.666040818964330317e-01
3.270160725143310132e-01
3.020777581858668515e-01
7.341980405416478339e-01
4.236206092483235652e-01
1.274336709936757073e+00
2.282096442592835839e-01
2.908772410654084095e-01
1.035193784692959307e+00
4.115395876277890830e-01
7.110446950535460608e-01
5.213363322998282312e-01
9.454229572059766884e-01
6.691596363175490447e-01
2.709895869147126435e-01
3.271066332628758677e-01
7.905724277388583854e-01
2.495503015432024574e-01
4.352845035601461965e-01
8.089716939542924701e-01
6.255934678715265873e-01
6.578897040991776857e-01
2.218168076704716829e-01
9.579230687439824754e-01
1.341055666371482102e+00
1.229143999709928076e-01
2.657388766179052397e-01
4.663547647679239239e-01
5.557447646116512319e-01
4.690537143858319880e-01
2.142493325624662548e-01
4.126540063035166739e-01
3.161698784751462710e-01
7.087477796714760636e-01
7.602096955044748139e-01
5.448612800778280807e-01
4.222639441391926041e-01
2.159490850737296463e-01
2.545053745044595916e-01
2.871723062962507345e-01
4.769190936920722490e-01
4.109071905586614837e-01
1.179972536939674521e+00
2.939352483200846633e-01
4.029633575468473672e-01
3.343531352764573250e-01
7.256555183677941834e-01
9.846094644582298328e-01
9.575663254238236943e-01
5.867061567095340768e-01
3.121999946969020723e-01
3.006039138042701508e-01
7.553563980749229412e-01
2.987223599494827075e-01
5.849041686872304968e-01
4.038535245433429455e-01
3.017995857471328369e-01
6.297258865277842732e-01
6.162566058060089391e-01
4.548258451571174921e-01
7.443884190256061517e-01
5.315156341204551049e-01
7.300101055165909569e-01
4.588831928134365357e-01
8.274316845798961317e-01
3.340940657471372921e-01
2.521242906912197212e-01
5.552412526801563386e-01
3.111501095349757384e-01
1.118842830660865983e+00
3.107393618729109019e-01
3.813651801247000539e-01
4.827662449192511862e-01
2.925902260288011369e-01
5.113181110637192717e-01
4.481746626359430774e-01
4.117781045941035223e-01
3.130730879621074769e-01
1.001415377599412349e+00
2.112291254493411652e-01
7.841620235203810019e-01
4.246406656705138394e-01
4.355062741491410594e-01
1.545130181695169580e-01
6.970846025263206514e-01
6.166299770759351428e-01
2.231786724838669134e-01
5.714088195923371361e-01
4.205594813871809667e-01
7.834682493913465162e-01
3.893625486368689215e-01
7.191840917792876597e-01
3.154691291292901489e-01
3.500875331764548570e-01
3.524328676557947904e-01
8.785790710851663077e-01
1.397631503741003367e-01
6.411253723340557542e-01
3.036529854570485520e-01
4.102696527207714827e-01
5.440490645472825237e-01
1.715263316547701311e-01
7.934277173061141664e-01
5.471207917179709002e-01
1.574267828894621579e-01
4.048699530345106767e-01
1.792509578563810657e-01
4.912866361077929400e-01
3.448512703869396900e-01
3.578198958338916214e-01
2.511940489830659651e-01
3.336317871500892873e-01
1.936781801623806976e-01
8.328135512279462027e-01
6.900216743465832359e-01
3.577384305274802223e-01
2.680350821287693641e-01
2.989808344205249213e-01
2.383433554439657320e-01
2.682029906607468761e-01
4.153170133840927702e-01
8.812073628526250202e-01
4.671979579053406328e-01
2.463187187855565841e-01
6.096590718504742989e-01
5.079460250150328315e-01
3.291787491533166854e-01
3.855203526971826000e-01
4.177569717761811519e-01
2.044484743441472574e-01
8.235090994347683546e-01
3.810316816903505655e-01
3.399714975749706936e-01
7.345622693589467511e-01
7.860470245856002736e-01
5.085800357722644049e-01
6.462328614007760708e-01
1.074066339846219131e+00
3.465127954155582946e-01
4.890137408815518061e-01
4.244314733701992637e-01
9.726318588470036497e-01
3.418682380327175974e-01
6.304692345592957103e-01
3.077799346864303898e-01
2.688429371374466137e-01
5.287382753691264314e-01
5.219754607151165793e-01
7.753668297196770753e-01
1.199605186732201734e+00
6.325515984448030204e-01
4.317129864998816013e-01
1.156884567101136518e+00
2.658007748220247435e-01
4.211716162837352284e-01
5.986459239399232191e-01
5.185991595762525774e-01
5.550569253338401010e-01
3.940106588312126124e-01
3.757458342602004731e-01
6.288335189726139696e-01
2.550270179279643945e-01
6.918388296789624858e-01
4.796168538025193939e-01
4.503416250303797219e-01
1.954719716928866591e-01
5.398348179084015985e-01
3.262640295181168382e-01
3.425406517422419639e-01
7.246009986147950999e-01
1.206912245093603619e+00
1.864909303376936500e-01
7.073182109383147065e-01
6.425148178445926339e-01
2.404868373622095490e-01
4.064435296684652532e-01
1.047580915776439747e+00
2.713684383936429412e-01
8.393849922825810106e-01
4.363523156624279364e-01
6.187846247873265426e-01
4.846168895059965176e-01
6.695353880005003866e-01
4.284426607534378428e-01
4.027191316620827854e-01
6.265898162904027791e-01
4.877047862014262103e-01
6.644763949058630770e-01
2.747880448701971456e-01
3.243193346038381608e-01
1.190451108749237097e+00
5.716482677039220750e-01
6.305705866881312627e-01
7.478646501267096625e-01
2.563266894637682980e-01
3.060468455686167211e-01
3.584171995822948986e-01
4.040577754320997528e-01
2.747578079140521323e-01
3.613726099470628284e-01
9.117302719846505088e-01
2.046347611139635314e-01
6.223632586907107411e-01
1.034611141049653460e+00
9.572015008790781820e-01
6.728518162837479055e-01
4.551268542407024276e-01
2.469116304414372132e-01
3.695794225046989401e-01
3.616071343454191345e-01
3.030222841345269758e-01
5.594806460922810976e-01
6.729432153336531997e-01
7.249331571520156725e-01
2.979302766704052252e-01
5.080978703748013636e-01
3.310533901679137414e-01
3.535606859116273148e-01
5.679426806933792760e-01
4.508847608481903468e-01
3.546301292047249198e-01
2.976403143821401698e-01
4.487734405277843397e-01
2.808847527952681999e-01
6.216914931496532182e-01
3.584457383925001572e-01
3.671562620497594853e-01
1.913642544250219457e-01
1.967506945648107020e-01
4.906293398595065192e-01
1.156974387307816210e+00
6.432692280904561688e-01
5.792418791089885000e-01
3.564352616832270337e-01
2.537509633266147868e-01
3.425639709709780156e-01
4.672586488337432953e-01
5.696132809123174434e-01
8.019118872212885885e-01
