1.591094874973230933e-01
4.488997887430468681e-01
2.483954235062711402e-01
3.426960993561546376e-01
2.459936700068712234e-01
3.654494291962986363e-01
3.284042347087012814e-01
8.680814453676953812e-01
2.409971199147293019e-01
1.907631634152824884e-01
4.135251160591080222e-01
2.520226491069879060e-01
4.682305942135381871e-01
2.332751671630982349e-01
3.310395207583656241e-01
4.713584254480561175e-01
4.506065088551413633e-01
5.035909745782967128e-01
4.620256696403589602e-01
2.279493730773430871e-01
2.388146419830904366e-01
3.762301522760960193e-01
2.938720585827562792e-01
5.630764887824226683e-01
3.256832796231629579e-01
2.784600529540172675e-01
1.096327425481828655e-01
2.776488293800749019e-01
1.677391000272637211e-01
1.206631435181433759e-01
1.780700822342678458e-01
5.777883786485346063e-01
3.900585071382285385e-01
2.346756025701517978e-01
2.783966742923199011e-01
5.488958299605882774e-01
2.715431909470750194e-01
2.741605265950177728e-01
2.433315227393226532e-01
3.089802454321454728e-01
1.788306477303526487e-01
1.420527936131283642e-01
2.987424392361439640e-01
1.678288539982025207e-01
2.613096981150442311e-01
7.359976195269710697e-01
2.177767636094268822e-01
3.572351172464373059e-01
2.294036262086110167e-01
4.786592171311769284e-01
5.242266649987277205e-01
1.990155204963316715e-01
1.775649243877416850e-01
3.818227005430799847e-01
1.743241754677738453e-01
6.188238579663728478e-01
5.553498631861755186e-01
1.730883237631097860e-01
3.054268875667758842e-01
1.199544909079886118e-01
5.503224428560357095e-01
4.909646827481840559e-01
2.400202885279548448e-01
6.054046810044476645e-01
2.961898960603883690e-01
2.316932549725210788e-01
3.377723661285430556e-01
4.829967544815474412e-01
3.723079743815604359e-01
5.910306330242478534e-01
3.568191509799495398e-01
3.182191914116690445e-01
6.967458501859983278e-01
1.151468640182634617e-01
1.126223835990278477e-01
4.132036578931418958e-01
2.676809956047507266e-01
2.287199996644964928e-01
2.580732579172220209e-01
4.703219124185977207e-01
2.477643775117595315e-01
4.089801674788023367e-01
1.823786110283864281e-01
1.828646361137429566e-01
4.044277924349788389e-01
1.736399848020315773e-01
7.025522651169597843e-01
3.896892834193055322e-01
2.888145815442642039e-01
1.595298002479881294e-01
2.735338358801984171e-01
3.296965099945918243e-01
3.986973258291534039e-01
2.590723143880962476e-01
1.421366109546889633e-01
3.375122420020841285e-01
4.094251582258892630e-01
4.138937119165379541e-01
3.135397012062262623e-01
2.644910888669584903e-01
2.432538169904327752e-01
4.120621084237888199e-01
2.263712093370043033e-01
4.120398383109368234e-01
5.069356048179904928e-01
3.946295632857643731e-01
2.573277983466563668e-01
1.617657603870918392e-01
4.145458383166591432e-01
4.304226523908619706e-01
4.645137763767324679e-01
1.821714972436699054e-01
5.869669971987550028e-01
2.994249164404763630e-01
4.254115477298383574e-01
5.354898429920077474e-01
3.226414071962894758e-01
6.505649217107142279e-01
3.624828152497789335e-01
5.501188695670714557e-01
3.313612330660521410e-01
4.157181089670513030e-01
5.249295027967343374e-01
1.655318655272533246e-01
5.164751561525458001e-01
5.215054471273549153e-01
3.005227197333128486e-01
3.674469059767201951e-01
4.013093229376391569e-01
1.644373196056905240e-01
4.768263565863277154e-01
1.581604966932639578e-01
2.256757482467836029e-01
4.463720991660329873e-01
5.901090433243731947e-01
1.608907527845126750e-01
3.043904687879069870e-01
2.026348195050719225e-01
2.101003446741319947e-01
3.852043440118674833e-01
1.925755274110960702e-01
5.958680141641976569e-01
2.036954565228515923e-01
5.123938309372197963e-01
3.730108672796463298e-01
5.421114891594718266e-01
5.180050843500937363e-01
3.004492841603271791e-01
5.372733084661081016e-01
3.991230208811529789e-01
2.763684397073913890e-01
4.657693286827718215e-01
2.238325948215431349e-01
2.419322239112281780e-01
5.041171912429733837e-01
2.125953894186078941e-01
1.445054835926899983e-01
4.988576283529451705e-01
4.924834255165591035e-01
9.631026222541587412e-02
3.379118778569650261e-01
3.835301568722244148e-01
1.668902191959255599e-01
3.570938171238092762e-01
7.079037418309004348e-01
7.953020746101622240e-01
3.599779692201945935e-01
9.859035884051188525e-02
4.555594938593553467e-01
2.966086902390163704e-01
3.539101191009533243e-01
1.535169777638306920e-01
4.999990921217387640e-01
1.369192844253992736e-01
9.720112425317763150e-02
4.551195699358676072e-01
4.883114962543528836e-01
6.048331960365350701e-01
4.776741994681455439e-01
2.729031724000360870e-01
1.893904161878090520e-01
2.601280710032617960e-01
2.586450534300845372e-01
5.027951610513442526e-01
2.209181892532826874e-01
1.727884091243861442e-01
4.721168430694384077e-01
1.845024785343416240e-01
6.406706983890929630e-01
2.216068862210522072e-01
4.918045797953037312e-01
3.279665940339420160e-01
3.810133305365717149e-01
2.082160400264336519e-01
3.629073348955794698e-01
2.402447030168782527e-01
2.498104995224911529e-01
1.010398243491817116e-01
1.609233457138483925e-01
6.447753054048068755e-01
9.718427733294396909e-01
5.519511510483728900e-01
5.335062737679580058e-01
3.411669849347350181e-01
2.870584311965751478e-01
2.529790281347507053e-01
1.804523656378291541e-01
3.631040301549958715e-01
1.541228343184787852e-01
2.635274659894557558e-01
5.107062899475944828e-01
3.214786159745285365e-01
1.974966893640548449e-01
2.140054173631869283e-01
5.696630244024775136e-01
1.784153011688177914e-01
2.598273888106252261e-01
3.080546456631761965e-01
1.990073401077853688e-01
2.988995680636235552e-01
4.543490199515160533e-01
3.836630066332809563e-01
1.344721501874633629e-01
5.331523797912652851e-01
4.634912598244713688e-01
2.333771299512976682e-01
1.495035211000275699e-01
6.001898998764194637e-01
4.422994223168744687e-01
3.122554609142504378e-01
2.805923088714612490e-01
1.442025125212992032e-01
3.227923904613126949e-01
2.930526103322965703e-01
2.919177741007153992e-01
1.775837530257753372e-01
2.518663968751471138e-01
2.400643993049486336e-01
2.726359009812902023e-01
2.707684730509694049e-01
3.672336900069527177e-01
2.471983225755189362e-01
3.549879908322392530e-01
3.558086074057385528e-01
5.327159458494736821e-01
4.122154734937231724e-01
3.169292653075238553e-01
6.598250810267524136e-01
3.295697250711414061e-01
2.652562232612200588e-01
4.658474863143639011e-01
6.464006030704958494e-01
3.760494013480311648e-01
4.281834986284460687e-01
3.934307805349486209e-01
3.101400891682176142e-01
2.514989961035777322e-01
2.982564831955381024e-01
2.180542457117564392e-01
3.374541743584560938e-01
2.829682932293018927e-01
5.405952564511588010e-01
1.994928802320731220e-01
1.819574055639569810e-01
4.542059033605667095e-01
6.556427885355089469e-01
5.327630992983962699e-01
4.295632167219973763e-01
2.560908570461262745e-01
2.908080163294474718e-01
4.573890028436119470e-01
5.380626937958054024e-01
2.931535692563732032e-01
3.692842620557846289e-01
7.101236187340866923e-01
4.518489883049784939e-01
4.354948079367409464e-01
3.923049780903457573e-01
4.531807135031964973e-01
6.610096952332514819e-01
3.558330910222574639e-01
3.207779935566397733e-01
8.691942858313250753e-02
2.307862575501360147e-01
2.208240151492369685e-01
2.178651057162370452e-01
3.196841373882887138e-01
2.303462162836922567e-01
4.922048911789740355e-01
5.391983278669132407e-01
3.382455962391789361e-01
2.586369469732500703e-01
2.284047250393378969e-01
1.922628484751363609e-01
3.368498109710738042e-01
4.290238256068134581e-01
2.652880549044127623e-01
3.958918472000717004e-01
2.285561152802169649e-01
2.202434195127364047e-01
