1.653710828526974597e+00
1.772722403513697031e+00
1.428308488520575459e+00
2.050310405397279379e+00
1.321264850290474913e+00
1.399288731793598695e+00
1.400473179255370404e+00
1.225247870500268954e+00
2.533443921794682030e+00
2.497106025789286310e+00
1.861107619484175135e+00
2.733988754840033675e+00
2.063999517968765129e+00
1.599680961935474377e+00
2.318013508679336532e+00
1.470278574214756384e+00
1.481311064052573290e+00
4.492580016744844862e-01
1.680571326447635849e+00
1.411503987198967858e+00
1.412481797798632810e+00
1.390068335200856708e+00
2.958537170943619010e+00
1.801277359895443908e+00
1.516614107282425516e+00
1.591142227836106038e+00
1.329347876403968787e+00
2.146690555218419227e+00
1.591117496924206121e+00
1.937379232933296391e+00
2.502383059284370326e+00
1.024253115538647396e+00
9.556710645625943190e-01
1.162239127534078431e+00
1.037616850216622533e+00
8.070204702431801325e-01
1.669161013397005844e+00
1.615611272500643070e+00
1.326209022581948505e+00
6.921392434230257962e-01
2.218487514066640465e+00
2.302309368502831965e+00
1.086435309817084471e+00
1.743131207625770118e+00
2.004167382485701143e+00
1.489105592486238194e+00
9.608225622670198973e-01
1.186643260035196379e+00
1.080460481753326096e+00
1.475570696985437857e+00
1.381994312167866390e+00
1.011935330010981016e+00
1.094018678685348078e+00
1.464620424547649735e+00
2.377741127433391277e+00
1.702205625663857136e+00
1.414068293298724965e+00
2.806150687164087554e+00
1.589588160524216809e+00
1.056832836158987377e+00
2.079834676782526870e+00
1.232862125202401904e+00
2.513147848836787990e+00
1.171677901717821824e+00
1.069403571323320756e+00
2.370163268805710377e+00
2.515029863151941658e+00
2.287942774295389281e+00
9.143021789221874585e-01
1.796050488325347194e+00
2.113237796670796254e+00
1.671849429134269593e+00
1.634753401063155698e+00
2.175194678432132989e+00
2.396635552015194293e+00
1.701242590055104698e+00
1.372916030656569530e+00
1.969437226261747220e+00
1.300581750091631683e+00
2.416813392981102204e+00
7.704797756415346921e-01
4.527966333568226864e-01
1.073456279064063823e+00
6.704738889779993105e-01
2.958549273762610898e+00
6.793844760131294569e-01
2.380410725155003959e+00
2.119155935502223809e+00
1.538069033345104808e+00
1.206899491849944495e+00
8.486888102651728438e-01
2.251354430213522217e+00
1.669371680263568081e+00
1.542448745491822759e+00
1.043790801395689360e+00
1.202788413821016311e+00
1.309645005913086191e+00
1.076208098269301860e+00
1.000240353410797312e+00
1.637320234012436648e+00
1.143734009802669593e+00
1.409974310591356472e+00
1.620673842087037908e+00
1.205460013170494671e+00
1.349056761162592988e+00
1.912969980998625363e+00
6.791391081499433824e-01
8.151356889956641316e-01
2.183093486480263135e+00
1.551070535300620667e+00
2.239213120225624021e+00
1.295579873808765381e+00
2.045036446125558349e+00
9.539502096327427960e-01
2.198332652247412700e+00
1.658732002016253704e+00
1.780685525530665059e+00
1.393032519088813981e+00
1.829298075840684712e+00
1.318528143090526905e+00
6.864665877041262743e-01
2.289004543412537895e+00
8.002285584218886694e-01
2.032671498634642138e+00
9.739976235170983987e-01
1.913577543449194618e+00
1.935622041664758486e+00
1.429419276126638660e+00
1.676730888115553597e+00
1.727342541790167774e+00
2.140719462944375096e+00
2.099649087803507452e+00
2.346776814521692955e+00
1.385741875189818950e+00
2.105602489639121000e+00
1.389582611354505337e+00
1.448440493146657460e+00
1.883194213257248117e+00
1.669477962555264705e+00
1.084078031803218156e+00
1.792493380773580558e+00
1.264436758928161986e+00
1.676073561121946609e+00
2.222422234699453991e+00
2.022799913972387564e+00
8.611409396452907039e-01
2.309943610895675459e+00
1.292393526041193397e+00
1.711276625692518039e+00
9.943494431833352909e-01
8.345178846247800486e-01
1.798581904388521391e+00
1.511796645236797465e+00
1.523696590620406077e+00
9.272915605960897478e-01
6.507706628220468748e-01
1.499887054187597046e+00
1.321127167618023401e+00
1.400249550472090654e+00
1.667220894491412420e+00
1.269807520365783926e+00
1.559437900454050174e+00
1.148438420835441898e+00
8.393763935313556246e-01
1.278868227832902216e+00
1.015065596687372063e+00
1.417499653410163374e+00
1.413109054514652296e+00
1.356637743172697252e+00
2.230006656325963288e+00
1.460076101478050337e+00
1.517594079969095233e+00
9.694290382186872002e-01
1.754936637681968392e+00
1.956711536130168572e+00
1.550707720540342560e+00
1.600461785842678619e+00
2.371514785582499396e+00
2.177934932179058425e+00
1.283755798824272709e+00
1.878853713521098090e+00
1.972539541753494774e+00
1.355757720554776169e+00
1.124970549541527198e+00
1.673709929232376936e+00
2.497813823464716254e+00
1.140323583040494082e+00
1.670406628290685314e+00
1.401046856802659057e+00
1.157357292839159113e+00
1.715526046744441757e+00
1.982671254572530684e+00
1.132481108271648385e+00
2.263423180160878623e+00
1.960460613198664603e+00
1.553466499958694902e+00
1.939796315316627995e+00
1.484230717851706904e+00
1.591414271677573877e+00
1.328721291740801780e+00
2.341691808929725394e+00
1.349771132687377362e+00
1.288786939025656775e+00
2.241713207937151786e+00
1.737597663365315181e+00
2.156420755695954483e+00
4.664081693112802074e-01
1.432713401131693987e+00
1.308944265731299295e+00
1.547184253371759244e+00
1.267454758369419121e+00
2.259562607591008465e+00
2.054936319938059697e+00
1.255718283856003703e+00
2.469736918115573054e+00
1.297026009509826716e+00
1.025187533105653248e+00
1.753950256780655304e+00
1.695486649793319200e+00
1.674753618489100315e+00
1.353186374276305282e+00
1.504281310169135910e+00
8.097277840869691046e-01
1.179043799284492655e+00
1.340145312457972748e+00
1.583196510685947800e+00
1.718091027418501726e+00
1.875550948915073679e+00
1.023738436471182789e+00
1.832314190779446683e+00
1.836900800288485680e+00
2.192162789998183037e+00
7.002062995907966103e-01
2.343503418523828596e+00
1.175930611381239999e+00
1.591899902553723711e+00
1.265710612796146384e+00
1.951927942914498448e+00
1.624289286042535085e+00
2.792334874635503450e+00
9.772026579574194516e-01
1.390683531280453744e+00
2.022844629905068192e+00
1.277539419851462021e+00
1.969118034798484684e+00
1.488046209859976710e+00
1.683756752684092195e+00
2.378968235439119283e+00
2.662087173286781461e+00
1.532110845052178760e+00
1.418266783613679749e+00
1.147848962447880039e+00
1.435762508241425817e+00
1.538425542440280847e+00
9.494729385917354270e-01
1.783799408308233581e+00
7.063867495608753266e-01
1.445721615511791791e+00
8.726451746305473600e-01
1.830267072237404813e+00
2.196724909686119886e+00
2.295754068799161107e+00
2.199624973776016290e+00
1.353734320210268072e+00
1.079174671163799948e+00
1.319539393024911300e+00
1.718964009622203859e+00
1.458041578817350858e+00
9.896882638681991917e-01
2.667315374074073819e+00
2.187776672194682970e+00
1.162976251157636698e+00
2.993510075834004525e+00
1.178792562221374407e+00
1.036882395861361994e+00
2.598363042850083460e+00
1.646595695522959479e+00
2.311169899349982515e+00
1.134594046858766081e+00
2.967512253146284973e+00
1.775984301305501001e+00
2.000898980471037092e+00
2.421430417881373476e+00
1.304397579155612386e+00
6.999115214390374540e-01
1.022865561860269334e+00
1.968594550807248655e+00
1.150294659507514305e+00
1.787140771661880123e+00
1.247858335872604973e+00
1.316454457962387803e+00
1.636149257349596819e+00
9.920772757962660338e-01
1.763825895655790843e+00
1.005667780099166242e+00
1.959949963817190666e+00
2.892797157658687279e+00
2.210989191237932250e+00
9.201938350152398804e-01
2.243613679586139664e+00
