7.033970897151135659e+00
4.583086980230110186e+00
6.956191324620916383e+00
8.152164807271528701e+00
7.869108283420482408e+00
5.661333744641964039e+00
6.171312620513464076e+00
5.632331214104261186e+00
7.658014276490539451e+00
7.833725417471362640e+00
6.767172072330513544e+00
7.467874324817942444e+00
7.668682881060021828e+00
7.220364881976222726e+00
5.809267851265958349e+00
9.197522072592285269e+00
6.272055859442031256e+00
5.997779327851569420e+00
6.681309148220559102e+00
6.230445181944890720e+00
4.410749855110122297e+00
6.989770663789314220e+00
6.876611490974505969e+00
8.341469761472765754e+00
6.863522265330178840e+00
5.978407007660970329e+00
5.172292413727206828e+00
5.926765453995373356e+00
7.018934158666377598e+00
7.631785478111056342e+00
5.175591048732094634e+00
7.383568231147158656e+00
5.499189865295917912e+00
7.506921846047670321e+00
7.592163203327983112e+00
7.998377892737880579e+00
6.397132632934110497e+00
6.381994078858494568e+00
6.201692704752439056e+00
7.372733243838800909e+00
8.325383239655288037e+00
8.236261371069515391e+00
7.866631654640769078e+00
5.396533975952524820e+00
5.147707891372752975e+00
6.740934818168264009e+00
5.837461813343714390e+00
7.828869044320689419e+00
4.854829237710878154e+00
8.624298763745677832e+00
5.446617376392524967e+00
7.565322045342405488e+00
7.378245733484150470e+00
5.875691554915805526e+00
6.230415652757637979e+00
5.641625247024366629e+00
7.867387785251105825e+00
6.267595282580971983e+00
6.884913826705550299e+00
6.537701333482023536e+00
6.465508318477364291e+00
6.119304504588876981e+00
5.520479379902853090e+00
7.946994667790964861e+00
6.748362480655170081e+00
6.802719240601851070e+00
8.895438871932173086e+00
6.365648646443545111e+00
6.153844057188006644e+00
4.826356543262450671e+00
6.951512086861876050e+00
5.523416384399544299e+00
7.254684779617749157e+00
6.055260691876032553e+00
5.373455334554548379e+00
6.972371757774774359e+00
6.771073090953584561e+00
6.463175602526307628e+00
6.757355785931925318e+00
4.569728056464403387e+00
5.909114310288727800e+00
6.489559362140180809e+00
7.029444739663636810e+00
6.991977776732265504e+00
6.140767058930394207e+00
5.593380336082812931e+00
7.023892901466373573e+00
4.710411794304328659e+00
6.521829577099638620e+00
6.422406561708561945e+00
8.206450706237925274e+00
7.198056723776182331e+00
6.535918547007560697e+00
9.012679563062413024e+00
7.531088275136370136e+00
5.675559356272892764e+00
8.571797661613814512e+00
6.718285169338992446e+00
6.233756765221876606e+00
7.725285614621160590e+00
5.731527950219288847e+00
5.863472887340436479e+00
7.327280100956061304e+00
8.591336465078494911e+00
6.816186853887469255e+00
7.010669669998403464e+00
5.061928350308718016e+00
5.887042333056950127e+00
6.720145340924815081e+00
6.516358263440137577e+00
5.755011649860620970e+00
7.474720016055307781e+00
9.759220856215362616e+00
8.198633731957686521e+00
6.092130424116240839e+00
7.994063771504055005e+00
6.524814631986439295e+00
6.349912480870734122e+00
8.545699467569320973e+00
5.962429481537979470e+00
6.300695716606628416e+00
6.631863398344627569e+00
6.264071247651707530e+00
7.739786643979044811e+00
4.155980730040275795e+00
7.426410638100766626e+00
8.356922078321206371e+00
8.288606641980178935e+00
6.918333614579139201e+00
8.266757210569116054e+00
6.523875279089550006e+00
6.037676138945613502e+00
5.478108005343401921e+00
5.049514038175772157e+00
6.954754666726475243e+00
4.641315610648293344e+00
6.668215742798395240e+00
8.462286404638366122e+00
6.879794262378272407e+00
6.297156395548199725e+00
7.531663883723866526e+00
7.060487484939216962e+00
6.953387734618933003e+00
5.750025328105226485e+00
6.010342559313438748e+00
7.510712567141440310e+00
4.926626827014688459e+00
8.729499832916127744e+00
6.299471192548778298e+00
9.066942229830612376e+00
5.888947949131502213e+00
5.580881498073759772e+00
4.915407708188809899e+00
5.904748861852818109e+00
5.407200284704019921e+00
6.769941811523904285e+00
6.898140710146576815e+00
8.022224431025524183e+00
6.703539100447686749e+00
4.103113184629134658e+00
7.022814680940054899e+00
8.210799658118299149e+00
7.283851646687793391e+00
6.025547262247608948e+00
6.728141850377258315e+00
7.103919183130059878e+00
4.273886165581864738e+00
6.088826194163366345e+00
6.456203203360586507e+00
5.289060730594372650e+00
7.800692049530288052e+00
4.407301906983280837e+00
7.329933929766796474e+00
7.311362740806065297e+00
5.947774473683705487e+00
7.002372575320436887e+00
7.138779344531429594e+00
6.941799596326435839e+00
6.497986016528833453e+00
6.356441822081080772e+00
7.274338865891444073e+00
4.436745463804202316e+00
6.901160629411879022e+00
9.562762991321024586e+00
7.676328866961846131e+00
6.062192020784541668e+00
5.906097703294600265e+00
5.070908576410990243e+00
8.307615578192407924e+00
7.688415442142039424e+00
7.088057860586460812e+00
6.862643066944490222e+00
6.274571130226852311e+00
6.802904732845608038e+00
7.564208293929667981e+00
5.529641314987919998e+00
7.497873656250775731e+00
8.980753263424437804e+00
6.144637598448226434e+00
5.728348389181042499e+00
5.818527193926406937e+00
5.400184257374920804e+00
4.388357546739559467e+00
7.497688946914491837e+00
8.514814991734562355e+00
8.562524011533524160e+00
6.171476885074580032e+00
5.850318289426994056e+00
6.190224591346122907e+00
5.018159136883693527e+00
5.789634553087410040e+00
6.646687909440914588e+00
5.025852076171310578e+00
7.485368601355518514e+00
6.633561064668546337e+00
8.055106194525730956e+00
6.582878814055074912e+00
7.508795777876678734e+00
5.824859371860264368e+00
7.446955166962533568e+00
6.927761941994241113e+00
6.047422604715941397e+00
7.352279210461467152e+00
9.075292182038564803e+00
5.150072143773671840e+00
7.066029478735704750e+00
5.128156188212387612e+00
8.963163169127753349e+00
6.011095792068543275e+00
4.743485613430526548e+00
7.009625280203812814e+00
4.728780342678195581e+00
7.140091326683743134e+00
6.465752257520195556e+00
6.448910620537581906e+00
6.268187261716959391e+00
6.226200729882863882e+00
6.275377682741509311e+00
5.983835440479079004e+00
7.401796669613097457e+00
4.524117957153206859e+00
7.277084077783061211e+00
7.474590194298378343e+00
6.151709040177925303e+00
7.630683656166032058e+00
6.729738374490122688e+00
6.000717192558099100e+00
8.246742799439914506e+00
6.918493101087319630e+00
4.429432463515185603e+00
5.607157730542481566e+00
5.741417072004109556e+00
5.103859561684205737e+00
1.073896061792962264e+01
7.193391004744208672e+00
7.339776363360713596e+00
5.415951731241387179e+00
5.004733752324956875e+00
8.677161434865453771e+00
5.180543865442944984e+00
5.925999160941008093e+00
7.877672779179092366e+00
7.837605934885877090e+00
6.158850437986417070e+00
7.102640405277589331e+00
6.293393508918863510e+00
5.250636492607241301e+00
5.920972056458585264e+00
5.638957326764107769e+00
6.194336013023455934e+00
9.661788129949860249e+00
5.877422323500638868e+00
7.389971605829003920e+00
7.256053987382733439e+00
5.106595008025363924e+00
4.358990240694852858e+00
5.438545878690585589e+00
6.099593249055627275e+00
5.628410564746437750e+00
8.093287110882064539e+00
6.848056486402084531e+00
8.076721968916297456e+00
8.106694309081534655e+00
8.518556136077515717e+00
6.475041396272438021e+00
4.749895872447567946e+00
6.259553574304733914e+00
5.689882030818918857e+00
8.206001360043401860e+00
5.786452717683428837e+00
5.313751511517081028e+00
6.949442840822070977e+00
5.580543052149600669e+00
5.296878554570906950e+00
6.447926797125461462e+00
6.856932788258066402e+00
6.928054105058810919e+00
6.927930995437025175e+00
4.666932987816147183e+00
7.224390917840012527e+00
