1.229089803574001749e+01
1.331500941247789704e+01
1.942089866463907910e+01
1.237509606366329429e+01
1.700094061126052836e+01
1.339384561905898607e+01
1.291338560873155394e+01
1.622419874132343764e+01
1.447391387376612926e+01
1.744743152017980137e+01
1.644795599554067422e+01
1.661280202997641453e+01
1.662913535280086563e+01
1.455966577802847794e+01
1.453896967483040292e+01
1.106679856283205154e+01
1.518016154977013343e+01
1.607288696395482219e+01
1.909399895653906398e+01
1.652588284206719749e+01
1.615876524470868958e+01
1.945845546911208856e+01
1.485044808588064136e+01
1.537765455311756924e+01
1.322236848958209343e+01
1.657509810398380523e+01
1.627946244184751023e+01
1.427398115481575580e+01
1.492714553323116000e+01
1.690736274389232463e+01
1.573826831457735231e+01
1.821129382467111313e+01
1.491886523149121757e+01
1.171238172378188303e+01
1.552468142881458668e+01
1.708826565524819685e+01
1.398691403730321348e+01
1.574621088507599609e+01
1.524233682563826164e+01
1.446589923686113366e+01
1.725799966231791416e+01
1.724198596582184351e+01
1.524005350548143412e+01
1.444827181096788138e+01
1.811233090683764146e+01
1.765560671796490411e+01
1.554192595210469285e+01
1.467277390317795138e+01
1.581095436111677088e+01
1.322202471914068411e+01
1.572846290422442017e+01
1.308238182832949370e+01
1.406805215484372873e+01
1.561043447574956744e+01
1.122717127175805274e+01
1.586489413329578291e+01
1.711691143442335772e+01
1.591789596771017123e+01
1.588086682091091006e+01
1.373586188475852410e+01
1.397090608691268443e+01
1.585880981769049036e+01
1.553573343557891917e+01
1.667550346525318972e+01
1.573522772630995092e+01
1.420181359141939303e+01
1.327452436776655276e+01
1.490721823066386875e+01
2.037308150908448567e+01
1.557167388536028696e+01
1.508206021376858708e+01
1.730397024507907133e+01
1.411570983589183470e+01
1.777285013401993652e+01
1.526475585090678067e+01
1.786971817725852318e+01
1.618533625234775286e+01
1.549017481705888954e+01
1.753086229459520240e+01
1.640194702960557294e+01
1.411507410397201134e+01
1.525611676499836022e+01
1.503821405776620601e+01
1.553117922216802071e+01
1.427786337557479968e+01
1.647026616877335314e+01
1.375876979908307796e+01
1.560016111846814901e+01
1.384306639629503621e+01
1.802806051529541165e+01
1.426766320516713193e+01
1.219785690714347481e+01
1.650364600915617075e+01
1.792772512178500222e+01
1.497609378111058831e+01
1.809904947607427772e+01
1.953651001920173513e+01
1.691343906625275295e+01
1.720642957186960942e+01
1.553714782565607777e+01
1.866616764000979245e+01
1.628822014410740238e+01
1.466344409109357905e+01
1.798458944706823104e+01
1.662990079798732168e+01
1.606109085850326323e+01
1.613661821098973803e+01
1.539176566119205347e+01
1.270972795923981202e+01
1.583652590858117470e+01
1.841967936059048583e+01
1.706820820830290586e+01
1.178696993713244190e+01
1.634430137686317153e+01
1.312639500751827626e+01
1.500059452371374746e+01
1.512829565393608533e+01
1.478534806572194604e+01
1.682996534074074191e+01
1.334509194022419365e+01
1.513966074485759350e+01
1.513197627017556002e+01
1.716976945239207453e+01
1.501025973787220025e+01
1.542945977078873199e+01
1.479182854810741787e+01
1.516931628109145436e+01
1.391005372845507893e+01
1.615029593957196141e+01
1.708330270421216923e+01
2.108441936742194756e+01
1.499390660955797294e+01
1.289279047002829337e+01
1.730336340542510598e+01
1.711949211831698747e+01
1.476971025741123178e+01
1.403385491977378585e+01
1.787708417811877126e+01
1.785085294572684234e+01
1.464340124075840421e+01
1.621312200705569850e+01
1.587996626703881553e+01
1.425856046093203489e+01
1.349227507516526536e+01
1.715633673286634675e+01
1.774569705706708334e+01
1.678650956194707433e+01
1.375972892847243401e+01
1.454896657003702387e+01
1.970823552245360588e+01
1.594729674584455559e+01
1.591732884754327415e+01
1.997198130442409436e+01
1.442559416376556314e+01
1.924389447654709429e+01
1.776297857396800595e+01
1.474295068575109902e+01
1.929235194339967663e+01
1.489803266944635851e+01
1.612601169098919129e+01
1.643786313557579604e+01
2.068702384260551241e+01
1.676777061373352495e+01
1.699396672292655808e+01
1.742717446329402975e+01
1.404190499292952232e+01
1.711959379300665773e+01
1.666757086481748473e+01
1.235178776144507751e+01
1.473006184083100756e+01
1.519982591119172355e+01
1.675223338470194179e+01
1.570722165653332603e+01
1.793839899279988970e+01
1.423803317245624811e+01
1.471780578866987099e+01
1.659113687333397635e+01
1.750894824695381757e+01
1.695498548746439837e+01
1.461836246552402230e+01
1.459710045202423423e+01
1.977468393037234407e+01
1.405246018726400159e+01
1.480947217833608676e+01
1.809637256879280542e+01
1.281176466325830887e+01
1.671640996200220641e+01
1.488881550921778363e+01
1.522753758052067674e+01
1.360086437308449092e+01
1.694531054694589400e+01
1.531477968718712468e+01
1.599265799938389954e+01
1.585769309581224640e+01
1.922511977856114740e+01
1.547728760327158426e+01
1.413484668126177723e+01
1.227620479908761908e+01
1.970663368475023347e+01
1.492738041896814671e+01
1.470049685317623123e+01
1.254444293664019661e+01
1.889506421843377382e+01
1.423133621390111081e+01
1.527606132483244572e+01
1.473741620955912524e+01
1.545732520978382496e+01
1.538157584573397507e+01
1.120742848186229956e+01
1.410584102821145436e+01
1.463691880116416222e+01
1.518046433290057529e+01
1.650684749523889749e+01
1.579007944648316730e+01
1.742233606651113220e+01
1.740650953400716361e+01
1.595309101511557515e+01
1.645395416050777371e+01
1.625139566618979359e+01
1.586775558129099117e+01
1.507835524116498327e+01
1.713911710998196725e+01
1.743607310799885113e+01
1.381470844741654425e+01
1.591200834212743764e+01
1.515108344755478065e+01
1.385921346528808762e+01
1.433985000836573143e+01
1.670695878517623356e+01
1.445450611874967706e+01
1.519919591911226320e+01
1.630866912911761446e+01
1.628374080890693776e+01
1.472551902063238849e+01
1.539307995063136403e+01
1.700189021580529314e+01
1.256463936222480093e+01
1.750771199720096405e+01
1.580934726579863181e+01
1.802562249184880017e+01
1.854019622771254561e+01
1.322014988243075351e+01
1.447587572878994067e+01
1.838373035489301799e+01
1.601600676645957222e+01
1.655529787652631768e+01
1.387647399756200173e+01
1.475516415171758489e+01
1.835882143015469481e+01
1.477431479069365494e+01
1.834070533427995997e+01
1.402790122024312147e+01
1.507732144554069009e+01
1.683923887424316490e+01
1.584296870932167955e+01
1.590897056548820032e+01
2.021483405211531093e+01
1.755047138673560525e+01
1.730439307446268415e+01
1.610315697595132178e+01
1.935802209748000280e+01
1.567660843468776832e+01
1.339864218930468631e+01
1.504444814193341884e+01
1.909088428005575011e+01
1.621699685120006862e+01
1.427689900400465106e+01
1.725339176196840540e+01
1.914377532000038684e+01
1.303817701959735231e+01
1.357545042374643529e+01
1.479162997136830171e+01
1.766553718526954597e+01
1.372540737281951628e+01
1.413568928534643199e+01
1.402112210798253145e+01
1.409807037164836352e+01
1.210173615629596711e+01
1.615742617439864048e+01
1.412865952301131145e+01
1.547782822333289587e+01
1.426161008556471010e+01
1.578962787474513618e+01
1.900302394683320983e+01
1.649042495128919938e+01
1.697526875681955261e+01
1.468632933648928862e+01
1.742684665214098416e+01
1.650052595697036040e+01
1.602814716130397343e+01
1.557507120013478819e+01
1.860332471278082878e+01
1.557696864524540992e+01
1.606380637712747017e+01
1.502732639071259868e+01
1.820268488169092080e+01
1.311684549631509533e+01
1.175368943176594350e+01
1.822978913130907941e+01
1.465788241878892251e+01
