2.726179583783477356e-01
1.605457845040916820e-01
3.040873446973533789e-01
1.545962545727209703e-01
3.361787735711506131e-01
3.321472163197149441e-01
1.272568207082875047e-01
4.116650386830861819e-01
2.884208955655542805e-01
6.540519448212002152e-01
1.382367001557273378e-01
2.774938375610160879e-01
3.203404342458273657e-01
5.760197688431715202e-01
5.815394412399385038e-01
2.617067340459087177e-01
2.642258918524552636e-01
6.502983442540654080e-01
2.684344077777785498e-01
1.713710600127469619e-01
1.743542292524793424e-01
1.106234639417462834e-01
4.084495335930226623e-01
1.225363260915428021e-01
6.293716453571824854e-01
2.223408312327382619e-01
2.445947905216967477e-01
3.199892733667180078e-01
1.586879789810987373e-01
2.709305065465849038e-01
3.107214721259146661e-01
4.932458084228751871e-01
5.452261444289707715e-01
3.080560626133890811e-01
1.319848265988118885e-01
1.744909768398614225e-01
3.940541307981120234e-01
4.103927019201446535e-01
3.355016307338219983e-01
6.139677099174638553e-01
3.280472575383973632e-01
7.290961771846002915e-01
5.127925197128984092e-01
1.578832410028763178e-01
5.058442016231381455e-01
2.042249034118705786e-01
2.794956707154966913e-01
6.861624656750779927e-01
2.921610008173119444e-01
4.744292540320229623e-01
6.217197976466614096e-01
1.764163350855485479e-01
1.903792242715603988e-01
3.944244282922734768e-01
2.062524433833289039e-01
2.632370072417480888e-01
4.638667329794419758e-01
2.064637762645278318e-01
3.185241736696844406e-01
2.158859594376627278e-01
3.888256179934264090e-01
6.236962841026848503e-01
3.835388656614022729e-01
2.690773704596094440e-01
3.716796861130036156e-01
5.369906652296191352e-01
1.883019007069224038e-01
2.294271223106733315e-01
3.576751446920554689e-01
3.605158831282407883e-01
1.411629203667214560e-01
6.310260704889899541e-01
3.183670588126829015e-01
5.680373215799386921e-01
2.643362819726352564e-01
2.066035645728729053e-01
1.587273622874666723e-01
4.091884994048652358e-01
2.018738897780487929e-01
1.712221614553902094e-01
2.389796590741233573e-01
2.312430338617899317e-01
4.314384787898963847e-01
5.965239716543362380e-01
1.023127461898983154e-01
2.010787308544736418e-01
2.432830405710419974e-01
4.160325424079764911e-01
4.140643520141523704e-01
4.227177407077982174e-01
6.082415406275087921e-01
1.556001790402508356e-01
5.438652812031733452e-01
3.275699625653919478e-01
2.855123358671642353e-01
3.150010795352659043e-01
2.181563239165653922e-01
4.633983712181624082e-01
1.916021159718821476e-01
3.717204572666047979e-01
3.331957856383985783e-01
4.795845778672007675e-01
4.371513689079667975e-01
1.641563566234605920e-01
1.760278268281748326e-01
2.050243943443932348e-01
8.657627668638369356e-02
2.690725328144504269e-01
2.314779658176005506e-01
3.254495023868071435e-01
2.485598792470919693e-01
3.582947812840365232e-01
2.213950973264338651e-01
2.568372968276109169e-01
3.228859793162153768e-01
1.282750113249846724e-01
2.997533287376207833e-01
6.626444462804891300e-01
1.554080455683443662e-01
3.967884619496189758e-01
2.062726781038566881e-01
2.149599113126503536e-01
3.268497768076115140e-01
3.425502026878964879e-01
7.601951904348365208e-01
2.487504453236033253e-01
3.628468965892112652e-01
2.594858165319433030e-01
1.951244804326812965e-01
6.765332638253302999e-01
3.284444894492172806e-01
3.725560580541731892e-01
4.633039868266446426e-01
1.347218546317616172e-01
1.446438309181634074e-01
4.369476859781520339e-01
4.935987459798433785e-01
3.554260637910245935e-01
2.469674216812840217e-01
2.415271603554688395e-01
2.113124279390262983e-01
2.525213234102573479e-01
1.316700033355486243e-01
5.113248701812328489e-01
1.743320456228580895e-01
2.810583654883577753e-01
2.456427147873432304e-01
3.120853221300881053e-01
2.444785249505651292e-01
2.250235471159113265e-01
2.808420677699256518e-01
2.880966510117139445e-01
4.111694362154738047e-01
1.982583718719438948e-01
3.019163940826763426e-01
2.432838170185123161e-01
1.276012905006994602e-01
1.252695869085668490e-01
3.628879793510471075e-01
2.836668244517268067e-01
3.036133084831090234e-01
1.268599813142414212e-01
1.549573437727946867e-01
2.813303202072679476e-01
4.897021251204211056e-01
2.656163436013063150e-01
3.009749998015405770e-01
3.317837862978518793e-01
2.955163308785087595e-01
4.102174974295630383e-01
2.793215892486615171e-01
3.676086144252414534e-01
2.023244496212535104e-01
2.045062244661010886e-01
2.161830958101984834e-01
2.267373451651487071e-01
3.701170775861015172e-01
4.437793128330751458e-01
3.719153040192040849e-01
4.886898188526964670e-01
2.542993567771437147e-01
4.458099648012350813e-01
1.832632174351180310e-01
2.793158081097035783e-01
2.755240813651052001e-01
2.757977334521361512e-01
2.461406860225381632e-01
2.703050100149338442e-01
3.541688277121744499e-01
3.206553702324809185e-01
4.996407373796444285e-01
6.676680633140787968e-01
2.830867398375123689e-01
2.702435945653339777e-01
5.182301989264209707e-01
3.016145583901408966e-01
1.977275772217736982e-01
3.618315714409878203e-01
2.335732618749092604e-01
1.411665723686297003e-01
2.542305619595005561e-01
6.269266773354916777e-01
3.525399060303868182e-01
2.837867946433257349e-01
1.851766486505971032e-01
5.092017459925232137e-01
2.174404421911277085e-01
2.785520242584462181e-01
2.840424738575401120e-01
4.913146538033387190e-01
3.414531909018721501e-01
3.204422467045285883e-01
2.586145639890417569e-01
2.220332353686205740e-01
2.381034277328285542e-01
1.580500865376900099e-01
3.058906012837199762e-01
2.783786271369014798e-01
3.151890659885269175e-01
5.305930255988184907e-01
1.746971102001420306e-01
1.434933546253536196e-01
5.510385366716705757e-01
1.692255630999269789e-01
3.787945515247397865e-01
1.412242555382141607e-01
3.165230707578000069e-01
4.316207278752449694e-01
5.935446813414038125e-01
2.907801289694391667e-01
4.337841826017820313e-01
4.869770393854253032e-01
2.003938889113354160e-01
3.527458162488734672e-01
5.185215981451243294e-01
2.458815127602315131e-01
2.090953902974069523e-01
2.619164322298357384e-01
4.460509123973730450e-01
4.662700307074622574e-01
6.775704764330248153e-01
3.872597029063698515e-01
3.076859260186734502e-01
5.152156888185721595e-01
2.301722790995611168e-01
1.883704220351545833e-01
2.652571694460750251e-01
2.697020981764285952e-01
2.376180407492992364e-01
3.599736865456802937e-01
7.586450116309640945e-01
3.153968640327020623e-01
1.827758222403671473e-01
1.777704434899185226e-01
2.846040036165919940e-01
4.496325858173046974e-01
2.871605974110575388e-01
3.318276081496182028e-01
3.331280967332126974e-01
4.882956473194603464e-01
4.731295139187451926e-01
2.021959101301268880e-01
1.505905605458696395e-01
3.359610702377964775e-01
1.601639774939919714e-01
2.063718892444738051e-01
2.235977446764025878e-01
3.642346433678710915e-01
1.681035670362985290e-01
8.961025106024744780e-01
5.022759127542514301e-01
2.974400384019277865e-01
3.645599058957338934e-01
1.551750042953201902e-01
1.795039632262305784e-01
3.050965485977661373e-01
3.499006259720611745e-01
3.512555199297911490e-01
3.104370631452851859e-01
3.756203193226454462e-01
4.254457511710036388e-01
1.461447807233087759e-01
3.321265567465070401e-01
5.613490388007247311e-01
2.899811736427699294e-01
2.804120710336940880e-01
2.942923795770183704e-01
3.273094344609923101e-01
2.802594149738248386e-01
2.605358595706807057e-01
3.828517592261049263e-01
2.353973373185565543e-01
7.513314848309179395e-01
2.628767171102297517e-01
2.571301610130000137e-01
4.476867802670369545e-01
4.622189692275738837e-01
2.747890691974192445e-01
2.918285657285651369e-01
2.905927254471190047e-01
