5.857670058887778364e-01
4.514986024316437474e-01
7.644801570234247556e-01
4.383709846357330409e-01
4.639327888849690273e-01
5.972391884994887601e-01
8.677126090728080055e-01
7.666320896232272641e-01
4.076888558824943720e-01
3.245457500354203551e-01
7.271268616036591359e-01
1.222233541091520381e+00
3.442915702336982187e-01
4.811420576959302697e-01
1.256662056229082447e+00
5.149081291304694608e-01
6.566395551795826124e-01
5.331926148163733670e-01
6.294211285639469411e-01
7.937857969885439013e-01
7.008688245534016037e-01
8.395138422538563905e-01
3.411300299996119501e-01
3.949514009458774955e-01
4.768848581063335201e-01
7.214845480030794844e-01
4.290315521907371310e-01
3.467476028731973914e-01
3.214508200128939341e-01
2.353930922829546302e-01
4.727288968578487460e-01
1.504228730650188472e+00
9.155982993151399185e-01
1.412667945948267612e+00
1.646999813161432957e+00
4.135816359611055870e-01
9.821806837894659914e-01
1.042732808090939489e+00
6.410171859510052084e-01
3.785638790915508700e-01
5.775260187642456966e-01
9.554465745180528158e-01
9.404390746432039760e-01
6.898927303004452893e-01
2.356373084369604853e-01
4.016635693559768572e-01
1.060227125935224723e+00
2.552258693971623527e-01
3.681876019785385035e-01
8.273724680358781614e-01
1.113655970273326190e+00
8.771778709916329131e-01
4.296275767327422668e-01
7.007419953611304653e-01
1.367681415907887388e+00
4.538791348952038174e-01
4.152237650473890596e-01
5.649261325962077196e-01
4.865372046421457264e-01
7.404369334511983203e-01
7.824504950355372079e-01
3.658863553464093421e-01
3.361106631531519673e-01
8.549561875853460835e-01
5.435775436612668710e-01
8.670572664310688404e-01
5.263049943538139486e-01
1.182003825416067855e+00
2.026697525998839011e-01
7.220148626111982937e-01
3.191426509540295497e-01
5.915228615342668084e-01
2.943674401238628446e-01
4.815471941323269389e-01
4.456818510465416217e-01
6.422178499789549244e-01
4.976933410873325969e-01
9.887497820620901878e-01
9.208115142840145317e-01
8.226003317251289193e-01
3.824736192183293415e-01
5.696907370098460710e-01
7.175951119889109053e-01
3.819182493017499458e-01
2.575703295440157081e-01
8.101727955640047885e-01
5.322650390150190924e-01
4.764945393437554633e-01
1.737741415496125985e-01
6.956692196410917406e-01
1.047448722137380051e+00
4.354044839861003213e-01
3.572033176678487409e-01
6.286426760889878285e-01
9.618571201829970718e-01
4.975200651201930890e-01
6.117678757531496148e-01
1.173697621955154258e+00
4.421230691004332525e-01
4.331649443777170205e-01
3.665298122859491081e-01
1.103043304166952510e+00
2.916947554627808969e-01
6.738476356759316444e-01
9.913763064666606395e-01
1.019751567904825684e+00
5.270200588160500743e-01
5.346849490619741685e-01
5.040460336568290955e-01
6.896838310799877636e-01
6.159834783859601259e-01
5.564993271191305269e-01
3.736375327718897132e-01
4.370723499968433567e-01
3.557914986617035091e-01
6.593775762555955655e-01
6.351306687786505423e-01
6.160121228986237263e-01
1.180827755351527175e+00
9.787491545143951477e-01
7.624040291097615718e-01
3.203697005518907903e-01
4.667827644322273817e-01
6.306422933988986568e-01
4.725944463350258973e-01
3.186006467338218795e-01
4.696714544300809036e-01
5.083425334190636580e-01
9.371128016895224899e-01
5.250984622756352804e-01
5.148716606850926025e-01
3.887644359050508869e-01
7.351628574931141635e-01
9.007732432687141078e-01
3.910139096120671676e-01
3.824622451923877509e-01
5.182663460002465694e-01
1.055953540368720800e+00
9.106397632209337623e-01
3.591285711321071661e-01
6.035084967510812026e-01
2.532966249829717853e-01
1.018945243234608666e+00
1.085083861942423678e+00
5.402562387541262057e-01
9.887983894787866213e-01
4.940962545747529244e-01
6.040514123041953454e-01
3.810466807894941077e-01
6.185898466973928089e-01
1.225935050101097268e+00
7.469200201458213728e-01
6.654955390283735506e-01
1.022324635095283929e+00
3.109154888952020968e-01
5.041884787438573046e-01
4.337849552706536382e-01
7.307587162952039472e-01
6.380183088310076300e-01
6.812704368215822814e-01
4.058402163996940870e-01
5.139708056686933535e-01
5.638654922768168154e-01
6.286203325716992474e-01
8.069663534005115935e-01
7.497646566446822813e-01
3.452272642000796532e-01
6.706910775386346613e-01
6.988048662711651149e-01
1.753062934343673884e+00
6.753788032531504726e-01
7.987388706711653352e-01
8.849010058431933112e-01
3.667314101944242899e-01
2.926371566736402641e-01
2.415398862101017230e-01
5.756269528140488534e-01
6.618713433219065578e-01
2.593274794172643061e-01
3.272119612789726184e-01
7.987477274876386701e-01
4.546022335639638978e-01
8.989911183105542269e-01
3.456144138893683659e-01
1.452578309670085499e+00
4.158635224250868401e-01
9.221591900114300966e-01
4.648801934869042363e-01
9.789849318288084135e-01
3.380103274880893460e-01
1.377797539690427620e+00
1.233345931618694546e+00
3.910628413081642663e-01
7.059506470483362106e-01
4.549420524737984861e-01
6.967449303221131540e-01
9.972807036617387100e-01
7.396903555621898718e-01
5.597040652545111072e-01
3.214581516467399092e-01
5.500870156402888345e-01
5.111470923431551405e-01
4.646003295467259209e-01
1.173876052053316688e+00
4.659400933547395707e-01
1.018256040798513506e+00
2.422836298921151321e-01
6.453933252622892081e-01
3.397645350038575041e-01
1.068387853343668148e+00
4.068812724063708419e-01
2.758551899273449237e-01
1.077425307364036078e+00
5.061038944149952590e-01
6.845545141641384834e-01
5.186426436958309072e-01
7.617450250096806652e-01
2.395231333656727968e-01
4.905811921319492286e-01
7.668703816122121042e-01
1.244867675256986495e+00
6.219875023975619532e-01
7.313539504682159409e-01
7.486360698556906446e-01
1.046629457084804926e+00
7.784293842090151960e-01
6.883205488703086905e-01
6.220981151929312336e-01
1.142524318098125935e+00
1.554239209095508445e-01
7.803450149840339689e-01
4.389124304528633225e-01
4.082171754553650667e-01
6.597116193718252086e-01
6.146417442749686488e-01
7.644350917060344086e-01
4.428103557651976163e-01
5.048130714956555742e-01
3.864675958232923758e-01
9.624682469461378620e-01
8.147189785657678041e-01
5.831198855816276394e-01
6.280893912778313659e-01
5.120013853654015179e-01
1.307422436017545042e+00
3.039672387238498974e-01
1.157344803577289971e+00
8.110513846199816079e-01
5.167637129487607783e-01
9.289992995167799528e-01
5.408969592078183286e-01
4.243200808103637089e-01
2.726040048212461375e-01
7.327787173156634637e-01
2.672283185081847923e-01
3.732376345276814944e-01
1.142141452836833215e+00
1.777852659520197109e+00
5.647308455513420089e-01
4.099639208011479630e-01
4.491212416124328310e-01
6.716011612561385569e-01
3.527749567910653528e-01
1.202047305579732495e+00
8.218509161706589738e-01
8.130395938618530938e-01
9.368126680925774608e-01
3.857189214188869730e-01
8.022818044149818695e-01
5.987743662739055672e-01
7.161018478737661841e-01
4.079635882638801281e-01
4.522362292561868946e-01
5.142402252202069590e-01
4.716885621364249048e-01
1.061878072758591474e+00
1.078177237656001042e+00
4.677061129296776198e-01
5.187324469441968455e-01
5.809547256072400412e-01
3.547661877266475861e-01
4.512466898346581545e-01
5.802889930909552740e-01
6.161653980576676792e-01
2.278428690681594815e-01
1.662685048163136559e+00
2.881713005588385501e-01
2.785335613400676258e-01
2.592280602807030543e-01
2.779565809833302592e-01
7.600107270917620950e-01
8.678223059708515263e-01
2.401909808367458377e-01
1.251744591448687993e+00
6.363861933951163730e-01
4.894267395970839374e-01
4.744537508269732196e-01
5.534924810957239094e-01
4.664764652834650915e-01
6.047897761505524050e-01
