2.548926187038245139e+00
1.805379520442510266e+00
1.805123570530673183e+00
1.100340487274848122e+00
1.472162776409698060e+00
1.715040469788788213e+00
1.225659764577262889e+00
1.877732085469291379e+00
1.937295894612204528e+00
1.286675770260309770e+00
1.346471471213081417e+00
2.370481583565845707e+00
1.501015178321799759e+00
1.266716576538179817e+00
1.441206531360814003e+00
1.713978126542635039e+00
2.206375260326135734e+00
3.995982854119348171e-01
1.546561331227824354e+00
1.488456209139923825e+00
1.554339433926539282e+00
8.132079060362116252e-01
1.621161538351593157e+00
1.580807358074547864e+00
1.510096611754546236e+00
2.291971837510340837e+00
2.467619984687664747e+00
1.206478388170529215e+00
2.279094038833477054e+00
2.255953628086705631e+00
1.975883554205839276e+00
2.848936385294158491e+00
1.094769941438471061e+00
1.464583472834079858e+00
3.471941777043897392e+00
1.714436411926353543e+00
1.552716978732277209e+00
9.726638909675316969e-01
1.759045827321999100e+00
1.654683862262338323e+00
1.479699644698461380e+00
1.686662514772729216e+00
2.326136889939286245e+00
1.724047385693547429e+00
1.543681376866565813e+00
1.789732016976676832e+00
1.760808365988308699e+00
1.076313177962036294e+00
1.332736056642360500e+00
2.106107596708802099e+00
1.241685045529114406e+00
1.753237748888554215e+00
1.745587947068993451e+00
1.151931869284096299e+00
1.179674618594481084e+00
1.243942261823597795e+00
1.204263292974732780e+00
1.563761938327531409e+00
1.605218664675218232e+00
1.056840292050527763e+00
1.638727490548402388e+00
1.017404428115353809e+00
1.210099962682469776e+00
1.453838008416121097e+00
7.466577677582946215e-01
2.006167417515366314e+00
1.946575103741695623e+00
2.119725073104020474e+00
1.884680149358419321e+00
2.215577111168150815e+00
1.616191590478595952e+00
1.832846653929562697e+00
2.081549147551466028e+00
1.575701164177065738e+00
1.507072088607627869e+00
1.532408268160275311e+00
2.207919429021675484e+00
6.762540328095071329e-01
8.642061812264201226e-01
1.885459107073497842e+00
1.055720112182994219e+00
1.854207815662301861e+00
1.449127174078191471e+00
1.480735716193117391e+00
1.914558184837589438e+00
3.609795459433204456e+00
1.356283743420598098e+00
1.625319026021642799e+00
1.913206542786604070e+00
1.989909636604440646e+00
1.122726469237971925e+00
1.864352126492441863e+00
3.250428910590697384e+00
9.002309561969685792e-01
2.699495131166975703e+00
2.572747775767602274e+00
2.566393626422239560e+00
1.675864138227001643e+00
1.878721772631806397e+00
1.491537772577103294e+00
1.018969456140609076e+00
1.208419887001329407e+00
2.539273810864082215e+00
1.587276143879214230e+00
1.681413621818168780e+00
7.440114221858828980e-01
2.022682672064779030e+00
7.204902133998727365e-01
1.512490397800602349e+00
1.902357137714105306e+00
1.120864342591156193e+00
2.006017498896779383e+00
1.234169264048829984e+00
2.311070612528442592e+00
1.688370901693730941e+00
1.453239963142925140e+00
2.299724885541690078e+00
1.832445886428136328e+00
2.131953989836935293e+00
1.281521196728255596e+00
1.615093881662945208e+00
3.526087754582992506e+00
1.658791513346467683e+00
2.424643620809015854e+00
1.606693237876597236e+00
1.510264089294971912e+00
1.614231181312711927e+00
1.951754660789997597e+00
2.328365281000642995e+00
1.375801445949964341e+00
1.417919174106707203e+00
1.296289887067644253e+00
1.496463084008378575e+00
1.386288624175200601e+00
1.752089295045867745e+00
9.905594380365073670e-01
1.363096747193149216e+00
1.238525597580607984e+00
1.370878649389176474e+00
2.422638903730054860e+00
2.157900187654570257e+00
1.518393800347459077e+00
1.079696753136124121e+00
1.564900748903889749e+00
1.502294034701103786e+00
1.109199255573581677e+00
1.982430850667984856e+00
1.412092324023043632e+00
1.376876720800368270e+00
2.258062537031272576e+00
1.760199366043892377e+00
1.176582680082256527e+00
2.463169871049559756e+00
1.922897682159069310e+00
2.029506644247197844e+00
3.349840288769173835e+00
1.275548786329597784e+00
2.482613459704586134e+00
2.095702211615598998e+00
1.222768330561424754e+00
1.850664524660814436e+00
5.982267394949282169e-01
1.084425068923503099e+00
6.726345918618311659e-01
3.391885865725041249e+00
1.409749693156747696e+00
2.179725719120733984e+00
1.342629295270763023e+00
1.933153859621848492e+00
2.361867095338969325e+00
1.839736323624557635e+00
1.432347660097004871e+00
2.301395353568316704e+00
2.136473139325929527e+00
1.175154151196861507e+00
2.114031033402357984e+00
1.075296851058646030e+00
2.286795277114431535e+00
1.993283460954507813e+00
1.540570418580450074e+00
1.894803519371867084e+00
1.013145881400120851e+00
2.406495011728901456e+00
2.288867677170043358e+00
1.449594412652752018e+00
2.377932616901958784e+00
1.771272800502563971e+00
1.218928951887874312e+00
2.383064851883158308e+00
2.054907368910268595e+00
1.504140236701873690e+00
1.464540976615677836e+00
1.511221009747333754e+00
1.630983231675347200e+00
1.240578946640741531e+00
1.875497920833569587e+00
1.556562264001294160e+00
9.278988590964186711e-01
1.626956876102201521e+00
2.073292163281993616e+00
1.376477530806905936e+00
1.078851248900241755e+00
1.495448912550797260e+00
1.472277041428044386e+00
1.462311541650037405e+00
1.498751247656429975e+00
1.128160570115116945e+00
6.276835822086347383e-01
1.763366344573212174e+00
1.523752201484575686e+00
8.074911472983090643e-01
1.863719053816293991e+00
1.716269006181603052e+00
2.743892054844621065e+00
8.887328279150510379e-01
2.773746094829575792e+00
6.539532101429794686e-01
1.935273119651823359e+00
1.748284487244970986e+00
1.420323919557228587e+00
1.176353664674222754e+00
8.893431367823606548e-01
1.516858163095050838e+00
1.850613113207055127e+00
1.587499895866044453e+00
1.649493099746292657e+00
1.634342284224496789e+00
2.101474122771028963e+00
2.067298388654406960e+00
1.463848930600532228e+00
2.379042746820159149e+00
1.507783866820847862e+00
1.069752593972645771e+00
1.955184420872097428e+00
2.783962798044884668e+00
1.454115113943815318e+00
1.403672804218434544e+00
1.599536162498352621e+00
9.661532048727980992e-01
1.825351966534735748e+00
2.031389789456052419e+00
1.218356935555390042e+00
1.664371589531782769e+00
9.696681696552496010e-01
2.752312920659454321e+00
1.298593684844807639e+00
1.615923952315428958e+00
1.518193828446051219e+00
1.886643974077657049e+00
1.876797019307836711e+00
2.113249745490948239e+00
1.204438644345165343e+00
1.824807951076235168e+00
1.866792289720603737e+00
1.888641701095727932e+00
1.876866778083490450e+00
1.209279289871690199e+00
1.145693672055078105e+00
1.582747895244781988e+00
1.734818528568230267e+00
1.325052476245361932e+00
1.497745963232229416e+00
1.912972224420012246e+00
1.230483059848875849e+00
2.757024083002571846e+00
1.419483328618203810e+00
2.022227144751706174e+00
1.488012416281995653e+00
1.283370759509280923e+00
8.389312212927313439e-01
1.412462727240556992e+00
1.060098826727241317e+00
1.895009355350893543e+00
9.429734287839832696e-01
2.367041254726437227e+00
1.884391832976275438e+00
7.661579884599305501e-01
1.647221031655131229e+00
1.306865753639572691e+00
2.659287956266249697e+00
9.336319997193339715e-01
1.039130104211088979e+00
1.280452510110068776e+00
2.592370574196992461e+00
1.489586985302633559e+00
1.839449060453468343e+00
1.726635336160695644e+00
1.616058346812651036e+00
2.892508474076062264e+00
1.798806054250163156e+00
1.899942261035610702e+00
2.286473012806549132e+00
1.047511829332868905e+00
1.852329778006131633e+00
1.239870618136438729e+00
2.719716978470322566e+00
2.060140819191774053e+00
1.993327056787564500e+00
1.346708392707207658e+00
1.866698969211237458e+00
