5.733834735806230043e+00
5.858551729654344342e+00
6.118642525787332254e+00
6.346435078181915657e+00
6.590400839089370244e+00
5.563450343297976275e+00
5.908105538710906046e+00
7.473942010426666727e+00
5.226469392999573138e+00
5.336243321817139673e+00
7.125943525788049016e+00
5.531847119801380330e+00
6.861568315633343573e+00
6.943985223620733116e+00
5.480929005122859188e+00
4.772192620362660342e+00
4.594622773525678383e+00
5.323436856928942085e+00
6.239426946499674109e+00
4.768134474067506900e+00
5.326295004482972217e+00
5.385353170850811111e+00
9.864656816084787394e+00
5.407200955778471041e+00
4.991503372051973919e+00
6.367422251609577089e+00
7.066276144667420489e+00
5.001923269781346271e+00
6.784263042763248208e+00
6.808143578470721380e+00
4.109884320865302421e+00
6.129984996762672722e+00
8.710833700955022962e+00
6.016242277397334526e+00
4.774051591419996576e+00
5.267594003693286453e+00
7.257525668893937798e+00
5.969792239292254443e+00
5.654885459618470556e+00
5.522452520596162096e+00
7.993387190439918299e+00
7.506240728998430534e+00
6.141680351018961481e+00
6.359604193242445191e+00
5.598914345604016241e+00
7.313776366868945722e+00
5.774816841544303081e+00
4.766185039001544332e+00
6.301427243027652558e+00
5.508055822990546524e+00
8.427302282763264429e+00
4.368017757841109905e+00
6.646171852562241078e+00
5.428214458245072649e+00
4.576076776237610666e+00
5.772076344535177483e+00
5.730291511192206144e+00
4.873166171540670888e+00
5.764101085095032495e+00
3.402154600846766908e+00
5.902050433311398336e+00
4.940805961256011791e+00
6.368371444965752026e+00
7.681465730182750029e+00
5.702153266205496784e+00
5.673555953556010500e+00
5.771000514091626954e+00
6.808713321164812982e+00
6.716910365083579748e+00
7.684215035437863328e+00
8.204367273783429226e+00
6.387135657598199678e+00
6.249993058820288105e+00
6.440223338875638248e+00
5.977605690263607663e+00
6.332200943083370781e+00
4.833812459337712752e+00
4.675421219678163709e+00
3.182831346289902719e+00
7.557807043099904476e+00
4.709558160727879361e+00
6.543705758877051082e+00
7.409290934110132731e+00
7.167121738975029466e+00
6.652886476358322199e+00
5.184564644197954486e+00
5.236663129065087574e+00
5.367437219108254887e+00
6.912932160655112845e+00
6.624957821260351487e+00
6.841698606566003704e+00
5.299051740895856177e+00
5.869777680642517481e+00
6.711182771176611439e+00
4.823189348638064367e+00
5.512897858765624548e+00
4.520477231854525435e+00
5.238866480219898314e+00
7.293989261447817007e+00
6.032465501733374147e+00
5.901520661099331377e+00
5.767261475352037259e+00
7.607332726771321774e+00
5.514984086065820357e+00
6.211119972187803207e+00
5.579554155409306659e+00
5.059367138647812290e+00
5.314748021596207295e+00
4.301639260445971225e+00
8.130143311666035544e+00
5.229366746107888098e+00
8.382668457972538789e+00
4.387648126123173675e+00
5.893981591089231920e+00
7.181407883728942565e+00
5.205364573350768076e+00
6.864887211712315640e+00
6.289342158960894658e+00
5.310213265446989794e+00
5.125624508183601158e+00
4.420752977018064023e+00
5.836688796267028856e+00
5.380735656173427195e+00
6.405470883136431759e+00
5.242226129505689336e+00
5.984096739338926163e+00
5.054799431219938910e+00
3.941534223110970014e+00
7.707557109587034994e+00
6.275949564733848796e+00
6.672974774140340237e+00
6.352078284989922885e+00
6.152462918550448912e+00
5.654583978525515420e+00
5.617555353438796750e+00
5.884061980831353900e+00
4.190442563877756044e+00
5.427936931625665373e+00
6.489511951614368890e+00
5.463675997913529869e+00
5.732234033745054802e+00
7.586967516911929721e+00
5.976927417467224224e+00
6.594106403115695514e+00
6.488282082591167566e+00
7.978303664516126936e+00
6.671907348677916794e+00
6.117806038771057331e+00
5.596407592971413436e+00
5.710514030199695945e+00
5.784307802843240864e+00
7.268845110218791206e+00
5.020630352786783490e+00
6.886247135661407448e+00
6.726763012978646650e+00
5.754604021792439461e+00
8.881874539442163652e+00
7.725134042402733492e+00
6.791262167036044239e+00
5.457877950635138475e+00
6.209289622806274167e+00
5.240527462585158780e+00
6.444616907893796487e+00
6.632124144386643216e+00
6.944568496807390190e+00
4.587231079236240738e+00
5.828693171424282227e+00
6.163400029892511789e+00
6.484239109429084102e+00
6.845509513400147128e+00
6.521348107774870506e+00
7.665817299073985680e+00
6.354578246184623858e+00
5.336844128053637171e+00
6.170010391711435283e+00
5.703438829166601387e+00
5.586603636679766893e+00
7.208545731472373319e+00
7.430468755889828358e+00
6.312480047295374597e+00
4.743127930331787034e+00
5.631660415617255389e+00
5.704262713298722254e+00
6.436881639752452422e+00
6.668261814981805813e+00
5.435842561293502406e+00
6.752875695416271640e+00
7.556495905521270373e+00
6.492491489759389722e+00
4.042887050777543401e+00
4.502113005601432683e+00
7.623921639293179453e+00
5.157159127422142220e+00
7.082423112192612003e+00
5.780541433701848142e+00
5.228381688069664968e+00
3.989921769154833875e+00
5.179229310651434659e+00
7.597231300914942587e+00
6.433546828208826618e+00
5.007535630167024188e+00
4.822545039741587658e+00
5.363932305713678517e+00
6.489051453557549642e+00
4.230168820122219842e+00
3.804306139315067892e+00
5.007517993404253964e+00
4.216974631347450320e+00
5.720985601155588185e+00
4.902526013433785579e+00
4.172172881725800586e+00
6.208460712077122245e+00
7.513118983375894899e+00
5.803792504038442601e+00
5.005073008334963269e+00
5.138549066037619184e+00
6.676592477105656620e+00
5.742345032685451045e+00
5.090050265069065993e+00
7.318643478005306235e+00
5.526131092390737187e+00
6.688035384674188677e+00
6.537069561669207829e+00
8.422365317447875199e+00
5.543893614346204757e+00
6.538015755480439672e+00
5.615566249219046568e+00
6.695388227159316585e+00
9.079563735845807670e+00
5.553678629711174430e+00
4.725208115120665298e+00
7.337667772421217371e+00
6.372499373206948370e+00
6.689581269915613859e+00
6.095961174007656247e+00
5.774094992715787633e+00
7.123217883662031014e+00
5.709469561118759806e+00
7.254665167143178550e+00
5.651730333652937865e+00
4.968500927955354030e+00
5.400694293882592589e+00
6.657755287780901199e+00
7.438094102627816007e+00
7.454039673603055860e+00
5.140767859520193994e+00
4.551327008014071751e+00
6.151913786943522311e+00
6.113109686386510866e+00
5.132907785234804621e+00
5.722667839466926587e+00
7.620740478547536334e+00
6.193401772799339788e+00
6.165158574718809348e+00
5.909856419852530074e+00
6.304394664322821917e+00
5.033826661298189897e+00
5.178224140422542199e+00
5.992911711914564954e+00
7.020940717431488842e+00
4.140567671269243633e+00
5.579731025844978376e+00
6.149661557180015947e+00
4.283292440120576750e+00
5.302488891278283489e+00
6.121165319329164411e+00
5.411428304963728841e+00
5.408607971834392458e+00
6.732764398994294908e+00
8.214613911701039939e+00
6.126715723551789061e+00
4.193833134523449857e+00
7.226844891603168897e+00
4.646453680911058370e+00
4.613180052653963692e+00
5.548319825320822574e+00
7.912750871591586410e+00
4.582610926083731329e+00
7.062457616113172243e+00
5.685617438158209858e+00
6.453125114668568862e+00
5.788481555549997104e+00
6.815632931165550801e+00
6.455754393728603269e+00
6.999683609068449108e+00
4.804513461626216397e+00
7.038606930641052806e+00
6.088592565460460904e+00
6.050090654612658270e+00
4.473338032689287758e+00
3.824901244241097231e+00
6.861328899829367778e+00
5.523562905175551485e+00
6.530067411942164668e+00
6.074439045819956640e+00
5.533266447911849184e+00
6.456657385509272373e+00
6.208861673693641947e+00
6.765456051745657895e+00
7.773237595032218117e+00
