6.709124581121094222e-01
1.142560155256989063e+00
1.417238508235904026e+00
7.869411170849138770e-01
9.304871396833650499e-01
8.859047403499858975e-01
1.151513689062468648e+00
9.519200732223678241e-01
7.008632086629916769e-01
1.129401810846741627e+00
2.475894590009746210e+00
2.025440392404719958e+00
1.270171351844167962e+00
7.413051194862276816e-01
9.850885822214349163e-01
8.879215571645409089e-01
5.702749388199184200e-01
1.154623550356265627e+00
1.013339598564227506e+00
1.338100118502090430e+00
5.238319159568317618e-01
1.069259927294911483e+00
7.961427931964829563e-01
3.555482522563658265e-01
6.263862986183984516e-01
1.504515988455340514e+00
7.754440390784657078e-01
5.970988400489890546e-01
9.210631122434540519e-01
1.179500066568019312e+00
1.222299270052810138e+00
6.539012032371601668e-01
7.329807704022680559e-01
6.415396659829326609e-01
9.792916226345886876e-01
1.116928408789563454e+00
1.036876164517792631e+00
6.535881906566521904e-01
5.506898613358851557e-01
6.982991813297074746e-01
1.229994851482758111e+00
6.613793743688269888e-01
6.334318949106962915e-01
1.198066084642532392e+00
8.788796884091206740e-01
6.789945132848703713e-01
1.181971059806742330e+00
1.632539451639087646e+00
4.702766867400015594e-01
8.413222163392722885e-01
8.687421249512630173e-01
9.804542634067240359e-01
4.112428449668460995e-01
9.239087366170554150e-01
6.072798084125932139e-01
5.542882813635159334e-01
4.174983109364706624e-01
7.858322164842834745e-01
8.464960781576629234e-01
1.115225544327176577e+00
6.448559803090390119e-01
6.756049082771595771e-01
9.007018971389607609e-01
7.786231987794556275e-01
8.005797806880285972e-01
1.192171106172745354e+00
1.631262484421887038e+00
1.300853218409411260e+00
4.446059486813635497e-01
4.618438863901163649e-01
8.904784182359845035e-01
7.167797078389784859e-01
1.089004705033690845e+00
8.267585340969796359e-01
1.061469835636267955e+00
7.010818025176798196e-01
1.810986295747423869e+00
7.109242505832341630e-01
1.191680215319387726e+00
3.693728350534331573e-01
7.525974928103403849e-01
1.546431418604911512e+00
1.321896877439733720e+00
5.886987090286688318e-01
1.224605704049393395e+00
1.364856818934988558e+00
6.481443106728351777e-01
8.653433295790120550e-01
5.523275659623376743e-01
4.269895462788591001e-01
4.968626518931803515e-01
5.378237210926437584e-01
8.671093935258770147e-01
7.382669645626487309e-01
1.185478619898396424e+00
1.870172290513779645e+00
4.942720111459746879e-01
1.160306898821047206e+00
9.785983466427413680e-01
1.160292798916326751e+00
4.871166878460303495e-01
7.103338631017043214e-01
5.158231026492500204e-01
6.434282662281080034e-01
6.156342252837641027e-01
1.472556167326958265e+00
4.663690885450201273e-01
6.820213403686387066e-01
1.677460486699327902e+00
5.819722448633148915e-01
8.691448744447659580e-01
1.004056367180857334e+00
4.860838385658153293e-01
7.163113111480549078e-01
6.812689509729961124e-01
8.513867937470658287e-01
1.487421384542991554e+00
1.252522408605712512e+00
9.938181687019167487e-01
8.320453839007433405e-01
7.621451462973053426e-01
9.266255464334525183e-01
6.006730023293604948e-01
1.587157899668294014e+00
5.731688332388644724e-01
5.676849596269898379e-01
1.701325605961558907e+00
1.498548969090490512e+00
1.425088212683668365e+00
1.230366043237050233e+00
8.861327149435230810e-01
1.578095556644879549e+00
1.043340601087306974e+00
1.104960786000297013e+00
8.282730034542048481e-01
1.218549667355815380e+00
4.580529382216787515e-01
1.115288256730400551e+00
8.404842177450483343e-01
1.197829839568288923e+00
6.946431268510843138e-01
1.510713006600879593e+00
6.236001688807798482e-01
1.923770495464336650e+00
9.872328114640711583e-01
1.115041271001880441e+00
1.198678629321655142e+00
3.223447280887383748e-01
7.733601140217264414e-01
6.102667709865216006e-01
1.016777927180301688e+00
8.723687524032217588e-01
9.374774539345079871e-01
9.673131821175866563e-01
4.785855079967517023e-01
2.560432133197138249e+00
7.711639100245537559e-01
6.470833527095145588e-01
8.259562752501942162e-01
7.659107867045371609e-01
5.830096098102590663e-01
9.144861085421283065e-01
6.902278615734834810e-01
9.361663179863957129e-01
8.502924559869552423e-01
1.046611316103841505e+00
1.382578536855331830e+00
1.434742549329832917e+00
1.762029453112627486e+00
1.382809578247290672e+00
7.840801704455975241e-01
4.514183405157278783e-01
9.274082031505626045e-01
1.032558727721499370e+00
1.775759489623932597e+00
2.741202440638798032e-01
9.404142404797357635e-01
7.638089423841915027e-01
3.063973296659406320e-01
1.047555476413999376e+00
4.798317754091717124e-01
5.031426071665657807e-01
8.124476099604645007e-01
8.355970349269888908e-01
8.494013544434109164e-01
8.748168912798606200e-01
1.141511313094266233e+00
4.755073329958443007e-01
6.851605358835134441e-01
8.527978182576703148e-01
5.584375977648370348e-01
1.009622823481907572e+00
1.086849611808003324e+00
8.361008961235169012e-01
1.178098760609362028e+00
1.236802516265543161e+00
5.112034090684484111e-01
7.782297005562359704e-01
7.556856399741773700e-01
1.201106664026214021e+00
6.574242507685116310e-01
5.672744219691270295e-01
6.683286731232419564e-01
1.728228064703917877e+00
8.873686280596027043e-01
1.256568666758178798e+00
5.107874010740421911e-01
3.574101990620447422e-01
8.144572954001825238e-01
8.585601441894412655e-01
3.908965751959576074e-01
5.656256870386309199e-01
7.382991525158513202e-01
1.465871126537113822e+00
9.905372915187271587e-01
1.204279397764803639e+00
7.914593830035369093e-01
4.928778257252443007e-01
1.145133912131807152e+00
8.209262971598292324e-01
9.544321812410444528e-01
9.975978123337522208e-01
2.875060165073045626e-01
7.602390325843262353e-01
1.465034795242945664e+00
1.405077227001368723e+00
8.042559981552710457e-01
6.446752961194096576e-01
8.173239226215276432e-01
8.408877512863314196e-01
6.601085405869397960e-01
1.991944206606473866e+00
8.014561699755876623e-01
7.856984879035846525e-01
1.460265508165925041e+00
8.136473071178107475e-01
3.854020006211251181e-01
8.946749778668054986e-01
1.411644527653288739e+00
1.492247892577943214e+00
1.155671982226878391e+00
7.494699604233503454e-01
1.301993712251251711e+00
7.696691528599228782e-01
1.343558424265755891e+00
9.946696321688912601e-01
8.164548785874418124e-01
1.284035124643734482e+00
8.366577087014065439e-01
8.206717802206557888e-01
9.064895717809640097e-01
8.477571742647496134e-01
6.599703729159108745e-01
1.122743836190805311e+00
1.083624027116092403e+00
6.893313841015970000e-01
6.202921992225338688e-01
7.278148621465200252e-01
5.293273102935749375e-01
3.630949704476643114e-01
1.706252175269550087e+00
1.005789432220962620e+00
1.764796939838099155e+00
1.241607100887815118e+00
1.118885287942872786e+00
9.187771127458518317e-01
8.348173396503710819e-01
7.854593752954237562e-01
1.100239253756784885e+00
7.847356992825501587e-01
3.138200983901062724e-01
1.233053993195954323e+00
8.490401114435260910e-01
1.009085926103460817e+00
1.021567480569753439e+00
7.272891814389433884e-01
9.215659889069890420e-01
6.405217569262621202e-01
6.509697942115779679e-01
8.117635051397161794e-01
2.654594294496573359e-01
7.946945834235261685e-01
8.607062056026686392e-01
3.688564865751244315e-01
6.792026293790707214e-01
9.936660969373389829e-01
5.828309162175747682e-01
7.763836304927914655e-01
9.806968564773141939e-01
8.518725940228114579e-01
8.391188051790344771e-01
1.194874163185198457e+00
1.015053364572890304e+00
8.613248762709861950e-01
1.413615378946376566e+00
9.563585003952899122e-01
1.180401596775939366e+00
1.393559195981651566e+00
6.772643405318672372e-01
6.208791498689297805e-01
