4.245014252818944400e-01
1.639397757587044424e-01
1.442310534751768125e-01
1.791277866254011031e-01
5.364703640613198710e-01
2.419360942701053729e-01
3.793544141381219870e-01
3.668408044734594031e-01
4.860457809795502016e-01
3.944175703705555258e-01
2.588189728401931178e-01
1.911191955465554315e-01
2.012994317287181978e-01
2.420535040003040095e-01
2.233334034364448106e-01
2.527199205547258076e-01
3.447078766063123023e-01
4.070466008504437516e-01
2.669126217430917158e-01
2.144755694192227724e-01
2.857012465407490209e-01
2.322412429634868325e-01
2.452686111148425219e-01
3.597749414827954295e-01
3.278919749220598479e-01
5.482466368862078943e-01
3.439460397689984572e-01
1.564217460128249915e-01
1.700991685816487797e-01
2.096958759801695882e-01
2.177894547592051921e-01
3.590402985003776082e-01
2.314830986194751639e-01
2.161908769763640215e-01
4.103331611183577698e-01
2.375843264875718286e-01
4.675260006583549788e-01
1.938405889235390867e-01
4.392442306792089246e-01
6.020473903260566972e-01
4.395367563463060123e-01
3.860600630482922124e-01
5.161727616976188315e-01
5.027844692776379798e-01
1.705585132322845199e-01
5.149929571800383465e-01
2.725868000898470367e-01
2.723767721395540242e-01
4.283575748868360122e-01
7.791908373189420089e-01
3.289671096859022592e-01
2.932119718182270018e-01
2.389812213631604676e-01
2.382723609723983449e-01
5.426048805015557530e-01
1.517523322196139279e-01
3.704883260834313519e-01
2.660200071211031858e-01
1.491674756378206790e-01
1.446951331366250204e-01
2.546930414513582375e-01
6.325305956892691706e-01
2.791206839477052282e-01
2.732864164441213273e-01
3.054178765103845450e-01
2.199316983829018024e-01
2.873652693782589584e-01
3.220696526268826410e-01
2.174911395593247254e-01
2.478875074057903249e-01
1.853150220252056390e-01
2.826008370888448695e-01
2.000184869760802120e-01
4.266319111479595083e-01
1.704497922381796038e-01
2.395286588352609769e-01
2.934290396600426343e-01
2.350409711061781370e-01
1.902223359432683170e-01
3.798034813603122783e-01
6.192706786018191689e-01
1.208520234561827056e-01
3.528519362084414634e-01
1.923446406299386124e-01
2.132134416171297120e-01
6.899484999073425273e-01
3.245130194284371328e-01
6.909643428418791311e-01
2.667681387390765657e-01
2.031767298298957358e-01
2.908748527399381834e-01
2.849373792613520417e-01
4.219504009276643930e-01
2.962104765505899628e-01
1.584700704765571178e-01
2.009708939471801792e-01
1.712123738875479528e-01
3.850232378511575515e-01
3.526646687985515172e-01
1.659169269144727399e-01
4.798727246010810465e-01
2.974020542952952040e-01
1.989268176442673119e-01
6.798188444947781406e-01
3.987255435121808689e-01
2.341545240250267335e-01
5.390741118011221911e-01
2.830875970283715515e-01
3.671848430687336684e-01
2.502785183266810765e-01
2.080481307163745408e-01
3.914457705411197863e-01
2.846547161402919746e-01
3.498238005587789301e-01
1.806690857699726482e-01
1.051000015986875286e-01
5.204867059687990904e-01
2.413877256669013649e-01
2.331447270016910600e-01
2.836515684362991840e-01
2.123002387937578672e-01
3.647082986778359959e-01
2.190545567655942660e-01
2.043287491635664976e-01
3.416610080544985606e-01
4.943520592684663706e-01
2.888359419116746651e-01
2.854143157143969045e-01
2.923645677942768861e-01
1.878369366057025536e-01
5.330360588278060252e-01
1.807026993989641617e-01
3.900243233633677309e-01
6.519022564469382219e-01
2.890660445904269515e-01
7.314909241629763414e-01
1.589551291128928068e-01
3.142543174347995349e-01
1.849059941946093188e-01
5.803886876540290674e-01
2.592802231826989434e-01
2.510153265088003738e-01
2.576847021333311116e-01
2.026525151614283204e-01
3.233325966976485222e-01
3.457863938760148970e-01
1.756076651725558824e-01
1.694815259007549091e-01
1.446755187773982321e-01
2.889469329352774007e-01
3.767637180119460805e-01
1.925478254034273806e-01
1.948042789525596119e-01
3.320407875045945922e-01
3.428926574343443279e-01
4.366263569093162267e-01
1.476433811760262116e-01
4.094162292389673663e-01
2.943631441978888374e-01
4.718093004886527719e-01
2.809875208312053174e-01
3.939425080613889740e-01
2.957591486297067584e-01
4.237042522673021283e-01
4.008264426828653249e-01
2.402433121059887045e-01
4.890604439953365468e-01
5.155483860714460409e-01
5.021854890782322389e-01
5.882182531412150084e-01
1.896160590437505900e-01
3.795846867076328457e-01
8.717616472060618626e-01
7.631439057938399495e-01
2.401625675399874371e-01
5.985893041178816931e-01
1.851939929682394070e-01
1.535265648023443341e-01
4.480815668006502550e-01
3.623333856185114721e-01
3.824083186855050109e-01
2.233682031648176747e-01
1.852814623767151669e-01
3.278901026774476701e-01
1.812155295073646921e-01
1.178310609964968447e-01
1.523872716976886477e-01
5.011506866117670933e-01
5.044476258373267186e-01
4.259459049099023065e-01
3.051824899932668034e-01
6.045273788548405358e-01
3.659269370485004891e-01
2.786162499596836484e-01
4.825172968256803419e-01
1.602487964818266608e-01
5.213240875207312275e-01
2.727497552913182854e-01
2.158881325991521827e-01
5.077932967022892319e-01
4.614242598464033396e-01
6.887647274364456784e-01
3.563725750313833096e-01
1.832165695798275429e-01
1.962775474839858481e-01
2.802861513941464766e-01
5.693346988771799122e-01
2.464841617883358205e-01
3.857006066603801964e-01
1.096713267938658892e-01
3.915699224197123351e-01
1.755863761882856255e-01
9.597296904782774696e-02
2.713152221306116552e-01
3.746838770460338974e-01
5.747065709989988003e-01
1.530181566598583232e-01
2.354674783172119867e-01
2.510272676148395665e-01
1.756636718076973191e-01
6.114639510993978844e-01
3.461554723532628830e-01
3.683654640858777807e-01
2.035110951760346898e-01
2.708148596643315531e-01
3.101720203321021718e-01
1.931628798855077600e-01
3.643503847640525151e-01
2.122589935487548818e-01
1.992410837494272557e-01
2.873287765220469692e-01
2.854921985046527388e-01
2.387284115957637454e-01
3.925924942055051270e-01
1.230213719465943351e-01
3.432033585815129628e-01
2.670557943153817893e-01
1.739537889121408332e-01
1.385079550080903221e-01
2.755018841431601806e-01
2.007172462089288623e-01
2.182407899626054026e-01
2.383172659233074864e-01
1.583756134881756372e-01
3.307221548481071305e-01
3.476312259216182698e-01
2.317330751625603646e-01
2.960499151499551007e-01
2.300074857529632588e-01
2.434876480843529145e-01
2.595353149626967726e-01
2.373814853031924466e-01
2.693987026937448293e-01
2.453155169990171303e-01
2.761283741505656253e-01
2.369968132605194400e-01
4.679698564629848345e-01
2.366659156561482791e-01
3.566627640192116533e-01
1.975347903553446027e-01
3.566969327809658696e-01
3.240648718633478698e-01
5.266809507475509466e-01
2.280095983138652749e-01
4.438849500774443846e-01
2.756506675217509361e-01
1.709404774846106922e-01
1.545384992579575123e-01
2.993109471515613129e-01
4.544836685655455621e-01
2.766314404518341874e-01
3.710205358227788852e-01
1.887040946205769676e-01
3.999336803747900460e-01
3.150706965058388542e-01
2.682857197635590274e-01
2.255488218926499921e-01
2.593305452313017789e-01
2.450422195822423155e-01
2.519331030990819564e-01
1.506444022793453352e-01
3.338351816174449649e-01
2.799442423032658667e-01
2.720920344920922940e-01
4.277116522594563985e-01
2.098367695412009515e-01
5.116030932614266113e-01
3.850813485911829259e-01
2.599148618471712746e-01
3.562130724989189257e-01
2.097089870620526264e-01
5.966300671695552449e-01
3.877939100426598951e-01
3.311811249276669922e-01
3.118354024399476176e-01
3.499161226946395642e-01
2.310933276624329846e-01
2.971069769483597467e-01
3.225147814910331312e-01
1.956650158883523893e-01
