3.428730320001334597e+00
3.309552635025949208e+00
5.248572588955383367e+00
4.143705351280823734e+00
4.136893585500017956e+00
2.473285412758021717e+00
4.101888434473455192e+00
2.384425030877768137e+00
4.043993200617769901e+00
1.888383524712009098e+00
2.572474817783385603e+00
4.238572933617697380e+00
2.510975520965754271e+00
1.559090382567220878e+00
4.704656117929185477e+00
2.432284588124972391e+00
4.084463067645101475e+00
1.731043301429391335e+00
4.353888700165138737e+00
3.383351086934302199e+00
3.192473770629746799e+00
2.129260864958189003e+00
3.096969640881773955e+00
4.005177408241562986e+00
3.291798118611850565e+00
4.304434808937110724e+00
3.756815964463549484e+00
2.757534524460787395e+00
2.571957603132482895e+00
3.701464511598186125e+00
4.397665867399242146e+00
3.067536990094350102e+00
4.804815593735026980e+00
3.608600588084674321e+00
2.920025698962521066e+00
3.456626421752873934e+00
3.655616982621674449e+00
3.155649879495752597e+00
2.633153305862667271e+00
4.270401448906281594e+00
2.484806635234233951e+00
3.786140651111504773e+00
3.603431406705008833e+00
4.434944706304049689e+00
2.884285696481782235e+00
3.355818472041007805e+00
3.364384260623495049e+00
2.656117629781866718e+00
4.379884211412873540e+00
4.666543700979378428e+00
3.036973743388824420e+00
3.096611034404255669e+00
2.415080978149318547e+00
3.038349067843942652e+00
3.128620627934588061e+00
2.463264101026751085e+00
2.214491206092576547e+00
1.394820050121102328e+00
2.918665188831392143e+00
4.059742714178331546e+00
3.526798618644154892e+00
3.683001572226061171e+00
3.510913191504422493e+00
2.984306118663980101e+00
3.118561347657362148e+00
3.814181557455354810e+00
4.322934100402024526e+00
4.411804876893874905e+00
1.413647560390888236e+00
2.773947599000937903e+00
3.314432812064354028e+00
2.230277186522208410e+00
2.821723880822439856e+00
2.538485553220493518e+00
4.603883508007460712e+00
3.828680418225559379e+00
2.916788162493972880e+00
4.172583495191813263e+00
6.349387340752392639e+00
3.888257758692580168e+00
3.957019675894212440e+00
2.477732276145626411e+00
3.644758673787194425e+00
3.021953653250067262e+00
4.086448776550751560e+00
2.667563482041485745e+00
3.007716396188763408e+00
2.898250832202627247e+00
4.320377686496723157e+00
3.251661000817120950e+00
3.553597082802105511e+00
3.876318174003850814e+00
3.976240764635420089e+00
3.969124474891610355e+00
4.253659784759889817e+00
3.595933299007580963e+00
3.378911751676747066e+00
4.972578341764629428e+00
3.414244951021894625e+00
3.167092672210726878e+00
2.908459282226594222e+00
3.077897004658561642e+00
1.945642712997707413e+00
3.258492919438273905e+00
4.222779927940561784e+00
2.422992566814107462e+00
2.705842351254692080e+00
2.006928594933984566e+00
3.898379854403644540e+00
2.833948980513666616e+00
3.345681762513734281e+00
2.707955938658543005e+00
4.216409591057536765e+00
4.280447310293840069e+00
3.935249052072732123e+00
1.655790058565831613e+00
3.988515231266939409e+00
4.493774037639153285e+00
3.102267695896967048e+00
4.306657323841209362e+00
1.540537298586877268e+00
3.517205380341441590e+00
4.232919675937929505e+00
3.214268384426135050e+00
3.727488240627126803e+00
2.223596120202987692e+00
3.408712968696163248e+00
3.693119205571099073e+00
3.543171904320390198e+00
3.021340280553657109e+00
3.254480151252140185e+00
4.168725728665599206e+00
3.491975078391763354e+00
4.349477510571396977e+00
2.132417739308167803e+00
3.264663295306931445e+00
4.086515988694253032e+00
4.325658652416001893e+00
4.881336032934956215e+00
4.058887889958413986e+00
2.738795450852623325e+00
2.378789486735172876e+00
3.780321031434050738e+00
3.042949911988971134e+00
4.187839051878626151e+00
2.522485354462369767e+00
5.117730903391932706e+00
2.492736147637455435e+00
2.496478653368640721e+00
2.809217446717041433e+00
3.143353896758998456e+00
4.496545420110247271e+00
1.428745955891259634e+00
3.809181237637929485e+00
2.949746101011230692e+00
3.951091317800481395e+00
3.424632764002963459e+00
4.197322779433589446e+00
4.809747074653592414e+00
2.686221974637253318e+00
2.899794443307097236e+00
2.957843756934996016e+00
3.425995053181070116e+00
3.626944366511046347e+00
3.314145155753283944e+00
3.461833728898960238e+00
1.303870626531307364e+00
2.818749051608582690e+00
3.196918146150217410e+00
2.528846802389747239e+00
5.225684466069308698e+00
2.701866958125848761e+00
3.812943294198400945e+00
4.543842395747224927e+00
3.048872059228724396e+00
2.646910920963175151e+00
5.910708495831466180e+00
3.231037615032020138e+00
4.391362115604233729e+00
4.822479871321360356e+00
5.290444991087931648e+00
3.717284335531922057e+00
3.323577571437866585e+00
1.735650146106256786e+00
2.564068957863772980e+00
2.204727983394409563e+00
2.987068242264445228e+00
3.504767962914618007e+00
3.384026469325090325e+00
3.338895905422038624e+00
2.426157174302897346e+00
3.511274046449021746e+00
2.993590886944453633e+00
4.376271641382299293e+00
3.575490638262931675e+00
3.475502190989602003e+00
4.091853806012281325e+00
3.760256226739659535e+00
3.392725181668161838e+00
4.209624105794790516e+00
3.572081318924051452e+00
3.714273202375993677e+00
2.872908783934885690e+00
3.980626950941060560e+00
2.857196783477349733e+00
3.289961443490682758e+00
1.873684302455538297e+00
2.705895261122094997e+00
4.337962811759993542e+00
3.338831957432269792e+00
3.919192360866425862e+00
4.291932915135959092e+00
2.436776262304738427e+00
2.839593928227573283e+00
2.419282252496037344e+00
3.611092441045682833e+00
2.552148262805319590e+00
3.701186833325683878e+00
4.636353620519344076e+00
2.160029672049196048e+00
3.322756053760211881e+00
4.509051199057721782e+00
4.258187634140685240e+00
3.273373744542917407e+00
3.094293273675530642e+00
2.094538496770033120e+00
3.300503149303995354e+00
2.862019993729633338e+00
4.339176939186916826e+00
2.608674799532636701e+00
3.207170328628032863e+00
4.026477841671829871e+00
4.205694116981437247e+00
3.159772619879625211e+00
4.419745670458243403e+00
2.770098738254542337e+00
4.523747209863076435e+00
3.476015386840811683e+00
3.633348633100994540e+00
7.420990592871085312e+00
3.379576206037521846e+00
1.960252113337270785e+00
4.385867029803158346e+00
2.405306741366992185e+00
2.515304102848522572e+00
3.842963582496934372e+00
3.915700808864900573e+00
3.504550701820655867e+00
2.706679722722369785e+00
3.465656886228595912e+00
3.636608498645590881e+00
4.574611637379490503e+00
3.640282439504076706e+00
2.636295472257204953e+00
3.383414400138828437e+00
3.636702468704547719e+00
2.321738354562306927e+00
1.939525940772017787e+00
2.294760511176782369e+00
3.488940102692472678e+00
3.924403805156984504e+00
3.568946409914620865e+00
3.842573713656105561e+00
3.266618092521269112e+00
1.734574886801241611e+00
3.479684498244249635e+00
3.561099508385210832e+00
3.736644342538829378e+00
4.567532893698897034e+00
2.466825498524024773e+00
3.182577724196452351e+00
3.730648462638663343e+00
3.214866567420803012e+00
2.906493693615953333e+00
3.126417132735018534e+00
4.016692249866270714e+00
2.237687438390652872e+00
3.606230861576386282e+00
3.906316655508053515e+00
3.056580501104569247e+00
4.455981062117424507e+00
2.661223006405580183e+00
1.904266019818793731e+00
5.233607657197917540e+00
3.883988070195146136e+00
3.481740588823337035e+00
4.318922496725239313e+00
3.880000448820489556e+00
2.589250536659660540e+00
3.929713365989335294e+00
3.532622227059777575e+00
2.035505024742977120e+00
3.046756342622358282e+00
2.646210043985167015e+00
4.641997765031992351e+00
4.659336570583038295e+00
2.623190049396359136e+00
3.997031995421528094e+00
3.242067998978575893e+00
3.586418181715988585e+00
