5.817813686492290248e-01
1.977008175295791315e-01
3.091342300439223201e-01
5.280504443830055239e-01
2.777012713949412182e-01
3.223932446936464968e-01
3.676165094510062681e-01
5.338895634782356847e-01
4.753628570721361024e-01
2.013266497679487010e-01
7.329645415777681361e-01
4.326994190584709243e-01
1.636962161063124366e-01
3.729950977675467461e-01
3.000872038836768785e-01
3.817416897030133649e-01
3.408142095958677786e-01
4.135972438178383559e-01
2.148263875504798637e-01
4.425104871995801936e-01
2.388892499292337157e-01
3.178276461863115410e-01
3.043007312881735316e-01
3.939791984868888930e-01
3.384692827645465751e-01
4.509767246421964026e-01
3.306639415204894461e-01
7.017512177981625188e-01
3.878438933631903618e-01
3.289056751546984292e-01
2.358101051227088074e-01
4.073638865118960339e-01
5.701638108919331316e-01
4.174230168304648991e-01
3.072904978403858678e-01
7.541122373698597725e-01
7.250194485940335554e-01
3.984526741066932165e-01
3.793042539760027587e-01
5.769686982109066831e-01
4.959231362998879344e-01
3.960265434449487532e-01
3.233222395472648558e-01
6.562205755044761002e-01
5.198230521727481568e-01
1.387881817373662341e-01
2.387571863673740857e-01
3.128284751450474688e-01
1.896004201873605077e-01
1.720968327295693823e-01
1.121938818981942365e+00
6.541861928480336985e-01
3.064523017856790044e-01
3.375642502089394315e-01
1.904455729243405837e-01
2.528271154311962365e-01
3.066921344186472331e-01
1.214773910927122724e+00
2.512784082731481794e-01
2.204941112081246768e-01
3.536933642180178361e-01
5.080503033551270198e-01
3.394947479773890442e-01
9.980051653731456529e-01
3.054521915501938190e-01
1.911845406033235439e-01
3.360054676930985806e-01
2.881190424593155774e-01
6.678782745117447517e-01
3.386651051803332146e-01
6.518305414011476007e-01
4.008026399112762928e-01
1.526267812344137553e-01
2.407927503330703489e-01
2.165761580983699142e-01
3.787600768976230325e-01
1.808476003567887624e-01
1.740569115916602572e-01
4.492655786050349653e-01
1.979591914247817719e-01
7.010446076767918866e-01
1.445877777112954676e-01
6.141873982702384938e-01
6.867912949206241846e-01
3.861330199936021668e-01
1.866915836186207323e-01
2.401298304405078410e-01
2.103983067221488756e-01
5.409920160661145783e-01
5.397609960661837736e-01
3.910113932101769163e-01
3.683096961398931724e-01
8.104261038332831457e-02
5.252853927662901601e-01
3.833516920808862083e-01
1.560450268741216950e-01
2.455805743202201519e-01
2.794707378622009464e-01
2.864357798046642811e-01
3.339979386414438367e-01
2.063599207661842294e-01
5.191788157688996819e-01
3.573389927540618349e-01
2.009802704712893850e-01
4.625929628678756567e-01
2.499300821045724041e-01
7.039116795497065704e-01
4.290833715718895824e-01
1.161988301013470587e-01
8.837387347687528649e-01
4.647576851258852226e-01
4.749565664204556947e-01
7.645032785423789834e-01
1.861467953257658348e-01
2.966124756881802216e-01
4.568295965212230691e-01
2.906021921908865102e-01
3.109368809367837327e-01
1.437369746584949148e-01
8.044280883886916200e-01
6.442335533904327560e-01
1.400897840807128480e-01
3.930808356042397311e-01
3.277755101346672695e-01
8.602027935386243884e-01
5.199362655260511001e-01
4.326961857883951934e-01
5.152116984602683747e-01
6.399336965309345704e-01
4.382181664249560349e-01
7.164102999554442519e-01
2.959036143160356791e-01
6.280373872231509447e-01
4.533534542526241884e-01
3.544531985130066620e-01
2.561020840938446064e-01
3.131583138683414758e-01
8.727800669488831042e-01
5.730975841643770607e-01
1.844487184602629781e-01
2.278336745534692565e-01
8.643045240644149363e-01
6.718432903801843104e-01
6.179324068918237156e-01
4.033438963008929012e-01
4.676911028867525855e-01
3.288539667207669437e-01
1.516255573221995112e-01
3.848508639032330314e-01
1.788126970996092857e-01
1.986502779818084818e-01
6.503835767959375014e-01
1.539082893585374812e-01
7.717992933679778123e-01
3.124988584217017751e-01
2.517474176829897492e-01
2.758702030415377537e-01
3.725686916185631525e-01
5.254793174386810373e-01
5.398935876525716715e-01
1.570382225163936551e-01
3.333858977222981523e-01
5.129352805115832137e-01
5.538597297250470453e-01
2.567409295617198994e-01
2.440808504541164270e-01
4.498390167305841847e-01
2.452712975050548860e-01
2.980142460320851505e-01
3.034225452784696797e-01
3.882902913234185238e-01
1.952751224036309852e-01
6.129032222387595930e-01
3.422276638823776862e-01
4.274569089340897743e-01
2.991390787316784983e-01
4.387297426992931570e-01
1.336652335852960560e-01
4.840731014893389084e-01
2.577846123665125111e-01
2.073008500029250578e-01
2.285832067388910149e-01
4.671230488765492628e-01
3.337657116008003189e-01
3.669130636774679544e-01
3.146040346852609360e-01
4.049133689516603019e-01
2.531386319467599511e-01
1.696843297775568193e-01
2.702288691528759723e-01
3.108513266926891117e-01
4.390181314819743275e-01
3.037936131912959414e-01
3.247173160730879027e-01
2.759772573452357602e-01
4.614792479311635165e-01
2.475578065506719438e-01
4.416799331763144321e-01
1.416214753683092964e-01
4.399795226526263536e-01
4.786834328777726522e-01
1.833935837780713285e-01
5.345887862429312687e-01
3.671945688897516602e-01
4.276892407373552030e-01
3.850916931745810290e-01
6.405059462638541534e-01
2.077118928370011164e-01
3.448923995046733193e-01
2.523653142973202312e-01
5.333194712340300070e-01
4.163403095859565251e-01
9.254128783417594484e-01
2.855551685005639495e-01
1.884659209997647800e-01
2.502242318272305810e-01
9.344461781955252233e-01
1.977921349073603341e-01
3.398458323645273671e-01
3.817292060381523022e-01
2.265731460791986507e-01
3.630695360387607429e-01
3.276783981210810714e-01
3.946072769289369897e-01
1.691284908408844656e-01
5.300665539072969556e-01
4.422804688042732968e-01
3.974810957335790929e-01
5.298492718927708678e-01
2.824883257715886109e-01
4.260369195041834312e-01
2.214646949357201855e-01
4.588969635662173974e-01
3.484495230785858988e-01
3.138587286921321051e-01
5.783469096433738743e-01
3.097301806516343237e-01
2.327067186128512766e-01
2.754033921744786784e-01
4.390093628801773340e-01
2.068326262990497488e-01
3.305149396176718102e-01
2.735183753576209686e-01
3.632730630858063692e-01
2.649575899955646796e-01
3.522897541990538395e-01
3.318773427562640710e-01
2.478834853696731400e-01
9.347477102587538056e-01
1.873607090906365957e-01
2.605342888612599550e-01
6.766465535719049518e-01
2.235461210921396991e-01
3.553462340475723180e-01
2.252666535809265680e-01
1.802490195492899572e-01
3.024306457293405859e-01
5.443650169681966133e-01
3.122577501447584836e-01
2.609931185288492661e-01
1.849637306383322966e-01
3.174224230344938613e-01
4.583822558075097420e-01
3.672699797605710748e-01
8.766472171538589597e-01
7.013769114744714539e-01
1.529618991493080227e-01
3.740422868683642710e-01
6.189778435078490126e-01
4.123211818924569783e-01
2.263655383434360902e-01
5.856363827573830561e-01
1.579461875333262877e-01
7.244783138195048933e-01
5.682794502826753469e-01
3.234207657444422290e-01
3.533654340316100262e-01
1.743918511214584688e-01
4.292679623121968269e-01
2.297122652213622052e-01
6.970254166885575531e-01
2.091143220923286639e-01
2.997141922995805174e-01
5.615974304036862597e-01
6.854359024604523842e-01
3.909904833601926533e-01
2.376384151939164024e-01
1.707282037846427902e-01
3.826510647081696193e-01
2.506014636059413769e-01
5.152834099369353327e-01
4.048114367416649206e-01
4.524120123232530100e-01
8.294097576697692098e-01
2.189375389402454242e-01
3.165185663522857573e-01
2.978340454221090616e-01
1.341155629773222169e-01
3.958181430636413811e-01
3.169490009779471484e-01
