5.156957835095050680e-01
9.675985343354536194e-01
6.529834437672740188e-01
7.878339194005286039e-01
1.348971550772684047e+00
1.352661153381203851e+00
6.556596067728668320e-01
1.213364667800489904e+00
2.615913539706070656e-01
6.002903011367800579e-01
1.188308421581576235e+00
7.009074372649818363e-01
7.397996994412325833e-01
5.615141160286282185e-01
1.275382079951083769e+00
5.906446719998867945e-01
6.495592119644265638e-01
1.323756613758590106e+00
4.615703280434147460e-01
6.590737803172951326e-01
3.354734418139219687e-01
1.451739485830825460e+00
4.212727791617509321e-01
4.507456997616113292e-01
4.942239742498120703e-01
5.385102263852843407e-01
3.578903618958940158e-01
7.569908835285575899e-01
4.793443033326685865e-01
5.487188082687726176e-01
7.373881577721249636e-01
2.936482130547080627e-01
6.426413293666787263e-01
1.754926242724423879e-01
4.671943345801916059e-01
8.842072443638772095e-01
7.542059414202998413e-01
4.735745695013514056e-01
6.014279927832336670e-01
1.020098240200169259e+00
1.328428001120795177e+00
7.840629669593411899e-01
7.189719879460901852e-01
8.085005741139043023e-01
6.798763961294022051e-01
1.022039915902138940e+00
5.946224822017955880e-01
2.825587810624218821e-01
1.529949382963825322e+00
4.340489655840901739e-01
6.445248732017841986e-01
1.241087857726480781e+00
5.290602741210933546e-01
4.313120564979315286e-01
6.957115695924218635e-01
5.696197977999861717e-01
7.115537020631094167e-01
5.632027958278937874e-01
4.744128111891763311e-01
3.544214287166044808e-01
7.706543977461526307e-01
4.778624433697266638e-01
1.084320285097046144e+00
3.629226165122415582e-01
6.963107403706739751e-01
4.672651100977883720e-01
8.934467567533664889e-01
6.149018089747401161e-01
6.204844398848442522e-01
3.831641872195696852e-01
8.271120764969694950e-01
7.315723033084958749e-01
4.272538371747684471e-01
5.736489029788467420e-01
1.009898168461150769e+00
5.584675085123130822e-01
8.509293483638187272e-01
5.954174782790641052e-01
1.017738713695165220e+00
5.065043658114978253e-01
8.781357359284649444e-01
9.999430100233784868e-01
5.493707666464238137e-01
7.168261670046467415e-01
5.508761824283205932e-01
1.242675634951019514e+00
6.878212640259965260e-01
1.323619523292627997e+00
5.488628889591815607e-01
4.175285730441062881e-01
4.706852580861708990e-01
7.230641890909899061e-01
3.820092388037784059e-01
6.072353813064943484e-01
6.976974696165011425e-01
4.607677932358013040e-01
9.015915531142901784e-01
1.201369396943816392e+00
1.718915609060101879e+00
5.408106872234296203e-01
8.115168964475488744e-01
9.099926225303019978e-01
8.294029324051550578e-01
8.858899922196870058e-01
8.725750477549467643e-01
9.252697221541033024e-01
5.824124613611622037e-01
4.274993685501558560e-01
5.171438109970185604e-01
5.337082622090152384e-01
1.048204178051073354e+00
1.056506766590271873e+00
5.633122671535387704e-01
6.895259787810732455e-01
5.156746407600202309e-01
1.414011776516705288e+00
3.214939897013210923e-01
8.636195617516401191e-01
6.075501969783011491e-01
1.350124700840333647e+00
1.123047180396145706e+00
5.610971100067609907e-01
3.598649879359703263e-01
7.812409110362199538e-01
4.457019182912760891e-01
1.075918581033990407e+00
8.191755329401670949e-01
9.638696280334237976e-01
4.858467522192786436e-01
8.656855985428848488e-01
8.126538630857815804e-01
3.698661406637244742e-01
3.109088974549033546e-01
4.068561807440596034e-01
4.724869715485405242e-01
5.703419431639449311e-01
8.282896758842557272e-01
9.531483641757224623e-01
4.584793935065943349e-01
3.795318522411655349e-01
5.964233687066126111e-01
5.976704548142721674e-01
3.293266737207415362e-01
1.113277036699583222e+00
5.278395859056532746e-01
6.082523088092669505e-01
6.916443239670423404e-01
3.262360824280498561e-01
1.893301060777888845e-01
7.499519685226652133e-01
7.233369470942228041e-01
8.287108647967278419e-01
2.675372111077450876e-01
1.250159831164258994e+00
3.028310460989082076e-01
7.678999265533552609e-01
5.265698405248516734e-01
2.915514101729159147e-01
2.948286466259467109e-01
7.344632791386523918e-01
5.459070103737818647e-01
1.660833375126375744e+00
3.879773882591863177e-01
8.719989164673990212e-01
7.545230269799019229e-01
4.455484096547394635e-01
2.483873455222434523e-01
6.013289938314165806e-01
1.450919737786274588e+00
3.542076896775246397e-01
6.394996909798341678e-01
9.560799268350166358e-01
9.106570022881427251e-01
7.208139903677662774e-01
8.056734891099898155e-01
5.250013690794276267e-01
6.522020767744256542e-01
3.889514343864985402e-01
1.553062305307588487e+00
7.111262460340275204e-01
7.701741396100282300e-01
4.536335438158486943e-01
5.791089774088544750e-01
2.492017382202941778e-01
9.037965591873142746e-01
5.859939820001155431e-01
5.306274814544501561e-01
9.769082517284058964e-01
1.085306071107200010e+00
4.839710704953892328e-01
6.319987800144226675e-01
4.549092196112738407e-01
6.687091007873283699e-01
7.755339543828878579e-01
6.271887458996044939e-01
8.558285763309380068e-01
6.501551957738236354e-01
2.946305522254994536e+00
2.207776860278476971e-01
8.222406678800425750e-01
9.941051369828058926e-01
8.197718471775357063e-01
1.261124030723360212e+00
9.109203685315009347e-01
4.602613396601220597e-01
3.984464759907463405e-01
9.241360892059634624e-01
1.059148451630834709e+00
9.114263062418049843e-01
6.404633394256032952e-01
5.827887119290895424e-01
8.447640675606588045e-01
1.103682186511420804e+00
2.919516722072797443e-01
5.382945916833810074e-01
9.610744740660492891e-01
5.424916447553457255e-01
9.131713867435291565e-01
7.962044627162364607e-01
2.816564980492164416e-01
1.304238754653784138e+00
2.710459558417686599e-01
6.690634045465397861e-01
8.682373768387119384e-01
4.163001325964979515e-01
1.266899645816293551e+00
4.881542122221812496e-01
3.121199197469574638e-01
1.209901831633972913e+00
7.076286510753704295e-01
7.225309598801107347e-01
5.924754949021512340e-01
2.387087230161416329e+00
6.302756080741066524e-01
4.849956574281266142e-01
9.998910130518832151e-01
8.524686246012586066e-01
6.498565953500875514e-01
7.357520933016764575e-01
6.116828512632523918e-01
3.847465136145876152e-01
6.611868554233292228e-01
2.602561463329311486e-01
2.643958902812372780e-01
8.925634502460365605e-01
3.064234807037808928e-01
4.100618275717516914e-01
2.574897800997500985e-01
1.267212064169818353e+00
4.918498140743204350e-01
3.165723557293390056e-01
4.453919021757360985e-01
1.172282745503584245e+00
1.064383940272132012e+00
1.164142138399043569e+00
9.585226437915010944e-01
7.616931968936827557e-01
5.585961123607499079e-01
4.028021444229411552e-01
4.449813431487638637e-01
8.627795004801236400e-01
4.769785480209223771e-01
1.256597653421787086e+00
2.873020501280206807e-01
4.808700337079954701e-01
2.804047623338433159e-01
8.064448179670969941e-01
3.868879953482046719e-01
7.609051336326289050e-01
7.784018395608325314e-01
6.151136899188293095e-01
6.738408559035427015e-01
1.726408753714129829e-01
6.146176610575508903e-01
8.691969924708967676e-01
4.794656791679343111e-01
6.506535493351673916e-01
7.404375121207491528e-01
5.198207397535514751e-01
5.574965600342524086e-01
6.374310783569513417e-01
4.069282117385139563e-01
4.600337343599267270e-01
6.426132234501258367e-01
1.454646414187936498e+00
1.432568356141746380e+00
7.198347657372232700e-01
4.503087115758188652e-01
5.884230874437607062e-01
2.329008093501908072e-01
6.371267645468580154e-01
7.956042707779812373e-01
4.066602132712777151e-01
8.581755467851682750e-01
2.710859901146418505e-01
7.995211251973258770e-01
5.940514926395291662e-01
1.168197236002214812e+00
5.505699012990956653e-01
6.041710851559148887e-01
