1.142812037426471861e+00
9.712662087420621537e-01
1.034684389469052501e+00
1.168151145650765388e+00
1.444416272954824887e+00
1.838680323944407391e+00
1.400612500623456658e+00
6.497840419813332158e-01
2.462113219253780905e+00
1.510133345656291315e+00
2.035830641981875466e+00
1.769018483171369338e+00
1.304559090721000514e+00
1.108203917880310696e+00
7.361985594677825651e-01
8.395654135721455358e-01
1.194702550553909726e+00
8.663547772802867586e-01
1.262679294554399201e+00
2.433339675101395816e+00
5.267844534281994617e-01
2.095479951735341295e+00
1.325291678850422317e+00
3.128637500041382857e+00
2.202249678665231691e+00
1.931327881894701504e+00
1.218831277322075302e+00
2.526160161725278464e+00
1.165376313089680149e+00
1.732345198612862847e+00
1.576653566460843203e+00
1.478255261177507718e+00
1.761808541217557256e+00
1.112652612703687760e+00
9.767590280046338780e-01
2.079483203021958992e+00
1.386466430265121064e+00
6.284743854616234859e-01
8.033404534805501651e-01
7.658683675848436678e-01
1.430354398976948049e+00
1.047799118481853142e+00
1.997403698187419030e+00
2.729796091159487403e+00
1.923156214947009168e+00
1.443475668028460168e+00
1.030844129512339835e+00
1.149761594905434281e+00
1.878807866672965288e+00
1.470196851369506064e+00
1.160523239660622430e+00
1.378624401628560703e+00
1.065440389467195548e+00
1.365653096907095687e+00
2.192795214213483668e+00
9.910073157062588844e-01
1.570297839012694707e+00
1.660218867306829882e+00
2.265244427471744260e+00
4.976316061880158848e-01
7.883309721502563816e-01
2.106929568879662540e+00
1.265414632518955473e+00
1.903905913660566496e+00
5.689804169730064975e-01
8.311446841303063993e-01
1.529955617949099178e+00
1.625559981012636213e+00
2.396167272417781824e+00
7.098088059751033185e-01
1.782183212296137853e+00
6.355317900437758016e-01
1.062173958858367184e+00
1.659958742841089130e+00
1.168044377102974707e+00
6.378792712255392239e-01
7.793167386284238773e-01
1.260358689511581920e+00
1.025060683353458346e+00
6.892121704001793470e-01
1.509833051453212338e+00
9.756028763197891474e-01
2.024005904821407853e+00
1.780871206154917674e+00
1.466263431221089597e+00
1.943602545646675672e+00
8.540155251077707899e-01
7.177127119214347095e-01
1.872241994431308676e+00
1.011911865500985552e+00
7.914935549887879285e-01
1.826467695787190149e+00
2.148986761565501169e+00
1.165466199428828231e+00
1.210061898602417862e+00
1.432984972725624973e+00
2.222265660557764200e+00
1.621004386993423196e+00
2.362538503209131502e+00
1.146507089460144346e+00
1.291538218032895369e+00
6.914202250617131895e-01
2.164635204176258210e+00
1.723381945057288478e+00
8.962538172262347613e-01
1.809781949436462423e+00
1.532931640468332635e+00
9.302852545476831825e-01
1.029174055919227282e+00
1.339571127620433844e+00
7.074328448156730342e-01
1.320153345811929002e+00
1.234572063970171829e+00
7.161348417519686205e-01
1.127616361472301154e+00
1.965481566945193048e+00
7.579532290970130148e-01
1.488528037750479927e+00
1.366103670370873546e+00
2.081853876569724537e+00
1.922265260636412565e+00
2.497833489120082184e+00
1.418135100020979200e+00
1.431528853570079418e+00
1.680031633268856073e+00
1.300696993629258724e+00
9.878226081411286552e-01
1.594185668958591595e+00
2.305477944936770829e+00
1.939114544276434371e+00
1.166874516005770523e+00
1.214917545976539115e+00
7.151318028524141779e-01
8.904638762222552018e-01
1.452018911729964668e+00
1.591886376023042837e+00
1.403024990691727147e+00
1.019101627752496686e+00
1.388706452789575163e+00
1.220035022121422896e+00
1.421467678499607201e+00
1.789637721324060626e+00
1.459166536734569419e+00
1.752835326754601075e+00
1.921196295822306332e+00
2.125217077622404194e+00
8.155860983709936063e-01
9.168551996188507580e-01
1.304024560358882479e+00
1.682875657513049239e+00
2.198591727036214749e+00
1.186478145959503738e+00
1.599486182133396550e+00
1.090398595661588033e+00
1.055981760587041851e+00
2.200644961905075636e+00
1.890246440175657794e+00
1.183808773837764061e+00
1.801376076106937063e+00
1.483474834043775559e+00
2.067366506046155017e+00
1.741393546874868470e+00
2.340628849915519449e+00
1.440422741089083747e+00
1.227027265237186970e+00
7.217108206511763102e-01
1.465246468520196022e+00
2.714038363440319124e+00
8.594534438776850749e-01
2.390289045656288192e+00
4.044358820125558696e-01
1.433924357579561271e+00
1.712846282510575469e+00
1.646582696141796420e+00
1.747021543075273131e+00
1.065124442423963647e+00
1.724721315967819413e+00
1.549449965538935547e+00
1.201277998762333876e+00
1.683479399193470893e+00
1.290306800376888274e+00
1.237040541140130179e+00
6.463068088831724900e-01
1.100905302162769051e+00
1.345022773627977619e+00
8.611879628006470222e-01
1.688075137644797774e+00
1.992698439832137458e+00
1.243772653524988669e+00
9.995852650249837934e-01
1.196129950711534162e+00
7.471391637329978241e-01
1.746758162746053333e+00
1.367883576362025178e+00
2.312954106175813873e+00
7.729677453059672354e-01
1.248603122520792752e+00
1.608278945808790272e+00
1.518866630607870416e+00
9.493649383608757653e-01
1.465301202976742934e+00
1.225347438614209583e+00
2.289727262202455815e+00
1.451643156828492653e+00
1.685987494598516045e+00
1.111802748976037369e+00
1.384276654374824833e+00
1.333534108455012523e+00
6.922575051045771755e-01
7.500664714836802194e-01
1.509674473361011682e+00
8.934852570185815024e-01
1.547426484987910689e+00
2.233312649877380984e+00
1.006312417607487131e+00
1.634039684384274604e+00
1.666583470060981398e+00
7.922999831494224043e-01
1.489599526820171382e+00
1.377938459548942784e+00
1.030540971526624050e+00
1.332068961627126402e+00
8.325254875559146006e-01
7.408737356075557612e-01
1.116996092996115353e+00
1.544871854597142935e+00
2.192870524077101813e+00
9.579606676121932285e-01
1.644593440414366725e+00
2.054315560531008611e+00
1.763596719903650634e+00
1.824697383365239123e+00
1.669282377753671609e+00
9.724489514395457945e-01
1.935644768091060897e+00
8.735817905346665579e-01
6.118244633289721124e-01
9.878721058001873612e-01
1.969919949588317065e+00
7.974196379102318488e-01
1.228219224054240888e+00
1.842251740373571423e+00
2.064888350021027552e+00
2.090071440918019441e+00
9.093401451505110922e-01
1.657953305755688111e+00
6.428973504061674671e-01
1.343964081436544999e+00
1.408919367634829278e+00
9.952804080848365320e-01
1.730571330674406383e+00
7.454665940639063626e-01
1.907923326276765419e+00
1.653768313829523384e+00
1.295606946017665573e+00
1.456622473150771313e+00
2.442021347753195570e+00
1.768462060926271562e+00
2.046670983053239912e+00
1.289082653868699913e+00
2.158929002673982023e+00
1.036487619438726249e+00
1.005142250469265752e+00
1.596779498343209092e+00
2.122600364057768196e+00
1.828611970120438412e+00
1.407246119737912471e+00
8.743744833024553742e-01
1.655056915845007692e+00
2.105083761652355445e+00
1.739746027506783754e+00
1.971976002718507148e+00
1.030479140017832362e+00
1.665104124410980324e+00
1.358822233110137834e+00
1.138981946740469597e+00
2.375841693786366005e+00
9.805257500555006889e-01
1.536600262804143968e+00
1.255896349732687156e+00
7.313677170928661875e-01
7.086530877779025905e-01
2.020275917642569752e+00
1.137427427782171208e+00
1.628904593810939883e+00
9.489337331196283642e-01
1.464035648285810787e+00
2.271446407963033653e+00
1.521926508973603820e+00
2.591978660590301686e+00
9.781725400018743688e-01
1.486572818836503496e+00
8.551964968395543432e-01
1.408840218109792986e+00
5.085999745335104683e-01
1.327790145883088746e+00
2.107492656490727256e+00
1.469765875341012773e+00
1.864191520111868616e+00
1.068480646198672002e+00
