1.534792417154620203e+01
1.484343135936418712e+01
1.248267994216714349e+01
1.446986978769754018e+01
1.584468335301733788e+01
1.347760722837416836e+01
1.407698078958697252e+01
1.474911483667973755e+01
1.177028652586919399e+01
1.483765457522672016e+01
1.147285657922378554e+01
1.483103147126115928e+01
1.373930484396491281e+01
1.275444732489801503e+01
1.126757742487711411e+01
1.143445288820401728e+01
1.358020701532379348e+01
1.249392939121007196e+01
1.425793681122018519e+01
1.226389007089014882e+01
8.444752959314177687e+00
1.470347330486432469e+01
1.231211341108851798e+01
1.449066279098035714e+01
1.451999215745029126e+01
1.450774545011078231e+01
1.238108341751923902e+01
1.238053270491297475e+01
1.307826447146973159e+01
1.235081115671451357e+01
1.419796924773528524e+01
1.215659150141687661e+01
1.322849209818424399e+01
1.218934766564882644e+01
1.261954049245549747e+01
1.134442185526003222e+01
1.359802032047753784e+01
1.343147140085198110e+01
1.545971840681968779e+01
1.264208688246868206e+01
1.202921230225781102e+01
1.038765459904214516e+01
1.403470118172635672e+01
1.139229579626788968e+01
1.177478313119778619e+01
1.434195128453893275e+01
1.622471561488684699e+01
1.139664027705380889e+01
1.363472711334467746e+01
1.159488891039032232e+01
1.160241898846741648e+01
1.338980957915361003e+01
1.570585670644925536e+01
1.635261701594415484e+01
1.404498315956257315e+01
1.136941231853807288e+01
1.270150519483876472e+01
1.110782842596264963e+01
1.309824749424019785e+01
1.409281093292183051e+01
1.285310958252127378e+01
1.332992717235385349e+01
1.442833035577794654e+01
1.229710211290598032e+01
1.721338211307380206e+01
1.469317120641676944e+01
1.159896238971068705e+01
1.356842076442477207e+01
9.630387173640160725e+00
1.104228739421072625e+01
1.223857664695078995e+01
9.781919100731267136e+00
1.088461473554203351e+01
9.939496980203687215e+00
1.089358044597749853e+01
1.275496254349134162e+01
1.247724220233989101e+01
1.072520104981452427e+01
1.364134519694782810e+01
1.096481072662457557e+01
1.203080204909278805e+01
1.283588074539684953e+01
1.318809258887480595e+01
1.233522248709900637e+01
1.419993954482505849e+01
9.899214144595118725e+00
1.389696580932804260e+01
1.202879751251647278e+01
1.453324957655418004e+01
1.058274454131249875e+01
1.445630563984770411e+01
1.047617707085733585e+01
1.151732275507125003e+01
1.195070960699289131e+01
9.688677381571846325e+00
1.545323962048319721e+01
1.275074341895337149e+01
1.165470038322554025e+01
1.040989346234131219e+01
1.429058947245479061e+01
1.089493223613353834e+01
1.107772676377968857e+01
1.410114605323465575e+01
1.251439945068962345e+01
9.503653525994623763e+00
1.109168970381973374e+01
1.331220216235727349e+01
1.249881606391373268e+01
1.317096264105726711e+01
1.118934978305314054e+01
1.238088111099884436e+01
1.050140515260474139e+01
1.070628024059591077e+01
1.526406984881070450e+01
1.339648799618883146e+01
1.167309044955274189e+01
1.392506993356726319e+01
1.196279236208635410e+01
1.306924902528749755e+01
1.371344548074807257e+01
1.168534859123541736e+01
1.440902765964662358e+01
1.135152228253364370e+01
1.351298075392341680e+01
9.013493299225814326e+00
1.364953411149234164e+01
1.360711509147035869e+01
1.108989339092405402e+01
1.091044930295466919e+01
1.274385128168801984e+01
1.317437018574901231e+01
1.086894451896702840e+01
9.904029104541622885e+00
1.117344915331573496e+01
1.448581756590363590e+01
1.141540682950946461e+01
1.372369528181714671e+01
1.218703686208065129e+01
1.231046173739693472e+01
1.394720518597524972e+01
1.094399718267076160e+01
1.004990489384617014e+01
1.350206082086124759e+01
1.383236385308880934e+01
1.153591759708985975e+01
1.008929896793848435e+01
1.147840199986068122e+01
1.185740018024586995e+01
1.194646981248769713e+01
1.349633391875129540e+01
1.415420954809793308e+01
1.219061569709027459e+01
1.180930417776416874e+01
1.203319219888998681e+01
1.623971454107212509e+01
1.509432926312094914e+01
1.276416397442294937e+01
1.437103982460602936e+01
1.277067904170983326e+01
1.403300967548656608e+01
1.371549302853359009e+01
1.175669121827847086e+01
1.200244540443336128e+01
1.172205970059669333e+01
1.184761786131996431e+01
1.426300720954844437e+01
1.448219676564418812e+01
1.015587227478986776e+01
1.249447293855034857e+01
1.015981461872188873e+01
1.490856594148819703e+01
1.390163527260397736e+01
1.177536847759853877e+01
1.374845647888401068e+01
8.922362521438023109e+00
1.163700394788590309e+01
1.132433426876732518e+01
1.447919387968319960e+01
1.255315645035669903e+01
1.417940086077917172e+01
1.080574289496433593e+01
1.357840109457529110e+01
1.161055827693719955e+01
1.267083832346013850e+01
1.678306222270608572e+01
1.355568485076659080e+01
1.114705485137112362e+01
1.131358756669327725e+01
1.425285700045928827e+01
1.294679289743063855e+01
1.248504797830322310e+01
1.212366484528269694e+01
1.340672194212794466e+01
1.116673054591131020e+01
1.324423352791846753e+01
1.450627151774279078e+01
1.518701967859735014e+01
1.424700563312476653e+01
1.436843954580870530e+01
1.294770955120229594e+01
1.287759194708117150e+01
1.390098078211208943e+01
1.345502805571343430e+01
1.323770956780123242e+01
1.098664251673450920e+01
1.133741355016810637e+01
1.022919435072077476e+01
1.129796222051566268e+01
1.286839550721721537e+01
1.470542778013108354e+01
1.026338606929691899e+01
1.223918490985229468e+01
9.099759050021233975e+00
1.422795007130734390e+01
1.419329379084933684e+01
1.024519465986669431e+01
1.120002696809669196e+01
1.146231162661923619e+01
1.449349215091086585e+01
1.482211745615315834e+01
1.308582043144943974e+01
1.297777753038049653e+01
1.919969882348756940e+01
1.332561507694226677e+01
1.181970139861610036e+01
1.018449328846330459e+01
1.296167205485635598e+01
1.061211663723161891e+01
1.271106620783614893e+01
1.556605698067377475e+01
1.138678493486190391e+01
1.249333932203707853e+01
1.282495545711234008e+01
1.199594496146298006e+01
1.363122556566856680e+01
1.039332570450394400e+01
1.118223090454847224e+01
1.182503457937741764e+01
1.497477324946919985e+01
1.307265943052817470e+01
1.198973008526567874e+01
1.220421989879076463e+01
1.406614471144834866e+01
1.021237183001598403e+01
1.364560255719538873e+01
1.337743222418063915e+01
1.039997898499279927e+01
1.168471457274633352e+01
1.186075772039129106e+01
9.781761972054148657e+00
1.426068468869602590e+01
1.411339654787939679e+01
1.092048569195088348e+01
1.192405872613242401e+01
1.218463640473297360e+01
1.248177709058126084e+01
1.145600544488611483e+01
1.796342350938296661e+01
1.159372721868375322e+01
1.318581417310501536e+01
1.260306369863148923e+01
1.441888713543091072e+01
1.201551064246368483e+01
1.397327780103365669e+01
1.195179040581423813e+01
1.201195230638587219e+01
1.083742571734467042e+01
1.290378897603035036e+01
1.230547621932305269e+01
1.289203584577946415e+01
1.210298622621873044e+01
1.136669449166082835e+01
1.150071206933474244e+01
1.396301666432511013e+01
1.389492971848853031e+01
1.575013166694135691e+01
1.390794070198675847e+01
1.335200095173144952e+01
1.141069432919121418e+01
1.363281670381686084e+01
1.325567851029237332e+01
1.206217522067629666e+01
1.189295687749740793e+01
1.215611324782428859e+01
1.318666857831293449e+01
1.258283020768462457e+01
1.447576642506403211e+01
1.156408810995493219e+01
1.281678950385075488e+01
1.191211786764127112e+01
1.549242618139321159e+01
1.192452357676667241e+01
1.436350099446602613e+01
1.069215003361679983e+01
1.346661603162113430e+01
1.154629155604007984e+01
1.165712396600267198e+01
1.262778173402044146e+01
1.177766609465915693e+01
1.442404620541840288e+01
