5.168050284133981487e-01
6.584526234478000895e-01
7.017077385510414045e-01
6.164579966442549352e-01
5.744766716713893828e-01
7.127733391067592184e-01
3.933348865091986779e-01
3.952652050938683659e-01
2.198552888306891939e-01
3.865813225855532775e-01
5.193971494322319193e-01
5.676462666791775025e-01
2.920481602372623775e-01
2.700181341168084170e-01
3.824786146905060913e-01
2.422876128187688716e-01
2.293442463726547975e-01
2.339913158334404608e-01
7.936801729738505173e-01
5.180186500332656374e-01
3.822482219168717998e-01
8.855797659741401207e-01
2.429139541882927023e-01
3.696468354178684135e-01
5.792529653776880005e-01
2.367915917277266247e-01
2.283107970452688262e-01
3.677388038133010406e-01
6.227957292591421723e-01
2.264423822974165612e-01
4.358258417127219841e-01
4.257847566126480299e-01
7.753228417828916808e-01
6.013286559193732339e-01
3.273157531613569704e-01
3.457948951021284634e-01
4.008821305895239884e-01
5.119173609434375383e-01
8.883963060805760703e-01
2.766548990432229349e-01
3.060667759743605498e-01
8.764800908661591894e-01
5.769043769874871996e-01
4.080966498961052791e-01
5.306979090951504663e-01
4.881651826396565252e-01
3.250130605799898542e-01
5.309021166841667583e-01
3.825227021758398904e-01
1.667404461709129648e-01
2.421040208826257811e-01
3.793569541062220551e-01
1.948729038581263895e-01
2.176483922678389693e-01
2.076701575661751564e-01
7.481088523791815659e-01
3.664413026119004435e-01
2.903022913402716898e-01
4.402678521899065500e-01
3.098287280286035617e-01
1.094882595357395738e+00
6.090711390903325029e-01
7.873574216998373565e-01
2.271154752915275077e-01
5.961039370026343098e-01
5.008367508873906582e-01
4.029659035558732505e-01
3.918000286615159200e-01
4.330203301812517447e-01
5.134204575992364905e-01
5.682922732512240005e-01
6.636593332065144901e-01
1.742740453369714115e-01
2.654123295622669576e-01
2.912096827110455255e-01
3.604308527934302342e-01
7.258557255565714073e-01
5.966136406709566797e-01
4.410178473971824720e-01
6.250775578362275375e-01
3.562760419308730886e-01
4.965621648239259556e-01
4.704720516558820176e-01
5.251416730053964921e-01
4.843948313511161619e-01
3.071562496666782605e-01
8.164315124760705977e-01
4.106064329964814186e-01
5.616292091949790510e-01
3.114630858037517602e-01
1.584911803395048502e-01
7.100745393076716150e-01
3.057083908545666917e-01
2.161354779690134731e-01
3.450600172026247470e-01
4.821806511664601391e-01
1.526036901323679640e-01
9.560722800859197124e-01
2.246791615128644337e-01
6.782223925853452240e-01
6.260514855597328898e-01
3.215831324462416485e-01
3.930629747686962827e-01
3.087481389875375570e-01
4.603073883502438179e-01
5.327076437390954045e-01
3.929149200530236974e-01
3.353617298906344524e-01
6.268520628261915473e-01
5.923753495845465178e-01
2.998921313597157079e-01
6.815778091467981081e-01
7.184825480075062165e-01
3.972233492294822144e-01
5.601700798011374216e-01
1.782325848970841009e-01
7.525867749055380473e-01
3.047184976023689096e-01
4.959421207194908976e-01
3.541409036944475619e-01
4.012245023507358122e-01
1.510220842168064903e-01
3.184702055597180004e-01
4.391454119960919722e-01
4.056254832644001773e-01
6.141562922487723286e-01
2.392771414435162503e-01
1.705622647417123772e-01
6.119526910950534582e-01
1.671770993179647058e-01
3.478220649690820232e-01
2.014565177039958910e-01
3.285819075238023412e-01
5.619456679097637464e-01
1.917323698728513048e-01
2.980551629746475140e-01
2.437557962459644678e-01
6.245365642060021205e-01
5.160985196263659924e-01
5.595890511240760867e-01
2.844362562854506615e-01
5.378399609212253241e-01
6.994654779557921698e-01
4.486319350868732125e-01
7.235317363204267771e-01
1.513854091370136212e-01
3.523872888668303505e-01
5.865412297024615862e-01
8.870582397982086365e-01
7.660819656445052583e-01
4.339525810942290174e-01
2.292610841700989943e-01
3.095097273408968785e-01
1.709845618581870563e-01
4.881427164256881834e-01
4.964954673703184107e-01
2.957271116964206303e-01
4.814493478387511516e-01
4.411537803724990825e-01
4.194195338939528117e-01
5.278547629294785271e-01
5.395816833424382786e-01
4.703689192395729135e-01
2.975056366840795885e-01
9.126518944737836980e-01
9.386086619522134855e-01
2.798763503300296662e-01
3.631838134102888249e-01
4.112472355676792257e-01
6.417423224395383263e-01
3.576501931623106700e-01
2.925876785599658692e-01
2.554576090084856310e-01
3.291197495740864065e-01
3.913659678429760036e-01
2.474191334252965058e-01
3.238676145550278829e-01
1.913675712612947222e-01
1.949039702137798924e-01
4.190304260032874373e-01
6.897413731127729486e-01
5.149018637544172661e-01
2.741558262488075770e-01
3.310764405442562786e-01
3.203819478304920643e-01
2.747391525286148051e-01
4.132326515685284529e-01
6.441329011295560125e-01
8.312346820680535098e-01
2.468417583820925743e-01
5.589232563149652000e-01
4.700067330940503330e-01
2.615197930506135138e-01
2.356303272388517445e-01
2.386459899296859977e-01
1.998412057495281835e-01
4.009056089036721615e-01
4.939144509993989018e-01
3.890618084691707113e-01
1.014527310535212390e+00
3.437514902283417828e-01
3.061302491318415586e-01
2.179156948139743533e-01
5.278968672268589124e-01
3.408452760122455683e-01
3.365710846612131601e-01
2.800400698346719452e-01
5.492810078179893862e-01
3.575970795042700545e-01
2.887512049754139554e-01
3.273003951046514204e-01
2.633121428332718672e-01
3.830369860200596444e-01
4.902064438498213161e-01
3.023052620728665096e-01
2.922721238125442489e-01
2.673227756114011644e-01
3.532311338620297558e-01
8.932458969927178360e-01
4.064674087215870424e-01
2.695885971244719737e-01
2.690133653545238035e-01
5.144931021837152452e-01
7.938142598954339713e-01
5.036831372010993624e-01
3.407182334536967283e-01
2.828427728211457826e-01
7.344641712320580940e-01
2.104075040516362183e-01
4.827586717168982910e-01
2.584999170185822703e-01
2.499211776134575569e-01
2.590587597130059594e-01
5.105966472084604302e-01
2.454413465367473457e-01
4.346980335625038605e-01
1.327286514023244823e-01
3.601032617002878911e-01
1.632930278361494625e-01
5.145969327588825193e-01
2.491561104480821409e-01
3.599073784585231639e-01
5.627594273743909969e-01
2.156467002242751230e-01
4.298938873486325418e-01
1.839197198698888092e-01
4.459310060669703923e-01
4.120355512670311748e-01
3.497520026605627774e-01
4.169704279114259116e-01
6.284439571503892541e-01
2.254059267513751075e-01
4.418082608223379282e-01
4.686397435809914191e-01
2.631000699083161920e-01
5.208760174607581783e-01
3.336978710539243442e-01
2.571362693081526984e-01
5.814999604982344916e-01
3.976577582137510447e-01
4.490757396616794628e-01
1.818007707252808081e-01
3.163089467773171903e-01
2.597986841249654288e-01
4.292001498693578943e-01
1.351995820293765638e+00
6.395653588994942851e-01
4.385106905314254400e-01
3.374670428377693487e-01
3.353053085604099093e-01
3.644563669310728615e-01
6.450991344649377179e-01
3.926520853619073215e-01
3.994535028410539090e-01
3.442196891049270624e-01
4.261271258566235454e-01
7.456034440328355162e-01
2.867016295255578329e-01
9.405129123151835524e-02
3.049565616000932122e-01
1.501881128299988655e+00
3.838191779877644927e-01
8.972557945845357485e-01
2.661969361529173961e-01
6.862417627405861253e-01
2.711419106705716953e-01
3.974427694018015655e-01
3.854320722938827659e-01
7.006768433303969257e-01
2.425332107084693933e-01
2.089089833915593886e-01
6.240161132176043068e-01
5.765365569728773121e-01
3.384672036155350616e-01
4.312929218039749379e-01
3.562843714080717872e-01
1.451748825025205580e-01
1.864234835132864976e-01
5.834269047833525734e-01
2.255420439586530157e-01
