2.879817972658385572e-01
4.887788855163630597e-01
3.121217040969759826e-01
1.511975593104457061e-01
3.965057257799625701e-01
1.208925113839508791e-01
4.694695318591302069e-01
4.258402273886999767e-01
2.485602013681257605e-01
3.066546314910066351e-01
2.885685160089357382e-01
2.652910584465478228e-01
4.413042529560429195e-01
4.449293649296950370e-01
4.917977561179301405e-01
2.482709717872004507e-01
8.589982611428191861e-01
3.192598369450014850e-01
2.811400855936943000e-01
2.878031801457026084e-01
2.338370924907575144e-01
2.523426695977958878e-01
3.883964460435507249e-01
2.413874003026529602e-01
5.793251683004974062e-01
3.125673623006774982e-01
2.069424784959653651e-01
2.684019407407501334e-01
6.616792893319660696e-01
2.441176374565761642e-01
2.605011037245586469e-01
4.037227196730024947e-01
3.764511611178775197e-01
3.896998949920440491e-01
3.508649720391255888e-01
4.208095402636614635e-01
5.365962162497567300e-01
3.605715825910189021e-01
3.099000348713048525e-01
1.912526128128183844e-01
2.568671822472895494e-01
5.021561221086979776e-01
2.221949263516463380e-01
9.971620456030709789e-01
2.701938740259861027e-01
2.616314629799337266e-01
2.437869773008408958e-01
1.847771795870984668e-01
1.067685849334274600e-01
4.247157997472517654e-01
3.360290911036210026e-01
2.590573021493369210e-01
5.253916816329615713e-01
4.699215675209263976e-01
2.005210533742935730e-01
1.513875341217775783e-01
4.537691496070425101e-01
3.449108572525524941e-01
4.660904594308568072e-01
1.939459606825871540e-01
2.981177605626129656e-01
2.018927027988128287e-01
3.454699706807146109e-01
2.425116707285518980e-01
4.225270728060384617e-01
1.682958540482944187e-01
1.892291988265857039e-01
4.308588131659169540e-01
2.213566454361554081e-01
2.162719774388123795e-01
2.305206586877010522e-01
3.010334221574426095e-01
5.254660991527225766e-01
2.147678190663478426e-01
2.306850686780432813e-01
3.629268228335288393e-01
1.433463109522986612e-01
3.579616496234660494e-01
1.132093241858663502e-01
4.154830490006608534e-01
5.197753322003114684e-01
2.430218354610336473e-01
1.368923928460033523e-01
2.548180774886925071e-01
3.077724100750738878e-01
4.145138608873933928e-01
5.745690008682343697e-01
3.505712899426777218e-01
3.831100075158757612e-01
9.523211616528862167e-02
2.513480387432253660e-01
6.568732241487507117e-01
4.548833640354832397e-01
1.831045896713770493e-01
3.448544276842792633e-01
1.552312691004697764e-01
1.561435691603032250e-01
2.956077370380874036e-01
4.711897416133854488e-01
2.905448966242812348e-01
2.335330557137470786e-01
3.654480784127651649e-01
3.490356446486383990e-01
2.185786845458998484e-01
4.801999785959828460e-01
2.096029115414950184e-01
2.406492701223589270e-01
1.125234580949577845e-01
2.986057145597268425e-01
2.186497004403079036e-01
3.584513947203609718e-01
3.036161812783411684e-01
1.701192610079958756e-01
3.124167224878779958e-01
1.645865364390501073e-01
2.757815881623822962e-01
6.192964897998090024e-01
3.936078950423646527e-01
3.771796100503641558e-01
1.327656504936302884e-01
4.288833990125654472e-01
3.425028776119221074e-01
5.077259230773661924e-01
5.123076341414026791e-01
3.591733827931045675e-01
1.172899576347787576e-01
1.718239273762045272e-01
3.075112818499758927e-01
2.598695320384838969e-01
1.974599528159018957e-01
3.877584955697071512e-01
3.142657024626415163e-01
2.160578350516801083e-01
1.083934063598867709e-01
1.779904982508675459e-01
1.436867088378596391e-01
3.069243680529744611e-01
1.840922563017719782e-01
2.349655970583768017e-01
4.956925692045028864e-01
2.046391435979408868e-01
2.501946681421770569e-01
5.269229580553622672e-01
3.519491525309590974e-01
3.118947677748430958e-01
6.347900712391034705e-01
1.721310438162680645e-01
2.258686177931893690e-01
2.935144249024688734e-01
3.364989844394501994e-01
3.821072104657172730e-01
3.551223034892763142e-01
2.938290163565427382e-01
3.428938575511227826e-01
2.571131052216559243e-01
3.154681619361842104e-01
4.118719137728579782e-01
4.589337037486903026e-01
2.206270037085731328e-01
2.557850948233554300e-01
2.494896648681963758e-01
2.646620960265480549e-01
3.475350498521564968e-01
3.292544129382449225e-01
6.324958019160725753e-01
2.462305100700006577e-01
1.561751725092483389e-01
2.776978377124327824e-01
3.255898132231198616e-01
3.993142089723794030e-01
2.197570484126074308e-01
2.592219647107640856e-01
6.025736903406400113e-01
1.936419258282116584e-01
4.960551798000082946e-01
2.545319185200063949e-01
3.105797304983689000e-01
2.710283394383911082e-01
3.679778910192804120e-01
2.442585043430556546e-01
4.107506009712369455e-01
4.893667802006632095e-01
3.797491148285996876e-01
4.802740508553908771e-01
2.079507446020925632e-01
4.546477643790335366e-01
4.610504922303206854e-01
4.019094060568990656e-01
4.123238364863783811e-01
1.766478662222435436e-01
2.869382371538259369e-01
3.760944757299952701e-01
3.691275332444600155e-01
2.503183997364056834e-01
2.945247094384972342e-01
3.452644826076231022e-01
1.726663849405959683e-01
2.621880356592622419e-01
5.473993184781571486e-01
1.813046629168773294e-01
1.592493627093612973e-01
2.100900424185588033e-01
5.305971263930240323e-01
3.322586961211713152e-01
1.261227806841395682e-01
4.563980815309940375e-01
4.559327793995051059e-01
3.572585330149036231e-01
2.374616813389054670e-01
5.777480310147568021e-01
3.417835765849042695e-01
3.028173005870558598e-01
2.724477717658608245e-01
2.080453113478458738e-01
2.206592964334261886e-01
2.832323643615865527e-01
1.506672038356118848e-01
1.936638478786939233e-01
1.432238243935491095e-01
2.881326951009692272e-01
6.454013702372660699e-01
2.491596048817024955e-01
4.990190979407553851e-01
2.644085779823650562e-01
1.920015819400356094e-01
4.000870795872190078e-01
1.731501693582278290e-01
4.359647624976179525e-01
3.371526992120412736e-01
6.642402698921889836e-01
2.843464450071173655e-01
3.269306232771759801e-01
2.130835497419382996e-01
1.517502770042928883e-01
3.450419405326268785e-01
3.125090766113938212e-01
2.715287784696366891e-01
2.099424599178738859e-01
1.557678710650721443e-01
3.400951911552566598e-01
6.858553276211816208e-01
3.407722656599769251e-01
4.528853551184569559e-01
2.743132497927127655e-01
2.979417979414840101e-01
4.132438663592754025e-01
3.774241996884545314e-01
6.293583959344042356e-01
1.827740522097449360e-01
2.742438364794142491e-01
4.124385677452913068e-01
1.776858090856985040e-01
3.141625646636285185e-01
2.442713273886344127e-01
2.685732940935232071e-01
1.112979105802010538e-01
7.746977464540103497e-01
3.727886091274518754e-01
2.690498610513948896e-01
3.551063885873533277e-01
3.335593468580586585e-01
5.786837027570211900e-01
3.193561719206589600e-01
4.106145617706772888e-01
1.807310659553077736e-01
3.690186832756609525e-01
2.805664547406135356e-01
2.739257556513991498e-01
2.253073737458807513e-01
1.769197870176721366e-01
3.192544750239157403e-01
3.932622461151719095e-01
2.026635221981753499e-01
3.238928079895385670e-01
3.034008862456916145e-01
3.301118850497252177e-01
2.410561307479147097e-01
5.350026145840157676e-01
6.404874132587258240e-01
3.618840472934834462e-01
5.320629918434640615e-01
4.207653913313275651e-01
2.646982277151656571e-01
3.206341782319999112e-01
4.242778464557970253e-01
2.273769732791530995e-01
1.584558397155857445e-01
2.553849603612818320e-01
1.300561431083250286e-01
2.220694180980957722e-01
1.797773894300440378e-01
1.630015643177718243e-01
3.651809375262775048e-01
3.512600869400489545e-01
4.704558675330745010e-01
2.357832472962964887e-01
2.295710854603969786e-01
4.131181480993197930e-01
3.464074864903741169e-01
1.535719735384485085e-01
