2.527293935329708585e-01
1.883707987919953919e-01
4.297453907517763128e-01
2.215493267338496386e-01
2.140446373523603174e-01
1.813796166749248318e-01
4.362267109761207018e-01
1.543951113965342237e-01
3.304804959945641385e-01
5.545977120114331527e-01
1.501591444094179106e-01
3.915118386093202063e-01
3.787828834521195231e-01
5.570516780924400502e-01
3.221952508154335426e-01
2.316062694137313027e-01
2.485725421827690851e-01
2.648717741782678492e-01
2.956354141060707486e-01
2.918068990643163940e-01
4.013009576140795232e-01
2.554290723317636513e-01
1.088723947237563994e-01
4.074703208121862597e-01
6.165936713124355872e-01
1.344549898419871992e-01
4.536789844755486634e-01
1.661947990190289215e-01
3.779681443980008049e-01
1.276814058254672479e-01
3.026081577028126857e-01
2.709529550384280894e-01
4.754894977719864579e-01
3.337449362175827217e-01
1.566673704821537061e-01
1.548966507655883396e-01
3.435882637957331509e-01
1.531075949522583413e-01
4.485061053133362341e-01
4.435197779890839298e-01
3.575453716719515507e-01
5.284467290448501275e-01
2.114381827614338627e-01
4.452167632722895951e-01
1.558627277399679822e-01
6.196849006457162412e-01
1.868624178631981825e-01
3.767584541330576409e-01
3.009916204845298759e-01
2.469342448082265384e-01
1.751859942260256264e-01
5.283534409727550507e-01
8.560647296884837942e-01
2.695306937930833091e-01
2.573601930243760716e-01
1.478879345951612800e-01
3.155585937243231553e-01
2.894683101866931674e-01
5.407572489121442727e-01
2.105364356657184743e-01
3.580022885250698228e-01
4.189601335017454353e-01
5.544076996246716238e-01
1.696797671144358033e-01
3.317244121582346716e-01
1.605140520534839299e-01
3.542749627628913323e-01
9.825371495047618975e-02
4.249862045607634697e-01
4.267535619333473473e-01
6.451965945974834638e-01
3.192551425385414809e-01
1.931577545157388553e-01
4.184341029056319883e-01
3.391118349738465043e-01
4.587584369561107378e-01
4.997646380084181938e-01
2.747511667167093496e-01
2.486333780005540450e-01
8.675709597996542621e-01
2.468213684947572484e-01
3.084277488367271891e-01
3.999876412119759417e-01
2.320666668415687917e-01
5.347884086868962550e-01
1.166714472149648213e-01
3.150693034373369117e-01
1.748320838138708588e-01
2.027465153136783771e-01
3.264107732059037814e-01
1.812151105465721890e-01
1.667243626884182817e-01
3.201503845079324284e-01
1.094547959097788570e-01
3.366477555227282981e-01
1.461885422874201479e-01
2.741105686392037999e-01
3.751988187658373830e-01
5.947989334928514005e-01
3.537021629739717787e-01
4.825351626236337732e-01
3.754733316252409359e-01
2.741970170173747556e-01
1.816504067516883925e-01
2.544652957437292251e-01
2.207757092187500048e-01
4.641645951008446791e-01
1.680690312704365141e-01
3.426855614609196632e-01
6.565751750377468721e-01
1.402444143837764945e-01
5.382120486348389576e-01
5.062341348306005351e-01
3.848283081272464989e-01
3.253828051287622758e-01
4.771741859656433715e-01
1.352434146300239837e-01
1.386340009226611769e-01
2.094963307833010158e-01
3.918459026853542415e-01
4.418727095676868166e-01
2.130215614920605016e-01
1.258416433694918013e-01
2.677731595176570112e-01
2.901795948429394811e-01
3.094240353035890845e-01
5.308321426231810136e-01
2.474112878156978501e-01
1.151397608656355431e-01
2.402637590957524272e-01
2.802910499269638533e-01
2.306446370343041008e-01
5.016627455870663610e-01
4.856091055334695872e-01
3.744243232735371962e-01
3.554282264100278033e-01
6.333273228398337285e-01
2.387613241380953932e-01
2.783895386607141975e-01
2.513683723761451771e-01
3.411249402629081273e-01
1.937838200557466251e-01
3.400438047634777861e-01
3.198194659222887148e-01
1.891187531764945140e-01
2.504137147316173873e-01
3.216774475765511454e-01
4.190664324832269472e-01
2.437671345429760772e-01
3.967518166225065257e-01
6.436416470224872732e-01
4.579672270011647672e-01
3.492378455605735788e-01
2.709913473621099467e-01
2.699224771911207243e-01
3.146705307142685371e-01
2.681537885615282168e-01
2.865088383949139783e-01
1.175421467957661614e-01
3.891470588948320319e-01
4.505284997126408064e-01
2.260888956702128694e-01
3.866504760083332437e-01
1.936174831335980007e-01
4.340641421352581242e-01
2.164674683139086453e-01
3.102675603305934948e-01
2.934669715171142057e-01
2.479931528008219310e-01
8.698944030167240493e-01
1.913647693925427662e-01
1.698204737237354323e-01
1.601520701199666552e-01
3.645247291089059871e-01
3.284844784526086969e-01
3.607464556229100228e-01
4.908716516607773972e-01
2.762881388746884492e-01
3.880165972599857738e-01
2.489878202663490525e-01
3.229502177295726084e-01
2.604810303405215022e-01
1.837352155162677581e-01
2.355694222092524770e-01
2.373070778545777193e-01
1.902460518582640425e-01
2.684291967712217342e-01
2.602996298216782023e-01
2.382872639265209702e-01
1.255262267304305124e-01
1.788263301118599713e-01
3.786305656486928517e-01
2.979694538930638958e-01
2.127491805238513889e-01
2.520354790935226963e-01
8.253664808079854698e-01
1.448242151510220066e-01
2.006862213486796664e-01
1.855296856928298488e-01
3.200516563325876973e-01
1.425848492574626758e-01
2.748210477836722232e-01
2.292343963023388276e-01
2.691023894016988383e-01
2.701877113951522968e-01
2.346385806058035040e-01
3.284319965262107455e-01
5.692157130423103339e-01
2.142631065913279953e-01
1.053441359651772352e-01
3.269762498248230953e-01
4.620238472265515428e-01
3.296447046635450073e-01
1.628937525067701286e-01
4.789964180962393292e-01
3.831340886281448532e-01
3.102798899054782789e-01
3.740509625758092760e-01
8.194397710665098922e-01
3.453003433766185237e-01
3.869540138558990594e-01
2.306170110644026883e-01
2.977766679343133993e-01
2.483305644871509621e-01
1.886371056941796853e-01
1.232792134528088723e-01
2.374234693295384779e-01
3.623456983331732606e-01
2.553187195735421855e-01
4.562309777005605915e-01
2.081217009916209171e-01
2.219172104424734782e-01
2.660741872872811609e-01
3.291531516571682969e-01
2.998929312976353345e-01
6.449798165767353098e-01
4.063212432207085056e-01
2.593387073553481414e-01
4.423069461630154686e-01
6.008298232006139550e-01
4.934683504581561242e-01
2.550747657187464323e-01
1.838515905997281930e-01
4.342001220102393866e-01
3.215536232557600904e-01
1.155121056364195181e-01
2.671771621456360268e-01
3.260962107085559891e-01
4.181440888187236693e-01
3.570856201332833213e-01
2.487874585368994307e-01
1.458613790272859645e-01
1.938764157287296286e-01
7.652319415340339548e-01
2.442157334376434397e-01
1.662674412688031900e-01
2.707719097807151920e-01
2.395452715842606162e-01
3.252000140131046657e-01
2.767447571703753328e-01
2.945775709777920248e-01
3.361904046388936584e-01
1.578541656009988248e-01
2.401337088357962668e-01
2.522849583531610040e-01
2.141461435615811815e-01
4.400182473440537589e-01
2.634379648753892300e-01
3.186827398931925126e-01
4.368488026807874625e-01
1.422566346826830419e-01
1.346512329478521952e-01
1.882624634287657917e-01
3.625824586073073674e-01
6.601996211213075894e-01
4.749516555680021734e-01
2.659876401422284209e-01
2.184126065099665503e-01
3.435588008525556902e-01
4.811354833745000170e-01
4.052569268230352129e-01
3.969079807237945179e-01
2.222417635827909632e-01
1.690440306835557793e-01
2.061126377824447076e-01
2.108860493551572013e-01
3.170489773989481619e-01
2.735876816521700672e-01
3.066587485164784521e-01
2.913683039937188246e-01
2.120543350936157367e-01
3.103940814511523261e-01
2.592937044581354877e-01
3.911803195642950537e-01
2.627712254499891542e-01
1.906173332645526575e-01
1.300104269781251487e-01
1.757110935179223010e-01
5.713113142334812489e-01
3.065496743174766503e-01
