2.568332564300119998e+02
2.285503223743686476e+02
2.291633320259611537e+02
2.872945008788000223e+02
2.282691973097643086e+02
2.407290526930912904e+02
2.999836230243714112e+02
2.278598786684303263e+02
2.754664463390280389e+02
2.360217458989987449e+02
2.974455264793640481e+02
1.752538575045143432e+02
3.388881830709386236e+02
3.384453286658499565e+02
3.052164951687347525e+02
2.489129607041998327e+02
2.951835253581382403e+02
2.995343142848366824e+02
2.784425610884667890e+02
2.020896901840204976e+02
3.501669719078720959e+02
3.124544870750152086e+02
2.950699911373571354e+02
2.502770560298869498e+02
2.521502737039164401e+02
3.610081471158661657e+02
3.083695217289559878e+02
2.769414710124327144e+02
2.557197324228077946e+02
2.711997549451418195e+02
2.847892756165547894e+02
2.904440145714604000e+02
2.272088235038734751e+02
3.223850417626978242e+02
2.935996875658046292e+02
1.906585614029198155e+02
2.830979548714065004e+02
2.811227653615501367e+02
3.056959502412520351e+02
3.340890999833554247e+02
2.805727528805691122e+02
2.458831531461782731e+02
2.981401489377649909e+02
2.960596116007771457e+02
2.190354904157148610e+02
2.447868528064073246e+02
3.284789000234168839e+02
3.357138039993553207e+02
2.683666682266145358e+02
2.595598732278887724e+02
2.954072530398818230e+02
3.505630205313524925e+02
2.661313663825924891e+02
2.782992791852942673e+02
2.201919299734187234e+02
2.608549639462561345e+02
2.433184247118505823e+02
2.796759106393470802e+02
3.380036457197964523e+02
2.913847686517476632e+02
2.971227359203406877e+02
2.643571073465184895e+02
3.320204459747489523e+02
2.276934654088132675e+02
3.720172731993209254e+02
3.272245327820312468e+02
2.756619256408937417e+02
2.454530675093033665e+02
2.939884636381519272e+02
2.213492136757222397e+02
2.949228099285824101e+02
2.845419025846908880e+02
2.285825547973991831e+02
2.916426472713334306e+02
2.445778348280013859e+02
2.833819077241185482e+02
2.776001556095283149e+02
3.437573562794148074e+02
2.705499393862150441e+02
2.960272257734966956e+02
2.372678093795312577e+02
2.452236734896070800e+02
3.695308492987763884e+02
3.468779572564777709e+02
2.482977165363421648e+02
2.368244350672783014e+02
2.883008824311744434e+02
2.610219105341607815e+02
3.662900533528543292e+02
2.205567423192777312e+02
2.608539347232249384e+02
2.767552966304828601e+02
3.041485953302528742e+02
3.262591644587182600e+02
3.891518596407989321e+02
2.249709650670586143e+02
2.394380082127369462e+02
2.188024706393427721e+02
2.728642217368515048e+02
2.554649433176823266e+02
2.912975389925796890e+02
2.784053087722578539e+02
3.574905016744681348e+02
2.887102066271974081e+02
3.363349837492085612e+02
2.305028156153926773e+02
2.651269910688193931e+02
2.655875531416625108e+02
2.929308303743856641e+02
2.736776250544471623e+02
2.587325845907575967e+02
3.178342743174324028e+02
3.220897786000667224e+02
3.449462179576941594e+02
3.097948281133637920e+02
2.583441800932544083e+02
2.286476218644572214e+02
3.417955915160871996e+02
2.223217719472808938e+02
2.712856766525616763e+02
3.054289428832066164e+02
2.635324845841911952e+02
2.831404042760757989e+02
2.517421997780861602e+02
3.059535711696183853e+02
4.015170976041563904e+02
2.762275732853354953e+02
2.951407792758606661e+02
3.521683214367771484e+02
3.143904410495970865e+02
2.363614839605812676e+02
3.067152817185708500e+02
2.564919149337233080e+02
2.682468444931508884e+02
2.045550356547703643e+02
3.016514764416815524e+02
2.702398407618713918e+02
2.703601315774989757e+02
2.585196782441623213e+02
3.164999115621645842e+02
2.898514347245686622e+02
3.035067745101909509e+02
3.138868034037731718e+02
3.532815748704731504e+02
2.098829432323286994e+02
2.533745324908528573e+02
3.699471405335277723e+02
3.155217649848784163e+02
3.226192135629726749e+02
2.516130513257617167e+02
2.200596147739544790e+02
2.807563250454546164e+02
2.997192603296281845e+02
2.730852314765812707e+02
2.254299580022978660e+02
2.356848835868227070e+02
2.602201773036123313e+02
2.586259705305056968e+02
2.713728912384127057e+02
2.950844742295974470e+02
3.314243573125780244e+02
2.752153935951432118e+02
2.496375553159254537e+02
2.938597099962384505e+02
3.693425006080776711e+02
2.401456457387334922e+02
2.540313024933736301e+02
2.468479061050985877e+02
2.255339023943089956e+02
3.728008989529835731e+02
3.077520867203383546e+02
2.619985303856864221e+02
2.795108646713695180e+02
2.017567935024425481e+02
2.404716325974891902e+02
2.390837588078153715e+02
3.160421480743920597e+02
2.848907728063221043e+02
2.753291143582138147e+02
2.917400041198328609e+02
2.436931756429364100e+02
2.607467721967483385e+02
3.126947838712061980e+02
3.139668613201274070e+02
3.178175422163081407e+02
2.580410710119335249e+02
2.319539929369784943e+02
3.088569901348592452e+02
2.090292050774849031e+02
3.469041092361745200e+02
2.813740810580569587e+02
2.490589793518888655e+02
3.226685749957156872e+02
2.198047611084151640e+02
3.025104930811199893e+02
2.417743473370703953e+02
2.735033808025463031e+02
3.171301658775539636e+02
3.477971939142464066e+02
2.783058838173955110e+02
2.237468085420848070e+02
2.262665389528854405e+02
2.658048387556212901e+02
2.421314757546891201e+02
2.433717381552467316e+02
3.589190292766201082e+02
2.585402704772392894e+02
2.784781882255897472e+02
2.286942187549969674e+02
2.687773310303192602e+02
2.777355746999430721e+02
2.482643621112587198e+02
2.533417673335892459e+02
2.242688284336381344e+02
2.947145776732619993e+02
2.929340678365210238e+02
3.084854309990114984e+02
4.039140845058746550e+02
3.323255117899591937e+02
2.474646316491424614e+02
2.258199129892846884e+02
3.158138138260593450e+02
2.481479506052847910e+02
3.438344902610243707e+02
3.101808136179791404e+02
1.887738042196752986e+02
3.164671468456072603e+02
3.365421437258667083e+02
2.951077342231479861e+02
2.859336405619842481e+02
2.703060995107811095e+02
2.176356596316538230e+02
1.956422758399192787e+02
2.733677594074497961e+02
3.128939802024097503e+02
2.158432420082611713e+02
3.021831185363499799e+02
2.678365924168206789e+02
2.740704748230603514e+02
3.091184850882210071e+02
3.160238248713622511e+02
2.438032706832495649e+02
2.949417549998542540e+02
2.976823508873815740e+02
3.156903570665462553e+02
2.584761032529766567e+02
2.998459163725462417e+02
3.057418770661037115e+02
2.240014804289837684e+02
2.258848310529137393e+02
2.134839192656523892e+02
2.183864880091805958e+02
2.615061530252033890e+02
3.183539054681933180e+02
1.921607271316354115e+02
2.396358795328472695e+02
3.569033579802258487e+02
2.827327263380074100e+02
3.145098184717029426e+02
3.179956424919031406e+02
3.184961074009450499e+02
2.759727319338447273e+02
2.340589044783117458e+02
2.734821508072048459e+02
2.594632544474362135e+02
2.984580597630699117e+02
2.463167041503126882e+02
2.581898010986238887e+02
2.544859920394312383e+02
2.532419658552595649e+02
3.247971384515163322e+02
2.912449585750528627e+02
3.400468533879271149e+02
2.726359495086599054e+02
3.427194536847310928e+02
3.168650529942287903e+02
2.916881070434048979e+02
2.547829597421043104e+02
3.466937448609766648e+02
3.125953109493282795e+02
3.014597859935652195e+02
3.085610854202476503e+02
3.385073869620406413e+02
2.779739970320467251e+02
2.207343461010096632e+02
2.550394193890123802e+02
2.466866849663867640e+02
3.268151662898945915e+02
2.635858618982339294e+02
3.023933187451502249e+02
2.373571743725919418e+02
2.772971509182418117e+02
3.608410362270578275e+02
2.731712867098868855e+02
2.536858312048923381e+02
3.119621730660139747e+02
3.120402515346979726e+02
2.467300327770669810e+02
3.131709422182642015e+02
2.750871742838202749e+02
