5.574438824103768120e+00
7.094690512481342637e+00
8.241972176329483091e+00
4.266549709091015607e+00
8.414775011386531389e+00
7.378150483745541166e+00
1.196032304606342223e+01
8.677329075413128479e+00
2.016073956422869529e+01
1.313955194306770657e+01
8.482225932088402587e+00
8.992151223553383588e+00
3.551493493565994086e+00
9.706611738887083618e+00
2.022685627707571498e+01
1.469899428633269700e+01
5.058909448308408940e+00
1.442909645867499258e+01
2.572209150503736552e+00
7.838275754204788726e+00
1.540823948782512076e+01
6.399167884525942540e+00
7.714140641653844277e+00
1.056343283181807635e+01
1.729542334113340374e+01
6.919327466625720291e+00
2.949195462942885371e+00
8.725271983419494504e+00
1.013047684803336423e+01
7.077736018074603841e+00
7.806912830629688216e+00
4.450460110319283125e+00
1.045710660670872727e+01
7.327944821331073832e+00
1.126729117771832200e+01
5.575547743907539378e+00
6.506983002335060107e+00
4.864000857392332122e+00
8.383635290520091488e+00
4.861130711213424327e+00
4.223390294825353664e+00
7.470898585301764427e+00
1.106352826221448815e+01
1.090565795312716446e+01
6.224225346319234298e+00
5.253773954571874683e+00
7.299207447977915209e+00
6.670077211716799681e+00
1.193046212647154114e+01
1.431499630037659720e+01
9.357324156872682153e+00
1.291194274567709321e+01
5.699884930883404976e+00
2.837297569009982201e+00
8.946499053576957294e+00
1.041833768822415074e+01
1.855676531202534818e+01
6.253833292498505614e+00
7.163253578702450497e+00
9.122923966132418627e+00
1.362782274019093620e+01
1.220452389013919792e+01
1.060120480528832587e+01
4.813494051055053013e+00
1.279610638812385659e+01
7.191559164197196985e+00
7.637811420193687972e+00
8.770436781382786151e+00
1.445716986571204465e+01
5.736602391392840339e+00
1.513293421406348571e+01
4.101215879660832897e+00
4.319881366687092772e+00
4.067975777847109953e+00
1.553778845687484811e+01
9.135152821664494383e+00
9.907323493662454794e+00
1.456965737071029743e+01
1.373212411017735413e+01
9.766356904627947699e+00
1.029129522390442908e+01
6.271254014876788574e+00
4.914440747949445409e+00
1.356143361680861936e+01
4.478817918198951809e+00
1.768153516860757790e+01
1.554230621741714735e+01
1.052695195459319955e+01
2.081010590894743828e+01
5.840152217292766679e+00
6.690755922070224848e+00
1.973099832213816285e+01
7.413748907159829926e+00
4.629545512982200073e+00
7.938128474707918159e+00
1.337712520292026674e+01
1.776792061790189692e+01
1.003020345637399124e+01
6.535694824566395944e+00
9.301936905523728427e+00
8.605642607317665949e+00
2.204140871772355226e+01
1.051227067915957392e+01
2.897896023189604264e+00
1.871149818064170134e+01
7.293974070955180800e+00
1.596133325769757505e+01
2.045380577732341720e+01
1.097837898054657657e+01
7.485814124072083686e+00
8.068351917825568265e+00
2.162805969367509107e+01
9.662193784333901192e+00
1.654967956005227947e+01
1.825532550919229724e+00
2.191824131210264781e+01
5.887037306357375321e+00
5.384359260343464015e+00
8.278821432743376008e+00
7.820472240593806745e+00
4.936420133530270427e+00
9.190707113784553073e+00
5.501908181004155018e+00
1.502098848696861566e+01
2.838292203580002671e+00
5.434560326494907834e+00
1.416389146300626933e+01
1.122901497478564536e+01
1.286998831085017336e+01
3.924669532831422725e+00
1.229615857473044471e+01
1.392272279597093565e+01
1.258901716491688205e+01
8.586023222193656323e+00
8.330309403134998902e+00
3.543834016900500927e+00
4.557266227187878549e+00
1.083947898924930087e+01
1.745276478423699018e+01
4.798709818690279683e+00
1.359150821671337006e+01
1.407434266274401224e+01
5.397536717809370721e+00
8.010422038365408781e+00
6.875401220172681072e+00
3.701923034515317568e+00
4.289992673331663120e+00
7.588126797064255413e+00
9.808884274306496565e+00
1.175498410379760550e+01
1.234976296866035383e+01
1.218267920647421043e+01
8.697008801055652327e+00
3.109198892161857408e+00
7.646770216818513433e+00
7.198406810048432192e+00
6.617506332284603054e+00
1.078029560397206055e+01
8.199491097349536517e+00
1.356325529175278177e+01
1.172035228555458097e+01
6.531463424349811753e+00
9.249557291341952592e+00
8.259336873971374615e+00
6.261310221409926768e+00
1.046381552443037677e+01
2.057311346489825610e+01
9.950065541064963881e+00
9.803737088969620928e+00
8.727205598928726715e+00
6.990082336427806631e+00
7.609743025122430282e+00
6.280496725429866700e+00
1.079794647146878894e+01
6.604209331170084241e+00
1.373460732290156372e+01
7.616977567458357079e+00
7.413514726540779698e+00
1.220147573964058552e+01
4.477777926802903430e+00
3.112887523555825098e+00
8.890258375710793359e+00
8.570032050382843991e+00
9.272807122137098901e+00
9.919778372454858939e+00
8.584577662529712327e+00
6.004575299524451459e+00
1.359723796757807968e+01
7.740745939906585882e+00
5.628106921859712841e+00
4.294001168461731410e+00
3.352094030158445648e+00
1.042699132070184476e+01
1.184265072406125796e+01
6.705298850660053489e+00
1.385087735551482879e+01
2.102056823150915577e+01
8.383400370051882433e+00
1.322052779317964344e+01
1.410459010096950117e+01
1.014365843356937269e+01
6.765644866015394499e+00
1.373551699242600321e+01
6.902897141780846013e+00
2.229558941095891367e+00
4.750993931768326739e+00
8.227644973265121564e+00
6.148316656834917460e+00
9.092047556312216727e+00
2.046505875009331632e+01
3.953147830866472479e+00
1.776141120519140770e+01
1.109519767076247376e+01
6.243762780655317535e+00
1.013312366052325331e+01
6.264630709717210699e+00
1.161785198487713799e+01
4.329609354280093747e+00
1.078251354163984033e+01
7.537877407480864989e+00
5.917733736786271237e+00
1.866721259725360937e+01
3.862821108595782427e+00
7.589854432235692450e+00
2.536086567723209395e+00
4.463811300848469443e+00
1.478782834550047198e+01
1.665459365397799019e+01
9.480570059427162022e+00
1.894044927393617783e+01
2.829266934045520987e+00
8.437543301831905040e+00
7.307035355939845545e+00
9.284173796723235839e+00
6.316487570689426789e+00
6.229132840017443051e+00
4.926489736104099570e+00
7.108910115783172223e+00
9.899224698805870304e+00
1.372453414768700952e+01
6.618533229688774888e+00
1.054219093810528385e+01
6.628935020811740131e+00
4.114444584127169513e+00
1.464426379331986716e+01
1.174320493052935177e+01
1.965079206982154858e+01
6.263556166339792064e+00
1.091214532372568335e+01
7.383417828692612872e+00
2.338248908704270690e+01
6.874518283242936789e+00
9.230844662148482982e+00
1.773412187667038609e+01
2.359215883222175592e+01
1.284660636741208428e+01
6.515897590827816721e+00
1.031271852911864073e+01
4.508299587903685790e+00
8.756152922129704308e+00
6.162062804984568487e+00
1.208325131170298405e+01
5.515799763911259923e+00
4.781782389109286768e+00
6.881995793925471006e+00
3.733421129941725258e+00
8.618383571757206596e+00
1.807024079444542863e+01
1.487201990924939388e+01
8.843062445813080430e+00
4.746739028967192908e+00
9.334781058810458276e+00
1.061508321662118703e+01
6.490356324825618195e+00
9.583379485911239115e+00
9.602938974320986532e+00
6.151202550501663424e+00
1.596287977926694879e+01
9.778499520950751034e+00
5.928544701965674513e+00
9.406306843319923061e+00
6.195609466717661995e+00
6.490598408396103913e+00
3.064301202291919601e+00
8.168571699840828870e+00
1.073973475038856229e+01
1.114767238743617384e+01
6.740232541105843467e+00
4.679356597248609972e+00
1.013382538878035355e+01
3.503913329583291159e+00
8.939359088260724562e+00
1.057687087016726579e+01
9.270612633613326992e+00
6.288412821733536440e+00
4.949560471692247887e+00
1.099812676433660386e+01
5.877949840496881961e+00
7.217877850963542841e+00
1.485745010783174180e+01
