1.539315917419608866e+02
1.552979564436564601e+02
1.376561248323093309e+02
2.429343888157149252e+02
1.343550942969563380e+02
9.359374982742565408e+01
1.970567325595729926e+02
1.127552215933022097e+02
1.513634257698236638e+02
1.504917690922717952e+02
9.412449168384959819e+01
1.711785799764545857e+02
1.487354527827977506e+02
1.323070510025134467e+02
1.477925625014437685e+02
2.076153885011513864e+02
1.453742915107374074e+02
2.175192551565867234e+02
1.650597507342557435e+02
1.681711233459365644e+02
2.219387094637359610e+02
2.039573029996656430e+02
1.416050087110628795e+02
1.167204490289235395e+02
2.131130263613242732e+02
1.295199655365496199e+02
1.679884137403747104e+02
9.892559548436638295e+01
1.885905295220212849e+02
1.234455137434995038e+02
1.408605935523689254e+02
1.554418030417380407e+02
1.296208192213005077e+02
1.254436152897676351e+02
1.904424093357988568e+02
1.204157621755152405e+02
1.787426061472529000e+02
1.630834003455912580e+02
1.832266919253729895e+02
1.685330665914339363e+02
1.901043098275322052e+02
1.594490607060327250e+02
1.435974741951233966e+02
1.546685201365484943e+02
1.455894083885235943e+02
1.651590111093250357e+02
1.710244970619465903e+02
1.636222920053839118e+02
7.920073051382532014e+01
1.681979014046706027e+02
1.563437782350429472e+02
1.729209279745238916e+02
1.954573357135741674e+02
1.454711998387624590e+02
1.651609753371479030e+02
1.650288154338389006e+02
1.384265909652577875e+02
1.500821962027363554e+02
1.338768795827920997e+02
1.296994049988602455e+02
1.278028591661148852e+02
1.977541402692075394e+02
1.762368816023642353e+02
1.302306047250207826e+02
1.520740482029700615e+02
1.633447537053372116e+02
1.011183996381142691e+02
1.478803789179391117e+02
1.382954950278132458e+02
1.358400105460349891e+02
1.433365831477662766e+02
1.460524781204476596e+02
2.272118543343508179e+02
1.720484117124314309e+02
2.125047946591963921e+02
1.626321448034390187e+02
1.177224637080601326e+02
1.759531099161478380e+02
1.448465060461483063e+02
1.860519928122926956e+02
1.852321964799475325e+02
1.826201115807171504e+02
1.920454935014696218e+02
1.359432270382420427e+02
1.566981089359469763e+02
1.626699743304930621e+02
1.738005819439216566e+02
1.352368781115319223e+02
1.663734129815767631e+02
1.695090355482942925e+02
1.459396033618904767e+02
1.460383148374956477e+02
1.297069933539316366e+02
1.053424668904973345e+02
1.870343246777258628e+02
1.294836933659770182e+02
1.382699521852928797e+02
1.733698300689423490e+02
1.493335163798039957e+02
1.482208273725385936e+02
1.981526291280953558e+02
1.380281390280838707e+02
1.498836567809183862e+02
1.406460015256316183e+02
1.214414408146235331e+02
1.274330252079045351e+02
1.876915256545391060e+02
1.537689970229039318e+02
1.799144155415092712e+02
2.216415987882643037e+02
1.007943122957424436e+02
1.530946097050152446e+02
1.961282248244532127e+02
1.765550417526112597e+02
1.647327866001085397e+02
1.564395013417126279e+02
1.348486757195689449e+02
1.895162955333101422e+02
1.885176527992268518e+02
1.477268114323930774e+02
1.621383108538172166e+02
1.328229363313149634e+02
1.149467067245058871e+02
1.615311058579997336e+02
1.190536093919532448e+02
1.100206140955448859e+02
1.075947248164691104e+02
1.506991738149654907e+02
1.199533481500660912e+02
2.129772182540635299e+02
1.182575041321345282e+02
1.434453837938392837e+02
1.690639170073384037e+02
1.692860521201855022e+02
1.265181051633893077e+02
1.273149732290021490e+02
1.665880143260644672e+02
1.612695936286401377e+02
1.394918158262575218e+02
1.916126890350606118e+02
9.777785868882530451e+01
1.320919412706476521e+02
1.536121338803218350e+02
1.356882397625197427e+02
1.824541592985688965e+02
1.332750750479517876e+02
1.559895140636282918e+02
1.621923763229731037e+02
1.724340821848887799e+02
1.078661919102611932e+02
1.610109971179378192e+02
1.600352644531492388e+02
1.836343168497597560e+02
1.004279027735042575e+02
1.686745513800204321e+02
1.179104156623041320e+02
1.640981660332230661e+02
1.670330337169276333e+02
1.926202868684796101e+02
1.233181953633742296e+02
1.853725898829575556e+02
1.627255468839663024e+02
2.303967047806681023e+02
1.374110293836917833e+02
1.770924643021226359e+02
1.787984690052668100e+02
1.895890274058197917e+02
1.494152177881104251e+02
1.800304976559452825e+02
1.383041385721784309e+02
1.728301725602187560e+02
1.291931103226160360e+02
1.478748903085194115e+02
2.351934507718389114e+02
1.503367979831222954e+02
1.363922618656291377e+02
1.543272132365221410e+02
1.727821098471823973e+02
1.857795069455918053e+02
1.492882037732050264e+02
1.273501722958023237e+02
1.202262339097471795e+02
1.206416358812014522e+02
1.605794062913073788e+02
1.668426098934220647e+02
1.740320934294713595e+02
1.194882107280814125e+02
1.479114372762984999e+02
1.454196887801957132e+02
1.530898259741952927e+02
1.266673533554869948e+02
1.862326024952677699e+02
2.246399232557144785e+02
1.396209469248275639e+02
1.224531446218722408e+02
1.571992633219076083e+02
2.107592555626551700e+02
1.509172106632993575e+02
1.298460929538609889e+02
2.376380780185882315e+02
1.862174086985808685e+02
1.427325135141526005e+02
1.084329406589356637e+02
1.576074495613834472e+02
1.627701411603539725e+02
1.527845529289565718e+02
1.658508303955261738e+02
1.811376741410454940e+02
1.464588042740257379e+02
1.259405927917834873e+02
1.330958857737008714e+02
1.390734586725890836e+02
1.692535065285723874e+02
2.100408215488559733e+02
1.905358262803084699e+02
1.607072360373812501e+02
1.609931370089768166e+02
1.131693922993871411e+02
1.549140284600011910e+02
1.548293223653369921e+02
1.868292231732677067e+02
1.332846368822743557e+02
1.071048789283960616e+02
2.045793477839396814e+02
1.381446982123326279e+02
1.440400696639028411e+02
1.216960542488644421e+02
1.358555310182655944e+02
1.384953137611240379e+02
1.133297510103617185e+02
1.132345011882580081e+02
1.257874357508338647e+02
1.845958616327424124e+02
1.798756544201278302e+02
1.330169278372439692e+02
1.168684438056026380e+02
1.992484007124124332e+02
2.036090576029881447e+02
1.216050533950430719e+02
1.738991238224417089e+02
1.669107281280131474e+02
1.199795987055845501e+02
1.255987300930778616e+02
1.678508243688636696e+02
1.785910166151563203e+02
1.475443484291987772e+02
1.560897468266499004e+02
1.734798984339462891e+02
1.516637135566171821e+02
1.775808251853961224e+02
1.766351653385972611e+02
2.239275176448404636e+02
1.625311547274413329e+02
1.729584530345355518e+02
1.485954303014631535e+02
1.983783466267201163e+02
1.418976188465162522e+02
1.144063999918924566e+02
7.859244783147715907e+01
1.632025359258985304e+02
1.444402266259147325e+02
1.479941286781038343e+02
1.386089355539744190e+02
1.589247085935090524e+02
8.093354290910278337e+01
1.143390845426761473e+02
1.317325254345878704e+02
1.633842415446033556e+02
1.218582055101666697e+02
1.630370988939512813e+02
1.486164393624532067e+02
2.591829162367311596e+02
1.440278598967515507e+02
2.170874113897884854e+02
1.639431710329427858e+02
1.162087879228264597e+02
1.403522909894784902e+02
1.169967298996659650e+02
1.638151469459755276e+02
1.655358120626689242e+02
1.352871620035654416e+02
1.454003094929628048e+02
2.033329666508249431e+02
1.421348194648664673e+02
1.342895964164875977e+02
1.268799173464731211e+02
1.617406214542088208e+02
1.810235975962301893e+02
1.606113669924096712e+02
1.498487145736855837e+02
1.178887622181920420e+02
8.526948086199979571e+01
1.468284352334544565e+02
1.706708452238215727e+02
1.497917904477762931e+02
1.921058115351899005e+02
1.992574212824277708e+02
1.405827629195278803e+02
1.856816803741849640e+02
1.754074394329802544e+02
