1.899251422841366477e+01
9.751796426804483886e+00
8.585801585674399661e+00
9.934440532508292065e+00
1.049718116875164498e+01
1.388560970112402337e+01
1.779365254712923416e+01
1.288939658574851066e+01
8.972239596968963227e+00
2.799539313809409435e+01
1.814661455065032314e+01
9.189504325424392661e+00
4.067223607482135073e+00
7.343347135345622334e+00
5.963906648027165858e+00
1.290900909740571478e+01
1.383531332581210371e+01
5.327225279411872627e+00
6.267560566485444795e+00
1.247903539617067104e+01
1.068694032197949895e+01
5.177303987727528423e+00
3.992025615263071536e+00
5.295509467029557271e+00
1.078358500201985493e+01
8.298963504893659859e+00
5.468829866905326575e+00
1.501201855586115919e+01
4.370973084344583093e+00
1.136453007488246136e+01
7.774788965791547213e+00
7.869599920047853914e+00
7.392302487786380993e+00
4.493614809867322535e+00
1.637158202191130272e+02
6.922749786402905947e+00
1.121785944197387686e+01
1.789530748920907754e+01
1.003071569939646857e+01
9.401017726650705342e+00
9.784484392538976394e+00
7.838664204585455764e+00
1.290099667985914778e+01
4.015327936422543154e+00
1.345134820172446410e+01
1.420376379283553092e+01
9.275350284593724126e+00
7.481722927912697330e+00
2.528373236132889890e+00
1.643773113307264921e+01
5.319751194107904091e+00
5.632920361259516895e+00
3.150084601566111697e+00
9.657425511585532973e+00
7.887576322020648512e+00
9.983770296337151962e+00
9.934780043461071131e+00
1.092383192526042635e+01
2.530207142363392592e+01
2.604306427325828821e+01
9.394349619677463181e+00
1.039185859600427797e+01
8.345572431936869151e+00
2.474575406696415314e+01
1.922013432356687446e+01
9.663266773734115134e+00
1.137214053570178862e+01
7.893106966736771035e+00
1.187081517610040038e+01
8.631845021022201081e+00
1.077151211025043231e+01
8.301704022245953496e+00
9.860841574215301719e+00
1.695981481058405649e+01
1.092943024299106369e+01
6.026076723829889126e+00
1.092666524669798633e+01
1.601455003805379107e+01
1.377726820342928704e+01
1.002130275165460915e+01
4.891896572685570987e+00
4.366677148299634936e+00
1.748969772867238959e+01
1.192249142745700929e+01
1.439301528243364814e+01
8.156609195064456586e+00
6.261911501914136480e+00
4.851198780552766543e+00
3.687705535812553670e+00
1.021132571365020603e+01
2.486681232513412887e+00
4.153653196818019921e+00
8.749613972603260237e+00
7.777335763606370023e+00
1.411045488561131300e+01
3.454890048471942254e+00
7.715894902115191023e+00
6.082897384905244564e+00
1.314518940154645321e+01
1.452289220929562852e+01
9.707185736092174722e+00
1.167951901575843010e+01
3.619017328786272802e+00
5.247322950437312450e+00
1.543967384620162520e+01
1.212985728590781775e+01
3.060498525498080991e+00
6.898075099469004989e+00
9.387017630335984464e+00
9.412913678449475796e+00
1.617785663511545735e+01
1.616733807232980880e+01
1.572493378500529992e+01
6.117164468215104733e+00
6.377753498296413248e+00
6.141930860550762539e+00
1.556189990946315582e+01
5.090345982742442210e+00
1.717922979930664695e+01
7.447833877630798405e+00
7.812163386004441712e+00
1.437495833939997247e+01
1.302754132766217054e+01
9.776323786472650212e+00
5.290868197698071818e+00
6.271890794355703846e+00
5.091776591631991700e+00
1.247094773171917659e+01
1.002232170452109372e+01
1.316895841903804865e+01
6.526016011606101230e+00
1.853095940701382460e+01
5.346254276719372811e+00
4.563079343695758183e+00
6.417026017177948738e+00
6.036316983992415786e+00
1.063752803867925856e+01
9.131640381680730556e+00
9.067958155972222656e+00
8.045202281875253547e+00
1.078503607683917487e+01
8.278524079202037811e+00
1.379656228381513472e+01
7.422989118747103099e+00
8.343884636898657448e+00
1.994701857717723570e+01
1.102801115005998511e+01
1.282416680062574876e+01
8.827805553708879316e+00
7.000680463981942658e+00
1.914385429578715758e+01
7.677204354945907028e+00
6.248618687833204177e+00
8.262692830312159842e+00
1.158302985158706022e+01
1.711556827975840278e+01
1.510907800317318106e+01
6.116557991156224894e+00
2.145088327933936512e+01
6.174702749215037478e+00
1.131693747291090268e+01
2.607041276745824732e+01
1.737304492359521646e+01
8.349565491549046925e+00
1.007002115773462592e+01
1.071840701162791731e+01
5.157897526292628321e+00
1.226303164280516356e+01
1.198828019922509291e+01
6.533346646878663400e+00
1.163855147461949358e+01
4.710623902483410674e+00
9.968895173056630199e+00
1.370260611705997533e+01
6.580512363943708642e+00
1.012764799308840757e+01
1.008907484827390633e+01
2.176638145167079230e+01
6.936347204820140888e+00
8.893084575459697660e+00
1.115842344605359315e+01
6.348852863276452929e+00
1.201388304010587404e+01
9.168305405143692965e+00
1.280524666113210586e+01
1.057479936595618319e+01
8.169942326462988902e+00
5.902906496830321537e+00
8.182446576484700529e+00
4.848661750387984526e+00
1.994420414475936809e+01
7.032651711063422795e+00
1.061799848232998755e+01
1.213352859085009960e+01
6.620684910865198169e+00
9.721648654629195363e+00
6.698264056430597080e+00
1.728356906232255596e+01
6.518956598096905530e+00
1.747593674828784671e+01
8.833908314779536752e+00
1.844313151157988173e+01
8.423345464974897112e+00
1.019319757164481288e+01
1.152280749922335978e+01
2.579503863094950056e+00
2.815214081404354030e+00
1.778767750628633237e+01
4.911242224269489753e+00
1.286907081665485997e+01
7.193371962914254958e+00
6.967824896275249813e+00
9.286903626790653732e+00
5.982406916491370019e+00
7.728923668574455341e+00
5.373754416732771766e+00
1.086835716803393126e+01
1.269059555522825455e+01
3.560334991216348222e+00
4.528618330345680398e+00
1.943979426882891204e+01
1.302946627032896387e+01
2.069266262342789275e+01
4.954369894865838120e+00
1.267152214986611014e+01
1.185494257100858917e+01
6.259843046886106599e+00
1.307748200505105451e+01
5.177417194499488673e+00
1.374169616668801197e+01
3.915100154183407177e+00
1.574472527478181227e+01
7.053670084781202831e+00
9.453997324909455102e+00
2.504691852828109688e+00
9.372282672736989895e+00
6.315276454700202713e+00
2.181753156085428813e+01
1.640823118180894724e+01
7.524115186226411289e+00
3.413234642750544445e+00
2.224258338512684219e+01
8.133833399112507578e+00
1.081866844311876719e+01
1.305336700868535438e+01
1.948988552223645954e+01
4.209786741494276008e+00
8.008191266322668866e+00
1.117161271243988629e+01
3.617589294296232438e+00
1.086186669546558470e+01
1.161299017434317449e+01
1.233530817616893316e+01
1.338770009568430552e+01
1.251546529766036819e+01
1.134615329841999021e+01
8.603772253856071472e+00
9.852914786330320140e+00
1.513735320052093414e+01
1.004117210580387720e+01
1.208656786048011966e+01
3.858852193297142019e+00
8.782324956201362554e+00
1.746213841705196756e+01
7.684074537101213132e+00
9.687836397920731812e+00
1.018693841804605249e+01
3.527609455479649103e+00
6.230152521878959071e+00
1.026592344366812704e+01
9.735072133291787111e+00
8.667609399615518129e+00
1.000850148747646351e+01
9.196606551088738257e+00
1.333826163951084531e+01
2.480664603153438730e+00
7.883461175564985268e+00
6.772544231393318626e+00
4.592361872007355572e+00
1.426822214143180823e+01
6.457960828872603365e+00
5.252660623439151522e+00
1.352906614606365743e+01
1.292612700022388061e+01
1.176742228607274576e+01
1.086005244359005850e+01
6.564939723535431426e+00
7.098525595943820932e+00
1.444137674863660870e+01
1.114266661876970232e+01
1.178090525800840638e+01
6.773149243185221380e+00
3.581243555043490012e+00
9.225970253256310372e+00
5.739775835850419838e+00
1.157556386876255949e+01
6.958917477488351544e+00
1.800539687626417731e+02
1.124466972576875889e+01
2.048331369981618977e+01
