2.914686041148126492e+02
3.022195034022228697e+02
3.306343231943973819e+02
3.393499809707187183e+02
3.401384902047805099e+02
3.119512074165518243e+02
3.325984592440782990e+02
2.626409864722155021e+02
3.704780291626028088e+02
3.213199666624110478e+02
2.934769299286497812e+02
3.417463493473446761e+02
3.628512180033859522e+02
3.099132830375799017e+02
4.697662857684848063e+02
2.834728180603260626e+02
3.387274750875102427e+02
3.235924483155022813e+02
3.174015729867525124e+02
3.334563920971075959e+02
3.217665979413291666e+02
3.996468350475234388e+02
3.510827817648540190e+02
3.216556218778772518e+02
3.624875593608533677e+02
3.166631246006530773e+02
3.564751133898467970e+02
4.034301325683033497e+02
3.526841247525023846e+02
2.950128533408619660e+02
4.033011387734491109e+02
5.342332167866162536e+02
3.698488678059363792e+02
3.746454317708629560e+02
3.595796255357979021e+02
2.543550504493401547e+02
3.684592921673990986e+02
2.658727930713151295e+02
3.369509758439454004e+02
2.857655910569039293e+02
3.290360193995975351e+02
3.097530090946265204e+02
3.235827550815922677e+02
3.077982029999168958e+02
3.508565203533726731e+02
3.586775159538877347e+02
3.245073880947824705e+02
3.154847492568272855e+02
3.623260248212607735e+02
3.340382209517583192e+02
4.277389626746469844e+02
3.614910873987000741e+02
3.182470221207267969e+02
3.268316167550440809e+02
3.480609800668301546e+02
4.385962056647782106e+02
3.496014701460189258e+02
3.494351755338502699e+02
2.795526042732054748e+02
4.046608513583077524e+02
2.975848621342661886e+02
4.529901230607474645e+02
2.476503600677745283e+02
3.754172308324211258e+02
3.217310035999742581e+02
4.072835028532375077e+02
3.201252826612616786e+02
3.978968165085041733e+02
3.608666358273039805e+02
2.516990001245372355e+02
3.880206476966682771e+02
3.270842119557049728e+02
3.243050522514307659e+02
3.725986556606154636e+02
3.443435787186543848e+02
3.420025994410027010e+02
3.350790056681340729e+02
3.798764404068601834e+02
2.951467897429473624e+02
3.447867550978033364e+02
2.819465113351770356e+02
3.394250010556226016e+02
3.228813970147992904e+02
3.907817169577534173e+02
3.484394363396027643e+02
3.012242909368389974e+02
3.189841627001054576e+02
3.467536370629495650e+02
4.085318679484330460e+02
4.055218906998237003e+02
3.316491718973142042e+02
3.741372720489708286e+02
3.361192373493828427e+02
3.629176663552034938e+02
3.707163461952023908e+02
2.054955851406249678e+02
3.050106266692559416e+02
3.375826224613962268e+02
2.557272415760775743e+02
3.151713094909533197e+02
3.338950133701809477e+02
3.141162924575328930e+02
3.451144482469584887e+02
3.601071082032001982e+02
2.994840203580897082e+02
3.166456677349214033e+02
2.724383307522593896e+02
2.378553998483078260e+02
3.637246300177922080e+02
2.886988297806495893e+02
3.346268504009752291e+02
3.580494231382587031e+02
2.604623375255519022e+02
2.960194890592308070e+02
3.384054404606778803e+02
3.231229136212356821e+02
3.234776021096596992e+02
2.968666210134112475e+02
3.625179326405580582e+02
3.823633415234399422e+02
3.447565748742708820e+02
4.017640409528270879e+02
3.815327543484223156e+02
3.027943529248928485e+02
2.910433885261555815e+02
3.579507787778937882e+02
3.240735466272904546e+02
2.900288156558183346e+02
2.846208159888470846e+02
3.431661770284145518e+02
3.140678280072248185e+02
4.143422611126056267e+02
2.485674720800652437e+02
3.421968086516122298e+02
2.336088291775746711e+03
3.425094581847906738e+02
4.562592578473586968e+02
3.133367946570446634e+02
3.951270748792599647e+02
3.102605267175185304e+02
3.290380891378779893e+02
3.112543869116204860e+02
3.815906647591403953e+02
3.646614601509594422e+02
3.396757471544431723e+02
3.407339339134728107e+02
3.469802291001078629e+02
2.224635700693168872e+02
2.439550200073666474e+03
3.420885139288404844e+02
3.094572223546255145e+02
3.766423748474961144e+02
2.485995175931329300e+02
3.906637164768577009e+02
3.664681041248852011e+02
4.001379250895424775e+02
3.776035528179500602e+02
3.949697501846102341e+02
2.917939302533972068e+02
2.969722153422925999e+02
3.380792592693588290e+02
3.804221215957050504e+02
3.673020416422418748e+02
2.733416880788076924e+02
3.303433210871376104e+02
3.575513051658835479e+02
2.924271958705979273e+02
3.245759603110094531e+02
2.978865619811597867e+02
3.123787849008722333e+02
2.899054940026048826e+02
3.373061474818788952e+02
3.377426711069217617e+02
3.650200478922068896e+02
4.222319506548367940e+02
3.805861713606810213e+02
2.820695141855122188e+02
3.470371331205399201e+02
3.276704659076276585e+02
3.011105253232840937e+02
3.135430173808737777e+02
3.660198373223272483e+02
3.050918785279748704e+02
3.509779718157741399e+02
3.250595774308270620e+02
3.094242847356453581e+02
3.023225592988624726e+02
3.782963338166418339e+02
3.216678661245546209e+02
3.368282788751195085e+02
2.820536108918677201e+02
2.896635797942813042e+02
3.566299059115254408e+02
3.502069296345429734e+02
3.312048430847509053e+02
3.547452381965101154e+02
3.508405532020710780e+02
2.930272905187570132e+02
2.864119577401746710e+02
4.432087999914136276e+02
4.189408049679090595e+02
2.569209004081431544e+02
3.685311162750765561e+02
3.202291562820191189e+02
2.945633236738405571e+02
2.552570670659079326e+02
2.891617654252429475e+02
3.307260652292527539e+02
2.998845579199416989e+02
3.375101655964318752e+02
2.981375291060130053e+02
3.266284381055348263e+02
2.857459234986242222e+02
2.919550218938748571e+02
4.052512809397138085e+02
3.534096347255875230e+02
4.027765731390887254e+02
2.951464441640575274e+02
4.080474760520372683e+02
4.008137903649489431e+02
3.547462242076310872e+02
3.067942632470509920e+02
4.468646499380341766e+02
3.167538538210924344e+02
3.442432410652342014e+02
3.384370935196484993e+02
3.569390911974999767e+02
3.149626289560644636e+02
3.306527585622819743e+02
3.364233677640724522e+02
3.531290207423190282e+02
3.278896603315492939e+02
3.332733475489429793e+02
3.931583840250567619e+02
3.308154384290257894e+02
2.601128168173883637e+02
3.645631428973909465e+02
3.259712324897206486e+02
4.726400430667239334e+02
3.802662924125696122e+02
2.312932316457572028e+02
3.326686868722019312e+02
3.476158533760917635e+02
3.510288044324176440e+02
3.294005290502020671e+02
2.875890657104624211e+02
3.722919187934913907e+02
3.634689986311879579e+02
3.608684468947022310e+02
3.045717222500927619e+02
3.363243020346911294e+02
4.010848121011799208e+02
3.553120505730882428e+02
2.815826921764088411e+02
3.246597048251445585e+02
3.199700357536434012e+02
3.130841708682365834e+02
2.955426624429970275e+02
3.604403588422559324e+02
4.027010751117262544e+02
3.900145582566286180e+02
3.057398068739527730e+02
4.057115208659010932e+02
4.336243584713550945e+02
3.427554453705128026e+02
3.546236200057591077e+02
3.378489534379481256e+02
3.118736109839087476e+02
3.273992466864796711e+02
3.304349342544753654e+02
4.260430465084809839e+02
3.585790689490512477e+02
3.043858041645037815e+02
2.901737459549194682e+02
3.149845628297708231e+02
3.398599718163881107e+02
2.770167876815667114e+02
2.841796748647801678e+02
3.251519745727993040e+02
2.954436362943712879e+02
4.337340601141796697e+02
4.688231704876602066e+02
3.885716441597297148e+02
2.468256062541118467e+02
4.127603308046017219e+02
3.387531938682250257e+02
3.606216003030399975e+02
3.928938099670111228e+02
3.853267293579839929e+02
3.538031905411784237e+02
3.097098561237772287e+02
3.878412532448497814e+02
3.778994052960414933e+02
3.290976688072809679e+02
2.912468758277110510e+02
4.050357643024124741e+02
3.453618168742556236e+02
3.760657841978426745e+02
2.865094013169722871e+02
3.063680092487892352e+02
