6.095923558708085999e+00
4.719245082817282722e+00
1.366337718906770249e+01
7.868944821396135048e+00
4.312370350129548058e+00
1.136755617984868927e+01
6.680442408109397157e+00
4.326968982792027241e+00
6.206979997963863127e+00
6.554759728880020120e+00
4.453902896076735729e+00
1.341331164606480542e+01
8.873649897356242988e+00
3.733908989100356735e+00
1.451451056594582312e+01
8.726222902213470078e+00
5.991062929828004258e+00
1.630145978543700025e+01
1.052538878477899509e+01
1.185490005778043709e+01
7.676084710932557620e+00
3.061091621782107808e+00
1.304936461221917732e+01
1.026661208304914119e+01
5.846539388122351966e+00
7.760356725752902030e+00
4.971195416069656758e+00
1.400522463933801731e+01
1.321870441445597422e+01
1.092300176136393652e+01
8.268460708635002376e+00
5.042997814506603227e+00
1.039861788103967832e+01
4.809371060200307468e+00
8.185774765560841715e+00
7.447276907654267752e+00
6.354981770070628144e+00
3.834566518196516061e+00
3.508646049569153380e+00
1.184378018635921137e+01
8.452778814329684920e+00
9.280356627531270775e+00
1.302343993887194529e+01
1.164425319074265985e+01
2.466527407823401319e+01
1.291376130693182489e+01
1.255443275383116486e+01
1.343287797223696600e+01
6.762828877077778245e+00
1.224350811317064291e+01
6.798045902238436966e+00
6.279292059268209769e+00
1.079425478796861704e+01
8.664221417106450218e+00
1.105203315182356505e+01
8.082921937932988854e+00
1.070223508809178448e+01
6.999570583956245429e+00
1.852097179314467823e+01
7.258223326503414619e+00
1.248802189993287826e+01
1.287650234074124178e+01
1.071060967966576705e+01
9.531389260347401304e+00
1.157124624500862531e+01
1.386437353435473696e+01
1.616051355700552961e+01
1.711289525310802162e+01
1.332746024098315907e+01
1.503036116073607431e+01
8.710066852377304158e+00
9.131458374635458952e+00
3.118245374320816055e+00
4.976273861827256617e+00
9.290111383088399677e+00
5.367780688417840729e+00
1.407406677326417466e+01
1.540842726806666185e+01
8.703124213327937397e+00
5.090277825944260037e+00
4.810095386495945924e+00
7.967811629054132538e+00
7.880516482060690109e+00
6.475023673685068815e+00
5.704116756399757016e+00
1.521186798827116249e+01
2.196245966826133511e+01
1.729262742415082599e+01
1.626967516856825569e+01
1.213016012704983382e+01
1.197748455433459114e+01
3.471973179124797415e+00
6.943304420124065679e+00
1.350190300793125431e+01
3.047300619985797265e+00
9.478036951030205159e+00
1.182644174734540243e+01
3.745058138801123260e+00
5.466954803967449372e+00
1.676815617113027912e+01
1.448608071495814364e+01
2.037383354003625868e+01
6.166929320861868291e+00
6.972591598376344457e+00
7.935977361685458753e+00
1.200156321737945575e+01
3.175920250380094068e+00
1.259046231307295294e+01
3.646714426945721677e+00
1.361029096662178794e+01
5.815892695614798491e+00
7.990588610709346895e+00
2.136548678666609646e+01
2.493004003837322102e+01
8.095667470080908146e+00
8.574895447832801665e+00
6.681173383401742605e+00
1.222211280195117666e+01
7.810429698276777799e+00
7.572754331198217059e+00
7.074938072492671814e+00
8.891610354502221369e+00
1.480996265298223413e+01
1.351591211027842476e+01
3.732836039161484987e+00
9.142927727612789823e+00
3.935505399225485590e+00
1.795876209624532649e+01
6.017676706624365934e+00
9.721773891748124896e+00
6.268573789663096640e-01
1.005142696934499291e+01
3.261251074302923936e+00
7.705275459774312274e+00
1.284856114689575435e+01
3.373539027239304655e+00
4.934049104764250515e+00
6.076826729481506817e+00
1.149076350838084082e+01
1.043862851164573158e+01
2.302516834808558244e+01
7.683479004406872370e+00
9.887460574372996192e+00
6.532755819764723526e+00
6.589854346251239114e+00
5.975403913395884281e+00
1.535462197794733008e+01
1.348565231564723454e+01
8.663273561406215961e+00
1.761664658162287367e+01
1.040765664642423438e+01
1.088623448561960494e+01
5.322371174223619938e+00
1.419395103116070089e+01
2.919715521660333657e+00
1.149209427206612766e+01
8.620820254509462544e+00
7.189870673081139252e+00
1.210679315195619488e+01
1.744158269537871675e+01
4.512211281592484191e+00
1.210217828660343642e+01
4.779402332379317109e+00
1.464562492209183731e+01
3.194303374877645929e+00
9.420101531565386210e+00
4.476540680144058371e+00
7.224498506888281213e+00
8.446021101143687204e+00
1.437474168522787288e+01
9.228319308325819037e+00
4.905950010301087794e+00
1.094492112975223641e+01
9.370460571271195249e+00
1.028695097977302630e+01
8.266805084297011774e+00
1.452477318316830690e+01
9.679224805185009828e+00
5.783652509631813210e+00
1.090657952123713770e+01
6.632804985479217486e+00
9.635315498502098563e+00
9.954971484110901159e+00
6.422208508681715777e+00
1.002096783666161617e+00
5.297146268084970799e+00
8.713930884394081033e+00
6.390807670685380693e+00
7.417491176358860905e+00
5.479111998020472996e+00
1.287634577302909200e+01
8.318430478833742647e-01
9.539202678427761484e+00
1.082532486616035783e+01
8.415401274705539336e+00
1.428150724653326265e+01
1.255741678953253349e+01
1.039482001659660604e+01
6.428645232574682566e+00
8.537161610547842727e+00
5.214230160062785835e+00
6.038411084282195418e+00
1.210275432072384838e+01
1.089335190940976617e+01
5.531206010515924199e+00
1.141487968314258872e+01
1.157988003741233740e+01
7.454857286665720117e+00
6.151167244870977768e+00
1.358231941696942968e+01
6.386932606038536520e+00
5.827953595328207115e+00
1.448889048455681738e+01
1.353777226835061143e+01
1.024013018931582941e+01
1.208478250959511868e+01
9.675845714342299786e+00
1.496022254621682812e+01
9.064685868998905605e+00
1.490553711395568293e+01
5.480081803578677579e+00
1.643840816539073657e+01
1.694017446040406227e+01
3.838679553302899006e+00
1.124449232075693850e+01
6.223651661625261511e+00
2.574360623217382571e+00
1.015884263171204260e+01
4.074585443398346385e+00
1.784949838694099356e+01
3.568653551014350001e+00
4.609568391592608450e+00
6.602328328222804465e+00
5.445684180820770770e+00
4.857440759641868055e+00
1.382109267373656358e+01
9.153335265030646539e+00
7.234225760089715074e+00
3.476423052221564891e+00
1.260581999035128398e+01
1.041115546328433972e+01
8.124377882948937923e+00
8.661001065239931407e+00
6.484873156793386606e+00
4.842238486688513532e+00
9.385895736556513214e+00
2.229262202327485554e+01
1.158165054803591332e+01
8.971080104143529965e+00
7.313246835178421890e+00
9.384490445409523929e+00
1.318713415459993676e+01
6.970520957124195505e+00
5.677416332011001820e+00
7.284500635760654319e+00
1.163749552481908545e+01
1.158948325919756428e+01
4.986094524109593529e+00
1.526447926945230193e+01
9.119816468300207646e+00
1.252917607714235615e+01
7.311278992473658533e+00
9.052252350106590129e+00
5.180638808526915717e+00
8.740174998537499462e+00
5.634576974704172514e+00
8.753929517807090832e+00
1.955287277864811912e+01
1.582580194580661193e+01
1.002268901284827862e+01
1.122931753664604315e+01
8.035658968636317567e+00
1.274535946362177086e+01
2.300209178906762020e+01
9.926004671649359068e+00
1.911855356851120291e+01
7.166379513416719860e+00
1.015863761435872803e+01
1.270450663417230075e+01
8.502305840609379217e+00
1.409020854233433795e+01
1.088907704066799020e+01
5.799991993335192220e+00
5.818353994239050309e+00
1.371840323879932910e+01
3.762330328996412288e+00
1.032359194758235255e+01
5.990561380486121301e+00
4.140124927305135927e+00
4.010120005733133652e+00
1.062252983459275057e+01
8.029161369838215379e+00
1.459586172712846341e+01
4.424709579231278056e+00
9.247795086119376506e+00
3.562594948132308925e+00
1.364291482504300923e+01
9.464318036083284369e+00
1.234642066431705665e+01
3.681406672818141601e+00
