1.258037659465976787e+02
1.220485506233740267e+02
9.239322350601293010e+01
7.495026222720977671e+01
1.206521216999482533e+02
1.248427607369139025e+02
1.372099645525819085e+02
9.805839851618753755e+01
7.016044350212249014e+01
1.130354158797241553e+02
7.555946862374683803e+01
8.223531005582238151e+01
9.326765795514518231e+01
9.510394643726036179e+01
9.430837921432431870e+01
8.153369832334330169e+01
8.828851870441869210e+01
9.312154682678334439e+01
1.110595376138559658e+02
1.153580254137410179e+02
1.222807262746574821e+02
1.558165336190456856e+02
7.815324943574809424e+01
9.164425850216112224e+01
1.161723749624240725e+02
9.518480487313580340e+01
8.303547078404938020e+01
1.083572729143225217e+02
8.570677824494238450e+01
1.282179423753831884e+02
8.096562441998661086e+01
1.264194995408151811e+02
1.080127886554027867e+02
1.040317392465361337e+02
1.094466981337653664e+02
1.240509644927909534e+02
9.416292569755782438e+01
8.920393217554912724e+01
9.492793268040959731e+01
1.020771704169654726e+02
8.915619753382971169e+01
1.276544896459257643e+02
1.394772477273845368e+02
9.012087329190600826e+01
1.253227343210912039e+02
6.007388691158481464e+01
6.614854787182902385e+01
1.195492496189262113e+02
9.481831745145812818e+01
1.101998127285151980e+02
1.171491168818861439e+02
1.207158908245181550e+02
7.573157761214612549e+01
8.588290725704462147e+01
4.828129156022193769e+01
9.487495181931340937e+01
1.598345356621366307e+02
1.082590241084719622e+02
1.030619324505056653e+02
1.110666010484223989e+02
1.354652343117511180e+02
1.342529859310496079e+02
1.097543198966442048e+02
1.588781591136895770e+02
6.727640456415713288e+01
9.035180246798252313e+01
9.550426051487498569e+01
8.639932896119590566e+01
8.036365726921245312e+01
7.640530696144284661e+01
8.250658860106884163e+01
1.213994592560047465e+02
8.994413418501191870e+01
1.164736771510469140e+02
1.069875639021882563e+02
9.334151479945467145e+01
6.931200084864970279e+01
9.800442772672410285e+01
7.280488017395363443e+01
1.331381274865205455e+02
7.270398505988011095e+01
1.304574417325255524e+02
1.173886504476094501e+02
1.155569501217323420e+02
8.251339625321830340e+01
1.304339051493124941e+02
1.088787844860536183e+02
7.020644405600407367e+01
9.433741916143864614e+01
1.011850894928635824e+02
9.634074461175721638e+01
1.351237198488606452e+02
8.451460590881177382e+01
1.320301590337131188e+02
1.018140730306379851e+02
1.885834507106589228e+02
9.428577129434515314e+01
6.770450282485826676e+01
1.881146132111293241e+02
1.028407736518452822e+02
7.982334795568593222e+01
8.730713805204020161e+01
8.847149118944132340e+01
8.087204487068912329e+01
8.906845039020805643e+01
1.131555748516406510e+02
1.056034355597495420e+02
9.419462737662607310e+01
8.152668150319283313e+01
9.767938445670431236e+01
1.000330045008993949e+02
9.553211881808682904e+01
1.054036655365565309e+02
1.298534931125880689e+02
1.357146538093352319e+02
1.274613639192420607e+02
8.310356714374921694e+01
1.243533128982423079e+02
1.134526914568129854e+02
4.792492128864787304e+01
1.247871755797531819e+02
9.063022514377293248e+01
1.381636152795429666e+02
9.129329886113960413e+01
5.368643404867565749e+01
9.207452759193895986e+01
7.207424104284696398e+01
7.944921181245285879e+01
1.073144646589142894e+02
1.156345983774847781e+02
9.239769033974752688e+01
9.275140823497680742e+01
1.129039232915237108e+02
1.027081372542590714e+02
1.014055057517864640e+02
8.976727244278360729e+01
7.972474662616819785e+01
1.498876143253713451e+02
1.663424313104723353e+02
1.586583923484253660e+02
9.218834278079270916e+01
1.273686831366112386e+02
9.640741174697619442e+01
1.210956376775947803e+02
6.937962736770074912e+01
1.179026351961196326e+02
9.175683507781738513e+01
1.220461494487570775e+02
9.356084624237499270e+01
1.815162224740458896e+02
9.756764218446160442e+01
1.388589329822647471e+02
7.516219001590596349e+01
1.252332854556929647e+02
1.143902445501106371e+02
1.097271631489294208e+02
1.175787882450263027e+02
1.064796412795049605e+02
7.988009973774397565e+01
1.045462085021738687e+02
1.381471377572506469e+02
8.805627894357046159e+01
1.265818220746131288e+02
7.780187495068531689e+01
7.682290960974970062e+01
1.199691015684795872e+02
9.741979493963668801e+01
9.875083309835225975e+01
9.338873754992714282e+01
1.242381165931526255e+02
1.113098048487184002e+02
1.006750849293994321e+02
1.135175396756712587e+02
9.827159879013909460e+01
1.017419698920623858e+02
9.288809602213238747e+01
7.319934905773531852e+01
7.734161977476244942e+01
1.515039056478857447e+02
7.498190895939220013e+01
9.522705498015425007e+01
1.049620429298611981e+02
1.249785805485340120e+02
1.282142059078297223e+02
1.061753650009016638e+02
1.352534017639573278e+02
1.092944064908866579e+02
1.181623697104179058e+02
1.431450702891090998e+02
1.083147277425608337e+02
9.745411660073641258e+01
1.306881635959011874e+02
7.585338238279247491e+01
1.033850603443430884e+02
5.659243256483357243e+01
1.116816271939499075e+02
7.961869887398759715e+01
9.195961215730514482e+01
7.587274680424570761e+01
9.596245434348813319e+01
9.927535437791941320e+01
8.226825422220537121e+01
8.035830117155943242e+01
1.205733161946650256e+02
1.122648107137952138e+02
9.870338572528795851e+01
1.116614122364435246e+02
7.403742551782110581e+01
1.032877155493633552e+02
1.211195170521673106e+02
8.755772119234940476e+01
1.332206896256585935e+02
1.289676942012620202e+02
9.339635209399654059e+01
1.165536089432091700e+02
1.061251137896330050e+02
8.042841496731776374e+01
1.279761241850312103e+02
1.556526667954014442e+02
9.513550615463284998e+01
1.053962072636417560e+02
9.084669026680919046e+01
7.578040298417354848e+01
1.097635080382152069e+02
1.072811601203776632e+02
1.074047205612334750e+02
8.173125694083174153e+01
1.012703512597820747e+02
1.409514817563616589e+02
1.220633855867469606e+02
7.832896652720214092e+01
8.412320078446579430e+01
1.243557936825265529e+02
1.175721776318703462e+02
1.257321397073629896e+02
1.017691520455370835e+02
1.048173404814447736e+02
7.759294481418076828e+01
1.352135367614168899e+02
7.225883049241613776e+01
9.601898107080350542e+01
1.050843004376526864e+02
7.899806727543681006e+01
8.830599924704520731e+01
7.875784267300900865e+01
9.758162046444719806e+01
5.850808304135199478e+01
1.166191253791448332e+02
1.008540468200819475e+02
1.143715691021639316e+02
1.206981575260732598e+02
8.282470203562149891e+01
1.389656892142522508e+02
9.014234351807486689e+01
1.075022365703839142e+02
1.209472620532433496e+02
1.079275637694990593e+02
8.939324198247246045e+01
6.165722999370547086e+01
1.046732166809688493e+02
1.171045969165612064e+02
1.277415840190083003e+02
9.150932125632901659e+01
1.106913077498873008e+02
1.249577784871729733e+02
1.392186625233809423e+02
7.498999090576798210e+01
6.503999063566521954e+01
1.023582785817301755e+02
1.143739285401000814e+02
9.716363080026215471e+01
8.719880893702877245e+01
5.885469923220603050e+01
1.096372928219952883e+02
1.112674967929918353e+02
6.435349839218874024e+01
7.576911453073944358e+01
1.252309590623501094e+02
1.022492847161755378e+02
9.141490289492885779e+01
1.032039625391523288e+02
1.445453515421625355e+02
1.097494144571062407e+02
1.326644347812301135e+02
1.365344883421383031e+02
8.730767192189036052e+01
6.082467112800978981e+01
1.110350041463764228e+02
1.055361590642140044e+02
1.094578166511483914e+02
7.971849633902797905e+01
1.254465360006889512e+02
1.204223810948901701e+02
1.023220012654560520e+02
1.012608167463416038e+02
1.389751691989284552e+02
1.411221994151008516e+02
8.481699660592400392e+01
1.537394895415743861e+02
8.195694042923700806e+01
