7.544826031913089537e+00
1.096030984274363185e+01
9.041167000852455615e+00
8.559831551186597665e+00
2.626312777733856052e+01
6.458649838300630108e+00
1.697725358965021414e+01
1.222726647628353724e+01
1.011679768979101190e+01
1.830311891266557822e+01
1.454245335783576509e+00
1.232682403928514248e+00
1.330479984329425669e+01
2.227727395946378763e+01
1.323459337623907572e+01
1.031055117727940207e+01
6.906263809064282100e+01
6.408105024089953972e+00
1.617771017183786597e+01
4.869955801603495615e+00
4.633437571649715814e+00
6.103440627163537080e+00
8.809327187306459805e+00
1.095089861537557674e+01
1.667868112880935882e+01
2.402957487933570491e+01
1.321376015966795059e+01
5.051652544334535477e+00
7.485437627442017572e+00
9.342051252251462046e+00
6.322688114389469760e+00
1.063984801816725501e+01
1.203281991011407115e+01
4.960459507597041018e+00
8.493755034160539452e+00
1.222943167920505125e+01
6.436210027350120377e+00
4.265914249143707870e+00
1.151983533870821930e+01
1.338060148491740620e+01
9.166811022901331540e+00
6.108154787476223646e+00
1.064753606508392281e+01
4.256917464921521344e+00
1.020722980221159659e+01
1.322583691587947463e+01
7.074432555929089261e+00
3.181882580795854309e+01
1.450698263874174287e+01
6.627135108890830573e+00
7.794272335458489742e+00
6.036932361975875239e+00
1.371121966203415710e+01
1.157700647478804434e+01
1.151030867658868750e+01
9.092655959530800303e+00
1.598225716026933085e+01
5.912381750985168161e+00
1.818785955351089711e+01
1.184975130396710163e+01
7.192325330032563357e+00
7.061793499260949680e+00
8.294188684061612804e+00
3.983343744859889846e+00
7.999571883895733038e+00
1.559490879190200197e+01
1.271254551883946426e+01
9.557733756750200982e+00
1.397048555132351133e+01
8.708069389780572322e+00
3.394896936736014670e+00
1.298729607592497715e+01
1.475467210747802760e+01
9.416471012274227448e+00
1.526229387593916087e+01
8.127350461607285581e+00
1.033472166819943538e+01
3.108914729031422297e+00
8.019522877572919484e+00
1.296986124014925146e+01
1.828693882907771950e+01
2.906912112834228346e+00
7.484972865062270664e+00
7.162267075326049337e+00
5.983977847059951394e+00
7.806076354913715321e+00
1.042649502086652191e+01
1.492998636356997011e+01
7.445953700530744790e+00
7.389325947896027813e+00
3.257794753147436051e+00
1.435373858264214952e+01
6.211157710460564196e+00
1.022020219653602169e+01
1.299733588249133653e+01
6.713581502824416347e+00
1.362329342241538654e+01
5.658752476442103330e+00
5.030947575271039085e+00
6.919956598250929680e+00
5.623690956972854593e+00
7.274077239230873460e+00
4.699106278095302791e+00
7.375788676458885362e+00
3.461961660451133849e+00
9.337994251611007712e+00
1.180695814563920720e+01
8.952893939195785578e+00
1.223354052621422383e+01
1.159856026931835160e+01
1.162811749956371621e+01
1.228169177344297402e+01
4.386619593763649405e+00
1.322476053787174699e+01
9.624260026600973461e+00
1.215786645029814217e+01
4.892355115838423529e+00
7.396606395350913132e+00
7.896355193182006182e+00
7.744791750617568304e+00
5.948497528099534470e+00
1.214445940778909794e+01
4.334525872332665841e+00
6.328731529604520567e+00
5.273528003847707701e+00
5.405202221469696866e+00
8.178196012720290398e+00
9.999637603647283157e+00
1.404867638356244619e+01
7.761358273924198414e+00
6.391470224185670013e+00
6.550270484376278901e+00
6.340462159827263022e+00
8.065102747114362813e+00
1.497591316431614672e+01
9.812439257661495162e+00
1.216734957561863872e+01
6.745691950219605104e+00
6.591459709098355546e+00
5.593980783191131678e+00
8.755409705617056559e+00
9.855971260028985270e+00
2.962008359250610567e+00
8.205901164876321374e+00
1.081462968286709270e+01
9.752210973945969030e+00
1.822331501368492468e+01
1.851022021518656047e+01
9.549007758101206278e+00
2.154454763352633506e+01
5.999028617807877772e+00
9.828007213346591442e+00
7.764405511518834402e+00
5.430978771863830268e+00
1.006352038765500367e+01
7.735213764892799659e+00
1.528246992889058475e+01
1.147098516515387168e+01
7.076412623623260956e+00
1.563913082904980811e+01
8.131815082719940690e+00
2.209628596135976064e+00
1.164351389328010278e+01
7.484447650140776176e+00
1.372705368271111226e+01
1.293771151423557342e+01
3.554688931514248917e+00
1.462702804921934430e+01
1.702406551593937678e+01
1.609175434069621247e+01
1.103627396275736849e+01
1.856204773727948876e+01
1.644746140165388582e+01
1.401520583809126208e+01
1.247228404980394423e+01
4.099849884111616660e+00
6.563463055922714062e+00
1.061808807311547298e+01
1.269668561969486298e+01
8.314806072832199746e+00
2.154274449556504933e+01
8.394674948720791008e+00
1.436571983157446475e+01
1.632492340689088328e+00
9.539696475952238686e+00
1.141096978727747135e+01
9.284957631174039605e+00
6.102454330772057567e+00
7.229182042463501823e+00
3.640628179665340802e+00
7.959494147996982960e+00
1.291969139001391120e+01
1.330707575771238638e+01
9.062642562339815910e+00
8.791368881136541802e+00
1.192979511189177444e+01
8.797988935398130650e+00
7.027021512197035413e+00
5.765214724274742686e+00
8.133981840561503418e+00
7.929583259112782834e+00
7.249935088913811221e+00
8.393246075647752491e+00
6.062518048595744169e+00
1.632548349403337085e+01
1.173390386756171999e+01
1.161755842431599639e+01
1.028069162436695194e+01
1.052659174779770090e+01
9.247964730264980560e+00
3.876934381284327102e+00
1.061359678116208549e+01
4.924338376393430750e+00
4.019859076131274023e+00
1.433639560179449290e+01
7.716136789236932358e+00
1.093766557169457521e+01
1.368746106336158119e+00
1.015346526239522795e+01
1.051126641340979617e+01
4.962746130686953805e+00
1.753218846194330283e+01
1.697773258916978634e+01
7.481263857592252542e+00
1.696736380150456469e+01
5.572473882399117784e+00
7.169919820486363449e+00
6.477934896915711782e+00
7.774988936221878255e+00
1.291970690768629559e+01
1.668390853380830308e+01
9.372054161404657080e+00
1.069827814215708273e+01
8.065334648567015208e+00
5.398101265200446974e+00
1.046065033180388681e+01
3.177569317833567553e+00
1.072999530351151520e+01
8.957879468969801806e+00
9.320336316325192882e+00
1.094720871712667254e+01
7.624372115706724351e+00
1.329266773246283151e+01
9.921803265704076225e+00
1.741282313892216678e+02
7.829018034097962264e+00
1.647458981343039497e+01
1.012320207965752239e+01
1.224255624225335914e+01
2.958557977425045227e+00
9.069470306803667725e+00
3.479783662743618944e+00
2.705596350359641189e+00
9.969478483386335910e+00
7.065951028439299009e+00
4.720166718362937885e+00
1.806466988671198948e+01
7.292044707391301728e+00
1.193929336733759072e+01
1.016454850616268324e+01
1.169387499834404842e+01
5.452802645177033725e+00
4.499526741116760320e+00
9.452363746556718738e+00
9.621017905312401197e+00
1.089296917107601104e+01
3.752738899151836449e+00
1.323248519743639662e+01
1.271155849258608050e+01
9.364986869484200227e+00
7.124749972008691756e+00
9.484372170369677946e+00
7.317210758208950949e+00
8.463043498974240464e+00
8.844333600082773472e+00
5.891365482778452289e+00
9.662856113670370561e+00
3.606257625284931212e+00
1.243677119608662593e+02
1.191978308183933954e+01
9.298287593695864217e+00
1.704156446134429004e+01
1.305344630129450856e+01
2.402702315183722792e+00
1.209792598834412658e+01
2.127782677467123307e+01
8.473547470791306324e+00
8.044449477383091462e+00
1.055165125077655119e+01
7.603118735445627330e+00
9.287099304124277310e+00
1.227544234124484923e+01
1.766015861821144739e+01
9.945760828511620133e+00
1.703772452438076712e+01
5.657937916739810724e+00
1.926930576936630857e+01
1.229792091269165333e+01
1.390691052114159731e+01
4.662153958753691541e+00
