5.438950763838126079e+01
6.746120708051010695e+01
4.499562358787297711e+01
5.961670626209289026e+01
5.071001859359961372e+01
6.498144678876357716e+01
5.984342557965113940e+01
5.006496237569736962e+01
6.362602298348197394e+01
8.666896222969958785e+01
8.385321043788056272e+01
4.834108694872517020e+01
5.126349616531955178e+01
5.438982572297938844e+01
6.514381031633671171e+01
5.485598509663638112e+01
1.040351749738939020e+02
8.900511108635900825e+01
3.301329439208004857e+01
5.462590348303307763e+01
6.785301194331931640e+01
7.183376145930589018e+01
4.508900077789487426e+01
6.201964302605725976e+01
2.856567057414977029e+01
7.268681459544548318e+01
3.866385132462501417e+01
5.669648340647317752e+01
5.580746715830807858e+01
4.441513195266466596e+01
4.182225157568549179e+01
2.617240045775368884e+01
6.012543199627896939e+01
3.191889202784622270e+01
5.958881810612452057e+01
5.910721682024036738e+01
6.783924739003911952e+01
7.674997351749316010e+01
5.545289174104628671e+01
4.857560644182566989e+01
3.881984003486883950e+01
5.193484979265480206e+01
4.409522246250957522e+01
5.427059037629819471e+01
4.808685879557225462e+01
1.074101567325153610e+02
6.832002362712077570e+01
5.033343877359839524e+01
3.433188525483472375e+01
4.490554584195881205e+01
6.086245940787062381e+01
3.211266213233616895e+01
5.088603704273701567e+01
4.569787897586320469e+01
5.206122909139336485e+01
3.096448603000138888e+01
9.921759895935306872e+01
2.974012445703988661e+01
6.738250897106307491e+01
5.797235590438811670e+01
4.112814283544670957e+01
3.047822433255756636e+01
7.248996913891403437e+01
3.776866941796723864e+01
7.354897932163592600e+01
6.814607357702047352e+01
5.926962952694043452e+01
4.172770854741924751e+01
4.550228961472486588e+01
4.752577962980173254e+01
5.378022562327883804e+01
6.019655765699013017e+01
4.907059117076416754e+01
8.439595989158624434e+01
5.994836251196396404e+01
5.445000527145131741e+01
8.958222780431570698e+01
9.417847298792501931e+01
1.027524482518058306e+02
3.335527286900887844e+01
7.047550760620558208e+01
3.866357154706822996e+01
4.924534509656680825e+01
3.105628762248793606e+01
7.773482439022838264e+01
7.049740288884233053e+01
6.380045394955271831e+01
5.194853737831876117e+01
5.484733419616058114e+01
3.460328815472271202e+01
6.192245856176793239e+01
6.566859112368544515e+01
7.187002739203624913e+01
2.707039607176278651e+01
3.334341924364134258e+01
5.531059467122737772e+01
6.180866220033991709e+01
6.760297621242933985e+01
5.855999487478831611e+01
4.846137645462495414e+01
5.301000286357022162e+01
5.185842015800648852e+01
4.702459083572153986e+01
7.026385683067748289e+01
7.001706314649993601e+01
5.466567251629567181e+01
2.708675730280898364e+01
6.279677504960014289e+01
5.336048458393987204e+01
4.779892082587799251e+01
4.261263051695118520e+01
5.914314995987258072e+01
6.967644108563661121e+01
6.256647554749071816e+01
4.255349632781251756e+01
5.600344298454729852e+01
4.967610662229880347e+01
1.016761169311727144e+02
6.034829737155022400e+01
6.124240012026925228e+01
5.374647687014428499e+01
4.433328117979522176e+01
7.374807478926089743e+01
6.809005865370562560e+01
2.398637769902530792e+01
6.503203228315256013e+01
2.534469311932940272e+01
5.716597038662575159e+01
2.829227512379853593e+01
3.735493557861057212e+01
8.129650346340611122e+01
7.273386846031915809e+01
4.594443371046784819e+01
6.295271102640044347e+01
4.314351467154052955e+01
4.162271973232671485e+01
6.092437126658938951e+01
4.744850351139908184e+01
5.658450105129107044e+01
6.005974345671913994e+01
6.949406278814922189e+01
7.939629281834821484e+01
2.881815711806671487e+01
4.084719888794541731e+01
1.394454682085403476e+02
3.446009040024396342e+01
6.929923371250198727e+01
6.183030234305393691e+01
6.847247349487972201e+01
3.315706345006267952e+01
4.007813187012838085e+01
6.315236194686389126e+01
4.977686884261570555e+01
3.028594677070650221e+01
2.918785670440302482e+01
5.509351665411792709e+01
4.133198928916717563e+01
4.347778359301035778e+01
5.651045942668688582e+01
4.243037650312270870e+01
2.569971474308151116e+01
5.476668763333516665e+01
7.393709842167520208e+01
4.199252865717667049e+01
5.246810994591650967e+01
4.652620313893572046e+01
7.996604610592528672e+01
8.691127279650059734e+01
5.612907754505994262e+01
4.343910590247863723e+01
2.250846894859742875e+01
5.810291670621167270e+01
4.088404739806681221e+01
6.120600591608664587e+01
3.298682374913301629e+01
7.408753227766929683e+01
5.191695409157245678e+01
6.785141062946233603e+01
3.989930851123592248e+01
7.880091029433769734e+01
3.676960137052797961e+01
2.597747764889036048e+01
1.045638074934518613e+02
5.324909033173067741e+01
2.496323104532910619e+01
5.533027487192772043e+01
4.433833927451055956e+01
5.483204370371942105e+01
4.534825657346897287e+01
5.510912357199761402e+01
4.309923381369652162e+01
8.109760779344459536e+01
6.012718525219366228e+01
3.412116815211519594e+01
5.695760908221195962e+01
4.473051540872129550e+01
5.297428602299770972e+01
5.241618732701410721e+01
8.359698194585405417e+01
6.653402225143111082e+01
5.275874498849753991e+01
4.587051973764869928e+01
7.179137850536821475e+01
4.161766421685134532e+01
7.722527316706931799e+01
9.976390466637215582e+01
4.855452674831911253e+01
3.208140003615606872e+01
5.614906697739754549e+01
4.234448192574492964e+01
3.360714808383984575e+01
6.122305088304120346e+01
3.287561360605003813e+01
8.007720379134245547e+01
5.303680961932139581e+01
5.070147190146049354e+01
6.127396401030622997e+01
3.164047321841954741e+01
8.360520593492930175e+01
4.375537753847183353e+01
4.137665711334581431e+01
7.002711823301660843e+01
6.364993403820221118e+01
3.799653342008236478e+01
7.903744959676555482e+01
2.321618436984486777e+01
5.041718698821135547e+01
5.482752157234680368e+01
4.863564016762617825e+01
5.129160651749319300e+01
3.938546899545749369e+01
4.767464780815064529e+01
5.231816615351583977e+01
3.197193557104125716e+01
5.780991716443377726e+01
6.075180307290950310e+01
5.687492052475689519e+01
3.118465470234403369e+01
4.830176842692217321e+01
3.467743648190857897e+01
5.144181228327188649e+01
4.990094202593934369e+01
4.813718302105816349e+01
7.050925702178811605e+01
4.564268313628760865e+01
6.843299080703199877e+01
3.820798933277318099e+01
3.195825281198608181e+01
3.753061766237600239e+01
1.521753115498825650e+02
4.013107501179209891e+01
7.865642831195592066e+01
7.674215341418405956e+01
6.746642586773019445e+01
9.903051709310697959e+01
4.703481064644736165e+01
7.363569615985207406e+01
5.370219583546929698e+01
5.024468210458628192e+01
7.913106410529819357e+01
8.162372149949723621e+01
8.613598089552590409e+01
6.688324079208859985e+01
4.190343753705478491e+01
3.346073665232442806e+01
5.939838509951157874e+01
5.026129423484586312e+01
4.215887231024079540e+01
6.739071881428252198e+01
5.481748016676343838e+01
3.227983534710434554e+01
5.347371427008057054e+01
4.276916812733099249e+01
2.611349657031608729e+01
4.796097665083775041e+01
5.479892712096845031e+01
5.879124299265403408e+01
4.961746449586735963e+01
6.169003316119083280e+01
7.149431637383024452e+01
6.207964167167295244e+01
5.216739012420063659e+01
5.390373876166707134e+01
3.719007769241227379e+01
2.843444909445617697e+01
4.660349416782447918e+01
6.150928223141095685e+01
4.725266232318860915e+01
4.757781751137083148e+01
7.710251293500107295e+01
4.816903893687268123e+01
4.724898875284442568e+01
8.133013909183867440e+01
5.289719285340853361e+01
6.651560945958254933e+01
4.706739570863709332e+01
3.374938559037826735e+01
7.172669181390288884e+01
6.519685381946433722e+01
4.877545251521143399e+01
