1.735627439924608595e+01
1.197334943288919540e+01
1.270451185520412984e+01
1.632897621761978613e+01
3.132166699475892457e+01
1.086995159211707040e+01
1.111311614018213234e+01
8.922162539174145479e+00
2.356225232163455274e+01
2.914619034183276014e+01
6.461481702526858051e+00
1.117383543607284047e+01
8.896475489477269960e+00
1.725308237521150545e+01
1.275495846506733599e+01
1.153079709412150500e+01
2.525276777220324931e+01
1.576059803691608430e+01
1.258467790173101797e+01
1.704418329024920453e+01
1.372431832741037638e+01
1.905330668938036709e+01
2.441017089129088546e+01
9.014241821575387448e+00
1.351429380131077629e+01
4.630376543227794883e+01
1.193359049500169888e+01
1.425475562398098184e+01
2.934761403157764903e+01
1.077900466811253288e+01
6.453736486205765566e+00
8.924027026684061781e+00
1.904096905671038087e+01
8.925024069415563588e+00
1.375391908881407410e+01
1.029608998674284592e+01
1.401383451604966091e+01
1.730298612718624085e+01
2.227678058693004814e+01
9.179121526224925276e+00
1.548584341093603811e+01
1.016524325644586391e+01
1.784035520003989816e+01
2.148169836885159967e+01
1.710389007216143753e+01
7.200448954939067114e+00
2.241550817558519881e+01
9.705725095300175909e+00
2.058165266677909244e+01
1.044918600930407493e+01
1.337350554435517580e+01
3.304740932718532065e+01
1.599208316105865535e+01
2.871710651215738253e+01
1.884401893625647872e+01
2.434211881834860236e+01
7.424421498958001742e+00
1.419400342184571961e+01
1.185767395111413336e+01
2.420926758613584795e+01
1.376585392669724683e+01
2.964060724382220258e+01
1.131946742724166910e+01
9.467201378732815087e+00
9.466880075977478270e+00
1.612109999044094977e+01
8.260339371174000078e+00
1.394349394979154333e+01
1.600793411012572420e+01
1.469665529410362836e+01
1.006789176057805335e+01
5.113804495250255044e+00
9.784266647533767625e+00
9.062685850536592369e+00
1.774329949708663179e+01
9.054966462041033282e+00
1.438233126377699200e+01
2.483795365700515489e+01
1.466113028075851688e+01
1.381868227782791436e+01
1.063501237521195897e+01
2.107569971262288178e+01
2.736505687385989205e+00
9.092550666315162289e+00
1.633423750395685659e+01
1.850646659097708735e+01
1.470411929648049920e+01
8.498133993406939979e+00
1.421176957845108646e+01
1.558853285197714911e+01
9.787569022609396541e+00
5.889369853281235301e+00
1.260256408839051900e+01
2.269706814921137905e+01
1.215709596928068237e+01
1.325576875032125024e+01
9.220237670284182840e+00
2.951446327555317239e+01
1.147202573579080109e+01
1.188141713602058580e+01
1.127007686604782677e+01
1.986857394795098131e+01
7.402223127397571822e+00
1.426905150986554105e+01
1.111610131929475997e+01
7.372423362581385753e+00
9.512393050555175478e+00
5.776323149007698277e+00
1.094620139280555549e+01
7.535444952512981409e+00
4.030705073560056029e+00
3.926355525189403117e+00
9.572217601121920438e+00
1.088284076018916302e+01
1.356201438219128974e+01
3.903877174827785979e+01
7.208461465428463555e+00
1.837977072887690255e+01
2.854081658500652452e+01
4.962347255142914193e+00
2.779999548507736407e+01
8.921620710445294478e+00
2.152920588314929873e+01
1.597724352832126371e+01
1.182381236535647595e+01
7.786860485301811075e+00
2.090288479346019912e+01
1.620419483077075284e+01
1.385923818378264016e+01
1.013269506382201968e+01
1.106078390580140791e+01
1.636654311834689679e+01
1.049866738767318886e+01
8.075584505582718009e+00
1.356545960506881343e+01
5.266029574717588702e+00
1.270846223997928881e+01
1.161230474932549228e+01
2.316812691753404962e+01
7.505491382110550447e+00
4.927771889033099484e+00
9.367781638999572280e+00
2.353096907777386093e+01
6.839573163043617399e+00
1.277310940890166258e+01
1.515214650041398414e+01
1.021320041267207479e+01
9.442789252181023940e+00
9.392265062761918415e+00
1.539692911989228818e+01
1.175635779126423763e+01
1.612832179989631243e+01
1.894249527994661975e+01
2.197910699832777937e+01
1.098304994423631342e+01
1.995308936621421481e+01
7.092730584886412615e+00
2.832406336975068228e+01
1.981311140313209052e+01
1.039790125310546642e+01
2.318743354483680719e+01
1.464190237181150067e+01
1.610331422151194403e+01
1.338989954992617371e+01
8.175984238671379245e+00
2.370913878567167998e+01
2.531331193613529251e+01
2.016512335886276830e+01
1.000595324671018815e+01
1.629308015208451366e+01
2.733160909531174454e+01
2.281858388301320417e+01
1.196831515764373854e+01
1.136249773185312151e+01
3.602409564608642967e+01
1.812648889956355092e+01
2.046214850879770708e+01
1.319675673805812544e+01
1.304707603051248910e+01
1.426200200194709744e+01
9.131864212149933380e+00
2.199137743317285398e+01
1.977685058531124085e+01
1.582739878289049429e+01
1.134205269200911204e+01
6.530928574954432797e+00
2.439236636304026717e+01
2.015547294837569936e+01
9.150944910539852373e+00
2.267861550998015474e+01
1.550229069501586210e+01
1.303640849253056189e+01
2.167891685344351060e+01
1.520007731568797382e+01
1.939547737857112608e+01
1.504391313440899047e+01
2.941463362384302016e+01
1.561919981205302399e+01
3.230152922525228831e+01
2.720644873253298712e+01
1.666294156918975489e+01
1.702955508362625281e+01
1.748021281040622199e+01
9.448281117843031041e+00
1.768129222204204254e+01
1.272078884893945805e+01
7.949327405952566927e+00
2.048584051351919300e+01
2.525210614610828941e+01
7.949462163334936271e+00
2.140908211116940763e+01
1.176861526393942547e+01
9.531031201788861651e+00
7.179711333731741973e+00
2.382322028845164397e+01
1.287717470041966727e+01
2.102188151355192502e+01
7.768592300693460295e+00
5.773026052514425466e+00
1.705898840508456615e+01
9.846549862458386926e+00
9.316997555188743618e+00
1.208270623848474123e+01
2.410035211910340536e+01
2.052250232701799959e+01
1.366446854030954938e+01
1.202012135169933416e+01
8.656948994152047661e+00
1.260607159097184216e+01
1.712316783905377093e+01
1.573084440100195991e+01
2.312484009999135637e+01
1.742833231583713882e+01
1.072145705066022003e+01
7.177180088967687333e+00
6.726120610764215080e+00
9.296143902388557478e+00
2.861713997608852722e+01
1.940248701996281255e+01
9.510907138595491972e+00
1.044741467462436368e+01
1.087723180093504638e+01
1.557261161581936904e+01
1.845721544466719877e+01
2.616935878981905006e+01
1.204174624115201908e+01
5.851812115676687576e+00
1.092992704783092073e+01
2.763828855638749005e+01
3.182802259610368623e+01
2.242355146416206324e+01
2.255713914711036239e+01
2.313853099257286772e+01
8.595407237708920789e+00
1.188993304602289314e+01
4.352736909289869338e+00
9.702706007496001206e+00
1.452371145938145247e+01
1.557280410750710331e+01
1.581653396040615256e+01
1.905083818268691331e+01
1.731489970763426101e+01
1.427184659890129304e+01
1.291030273599053579e+01
1.964013152477244972e+01
1.101501884535244358e+01
1.316196141811780862e+01
1.483978958589058550e+01
1.686057510646388025e+01
1.344249508530862158e+01
2.456031972412510367e+00
1.781044653424874724e+01
1.603920000126697687e+01
2.395438789659909418e+01
8.612307187337849612e+00
5.470724269076027824e+00
9.865072600849032369e+00
4.092774429183938167e+01
1.636238570875263321e+01
1.668754552510117861e+01
9.016561410941800858e+00
1.390054613746980472e+01
7.068593571647831197e+00
7.113822260912074036e+00
9.029393299901203207e+00
1.239143263334356959e+01
1.281279982938384876e+01
1.186060085270861464e+01
1.045314994262910346e+01
2.496372250426025019e+01
5.760642591104174315e+00
2.282241620931166537e+01
2.074076418710940573e+01
1.451422350724196875e+01
6.092995170456952714e+00
1.160425537078165981e+01
1.962329896179062416e+01
1.793578154553749116e+01
8.550436872702471547e+00
1.767817218472826468e+01
