1.861463412914184090e+01
2.795490311865428978e+01
2.121495810478776534e+01
2.773096874850680749e+01
1.978419555787304773e+01
1.330076622547917786e+01
1.061418559921968274e+01
1.191063363393049279e+01
1.405079391543083212e+01
2.770369535733910382e+01
3.031342521747050611e+01
1.098912577472120056e+01
9.735051461388582794e+00
7.593724611050683748e+00
3.357905928933492845e+01
2.963441153800646077e+01
7.268200627735147634e+00
1.584868379916883363e+01
1.068903809300845964e+01
1.554561096311261359e+01
2.032382936340167134e+01
2.109083085174946604e+01
1.577276629402320651e+01
1.849084835224015322e+01
3.223601586047092127e+01
9.632838197571938821e+00
1.523159000299293808e+01
2.208928094086900629e+01
1.383135586914012194e+01
2.368252408991025604e+01
1.502383466633267339e+01
3.659268920180267060e+01
8.662166049807815682e+00
1.044239819160262606e+01
1.807217570391516759e+01
8.528424004661086855e+00
4.560853825802509931e+01
1.466211435719526612e+01
1.963555551838193480e+01
2.599483567984899679e+01
1.684029894627117940e+01
1.763717663480790421e+01
1.969207295138383884e+01
1.451268124287963879e+01
2.861231389951723969e+01
1.347850798004556516e+01
1.420339431964380239e+01
2.389200924028415685e+01
1.249294370101499929e+01
2.243519427930094423e+01
7.979054638628721996e+00
2.548249938187339581e+01
6.237142550006995023e+00
1.972366451835409507e+01
2.931419824032843024e+01
2.485706216744809893e+01
1.804195350487504612e+01
1.216618312940731350e+01
1.486919275373395166e+01
1.680833117326707082e+01
1.722072338256333524e+01
9.271780711284669962e+00
3.502519096101832474e+01
2.502964886528407007e+01
1.134399821889778970e+01
2.372097339538538918e+01
2.762809302619126584e+01
1.461257468358924072e+01
1.893005126932461124e+01
1.019289576997893754e+01
4.266547633836094811e+00
1.110116105998332259e+01
1.775059419166045060e+01
2.345300983278583473e+01
1.884180161054231917e+01
2.545614304959378416e+01
1.016786186278552151e+01
1.468678960910098930e+01
1.675282863296132874e+01
1.915582458540502131e+01
2.075889930761300661e+01
1.385033405315210331e+01
9.159844714091233797e+00
8.499795250646965172e+00
1.278483610287039340e+01
1.872251504932854260e+01
1.814025946895254293e+01
1.427158358734146226e+01
7.730670278666150530e+00
7.283170864088988594e+01
2.207072519144369593e+01
1.737671938012618256e+01
2.229209934454792119e+01
1.723162597715643685e+01
2.478702850964243609e+01
2.074089508507143265e+01
1.998495050657075112e+01
1.804989626863885377e+01
4.743710266712636781e+01
2.128055981890177151e+01
2.090849919197027162e+01
1.551396841532707072e+01
1.796766404996380828e+01
2.964553576139638125e+01
1.972824040334863582e+01
2.362210466663064778e+01
2.232600285753822078e+01
1.900927418335157171e+01
2.122740698520633984e+01
1.205628299106157542e+01
1.710828978947607837e+01
1.979798881015329926e+01
1.348944198932749217e+01
2.713488010614891266e+01
1.250709731237655120e+01
8.321350950435785876e+00
1.253526999375423401e+01
5.357223693134129405e+01
1.184911119737997609e+01
1.849721793933668934e+01
3.070736994735674230e+01
2.298888245733088453e+01
9.222709042300452964e+00
1.529026362217286561e+01
4.701313937597858938e+01
1.978759153878061383e+01
2.218865265045091917e+01
1.546257067464311419e+01
2.185958593322012788e+01
1.867314355352360522e+01
1.760404800350707788e+01
1.277146919010314008e+01
2.285586987467312881e+01
1.398156256975408773e+01
1.459264388473366481e+01
1.263584169570778570e+01
1.389044669410507815e+01
2.236167711440253214e+01
1.148767751282101912e+01
1.836966483445667109e+01
1.531630103611144733e+01
1.392347425763710689e+01
8.286733704407497569e+00
1.710651943168975464e+01
2.935792951671595929e+01
1.439490404737180640e+01
9.814869046881277370e+00
1.024516792900727147e+01
2.208373848374074910e+01
2.374345056623879913e+01
4.086218151318805525e+01
2.905493422416425986e+01
1.237642102971548930e+01
1.586810264544197402e+01
2.245294065657682481e+01
2.713360559600326383e+01
1.560255722672117784e+01
2.528491607928754092e+01
3.276290642271379738e+01
1.658821154947120036e+01
1.910884089749116654e+01
2.235759667092934677e+01
6.599080782687007485e+00
2.515649192304690018e+01
2.242490741848998681e+01
1.511168574280366883e+01
1.767124814262708909e+01
1.495336423251001357e+01
1.641466654250323032e+01
1.494384682261751429e+01
2.066333098613061026e+01
2.283166316766059012e+01
2.152817614252333556e+01
2.967553548919221740e+01
3.057658289908426141e+01
1.370264799133743594e+01
1.593214204737416928e+01
1.789945933223748042e+01
2.865144491264219084e+01
2.204471727223232591e+01
4.815865977759948180e+01
1.495881063268598510e+01
2.581012354218086102e+01
2.391597712381530272e+01
1.413535312117940990e+01
1.676036386357264973e+01
1.555505095129196036e+01
2.264291408198701205e+01
8.665930405028200667e+00
1.250036311383590970e+01
1.344026102112982635e+01
3.082303881562523173e+01
8.727091918121763214e+00
1.600852870844259357e+01
1.662798485590324304e+01
1.345920682041535343e+01
8.762448392308314737e+00
1.486117111958932391e+01
6.826810370131199512e+00
2.404950398297159708e+01
1.392795161568880857e+01
2.463527406107257889e+01
1.487867323848378831e+01
2.352903407504512501e+01
1.608953044540282562e+01
1.339821665730608480e+01
2.688545704611668796e+01
3.385564675032822635e+01
9.151680653975860835e+00
9.738652454885999177e+00
1.522782728110347428e+01
7.826892837688247617e+00
5.362356638606745385e+00
9.594677287156166301e+00
2.584358283274244883e+01
9.971449908513406513e+00
2.141943719732331530e+01
3.353194548600271929e+01
1.518916980011218953e+01
2.431175166714723446e+01
1.645382140463012988e+01
2.000145666849494930e+01
1.964161884494833998e+01
9.635346675702784580e+00
2.718452071498347777e+01
2.927247692527033252e+01
1.314298226107822920e+01
1.870811726072499326e+01
8.908265533526524393e+00
1.421633299285975127e+01
2.110330331084891498e+01
1.276442473499124652e+01
5.821839309816007280e+00
1.221260000709497540e+01
1.603119723764996962e+01
1.994072356563776083e+01
1.173082750221318449e+01
2.169155167761989844e+01
1.078815307967647641e+01
8.232078266958943402e+00
2.060524905562187570e+01
1.178704480321324155e+01
3.748614533451679875e+01
1.461179719685069500e+01
1.734351550901563854e+01
2.474709352815292362e+01
7.862362098535327526e+00
1.918582918352223388e+01
9.105493265620490106e+00
9.602693405847038122e+00
2.779647562231151880e+01
1.583721635877522260e+01
1.093122400987505216e+01
1.193021999287836010e+01
1.825060094450128290e+01
3.882467784754469164e+01
1.562872353174545026e+01
1.362814632367621570e+01
2.830863697842781690e+01
1.061284035471345710e+01
1.312432668076171360e+01
2.126572314738193370e+01
8.484736595147715832e+00
2.664033815051916676e+01
2.197244638868069799e+01
7.956243659307670413e+00
2.031910910098910605e+01
1.300379570576329513e+01
2.394074670403988847e+01
1.146958440964566250e+01
1.849771851404335266e+01
1.796842255226651730e+01
1.168727248860719214e+01
1.497376524329473924e+01
7.787480373736380024e+00
2.235980098541995531e+01
1.676125288520960765e+01
2.699348285048913354e+01
1.602545304088096145e+01
1.312211077835793738e+01
1.541599081248864245e+01
2.036990064380351129e+01
2.874874619082631355e+01
2.164239768294391908e+01
3.239599289349826705e+01
1.492192188728121138e+01
4.342847583639677111e+01
1.189831734289738741e+01
2.866290352338844016e+01
1.736266314807702926e+01
7.604306070510701510e+00
9.006684605730084670e+00
2.220828387444493046e+01
2.111795668673151738e+01
1.107828502671454451e+01
1.856332812309684499e+01
2.973031261839999218e+01
2.848233184531670759e+01
1.227104098072917360e+01
6.023959884553924837e+00
