1.929074235792478120e+01
2.307881010150755685e+01
3.557396856591699930e+01
4.937006590986217702e+01
3.431989871212977050e+01
2.819591574890188923e+01
2.908849316529641627e+01
1.252591888182687541e+01
1.403382451960161426e+01
1.677851671821825974e+01
2.444717912216771794e+01
3.367288287167134797e+01
5.531607960768393895e+01
3.582899633071581746e+01
1.573646712005654180e+01
4.832866721408262123e+01
1.304383694174394215e+01
2.516139429539391870e+01
2.442364388599523650e+01
2.804519613753596730e+01
2.498825438728381343e+01
1.207029785683613277e+01
3.119778368769793175e+01
2.157101303114619029e+01
2.553026959652196126e+01
2.706058175738117555e+01
5.348450250044000143e+01
2.172852451095048565e+01
1.416121261219361216e+01
6.992780393226722069e+00
3.389273074731625712e+01
1.566843334055767123e+01
2.442875007271810617e+01
1.891379888214737903e+01
1.331659221931374937e+01
2.884765553322081644e+01
3.154955256892835180e+01
2.237154464590182812e+01
2.434187557117931533e+01
1.370438676403812828e+01
5.371739771466606861e+00
8.778759101299014489e+00
1.221975919416062695e+01
2.999596415985113396e+01
8.482681824651052693e+00
3.786813156186689611e+01
1.506980005839666248e+01
3.412973173088533940e+01
1.523110338553278531e+01
1.850905103816657871e+01
1.642849371357160493e+01
2.653943307702646948e+01
3.726741806658242950e+01
3.203527669218728846e+01
2.046530858357622051e+01
2.855397148619145042e+01
1.763242438747037966e+01
2.912232608503575904e+01
3.261252527838359327e+01
2.219228543850374180e+01
3.316003511333237697e+01
2.102786387365143383e+01
4.364561701813077121e+01
1.963540384476961975e+01
1.420912520864607131e+01
3.667504223109526862e+01
2.539681087020711203e+01
1.590623646879301667e+01
1.116592380672435425e+01
3.513273968694944216e+01
3.998143374984716303e+01
1.680880547299216232e+01
1.810831631576830247e+01
4.921502451689350011e+01
2.636536562959541996e+01
1.552961175807606864e+01
1.425958916440996838e+01
2.080905412857028480e+01
1.257210833828151841e+01
1.170445538555126674e+01
1.301988837427754753e+01
3.926732679680162619e+01
2.473186198750623532e+01
2.588896328618791287e+01
2.014963743389694528e+01
1.084474146952171125e+01
1.417666329328600838e+01
2.738208713325410315e+01
1.108743295242734206e+01
2.696821565078010252e+01
3.690173163359281716e+01
3.117974443616357760e+01
1.796954573863098048e+01
2.981163992034509391e+01
2.826491420101653063e+01
1.806142812305340328e+01
5.250780315340403348e+00
1.551488576737002667e+01
3.581355069606168229e+01
1.706194513335517726e+01
1.267357619139279379e+01
2.466165845679649138e+01
1.228994066961903542e+01
2.357535137191311136e+01
3.808155159382067723e+01
1.257081199102749558e+01
2.178182218302353235e+01
2.682876205287376337e+01
3.007271839009558789e+01
1.221451572346659198e+01
1.831567206044182328e+01
2.702693224606379374e+01
1.586983269506507455e+01
1.543389153233937705e+01
4.050774483861794550e+01
2.720276231365414077e+01
1.772458226185237251e+01
1.936244587145084139e+01
1.693552484216851184e+01
2.231015248262761830e+01
2.019634669148884143e+01
6.748748728125156582e+00
1.844810357470802131e+01
2.795413386735111416e+01
3.104061916605097693e+01
2.022530236546876381e+01
2.625186511522230504e+01
2.144899718019831525e+01
3.021697840655727418e+01
1.297592903112909468e+01
1.287800059566762378e+01
2.512861713450657675e+01
1.703135083924993509e+01
2.165522506889792709e+01
1.301113625726806511e+01
1.007399467761108447e+01
3.699203912477438649e+01
2.079411838000520518e+01
4.803228621190896774e+00
2.801555568117192863e+01
1.026523340658123828e+01
2.045565469174026063e+01
2.656928584563834050e+01
2.229202481829762306e+01
2.192021123589745102e+01
3.928635022588692749e+01
1.107246082950307198e+01
2.339083440687831938e+01
4.630523191158543028e+01
2.236863467431104624e+01
4.190493314460077556e+01
2.241015718866444217e+01
1.194792059138146278e+01
2.861758655300986476e+01
1.433138957536865021e+01
1.208622483795327796e+01
1.803444542560480812e+01
1.690753314957770925e+01
2.817364255522801386e+01
1.569533474087073266e+01
1.457676363710293188e+01
2.572860457598826400e+01
1.510639097418657784e+01
1.529591382884132855e+01
2.316217758720153697e+01
2.349321311080664998e+01
2.496402560155654626e+01
1.297395421470571364e+01
3.148087404366968300e+01
1.074633961507984203e+01
2.447156509283411907e+01
4.325755335389634837e+01
2.143733243062829885e+01
1.586778044862937698e+01
4.232140758341624576e+01
1.979656410989962012e+01
3.090639031835823047e+01
3.021353927738615042e+01
7.132296846882600683e+00
4.707646088082372415e+01
1.491900724046987214e+01
4.930198806679532453e+01
1.261968577614234377e+01
2.224646277058202770e+01
2.291697331984826391e+01
2.509575353207640092e+01
2.244861033294709785e+01
1.821295337855524821e+01
2.024296465071530804e+01
1.535458561124881172e+01
3.188063187274226351e+01
1.443370330631759479e+01
7.915368469370877236e+00
1.897317438211612028e+01
2.085860702456349003e+01
2.510749583617981884e+01
2.066796994336307236e+01
2.926080071494277490e+01
2.716231884744459890e+01
1.267307726284165348e+01
2.294821378384167332e+01
2.354969566747024601e+01
1.879630711478579386e+01
1.838452880869679973e+01
2.669949117918135428e+01
2.057082713272508911e+01
2.906866148341997658e+01
2.658509967646557826e+01
2.862747734943939193e+01
3.359433712468465671e+01
5.262446793012360047e+01
2.236716679422536203e+01
1.409889049240631032e+01
2.336478653880174150e+01
1.481230566710126872e+01
1.930090767995939061e+01
4.357554760760613988e+01
3.905931460056969939e+01
2.311853509489564473e+01
1.518341679091146013e+01
2.275301621794134377e+01
2.263231135517128578e+01
2.103772746280146677e+01
2.693819518941781865e+01
3.243156575569877731e+01
2.725656161368513963e+01
3.597798854578286409e+01
1.641991699703830321e+01
2.689845029568303403e+01
1.648047455257346172e+01
2.671232061334412933e+01
2.387102717445588951e+01
5.244988765427483912e+01
2.022784755034846427e+01
1.531081426123633626e+01
1.943005948859731546e+01
1.773284952902644918e+01
1.726398287322468406e+01
9.411158083696413712e+00
2.115470067519878938e+01
1.000360582482045935e+01
2.931242382410046332e+01
1.796723868037321381e+01
1.663100728774622894e+01
1.747950874272506283e+01
1.469793736078501034e+01
2.838982514904907006e+01
2.342571948033770823e+01
2.054411414118971635e+01
1.168951174505306767e+01
2.743956224097183849e+01
1.923568258003000864e+01
3.399704870639646970e+01
1.453448271376293555e+01
3.016307617020734710e+01
2.961309669786053789e+01
7.145946331262263307e+00
2.749557864513523597e+01
1.233151243107872830e+01
2.250484103793079171e+01
1.164791290866249795e+01
3.678502817962463212e+01
1.085814433381547239e+01
1.293088225599360719e+01
2.014323394209835172e+01
2.840375113700292431e+01
2.288838745707789357e+01
2.927512540572885413e+01
4.074222379240271863e+01
4.082682529223500012e+01
2.072454797766441459e+01
1.789762706373574375e+01
2.250305370312682740e+01
2.320034706755084741e+01
2.254067877637560713e+01
2.602528905438514073e+01
2.425191741433292947e+01
1.056678468067388721e+01
2.940905080006918126e+01
4.556027708689683209e+01
1.490957070118663097e+01
2.066184514203620637e+01
1.842338993076181453e+01
2.855221224490636800e+01
3.351028829338513049e+01
3.025364895479749450e+01
1.911186382087107205e+01
1.914523604286963376e+01
2.122815996004012007e+01
1.155147403786230598e+01
1.891724807805837472e+01
2.841417236129656487e+01
2.369015512795873946e+01
3.617154213577136090e+01
3.179958995185134185e+01
2.475431330992322998e+01
1.808767364442366343e+01
2.209164512697918070e+01
4.219945623629575238e+01
1.825781023680768556e+01
