1.248696127959646596e+01
9.380237002292183490e+00
5.923333232289591521e+00
9.410396389280677454e+00
8.124878425335209542e+00
4.384021150522745991e+00
6.623091008048227479e+00
7.208163334700167901e+00
8.791021496261530288e+00
1.307621257705027062e+01
7.961993259393791433e+00
7.624661948582113880e+00
1.396313044349011534e+01
8.210774303406948249e+00
9.116905660108999498e+00
9.250397815416343761e+00
6.490441943871214647e+00
1.994165469756525511e+01
7.208658765049356099e+00
5.335803766996304098e+00
3.481714071585563453e+00
8.140457754476088326e+00
1.542273310002207509e+01
8.394036824499840677e+00
6.500123071431488597e+00
9.606458435707258658e+00
1.732819439138856765e+01
1.125222041133353201e+01
3.709360065253556105e+00
1.247990376921178246e+01
8.627876632146680436e+00
5.678836038251456664e+00
7.230196741236193603e+00
7.848817087990640040e+00
6.477854086389346122e+00
1.200723184803794830e+01
5.562465169402895704e+00
9.801531473898936753e+00
1.737876116954806349e+01
1.030411151184376450e+01
1.216331730102128006e+01
8.012553862158632967e+00
1.568699787188832317e+01
4.327601687459345037e+00
6.678012263082155009e+00
5.774272053723620068e+00
1.301716825232924535e+01
5.639736776270706464e+00
1.033759604809326582e+01
2.810756125903397074e+00
1.295277300453260239e+01
1.509901513081117663e+01
1.162374017217798539e+01
1.997306192825584148e+01
1.248341622785942562e+01
4.528153442181043431e+00
1.000076061019870899e+01
1.206467531469581367e+01
4.332147121389851918e+00
1.154207555192872015e+01
4.026143322503209276e+00
4.493137834794486696e-01
2.208154055551941042e+01
2.078869983344411310e+01
1.242842083652101515e+01
7.041077798123962950e+00
2.327583137991537043e+00
1.950216367532077300e+01
4.252874521225534110e+00
1.003125111720282803e+01
1.348939199917757570e+01
9.188487998712634663e+00
6.677619560679064925e+00
1.035063262410627161e+01
1.209149166688966304e+01
1.454729388420301817e+01
1.645182003616983835e+01
6.908205821587709572e+00
6.199685251321669810e+00
1.092573249907063193e+01
7.307870812710038244e+00
7.332619601779572172e+00
9.094370742854735568e+00
1.361077197070800082e+01
1.026342342866572288e+01
4.586872560614044581e+00
9.452345508328306778e+00
1.112118791465235734e+00
5.584731281434922145e+00
6.881816766166780397e+00
1.553643208075858340e+01
1.133062139463314821e+01
1.029819169078816898e+01
1.680143143210051093e+01
7.006300462491593883e+00
3.175644609355751768e+00
1.832610364838893702e+01
1.179429591003110112e+01
6.451284307125126460e+00
8.473672406782410960e+00
1.436315226905712983e+01
3.715399948453924406e+00
3.191653782227544145e+00
8.425082318419969241e+00
1.171760195378220359e+01
6.451593498596298382e+00
1.049713942630573094e+01
5.546825792939642952e+00
7.897899256516333821e+01
1.391455407763400665e+01
6.723859224136096380e+00
1.336394066087933830e+01
9.274163925450563895e+00
6.160162584924300688e+00
9.561710641767819041e+00
8.475114917906042322e+00
8.753723650310870852e+00
9.737339451023416359e+00
7.964276460227314836e+00
1.024366956299649090e+01
1.374689711966354011e+01
5.186726871908920344e+00
8.503773230395562877e+00
4.882442409526889016e+00
4.705703362382042343e+00
1.109891421438143766e+01
7.419472820277294822e+00
5.098659227981832132e+00
1.090912187085120522e+01
7.194824999383921060e+00
8.843914307732383406e+00
6.817919120543191269e+00
1.172253454529969474e+01
6.712636534200778549e+00
4.329454146343934440e+00
1.228236316281750895e+01
6.283946498525501134e+00
1.973126964973320341e+01
1.664444619724833174e+01
1.399192398863459808e+01
6.594360727842498271e+00
7.701049153375668865e+00
7.030966346533822353e+00
8.056758842309021063e+00
5.947940610622394431e+00
5.700977239738912239e+00
4.227843370901650744e+00
2.227337894146727226e+00
9.821000197933649645e+00
4.000791490477303647e+00
1.797198921106524949e+01
1.859279402181460839e+01
1.256985884837193268e+01
1.536745487245032038e+01
1.148075877510284570e+01
9.593757774594607213e+00
9.154775870470638566e+00
1.643623822175802118e+01
4.519758046308149702e+00
1.297556882911985277e+01
1.088226865511692765e+01
5.396965444429048020e+00
1.260281783458837879e+01
5.837596986334125937e+00
1.201544331772021046e+01
2.283019032953526661e+01
2.013101847727551785e+01
1.454093065104472871e+01
1.600999624627986861e+01
5.397450230722417253e+00
1.178800011444307039e+01
9.698573936865088285e+00
1.290651945430101932e+01
1.557085209948776061e+01
8.035203169670687373e+00
2.389680986063962731e+00
7.977342994588612513e+00
1.014581891605589981e+01
2.334459834217769725e+01
1.419462375041649516e+01
1.227323299610643303e+01
8.741237812450609823e+00
1.176488119401238386e+01
6.295101277143460905e+00
1.165603695120553773e+01
2.235855560469667491e+00
1.636319380408935231e+01
7.352693144049873730e+00
6.427925591112970238e+00
1.010658393609746675e+01
7.470336107700980222e+00
1.081647836113015337e+01
1.129170440348137028e+01
5.825335584033611624e+00
1.838091555568260560e+01
1.034107175109830301e+01
1.093331863407774662e+01
1.608986745947677832e+01
6.596017753104613135e+00
3.317633662458360000e+00
1.587842378545921918e+01
1.002819977927814499e+01
5.269110675683712053e+00
9.319982354172921646e+00
5.655021977313575476e+00
1.958180644867452003e+01
1.307368556940869020e+01
1.211540599408026786e+01
1.395375138319925590e+01
1.109552507273664190e+01
8.290685926512948001e+00
4.989437858819695037e+00
1.047591751205665611e+00
1.898454594924026750e+01
8.808047115647465120e+00
9.682191742790461575e+00
2.164503552196010006e+01
1.089703629465235402e+01
1.041785290168352063e+01
6.813367800947799147e+00
1.488373326175335798e+01
7.110668528148435641e+00
1.032472626543641958e+01
1.636001848398928260e+01
5.003811804582273481e+00
1.400357312744085370e+01
4.409886267218226408e+00
2.614117451113103563e+00
4.222026667600203176e+00
2.407114424338491432e+01
9.988105365340324227e+00
6.015404435036256103e+00
6.622125511915250229e+00
5.036273465105721492e+00
4.850453405585603228e+00
1.312892190391130676e+01
2.441540533372370980e+00
1.122973308436219320e+01
9.949611389197542621e+00
1.612725111621614360e+01
8.812506807444620449e+00
4.591781334037762008e+00
1.180253578828405203e+01
1.632749045524177944e+01
8.297021006325417503e+00
1.128395955973400078e+01
6.497017250104113906e+00
7.346446105044711850e+00
3.117516150909220851e+00
2.074982672560291164e+01
4.177488108662537769e+01
6.645205211318700123e+00
1.072197600624535063e+01
4.176254073591402971e+01
7.242712684814469171e+00
1.145872042253840739e+01
1.519697355111863146e+01
6.490205528775486954e+00
1.289041768135870747e+01
3.735838450793717236e+00
2.944834539571852261e+00
7.193658987766600177e+00
5.354341396817606125e+00
2.134845662826996104e+01
6.051653592384944602e+00
1.707049593994188186e+01
6.641519272239678529e+00
1.022595238065198586e+01
6.985618978757827335e+00
5.616845663506711439e+00
7.600038327242209846e+00
1.146229490331124445e+01
1.408854607091559608e+01
1.098725159066546553e+01
1.305951205190153530e+01
4.212231490949227108e+00
1.236433359677262267e+01
1.431441759372903277e+01
6.011585140469813737e+00
1.705604745864043181e+01
8.288888217725236984e+00
1.855224055078153356e+01
1.722320863495817633e+01
5.250566741918035518e+00
7.599047296632464032e+00
4.541846036177288326e+00
7.081712882478512050e+00
1.504166575558716268e+01
9.890314812409762624e+00
1.441925135881177766e+01
9.806851645474070622e+00
6.213960450933402768e+00
1.011578722340237491e+01
5.419997188422843948e+00
1.122351245093973837e+01
5.542825568762570043e+00
4.563114084114264557e+00
1.258520494758574593e+01
6.084250512478210915e+00
1.231901524961251937e+01
