7.643643168382952524e+01
5.642230464628693909e+01
4.876702516913011465e+01
4.556101554545680443e+01
3.975555787383603956e+01
6.206613430160530953e+01
5.707384040988695517e+01
8.772102040275922263e+01
6.437734865646608284e+01
4.924155544340757018e+01
6.783727440923331642e+01
6.421817913195478411e+01
4.889201932042595899e+01
5.222805301614654638e+01
6.052722826024002245e+01
5.414784799645145341e+01
5.892414225393277150e+01
2.639867115309209211e+01
3.441153729668951655e+01
3.983428655149644015e+01
5.413088325984151794e+01
7.059183573382679810e+01
3.098851840215147035e+01
6.573763682666964314e+01
4.423189043768793027e+01
4.489652346209678058e+01
5.240346347073149502e+01
6.467443276972920785e+01
4.606834430235982580e+01
4.764847060318471250e+01
6.281557484801201241e+01
4.139665898781086639e+01
2.069955639059115882e+01
5.937054972166047406e+01
7.388183507173857834e+01
3.177448002715618713e+01
4.292717628529165808e+01
5.987705501177743628e+01
3.414722957429876260e+01
3.682715718065815480e+01
2.998449514673209038e+01
4.575590544470863108e+01
3.161195601399180433e+01
3.806246486880753110e+01
6.256676041053947301e+01
2.844587222702194040e+01
6.540057757817719164e+01
5.114921777389408675e+01
8.108450760185101558e+01
3.301917036836738362e+01
3.167115960113988749e+01
4.723174700835767936e+01
6.112375090445608805e+01
5.587352121186078335e+01
5.328409634735874079e+01
6.849492483296533862e+01
4.475895745565264860e+01
6.881157201851804928e+01
4.848716003788850770e+01
4.899130258695515749e+01
5.794115067445056155e+01
4.488780791751077004e+01
5.806852448480579199e+01
7.701383781338157064e+01
3.123588834279519588e+01
5.222583165543898787e+01
6.614384007881500338e+01
6.783173924506169783e+01
4.769709896989078146e+01
3.936048452093179151e+01
6.448502635379580283e+01
4.653651635627449679e+01
8.043014689729503175e+01
2.147275274321760818e+01
3.207061389563025244e+01
2.232906287685406355e+01
3.817622864749415612e+01
4.894128202193884647e+01
3.066509793229557346e+01
7.515085494281078127e+01
4.506316015228754424e+01
4.582079206287217943e+01
2.736393212707595168e+01
4.273772883765325759e+01
4.632975964978930961e+01
4.328521404372055770e+01
8.832278068844109953e+01
2.587646252780634981e+01
4.941401579423985169e+01
4.431945354279594795e+01
5.988302969912023599e+01
1.011843132410502051e+02
3.939946090939070444e+01
6.169648461386872640e+01
6.422417086740649950e+01
2.921989160215263936e+01
4.373751280300371036e+01
4.792925139115868660e+01
2.669943925443246968e+01
3.746696801104582875e+01
4.075808546713579972e+01
4.287499623174184649e+01
4.387897185534047395e+01
6.711563185138123799e+01
5.988518063594331409e+01
3.987597052776056472e+01
2.690389985238833859e+01
3.731923535382979651e+01
3.588996905543794469e+01
5.058474265289821403e+01
6.655176595309876575e+01
5.862108574884090473e+01
2.896376193788883313e+01
5.106783664070596274e+01
5.893140772716240150e+01
3.671369704634957998e+01
1.564271423426482777e+01
3.782547109745760139e+01
6.831955895245228305e+01
6.514541403995542623e+01
6.702000539180970407e+01
7.113777390862657057e+01
3.394407607009716088e+01
3.543134045097619378e+01
5.308195172093793701e+01
3.605710641334741950e+01
2.818674242000929908e+01
6.098960721473495283e+01
5.152584070919793646e+01
5.713013704406927928e+01
3.474345606846095791e+01
6.289524340397879598e+01
7.369582227104025662e+01
6.647468869569161143e+01
4.837830314527792552e+01
4.710547986549222799e+01
4.009593180884252206e+01
4.636823413131784832e+01
5.295337929133120980e+01
4.634877771554008064e+01
5.535815972111816308e+01
5.358644361932138622e+01
2.104469551804469063e+01
4.241790151377147566e+01
5.528543531362635122e+01
3.576799450890192134e+01
6.857007713043378772e+01
5.307536298941115405e+01
5.472700143256575700e+01
3.613581361026042060e+01
4.049952072915458245e+01
3.295283053285942998e+01
5.645721054159883323e+01
4.054600093637638025e+01
4.076876288326884890e+01
5.409963395420438559e+01
5.127844257977887565e+01
5.063174566118935616e+01
3.807940356970759410e+01
5.888546050486669259e+01
3.527688509803001438e+01
6.178605277673520391e+01
4.240409315557062087e+01
4.704866194118221046e+01
3.486510868612504765e+01
3.464117683255325630e+01
7.389264574743683056e+01
5.230684423437489983e+01
5.028575261594382795e+01
2.922517397541309592e+01
7.146776222258246491e+01
6.036500212157871914e+01
4.020554173970194967e+01
3.798724468157567458e+01
4.147821611090079585e+01
5.573825722974665098e+01
5.868785920997758865e+01
4.318015818404524708e+01
3.946319411182845016e+01
4.697153748321303368e+01
2.377017512873492322e+01
5.744868361550217628e+01
5.970034431581859025e+01
3.941640910025006406e+01
3.354966388723465087e+01
3.591646952753374933e+01
4.876023465368820808e+01
5.268260590695380330e+01
3.354700992580820440e+01
5.780987307942586995e+01
5.228166611808541830e+01
2.141820910295472302e+01
5.791222110393025702e+01
7.775677277837351653e+01
5.454112254105429969e+01
7.469415427613640190e+01
4.003476659965831885e+01
6.335181504961310139e+01
5.266856253350571393e+01
2.016884118405942417e+01
3.416416686856069163e+01
5.637722291909451400e+01
5.300374120010360457e+01
4.264289535296881439e+01
4.222629271600617784e+01
4.884536570690617197e+01
6.369814548869174331e+01
4.081829732554329837e+01
6.403404500093256502e+01
6.083517527176321948e+01
3.509288374458508741e+01
4.312352791915908767e+01
5.330782695053544273e+01
5.632651858426643798e+01
5.961888190763025364e+01
4.706010903482663821e+01
7.104553687564312270e+01
5.664757874538042159e+01
6.327149098271380723e+01
3.630293391207553100e+01
3.466612413079097621e+01
2.087194727003454631e+01
4.676215082444229409e+01
4.978942720522204723e+01
4.133964375365713551e+01
5.348917700442193990e+01
7.119728332922153413e+01
5.573525843079642783e+01
7.306364901588329985e+01
4.904816200122714775e+01
3.860755562285471854e+01
2.066248737368907840e+01
5.493091785434603480e+01
2.166129384869734054e+01
6.280180159607066059e+01
7.515906342392185024e+01
4.250072202184982473e+01
4.079120271194643976e+01
6.025252155038253221e+01
2.867759812652976237e+01
4.366021851657643538e+01
4.168722604543701493e+01
6.675240356702499867e+01
7.031429503289544414e+01
6.031216156434378917e+01
3.717387736806875154e+01
6.920645829043267838e+01
4.579417647070565067e+01
4.360189962806583708e+01
4.302492914109356548e+01
4.954359101769311025e+01
4.232242597941011297e+01
4.837873699154784646e+01
4.256197178753457422e+01
4.488652513289872559e+01
4.210180149152419915e+01
4.871202461828816865e+01
3.530700680249373136e+01
4.023192660180779967e+01
5.790874996899619731e+01
4.402504546657248596e+01
3.692825145469886650e+01
5.070965090295780442e+01
3.359491042591027821e+01
5.016043443770195864e+01
3.636875374715994269e+01
4.019868352146171020e+01
4.211956535152372538e+01
2.617504861838102670e+01
3.567181118168728915e+01
5.371354031624215253e+01
3.799523503574432937e+01
3.539551303895150625e+01
5.626133400817003150e+01
4.940129898176911638e+01
4.711086417862983211e+01
5.253957674843675107e+01
4.214481602660125503e+01
5.883633699010228923e+01
4.355985218609627907e+01
6.772234477407459963e+01
4.558747248252035433e+01
5.180018570203549189e+01
5.768212102072765646e+01
7.351026471159845244e+01
6.385339433656330499e+01
6.326269370577603013e+01
3.612308572181316180e+01
6.669000964938521747e+01
4.545175553302864557e+01
4.118772656597878523e+01
7.009984059945576007e+01
6.107433938730439849e+01
3.845711832002827890e+01
4.891613034529064663e+01
2.287743381735899106e+01
5.181177138496108370e+01
4.937826850606621321e+01
3.344196814180688193e+01
2.450609537616224998e+01
