1.324779722137656002e+01
1.447775570375671172e+01
9.382386744948412627e+00
1.514994157626940563e+01
9.821949009235810379e+00
9.500451299818976736e+00
1.142904783246731704e+01
1.397259167545069936e+01
1.095536379473628941e+01
7.096623915687493067e+00
1.178025179823586477e+01
8.212783110981613177e+00
8.249038403893230509e+00
1.456500737866936213e+01
1.161894903596735951e+01
1.171592879371722695e+01
1.082473609288870264e+01
8.368712043408276458e+00
5.712595790566002307e+00
7.293557760159478320e+00
1.235716727191881859e+01
1.594874805032063136e+01
1.153223020527851261e+01
5.923805709429496247e+00
8.867998341312075539e+00
5.056381539844378992e+00
7.849572192703062612e+00
7.028419854598100258e+00
4.607404850039673150e+00
1.021725186965072574e+01
1.497888234916340799e+01
6.666244352141978524e+00
4.159313965103519806e+00
1.220817894948257809e+01
8.413538086813618477e+00
8.909826956943044607e+00
1.129154314226247102e+01
1.286261308306602835e+01
7.831623463734020518e+00
8.608120132980104700e+00
1.180876079502662002e+01
8.857174994584548600e+00
1.237372060909669536e+01
3.463385665732295227e+00
4.499932668493698884e+00
8.548471373342048096e+00
1.638867806811947148e+01
1.663352495021682032e+01
8.505921233390852265e+00
1.039357834872398811e+01
4.978728776212069107e+00
8.658228108817684898e+00
1.020288079326681796e+01
5.347506032985810620e+00
7.662412008550769649e+00
1.372166346378477897e+01
4.985671493267124887e+00
6.578534475842573670e+00
2.497758777598519053e+00
9.973944570933053200e+00
2.531413225247172161e+00
1.177461856609437163e+01
1.066506140823333837e+01
1.196216370898878800e+01
1.359471822201504132e+01
3.145348908655658526e+00
1.219734644542543656e+01
7.252902727444938691e+00
1.133448593163254259e+01
7.663302687550901382e+00
7.691806933965439796e+00
6.770171504395747775e+00
5.223385964085657918e+00
2.210652533121368180e+01
1.562278608978877159e+01
6.610940344066309038e+00
1.240778630441031538e+01
1.195172726621227000e+01
1.834303802267809047e+01
1.024008564610334204e+01
6.352385263092146239e+00
1.707960229566758770e+01
7.375347649226022817e+00
1.027569698557649502e+01
5.324048406086156149e+00
8.495522812420887249e+00
2.281730473171865015e+01
1.166888449379555226e+01
8.431016414329080888e+00
7.968477409459198135e+00
1.150759799108121761e+01
2.117983023069536586e+01
1.537176930792499974e+01
9.664284443642626954e+00
6.032261190090793868e+00
1.261399700164006710e+01
8.697248145317836077e+00
1.536955142593612145e+01
1.116199544982490854e+00
8.114629517744685216e+00
1.471174348979467439e+01
1.365666258960490076e+01
3.516546515618435897e+00
1.093231955588533388e+01
9.531006616948547006e+00
9.102297598420951985e+00
1.039456169211706715e+01
6.077534574231300724e+00
5.290326460990415924e+00
7.231459074430092393e+00
6.625276044630938443e+00
1.279233684211823885e+01
6.745337157905024306e+00
4.132165333975694921e+01
1.293781027212901691e+01
5.583293348479551277e+00
1.360758985806063848e+01
4.274244362087327609e+00
7.885591429562023968e+00
9.746218739236045536e+00
8.503441284543598044e+00
1.747062297947113763e+01
1.125590880010559047e+01
8.537060368405974486e+00
4.849383589681840689e+00
1.904259900865584854e+01
1.330946793087700541e+01
1.605873279069804838e+01
6.285438273040393931e+00
1.744918071676620031e+01
1.119266318780135450e+01
4.039642767121307543e+00
1.216449117458644125e+01
1.684850141222758424e+01
9.528990900843828271e+00
1.027701571803918945e+01
1.749645420489115111e+01
1.584993936547205884e+00
1.074542614277403452e+01
1.396527391460773515e+01
1.115626687125336858e+01
7.028644057698240744e+00
5.686443343920798199e+00
1.028394323123584897e+01
1.553762194310456302e+01
6.016903196448975422e+00
9.365670573731406989e+00
8.652139685044426543e+00
1.278982517518766571e+01
1.247640007849138399e+01
1.208404802376662168e+01
8.188768987033721913e+00
4.331833737937225592e+00
2.457369080556852126e+01
9.719046034549306157e+00
6.950969308380675393e+00
6.983577549313775279e+00
5.507203971051231051e+00
8.019062891168514895e+00
9.410898327108389694e+00
6.820121595038699525e+00
1.851402560990724311e+01
1.329654385575732789e+01
1.733985294364329732e+01
6.575939296879962370e+00
7.953065021160126591e+00
3.999757797333339582e+00
6.603094197086733175e+00
1.325947359177002127e+01
1.149742369829031396e+01
6.536815733381454940e+00
1.141488534091737073e+01
7.325815425780262125e+00
5.721493964498105100e+00
1.541930389479911589e+01
2.380740079940111187e+01
6.960326641957045979e+00
9.099923151696339474e+00
7.149811179391441840e+00
2.917453016679596001e+00
2.327092447122333496e+01
5.963536945695786962e+00
1.198515301757338314e+01
1.866086427348876242e+01
1.144250181031776492e+01
8.605383835411998916e+00
1.172429327553654055e+01
1.173397037645234597e+01
5.465694984331188166e+00
5.208239007070858406e+00
8.917975854978056560e+00
5.673786990406376241e+00
1.476255403411391143e+01
1.854599043992860175e+01
1.438320777545716922e+01
1.606153701168558356e+01
1.020747691975008209e+01
2.766067415659054340e+00
2.475853253594072001e+01
8.691542905021581333e+00
1.143937228295761876e+01
6.951402392491766058e+00
1.030667447058168484e+01
6.576827439450044110e+00
1.503901076165618100e+01
1.126524919380366896e+01
1.504082184929765198e+01
4.996333563485475970e+00
8.721677969016132792e+00
2.039071031586412275e+01
9.538441321934165273e+00
7.799297942864219735e+00
8.205207897248968152e+00
3.823585291959655130e+00
1.239098636311634394e+01
9.565431180062514471e+00
4.261206372759945182e+00
7.080067115519331544e+00
5.201934189347690918e+00
5.498088459213445134e+00
1.456768413850579869e+01
4.772171555242408658e+00
1.698504477202155982e+01
1.712832551601291442e+01
9.154889397055802291e+00
1.118507282868942454e+01
6.690926694207682601e+00
7.781381635543973552e+00
3.256735416125168925e+00
1.547376621251930828e+01
7.034551546739569616e+00
4.474287919115720769e+00
1.099983718373890795e+01
7.572068075249758223e+00
7.867974145290300925e+00
1.457402854388707425e+01
2.441465630814213839e+01
1.597681764726529430e+01
2.421017811243506301e+01
9.744224430493918732e+00
1.287870898297543398e+01
7.142426796205574746e+00
7.893031998962623419e+00
2.426153448997311202e+01
8.686949750413958782e+00
1.529382221997240698e+01
5.543187656658329132e+00
8.069881089963921283e+00
5.664856105983743007e+00
7.200643961003856397e+00
5.631154032463759229e+00
1.331198007520463733e+01
1.050038831517694682e+01
1.675964205454678080e+01
9.215402244582934443e+00
9.386204944389188398e+00
1.099637132947930240e+01
1.118779731577382464e+01
1.010937870408019634e+01
9.145889663299533012e+00
6.738180715056045322e+00
8.991465562727304572e+00
1.073411290063226708e+01
9.929610222810266507e+00
1.379924676818269624e+01
1.015960827623115748e+01
1.990302186180250033e+01
1.215454318668835931e+01
1.111007401586556576e+01
2.184847567479049957e+01
5.660369161264207527e+00
1.447179215616258574e+01
1.670811818790694758e+01
1.483051287807295715e+01
1.771772151334333856e+01
5.487252514230620548e+00
4.213987620036543369e+00
8.261441887041156562e+00
4.469382993841623630e+00
4.960570128254372158e+00
4.885172725131083915e+00
1.610520023479829632e+01
1.190416955196971216e+01
5.400568517470588858e+00
1.049489572272007010e+01
5.510687091989609598e+00
1.402124968690687368e+01
7.185505112037791520e+00
8.477959532919564722e+00
7.103041630008934071e+00
1.081146008720546980e+01
7.593227517193571252e+00
7.445046981612079229e+00
1.690983370129111307e+01
1.272218295412753442e+01
8.982568458482278473e+00
2.910634094201264510e+00
5.361914421833875011e+00
4.762233349138904615e+00
1.195735070701708835e+01
