2.864035214069964042e+01
8.801222046546470779e+01
4.901143298009265692e+01
5.872890475003720923e+01
5.917112929886924633e+01
7.464401440309670477e+01
4.311798344633957214e+01
5.489108578442614572e+01
5.239767674070407821e+01
4.950118522341055183e+01
4.489665527869133399e+01
6.563792366801283151e+01
4.856092150983325695e+01
3.894388515367915460e+01
8.683118122405652173e+01
5.965196134070587419e+01
4.101255145546117831e+01
5.186870703307809549e+01
4.583550102380568347e+01
3.086319521538831978e+01
4.772721197025383333e+01
5.637148518106612727e+01
7.784236086155154055e+01
5.449468674414286085e+01
5.996019716813044198e+01
5.689899192436682540e+01
7.314368805912017990e+01
6.125968941729995976e+01
6.749958979694447692e+01
4.970968298479319714e+01
5.083949382051512345e+01
4.386875343987127707e+01
5.123376735203103038e+01
4.835592074661076367e+01
6.206913568279890114e+01
5.476808755569398812e+01
4.778834134504234754e+01
7.155401888455146775e+01
4.575736196483693874e+01
1.081031738859330602e+02
5.937986253488018207e+01
6.540859390850224031e+01
6.005935712867756138e+01
6.759471006876893284e+01
7.397459015104151092e+01
3.696312682227139135e+01
5.320533522310474694e+01
4.317709279411369749e+01
7.848897016736954413e+01
4.082010763520946739e+01
4.914864991346456691e+01
6.005379600196591383e+01
6.689640719590315143e+01
5.296948460423239879e+01
6.039088749846678894e+01
5.891348218157154548e+01
7.025074866574389887e+01
6.010140723732182977e+01
9.036639932777079309e+01
5.008911580952588594e+01
3.482132375795058721e+01
4.650209875265737480e+01
3.254864938597872737e+01
6.312453488393478551e+01
5.845310269643287171e+01
7.425804033911029478e+01
5.142676552994299755e+01
6.044268465429443182e+01
7.025942456672737535e+01
4.838598703134432100e+01
8.613316544984157019e+01
4.397938092042588920e+01
6.004210747541111459e+01
4.622967404147597392e+01
7.773800074737553700e+01
1.166401566719753902e+02
5.046944879887278290e+01
7.416909649119453718e+01
6.128747189584730393e+01
7.168218984731019816e+01
5.596457046050363004e+01
4.805322196027089632e+01
4.372578014549066694e+01
5.481372004152051858e+01
5.608230716411835459e+01
5.918144688436026968e+01
4.976365425538264731e+01
5.125813087213616370e+01
4.937378849684432680e+01
6.369425169425323219e+01
6.114455853268054142e+01
4.095460512884374538e+01
5.453032028847108847e+01
7.023311032571767498e+01
3.426897352300895960e+01
5.107246134909715352e+01
4.826784720352871716e+01
8.142283985612803576e+01
8.428995077998679619e+01
7.157945690676092454e+01
4.828975854425241465e+01
1.038060736596755618e+02
4.424354972211333603e+01
8.846887283826693249e+01
7.812574611367355715e+01
7.772058207858052015e+01
6.623898645107739469e+01
6.987675872915653486e+01
8.375567662080679554e+01
7.637739467398820636e+01
5.314156307200297391e+01
6.243881794850872780e+01
4.575014368179901680e+01
4.279566066635999988e+01
8.272956570133148091e+01
4.135217616479850733e+01
4.898085036230389022e+01
4.747259302925922242e+01
5.897573719470787523e+01
4.532082092380433380e+01
6.928160383995471250e+01
4.057010072315230076e+01
4.769010775292401405e+01
4.486792332790272297e+01
4.152137971824920726e+01
7.426539659600599919e+01
4.011834398024456050e+01
4.021675257266394965e+01
8.208504675730841882e+01
8.053096584786604240e+01
6.047754064698496279e+01
3.822642790157723880e+01
5.630016511529123591e+01
5.053571864981659445e+01
5.394586384289659264e+01
5.619944059535105652e+01
3.523844689623270199e+01
3.462364022599264501e+01
9.460063545207657398e+01
5.755153819790329806e+01
5.552192598249503419e+01
1.201122083573968212e+03
5.963178866700031477e+01
6.739308268426667325e+01
3.643277822998886251e+01
4.677405021406278962e+01
5.434618896300590052e+01
4.203850869511207122e+01
6.945197086309339340e+01
6.397241883668402807e+01
5.442823373129346010e+01
6.203365250156021915e+01
5.374243196711726256e+01
6.089744478729643617e+01
6.633957257324482271e+01
5.270363021339864673e+01
6.475131869787911398e+01
5.106027424485131405e+01
7.683573320842994292e+01
3.319411437895595895e+01
5.469753415561449827e+01
3.374531662301330215e+01
5.585659866822751951e+01
5.912033523112902600e+01
7.103776704202336134e+01
4.363299725206610447e+01
4.337720019997861698e+01
5.429068201610812849e+01
4.543609415507912530e+01
4.838568947993552882e+01
4.448378005647632705e+01
4.872391063437731873e+01
7.779680528573254605e+01
5.095244869529670950e+01
4.628415670282510064e+01
5.301708536521038440e+01
6.024199762187739537e+01
5.806413482076163035e+01
5.275059918125140968e+01
6.567229286784349540e+01
4.014757438467436401e+01
7.025165699285804521e+01
5.579330617790798641e+01
4.113669685963287037e+01
4.330683951183870306e+01
3.390342725320326878e+01
5.602790150220344145e+01
6.915753671393200364e+01
6.398521407222149548e+01
8.330898680432673586e+01
6.831981625740560560e+01
4.343381644059720514e+01
7.081672356302343019e+01
6.037988056978051077e+01
5.413052174757869039e+01
4.735591679965353507e+01
3.147995023666722858e+01
4.551752626647426325e+01
3.633579479621016617e+01
4.445159547542355227e+01
6.501061214308919034e+01
3.742235354839548478e+01
5.806026838656131162e+01
6.889867068592815258e+01
7.589331209817997603e+01
5.026423322971938745e+01
4.396293881327685682e+01
8.975809081202685036e+01
4.274813554546935990e+01
1.050375024007135352e+02
4.967154789733980635e+01
6.571487263124106448e+01
8.851116589740574625e+01
5.079807058722006019e+01
6.006707226133393362e+01
4.518476532308546467e+01
4.888313470702375696e+01
3.839287753008117221e+01
6.411473440487708331e+01
3.838493052108881187e+01
7.976960967618673237e+01
5.353341950097410518e+01
4.736989111628829363e+01
7.191009377283357651e+01
4.981908677725014911e+01
6.357191346835433876e+01
4.712379802786887240e+01
4.140131077906444546e+01
5.791672620581285003e+01
3.527564658229139383e+01
7.324783973038262275e+01
6.482528110600151194e+01
3.887543848917700018e+01
7.520240318761747744e+01
4.068770960631475475e+01
6.718763310636346375e+01
5.118684038228031596e+01
5.350509353713064797e+01
4.801423377672458770e+01
5.113025660650600202e+01
6.955257629370302652e+01
5.702844843823766041e+01
5.484570145312339662e+01
5.612403263543991727e+01
6.297339962526813650e+01
4.973783515152597801e+01
5.582464939320219344e+01
2.565181305353020491e+01
4.033757789541965622e+01
4.969999048317878021e+01
3.183527662422669735e+01
5.580621755690208374e+01
5.036161241102641384e+01
6.624531154392474264e+01
6.287771089545852732e+01
3.880962795843000634e+01
6.107857901884250396e+01
8.165266110770141950e+01
3.937408664367345779e+01
7.043993518204290183e+01
5.078946343207800851e+01
6.402139605610821604e+01
7.608199326075366287e+01
5.191833947721217868e+01
4.025593699871948417e+01
5.731460656767406903e+01
5.697992225934856236e+01
6.040762147030568485e+01
6.462958782723322315e+01
5.343714783342029051e+01
4.622107907009041838e+01
4.296584995550103514e+01
5.701530507266546266e+01
4.787502220932735497e+01
1.037577338647062248e+02
5.707281405037946342e+01
5.364285268169363974e+01
7.067200127688258249e+01
3.534556779319017750e+01
3.799932216114839889e+01
7.993216820033369174e+01
6.712709174201367546e+01
7.064201454356727083e+01
6.710309056466741140e+01
6.259041850240230076e+01
3.504662238475459191e+01
4.947902323792947499e+01
6.654649682748045336e+01
4.843395251788562206e+01
1.080194667969219893e+02
4.389593294158899539e+01
7.026143480123367624e+01
4.990647169151085905e+01
8.112832366321418931e+01
5.412124555021252803e+01
6.802882305775773375e+01
6.027846360726335462e+01
1.002455478919191307e+02
6.740447783589399933e+01
6.417118525223793313e+01
