9.789730778840203484e+00
1.282041998610690037e+01
1.409110060233018835e+01
1.148572033900414269e+01
1.001018922092440810e+01
8.383314958767734026e+00
5.803004768474214536e+00
1.105671044482453169e+01
9.116942754472582067e+00
9.644629392874175977e+00
9.674979448779726710e+00
7.932384232366584520e+00
9.164772442538659192e+00
1.096136766113020933e+01
9.718351280086704236e+00
1.671351423176877304e+01
1.538651744588028514e+01
1.092206817722754764e+01
1.473915679423908642e+01
1.966300923307851178e+01
1.043427087088725180e+01
1.291612874569019809e+01
9.677811937198232073e+00
1.405138588017442558e+01
1.096242561271608373e+01
1.679256164917685012e+01
1.538817184530195270e+01
2.006380512449181879e+02
1.899338791096486645e+01
1.121786662065680851e+01
9.496261087807988943e+00
9.095519843579360497e+00
8.757839478674766198e+00
5.135022122967228597e+00
4.904771065446380973e+00
9.503253498897622720e+00
1.982031438872552442e+01
7.779972424421894850e+00
4.581805967772737631e+00
1.190727874682800014e+01
4.405470351883398195e+00
9.616928409818338963e+00
7.177429957778997505e+00
1.354137673770489414e+01
1.652853023919115572e+01
1.523463691221293459e+01
8.965503898411265382e+00
1.916442666928603433e+00
3.121215442895289183e+00
1.359458957592980255e+01
6.858927607020531170e+00
1.987900993961316942e+01
1.462914568305470020e+01
3.159928029986384779e+00
7.125335035522926574e+00
1.035390184160421434e+01
8.078752708600029919e+00
5.974190338720764437e+00
9.444255077721614100e+00
9.260422591727367703e+00
9.691259926916442780e+00
1.379515286175583810e+01
1.081498841565922220e+01
1.120019529020459537e+01
6.618584471376589562e+00
1.035175161682868961e+01
8.416396954037869804e+00
1.578815178504956229e+01
1.548318800030150832e+01
1.735487895183435825e+01
3.440080203847225704e+01
9.280212305009646556e+00
1.040542506683216217e+01
6.127712433420330562e+00
7.588337398961359170e+00
8.215644631026352229e+00
5.039015260359640536e+00
9.536832746366275870e+00
6.040734047666719064e+00
1.147205293424051931e+01
5.932206850960594302e+00
7.844268603314781707e+00
1.304754693278381694e+01
1.503095444724409369e+01
1.494185161497197001e+01
6.901326174301561700e+00
4.512901904365295813e+00
8.707843149473944777e+00
1.704678640772777953e+01
1.753481063900401082e+01
9.176986663882088280e+00
8.339596614695503618e+00
1.771375770824361240e+01
3.225752338658491869e+00
8.101418716211460591e+00
1.015608440734153461e+01
8.791477198361622669e+00
1.279918887231912805e+01
1.037530626611463624e+01
9.060150366829835988e+00
1.986439999198817219e+01
6.839262873626988259e+00
9.384488586549407430e+00
1.032821836191197917e+01
1.086389544877777524e+01
8.620564045925409147e+00
1.993856359416441393e+01
1.725770018224787483e+00
1.178297735829179516e+01
4.514017581412248958e+00
7.682761241199346891e+00
1.953428716166298074e+01
1.481327322262024815e+01
3.464730002113853402e+00
1.194170242083393241e+01
1.061840685291576847e+01
2.357134883235585576e+01
1.083310741787122211e+01
6.925887389715897235e+00
6.475937130503782946e+00
2.029436100680768007e+01
5.462641947254680552e+00
2.718572003079355426e+01
1.944578319430400271e+01
6.597072610055755071e+00
8.406185173673845767e+00
1.745726150265149101e+01
1.617072951659159585e+01
1.061260388023042189e+01
1.672464359598462735e+01
1.361334991700001140e+01
4.190390734771655801e+00
6.795773455861175094e+00
1.565449473123945978e+01
9.478222553920081950e+00
1.275216535909088300e+01
1.101126128368861501e+01
1.347115399285368476e+01
1.087125402236745231e+01
9.679635796894716648e+00
1.421926348822938380e+01
7.531695734480889470e+00
1.890396619133587919e+01
1.216240206509055533e+01
1.067956267516920832e+01
9.333151782535072272e+00
9.644041388560228967e+00
1.163846978392233211e+01
1.957857016115938720e+01
1.531599209789048821e+01
1.416096406460698631e+01
1.218203025114196159e+01
6.289232308603979860e+00
1.392837567268963461e+01
1.216822391033386985e+01
1.869427564964026622e+00
3.843519540254354272e+00
5.523194363489777992e+00
6.885786022172307064e+00
1.795281587117137789e+01
6.825139450726910084e+00
1.003773780103675328e+01
8.316778487201462511e+00
1.544138249937392438e+01
4.131650688293833085e+00
4.291473102349894653e+00
5.136613882154080990e+00
1.291547444209036044e+01
1.245137136859599636e+01
1.245986389605032407e+01
8.399554777447495013e+00
6.211388867922839729e+00
1.499586448608758360e+01
4.488549644023636986e+00
6.123780474396631313e+00
8.679287423141587965e+00
6.784102086112548946e+00
9.463440977213831928e+00
1.141402533362498239e+01
9.678814328063841899e+00
1.844327859056485863e+01
7.267591779544445352e+00
1.086753744512778219e+01
5.463428516101449972e+00
7.246178401272461933e+00
7.159966641737293358e+00
1.286548389852814900e+01
2.316788776685035245e+00
7.412558957936525417e+00
9.502243345889811010e+00
9.124284848716188279e+00
3.814170173309074485e+00
5.974484619526570839e+00
1.799381508580966482e+01
5.795804508564200042e+00
1.163641944233221359e+01
1.357715617760923799e+01
2.812595411569606085e+01
1.795738657859406828e+01
6.799409755432538560e+00
8.159361568182529112e+00
2.113312133783434632e+01
1.390347115318115456e+01
5.163859732442931616e+00
3.171535521841535399e+01
9.517284353276716402e+00
1.143760488607951764e+01
1.258296176533605681e+01
1.094130567825136957e+01
1.589794604436957393e+01
2.865386073798693900e+01
9.095377175117910440e+00
1.087072710239987927e+01
7.585477706639384365e+00
1.494557010027460997e+01
1.077575592519661463e+01
1.710821110335495376e+01
1.047359649187498043e+01
1.108143688495550450e+01
2.026161555430994099e+01
9.711807669670793786e+00
1.110246918031242025e+01
5.587067135779808069e+00
6.984536390075712475e+00
5.201941969176066216e+00
1.742474315609358726e+01
1.161866521414516740e+01
1.009239245704645604e+01
4.413458907444625545e+00
2.122548562616022494e+01
9.423427346584169584e+00
1.588310198529147677e+01
1.611461203170474832e+01
1.195382343515717061e+01
8.219968156739517084e+00
1.559567771379474266e+01
1.434528103630984219e+01
1.969134641226222726e+01
8.892072819199949407e+00
1.930290774937911991e+01
1.139677432857404860e+01
1.281540661013595184e+01
4.286708950967403453e+00
6.744133629608294989e+00
2.520931197995444961e+00
1.645389423760988024e+01
1.331404569907432567e+01
9.579729377403754853e+00
3.006047885036240874e+00
9.851141796316994714e+00
5.704443708871029806e+00
1.844682309451117774e+01
1.116395341460293800e+01
1.011953844126127677e+01
1.229051300626925070e+01
2.341592598990263596e+01
9.315449003183317700e+00
1.432228593936978278e+01
1.906217069584456425e+01
8.736761701644002898e+00
1.186990690410287463e+01
6.820502827652951794e+00
9.065344471104928914e+00
1.762209686625156024e+01
5.819470930206580128e+00
1.394412996782695124e+01
5.741423775098687621e+00
8.082216395415407817e+00
7.976209849042387390e+00
1.183104428764653093e+01
2.588618354006915645e+00
9.201335651402393623e+00
4.908909854640375769e+00
5.234836897489420160e+00
2.958640002132949576e+01
7.428217997510396131e+00
1.121824933586240292e+01
9.167098659028111385e+00
1.633967334295535778e+01
1.677941019937610179e+01
7.157651060137132148e+00
7.812782497312394270e+00
1.087313169065974527e+01
7.424115512787463622e+00
7.991855557024870826e+00
7.145351606800550037e+00
9.695487589646983650e+00
9.114998363422389005e+00
4.486772439793101697e+00
6.201996169642422174e+00
1.747826553016864182e+01
2.066527576304488321e+02
1.637329364357526273e+01
1.502270301402361241e+01
5.997320216293757333e+00
1.401992652195517586e+01
8.574876270578450033e+00
8.091456932117115031e+00
7.543918879391869226e+00
1.422849582786244582e+01
