1.186831921652515653e+01
3.631834401023415371e+00
6.230376528986388607e+00
1.474901031745518765e+01
3.244745906328104113e+00
4.002369103411553830e+00
6.572570827560253903e+00
1.211990693020092102e+01
4.163586035365689497e+00
1.190620804831083923e+01
7.893864972094525534e+00
8.284560245048890437e+00
8.329221723769251184e+00
3.904070606273296828e+00
1.006561599875370483e+01
8.667903716737390241e+00
1.161102919422280166e+01
9.514206181774563120e+00
1.247105825730406892e+01
6.508408104205133604e+00
8.308681538919936216e+00
9.925921140786368113e+00
5.970334068444041797e+00
7.575267344715210349e+00
1.271748623694304037e+01
1.566256954759266939e+01
9.533816447673553185e+00
2.372429295454910658e+01
3.526577821664940604e+00
9.183422617966273904e+00
4.853375910708026097e+00
1.934704902476082111e+01
6.385687282622222405e+00
4.561209150264717849e+00
4.243515242308394164e+00
1.250719103402737709e+01
6.610195761771748835e+00
1.103599314225299466e+01
9.465600944670487848e+00
7.708722635064945372e+00
1.495565622238699177e+01
7.670005434240536601e+00
6.852479007844517689e+00
7.443738064496308482e+00
9.900963360907743649e+00
5.747382310643707193e+00
7.195957376075141632e+00
1.192740770637294467e+01
1.057210489911172502e+01
2.450742015254604667e+01
6.279105462035325047e+00
3.532107269418797824e+00
7.327248412486517815e+00
6.326733899588660393e+00
8.688002309577182558e+00
9.206684069571943851e+00
1.095850941871552209e+01
3.846004855761573360e+00
1.708627627939805294e+01
5.497010151079410711e+00
6.553863067690773647e+00
5.560050572931437785e+00
4.734143893259321167e+00
1.193430659739629895e+01
6.764481903625282939e+02
9.355471342855089745e+00
1.898365354899002355e+01
7.168059741845498323e+00
5.228389997271810863e+00
7.991676896217392745e+00
5.480608824424985315e+00
1.057077768937581652e+01
6.003560692794449594e+00
6.940543062101640182e+00
6.363352366336790134e+00
7.779144781060334246e+00
1.129227851236976932e+01
1.174453010378458195e+01
2.482412569632448829e+00
3.527342765275817804e+00
2.226027330476990418e+00
5.591359833194940343e+00
4.749705000726826221e+00
1.019842087394981966e+01
8.735902629012530340e+00
7.697837239129567521e+00
5.259656669025360110e+00
6.265205918245569272e+00
3.244005365255779871e+00
5.420240591925066909e+00
8.534364782926852300e+00
8.296176648949606047e+00
8.714515843602931966e+00
6.133460416794219938e+00
1.916269513483111453e+01
8.312906223123242455e+00
7.563702556819109191e+00
1.135468122186189710e+01
4.703562783256474589e+00
1.363718885462129293e+01
2.323441474129664730e+00
1.269167433078346363e+01
9.534515383287104129e+00
4.397701360520260394e+00
9.326393885982241727e+00
1.029247080387128754e+01
1.121264136808977163e+01
2.166305785949957485e+00
1.793012990451123834e+00
2.008794313133352816e+01
1.170111815252450072e+01
5.099468037650201957e+00
1.171920793178693287e+01
9.671354318014010687e+00
1.208139750963349535e+01
1.160370659041229580e+01
1.053731782524549665e+01
9.157553673730093990e+00
9.077480096951894950e+00
3.421822210945613563e+00
1.828756897570833040e+00
1.534097064490481443e+01
1.154146469797018426e+01
7.161612498299350094e+00
9.235261648039157834e+00
9.200639405813429761e+00
1.722985294756400165e+01
1.125813981743885606e+01
1.319075247091402936e+01
1.481166106998010967e+01
1.408960517276903524e+01
6.525259841704400543e+00
7.085976300083081547e+00
1.088246656947775470e+01
8.187540799863631591e+00
1.348611636597251184e+01
1.063394400790422623e+01
8.360611841716142578e+00
6.237471760333799686e+00
4.868890874413838610e+00
7.666399329563660103e+00
7.904217358537843907e+00
1.315068960636631523e+01
1.231173944057469072e+01
4.915014131202052106e+00
7.196742339531270183e+00
1.877252325657330090e+01
9.188676235935430370e+00
2.581580545912353752e+00
1.423052516771589069e+02
8.205224620469193653e+00
9.404153021438395044e+00
1.896561914781127456e+01
3.645701499778277288e+00
8.381518292739336573e+00
1.703589242863164088e+01
2.565987374513658104e+00
1.141009455831007990e+01
6.093609613883933740e+00
1.011851485010096852e+01
6.256212602320298188e+00
1.250201945206903709e+01
4.200546718162909698e+00
8.168929577257697972e+00
6.043521259054084105e+00
5.128537526175894534e+00
8.714532070792710527e+00
6.784738546188696873e+00
9.838942584128599123e+00
8.470637835090968792e+00
6.428497000746264511e+00
9.853890900613281545e+00
7.566297465739752148e+00
8.569786656486623855e+00
1.031425103018484890e+01
7.874244678719049872e+00
9.570868680145096619e+00
1.156019623904943217e+01
2.718049628698994802e+00
1.424044891152674985e+01
9.601921514630772592e+00
8.605128684646400572e+00
1.089945150000682084e+01
1.446284565150982182e+01
2.160751249695115916e+01
1.070199481152420873e+01
6.050356084363886389e+00
6.431653429193207927e+00
6.132060754428317217e+00
5.191435202990186681e+00
1.903545776615130691e+01
8.044307063208160358e+00
1.293945650971335226e+01
5.150148021324807424e+00
8.919937746981108972e+00
4.715124080600680223e+00
8.444774715373046803e+00
1.142780627904395097e+01
1.017155316053890957e+01
9.860105593475072538e+00
9.379898273756174021e+00
4.566162800709136604e+00
9.374476538413226478e+00
6.773566517025779277e+00
8.237308183247222360e+00
4.178181058552985050e+00
8.290892868960074935e+00
1.730061329108026413e+01
1.669660154751130321e+01
9.574126021745497539e+00
6.575370584342784319e+00
1.333899418588312535e+01
7.546468329385466411e+00
6.751511310985272019e+00
1.009416601772789157e+01
8.935471627389112825e+00
6.016534866693063144e+00
1.635186485224836517e+01
2.643825854619364701e+00
1.097362459043039351e+01
5.009836781278382389e+00
7.561264772148462043e+00
2.608067154857010905e+00
8.112362887708259862e+00
8.657067743005651295e+00
1.146199902963154926e+01
5.566879056012192351e+00
4.812491764505355540e+00
6.992945095166167135e+00
5.482965356913558352e+00
7.576180224616508418e+00
2.713745816465934624e+01
7.207011419143865005e+00
4.982725680259698642e+00
8.572939213076136156e+00
8.188873203124474642e+00
6.819306674173946092e+00
7.550958590452567343e+00
9.429291722706500067e+00
6.209419608388627054e+00
1.158891901526263446e+01
7.858764354643219541e+00
1.168840432127548290e+01
1.056267367888237274e+01
8.554921073684328192e+00
7.320665757727092604e+00
8.020299869066567666e+00
1.123635325066215707e+01
9.515549326354248549e+00
4.535660227545815992e+00
6.271567329849204953e+00
1.011260766229236729e+01
2.671663405342088460e+00
1.320726531008251214e+01
4.952181105241049153e+00
1.379155543391424743e+01
4.968112546978137090e+00
9.471213659442858201e+00
1.208304155131299318e+01
3.126916438942800358e+00
7.502860029940917386e+00
9.861491460050096691e+00
7.481994749722896465e+00
3.027625537000296685e+00
7.143091257819061290e+00
8.061095439118783901e+00
2.500631439555505153e+00
6.689253849457135637e+00
6.967409117913652139e+00
6.070529780096562078e+00
2.675700772523857651e+01
5.492499647461966283e+00
5.131779586199832544e+00
8.297104544523888237e+00
6.986671113456302429e+00
1.350081410556972017e+01
8.557720503165217707e+00
9.106922277764212481e+00
2.447411124418727546e+00
7.844545204891509194e+00
4.641597404914114655e+00
9.421753603524271270e+00
4.669591892449814985e+00
5.043600687505994884e+00
6.086645464420136875e+00
1.782297565553229646e+01
1.796093763609642480e+01
6.017134389159271457e+00
7.760866021484380539e+00
1.382909641387751343e+01
1.658741749709121649e+01
2.845372329600822869e+00
1.159165831885325559e+01
4.126863801721309954e+00
7.312758183131030876e+00
1.562194539253988346e+01
9.686566268882549124e+00
7.768917014191053738e+00
4.008144300983512487e+00
8.380698412485440230e+00
1.557245868150672052e+01
8.237022812292160268e+00
1.086821426983848404e+01
5.578410027278761341e+00
1.262472183116635449e+01
6.331457317238666782e+00
7.591745486710553159e+00
6.244957893804078175e+00
5.588283834677098660e+00
6.435674226656401764e+00
1.323035607112108281e+01
1.239870269382853962e+01
1.025921703316343070e+01
6.548806216641538391e+00
9.387149550027125144e+00
9.547124498366912349e+00
7.267214092948543147e+00
7.985523188598896205e+00
8.442189462659182908e+00
6.206519479461990230e+00
1.135274523269937674e+01
1.329545274018872369e+01
7.264992046859581443e+00
1.544211921844044255e+01
1.147117740351524695e+01
1.719108638892912566e+01
7.681033757151238817e+00
8.993363000976142274e+00
1.054806764421321219e+01
8.474143801916779850e+00
4.788126330111738049e+00
9.664864084088268470e+00
1.007788699818685707e+01
1.068451575061235737e+01
4.877256166280382388e+00
2.160441922725464536e+00
1.853157005811867464e+01
6.623314946907869150e+00
8.301183803860584520e-01
5.155764171755818914e+00
8.394188374406667208e+00
1.115215999989306717e+01
3.512807585785774567e+00
9.981456966424376631e+00
2.216060438085192885e+01
9.454268946892129932e+00
2.488313553783530807e+01
4.414881601135163258e+00
2.814074490154534924e+00
1.092379591951317330e+01
1.018469745132159332e+01
6.008393527031679504e+00
1.655145722181424617e+01
5.457247135731813970e+00
1.294787157898198160e+01
5.964883302176740898e+00
7.390069137922679943e+00
5.481434489455261350e+00
5.332801183655497823e+00
1.126229400394818647e+01
6.335361702266597561e+00
5.077112434323537649e+00
7.129454067323311328e+00
4.025392873550248218e+00
1.116087070020218697e+01
1.572659209052113738e+01
8.214601846348605463e+00
9.453271119042675252e+00
1.846488130637480296e+01
4.506278601979571086e+00
1.468083212880562272e+01
9.916809547104666223e+00
8.159092325000997903e+00
6.696352741422479049e+00
1.451608896146145078e+01
4.242903004644166920e+00
1.065646673469346339e+01
1.630687345134882804e+01
8.366419845485868478e+00
6.496946728173806918e+00
8.881091363897358093e+00
7.269155994259505427e+00
1.346826985311998470e+01
2.457475554319240807e+00
4.913778061524325835e+00
2.500374054641657295e+00
7.500300519755858986e+00
5.376589609172736317e+00
9.578390414876910341e+00
8.244763778621029715e+00
9.208723858418924380e+00
5.584726109593026067e+00
8.924009610488722544e+00
9.196626442919066946e+00
1.007474643676439996e+01
1.911417715670077655e+01
1.198433783992666157e+01
1.255967543167924383e+01
1.146216711639194763e+01
7.634974734436046795e+00
2.190289730870755136e+01
3.264413304518701153e+00
2.479751770041590575e+01
1.028431275436215042e+00
9.535566977162298841e+00
8.144414442383148156e+00
5.094408992785474766e+00
7.476833169178808802e+00
3.561453016998684440e+00
2.137960627556232041e+01
1.333554076665465615e+01
1.268939208236184868e+01
7.392001763867773967e+00
3.467630567526011731e+00
9.500207632220449838e+00
9.763271408021813258e+00
1.698807952535884880e+01
3.649775243921024703e+00
5.000862890244249570e+00
5.591911996444627775e+00
8.513383619216247311e+00
5.894586772404001529e+00
6.788229245732548378e+00
1.577822666537654861e+01
7.918085013166093589e+00
1.318165586205091522e+01
8.331987469148938175e+00
7.980471512888382080e+00
8.823884394793006791e+00
8.578537839325042214e+00
1.538045303590436141e+01
7.774015494478637933e+00
2.460549273520867164e+00
1.014473965718205939e+01
2.970840855763990707e+00
3.512756469777623902e+00
9.807533236629714324e+00
9.636997684518508578e+00
7.932398861611570595e+00
9.847622875402093356e+00
1.256787931580084283e+01
7.132513251510704144e+00
4.585092420170433947e+00
1.083798666249354881e+01
4.807083491761376060e+00
1.152460588102743522e+01
5.357280438522555421e+00
1.457587069116607026e+01
1.238784255041580451e+01
3.998785956687980647e+00
1.016022702474818296e+01
8.182814844392961362e+00
9.447822853667030785e+00
6.686996661955377341e+00
3.985271945438284114e+00
1.254996877311589287e+01
4.039560577794307328e+00
1.747987286689492592e+01
1.804097257943661603e+01
1.459154715719676432e+01
1.141650643674242538e+01
7.343901532358847462e+00
4.501845535627595929e+00
1.351493759823668839e+01
9.580741528845541310e+00
5.663663017715744097e+00
1.967726301252047350e+01
5.887822075829643786e+00
5.939756634694589366e+00
2.509238311846448255e+01
3.763256496961137287e+00
6.580675600229981548e+00
7.622179558135500521e+00
1.413362779293863802e+01
8.448333530064358499e+00
6.985572066784811796e+00
1.041958289189012099e+01
4.496136492947974794e+00
8.513200011401613310e+00
1.971478807590827032e+01
1.346274381299568823e+01
6.738068948841274164e+00
1.014096799375141700e+01
1.156202886485981018e+01
2.943186510704626002e+00
7.465597221934042516e+00
1.386853720618948849e+01
8.747020250622986381e+00
6.163784565570573193e+00
7.565686163276675202e+00
1.513313519679023678e+01
1.053226648636353069e+01
1.137422056648817303e+01
1.097491840532596363e+01
4.078741930558156703e+00
9.091225035138931432e+00
5.707216632633774545e+00
8.468665570926813047e+00
1.118017842703910425e+01
4.804088529929226858e+00
