6.562659517501744233e+01
7.926456349203255058e+01
5.779625546566412453e+01
5.920141719271869363e+01
7.383429815215826864e+01
5.672641103417829100e+01
9.197225690979665558e+01
6.468492822978782897e+01
7.513968699323362443e+01
9.276528509078393370e+01
6.839481659527774582e+01
1.048941895199932759e+02
1.064091074651672386e+02
4.975572410982771032e+01
7.738913754199145956e+01
6.890896666852849251e+01
6.632660093576591009e+01
5.664075613000849785e+01
5.790313212404865340e+01
6.603554316522541967e+01
8.612455907242213016e+01
1.113634302876517523e+02
9.014231425254361341e+01
1.290085680626199860e+02
5.763143366609525629e+02
6.499742359045643525e+01
7.720292546297388014e+01
7.658254524401831986e+01
1.065362355519214645e+02
5.433980461486680014e+01
7.336263965968311140e+01
7.676543888158303730e+01
6.566887004725832355e+01
1.134975018873018229e+02
1.105336441979487176e+02
1.077195025760764366e+02
5.611992715315820845e+01
1.032622846303544861e+02
9.619516730776003044e+01
4.625532782147855926e+01
8.117070402952103336e+01
8.221032243127194761e+01
1.001990258306419577e+02
6.462387295254215758e+01
9.747997161791110443e+01
5.965160218342416698e+01
9.170555673437968380e+01
1.127353432118813856e+02
7.864881062532138856e+01
8.493414265731674107e+01
8.347069944381016171e+01
7.047473185473320711e+01
6.833025007883320256e+01
6.964497913242560401e+01
7.915279443125227488e+01
9.667327671302921033e+01
6.412839876697047714e+01
5.925146118888836355e+01
3.810585427678920212e+01
6.532129799709514373e+01
7.554744597242199688e+01
4.940735729608602611e+01
6.541817963001692249e+01
7.443668529472709849e+01
9.003960156356976086e+01
7.013810174593027114e+01
6.965569222215601997e+01
9.346499402437670767e+01
5.829869154673457388e+01
7.112619638185556425e+01
8.171270750356698898e+01
7.251125291862302902e+01
5.847017590077275173e+01
9.503480544467451807e+01
8.630091238588467206e+01
9.907270438666506607e+01
6.298437862327534020e+01
3.341870653256750501e+01
6.854137912094810758e+01
9.393077676204110560e+01
6.790279605976196819e+01
1.146507983003836557e+02
5.671990495973708590e+01
8.099125487489571640e+01
7.586888620657279603e+01
6.528223044185762092e+01
5.623773934695564947e+01
4.564434837062503902e+01
9.642948864829503464e+01
1.000450011906676053e+02
8.178510259236487911e+01
9.976728014577264503e+01
8.441534394067844005e+01
6.556616783398592929e+01
5.592121537234865514e+01
6.772716809065991583e+01
6.216778315662376997e+01
6.137518714376503226e+01
7.428331327763368108e+01
9.133423751470975560e+01
8.511835418420679389e+01
6.485517219162005631e+01
1.060127613235595732e+02
7.430659969968864687e+01
8.733958142540514302e+01
8.402136690486400994e+01
8.078994519223705595e+01
1.204745461893870271e+02
8.918794112883226433e+01
8.598952628658788910e+01
7.322903927546909131e+01
5.029576806296768154e+01
6.012591404694208563e+01
7.193580936597177811e+01
6.097751806632292926e+01
5.870547769067385957e+01
9.597149264354112574e+01
9.651511896812164082e+01
5.169029490682675743e+01
6.827835122688763647e+01
7.387691710616385876e+01
8.934667988424929774e+01
5.630425789823544847e+01
6.120416151137482075e+01
6.963882401535843769e+01
6.455748086179811196e+01
7.077881324599577795e+01
5.696354831947390807e+01
6.716866908958967031e+01
6.141961496604789517e+01
1.022561038534824576e+02
7.818498165064819716e+01
6.022513703958490794e+01
5.955189800884155460e+01
4.335835281174377087e+01
7.850786293311340103e+01
5.474337679351015140e+01
4.579851148669349215e+01
5.813601415089141966e+01
3.850057312845535051e+01
7.863083498346868794e+01
1.023437964403028815e+02
5.708550733121467857e+01
9.087737077838839639e+01
8.391067369164541390e+01
5.418212171265249566e+01
7.419137693801468458e+01
6.169022764519545632e+01
7.507647879737410790e+01
1.279425803693905408e+02
6.409719638570476263e+01
3.851497646965174226e+01
4.885988903466591893e+01
3.998398399426333327e+01
6.113142053356880012e+01
5.446645764366795106e+01
6.520102870533531814e+01
6.716282234217119651e+01
7.215079697453768404e+01
1.010899218398469372e+02
8.957974350511268824e+01
4.734274106004541949e+01
9.437698736063437366e+01
4.872881731237062297e+01
9.062153752722126399e+01
7.539203756782637811e+01
8.899340204816742528e+01
6.998088958655814906e+01
7.919162048156981371e+01
7.328926138135574320e+01
9.075872364147147664e+01
5.058559185570189243e+01
5.045583596054381559e+01
4.869873348455978856e+01
8.078767886613685789e+01
5.981483298833791196e+01
6.164294699527464871e+01
5.510694004760269848e+01
6.374717742438942025e+01
5.742074310230056966e+01
1.132916154709714931e+02
9.594092837811137997e+01
7.431160934613815527e+01
7.068703982886290760e+01
7.796346380765388062e+01
5.992594372951654691e+01
6.785728417718819117e+01
7.198049610113359620e+01
7.636540826978871621e+01
8.692243780819045185e+01
8.743885561690258612e+01
6.525229440039379369e+01
8.813613178874962273e+01
8.288884894756064625e+01
8.515453104239907134e+01
4.468140506492912323e+01
6.825715264877402433e+01
4.470729923488200086e+01
3.647649490053965593e+01
9.693799350411210014e+01
8.973743476544913733e+01
7.112216763856154955e+01
6.075536892084571861e+01
5.591870138313611704e+01
6.490748074014571500e+01
1.071226906629888020e+02
7.945575243495599693e+01
1.013870295413253331e+02
7.252314601707142572e+01
6.931727186531701079e+01
8.607101337543278419e+01
8.511929541971667845e+01
7.214352501808195939e+01
8.973771322946484474e+01
6.139539881465718452e+01
6.444072902360453270e+01
7.732375793993712421e+01
7.126261953830272944e+01
9.865342103513543748e+01
4.957188828238097500e+01
5.813771185788646534e+01
9.983594267123240229e+01
9.336039936046371679e+01
5.419819697554099491e+01
9.986913974742518008e+01
6.889399731905757562e+01
7.372555276805907454e+01
6.863771861346289427e+01
4.967128497661101250e+01
9.305461735684784230e+01
5.378211425189420680e+01
5.714188099195016690e+01
7.914854879342905747e+01
6.627511963739706857e+01
7.200649513716277283e+01
7.580509380058069269e+01
5.205806869739626563e+01
6.017634721962402011e+01
9.407490035584469013e+01
1.012537900507616087e+02
9.766428918579836704e+01
7.991331936490459498e+01
9.399512482509868505e+01
7.988993610766294751e+01
8.369181869635781368e+01
8.783276106228029789e+01
3.834407276155354083e+01
7.882378141482922729e+01
6.367634293524587008e+01
5.218144207821225677e+01
8.200257076788582822e+01
8.947573602012754179e+01
5.071934604756800979e+01
5.609086168597499977e+01
7.753247431347344332e+01
6.770037250321519195e+01
6.989082706670119194e+01
6.962153605366533782e+01
6.941965167825614458e+01
7.421195277916167754e+01
5.804294941505084182e+01
6.658004896217603630e+01
3.365351625239928524e+01
5.290198968426524573e+01
4.641371486339441077e+01
5.684736927926112315e+01
6.461109633133267494e+01
7.308177612597896200e+01
6.480564159606490193e+01
6.611717729848888325e+01
3.471056524604419025e+01
5.662229886162652548e+01
4.571690884245789732e+01
6.500555383515683161e+01
7.609866517243793282e+01
8.041309386166949480e+01
4.675408502313742076e+01
5.029839004966930105e+01
8.454180388478302177e+01
7.641507496510936903e+01
5.199519314364209777e+01
5.707392035396719621e+01
6.980952278716793558e+01
4.948704048302839453e+01
6.249766999460081962e+01
5.545720484366659520e+01
6.485771465816068826e+01
6.322728452017354783e+01
9.663712707404035029e+01
5.312788693571923915e+01
5.545275835928065078e+01
8.219342919790294388e+01
5.854660186010879386e+01
4.776384511110124009e+01
5.361726746128368148e+01
8.256799320543667875e+01
3.624535312972819412e+01
7.035443869009701245e+01
4.933462089912483606e+01
6.409109397150858456e+01
