4.452862809112689035e+01
3.587970503322029714e+01
2.912257728660279810e+01
2.216158534441743910e+01
6.451712763365839010e+01
2.366385693613591812e+01
3.182336475109877938e+01
4.355620826862254802e+01
4.221343744548989463e+01
2.136551151373506485e+01
3.228434473854998998e+01
2.697265731499247821e+01
1.266260984415527702e+01
1.163598775024941112e+01
4.095699919441585735e+01
1.855058607375030988e+01
2.193557147131632590e+01
8.940512332802953210e+00
3.089297482290461616e+01
1.787609604198206625e+01
3.564753467736143477e+01
3.538695361986732024e+01
5.349584123799176893e+01
2.779077863739899001e+01
2.598032070027686302e+01
4.757139845787860111e+01
3.203512971873426807e+01
4.070402940417856286e+01
2.851198132620382353e+01
4.606341481334155219e+01
4.388792025105864525e+01
2.209681770081178342e+01
1.795854219183298994e+01
1.394716309981211921e+01
3.530999120743162933e+01
3.169040833731170181e+01
3.305855323391602951e+01
2.908289245186136185e+01
1.477698780029647097e+01
5.609125722035273043e+01
2.418884985096515905e+01
3.959359820858817613e+01
4.364260081851595174e+01
2.325343839251386058e+01
2.840487719950679946e+01
2.535995571368139423e+01
1.747878431119549347e+01
2.192394413496518979e+01
2.675068519071486506e+01
3.130502007797765174e+01
3.712766698461258841e+01
1.666878951555184685e+01
4.525862323785487007e+01
4.856870547212957945e+01
4.216891729969517399e+01
3.328457234429986045e+01
2.922054365010412980e+01
2.165260079312540498e+01
3.484895641188970217e+01
1.011559581813180309e+01
2.200362455356616920e+01
4.143805076085215688e+01
3.446188373798742077e+01
2.951767264290149839e+01
1.932647700442477756e+01
4.039750010435580663e+01
5.593744714908843463e+01
3.528023689835600862e+01
5.838068526570278749e+01
4.002073736117322511e+01
1.664250027889685057e+01
4.293924490869062538e+01
2.948507133930011292e+01
4.489159545028999077e+01
1.414351082387825009e+01
4.169573051937384633e+01
2.709766622620318088e+01
3.412162186110467132e+01
2.786341963719201686e+01
4.253624740316670483e+01
3.455412383210001082e+01
3.477737268077309807e+01
2.124371306244960778e+01
1.919795693361847810e+01
4.910138978474777360e+01
5.122187935784778290e+01
2.984251841480832468e+01
2.353099116835393545e+01
3.059325720349685085e+01
3.243148633943920345e+01
2.704076559466557939e+01
5.430207679344810856e+01
5.079193920806180529e+01
7.851852007269192768e+01
3.139807340270012048e+01
3.859546981474233718e+01
2.487459512717174803e+01
1.486865332019309527e+01
3.865428371319162437e+01
3.700523749595598133e+01
4.783915601607092327e+01
6.500922400609390195e+01
2.584406430011358324e+01
2.781075845760641840e+01
4.849896217690801592e+01
2.972550491829027308e+01
4.338383667301485502e+01
3.063808393480731240e+01
2.714544395201858507e+01
3.415646037881732155e+01
5.394603606217948055e+01
2.889017596018488021e+01
4.009879967560002711e+01
5.379508970319258765e+01
2.524250237158208776e+01
1.901143141122766167e+01
2.904522207275044465e+01
1.538262521640997171e+01
4.774396788289908500e+01
6.785690936187822331e+01
3.946998002686920159e+01
6.673093938529565605e+01
3.180212418591495904e+01
2.666233812758102317e+01
2.401850865650514777e+01
3.536914022707201610e+01
2.599860658270400293e+01
1.860518985015427162e+01
4.911999646834251365e+01
2.166174351881555893e+01
2.859701756606869338e+01
3.626196623369176564e+01
6.044384702296266454e+01
3.079336526332019019e+01
4.250616232652824067e+01
3.294334111866229620e+01
3.287990304779442141e+01
1.650415626339490771e+01
2.288579001954463621e+01
2.836202794005759742e+01
2.847749127936775793e+01
3.477347158988936826e+01
2.684725589146161795e+01
4.387925207024706253e+01
2.629133558152245342e+01
3.997892693369961137e+01
7.397607240718777177e+01
2.726448925146605973e+01
2.524387835809118741e+01
2.952440491742759576e+01
2.120296118791675610e+01
2.969684650126385250e+01
3.049805286721593589e+01
1.267256922586121171e+01
1.498796123616267728e+01
5.651368182853143196e+01
5.780511047322764284e+01
1.475413907510263201e+01
2.639240641992408243e+01
3.837630999422139411e+01
2.161845020451863064e+01
3.640844580310820788e+01
5.852828698493046744e+01
3.454603742138223055e+01
1.402265929964544533e+01
2.741648983454388855e+01
5.394823652822082494e+01
2.948486706765950061e+01
3.586011084617690159e+01
2.630193183091544995e+01
3.569862409148828419e+01
1.463268875236418154e+01
5.916211032220942201e+01
4.376160956758509002e+01
4.801098724377840199e+01
1.381299653998948784e+01
3.021620077113308511e+01
2.884386779200116280e+01
4.749592307697922422e+01
3.689005856463825239e+01
5.400496157161698818e+01
4.113001398297587485e+01
2.888624920026069631e+01
3.249534273694577990e+01
4.184566367677270193e+01
8.494379467759499036e+00
3.060291372455753844e+01
1.381628100508888579e+01
4.655879776763203637e+01
2.125138510579721540e+01
2.206276036062259038e+01
3.106977246901707090e+01
3.948005023626578236e+01
4.136816884048354837e+01
3.713758179428646855e+01
4.201095544521143665e+01
4.136050850678586954e+01
5.416621487775969968e+01
1.831284025166438312e+01
3.543092994227011161e+01
3.886658672145384941e+01
3.832764910403755465e+01
3.489294752987719050e+01
3.834134453628757910e+01
1.930844251703457815e+01
4.554550728169228080e+01
1.788052180287816384e+01
1.363913689074106905e+01
3.634811836053762590e+01
2.367707178098251930e+01
3.716515236227979102e+01
3.890732562940171135e+01
5.496296155452902354e+01
1.709927122542676514e+01
5.112189003899224815e+01
2.373175328728901690e+01
4.995548809514323096e+01
3.620889158367655369e+01
2.019772567810536046e+01
2.280854058137200013e+01
2.823799933864353662e+01
3.865683113482129585e+01
3.193045935914842204e+01
2.351032060835177617e+01
2.143444141122803970e+01
3.815236514679142488e+01
3.515523610740250859e+01
2.533243684781412242e+01
3.223090743940862524e+01
2.812077226667502217e+01
4.471657331098065669e+01
3.519052396318860332e+01
2.266578195463223366e+01
3.924261713306056265e+01
3.843244791810371197e+01
1.117111086719973301e+01
2.696705359486463394e+01
4.788391779105137402e+01
2.856212661654171825e+01
5.896438283327342589e+01
1.830055827066627927e+01
1.322845362352974519e+01
2.469315553253607831e+01
1.745995019145760807e+01
3.324009201401916158e+01
2.377316582552055735e+01
5.504329970954410101e+01
2.748407073811261014e+01
2.379752608675813619e+01
2.797067000111709945e+01
2.277414131722879631e+01
4.089790780896839806e+01
1.263101367708879508e+01
6.477574879674908459e+01
3.453889963584340705e+01
7.940892214045841513e+01
2.082500363351217132e+01
4.231031359140681758e+01
1.081112171874693573e+01
6.486028784518218515e+01
2.424394170560650608e+01
1.298270248556406514e+01
5.233000842797787300e+01
1.308458687988511215e+01
4.520488854479074803e+01
2.136803389002563591e+01
4.056357003914519765e+01
2.572036293918757721e+01
3.138505398701760640e+01
3.077635007225696739e+01
2.236814850158036450e+01
3.814408359079767052e+01
2.699620204520700995e+01
2.788957792552172066e+01
4.973806664213920214e+01
2.732295737884134468e+01
4.805324929537516709e+01
2.125819451843282337e+01
2.879394909282022752e+01
4.446053892338404978e+01
6.442637330928683070e+01
2.642746087932721721e+01
3.878211659321132032e+01
4.228826746824403671e+01
2.731209067808937618e+01
3.419622836961583090e+01
2.225942141990828205e+01
3.185717915081145080e+01
3.356375186306460989e+01
2.705785077809039763e+01
2.893448706540304016e+01
2.660058724555160126e+01
3.113381703621036323e+01
2.361349104624758866e+01
5.749810736185654036e+01
4.302168328823579202e+01
3.450935630132121190e+01
2.154737243839273475e+01
3.858935123575037807e+01
3.624377301380835092e+01
