9.207658745152500046e+00
1.183466792546263768e+01
5.643206196911848771e+00
1.273226501327025062e+01
9.216156488902941035e+00
8.486226070201830396e+00
1.672470278771647401e+01
1.402786938293848173e+01
1.445635756886893475e+01
1.517494621323768378e+01
2.588122151030375306e+01
1.199837516869228082e+01
1.466679939804237343e+01
9.933290571714881168e+00
1.635393925099595336e+01
1.727797251101440779e+01
1.539056175115969261e+01
2.086690015182050217e+01
1.768372340028535561e+01
1.220497823332169673e+01
5.511690981897015895e+00
8.813330157178985047e+00
6.154073667071748410e+00
1.010335455430062090e+01
1.225102928315740769e+01
1.537516523571710358e+01
5.559942918182793292e+00
8.026575464399687831e+00
9.346291965028861171e+00
1.668680369217477732e+01
8.053260315697963634e+00
1.442736911177266990e+01
1.975057548807736296e+01
7.054467636768313454e+00
1.076531831100743908e+01
1.276506548421673592e+01
1.764296229376929759e+01
9.281886307921359602e+00
6.148582784408132440e+00
2.835257330213362081e+01
9.728024871204416613e+00
4.343727253608472338e+00
8.458224383227918253e+00
1.716449979711033302e+00
1.916423602779588364e+01
1.498987141608744267e+01
1.945272697644438153e+01
1.795657540000558683e+01
3.306936397150359586e+00
1.204207879322271069e+01
7.488758628254556626e+00
1.200663872925914966e+01
3.253770911408084032e+01
9.917645472898387382e+00
7.362228322061638686e+00
2.551336160478731330e+01
2.841844482438120423e+01
2.268131952086003977e+01
1.070392033144839772e+01
9.517004635454810568e+00
9.205050312605374430e+00
1.577077494408286995e+01
7.341108205745098481e+00
1.152407603391693236e+01
2.546446187661028038e+00
7.550690446470777140e+00
6.486198762895162950e+00
1.853518502960462655e+01
6.299658305030425787e+00
1.810092428548070842e+01
7.544856456037222436e+00
1.567135949705996723e+01
1.656989699965458129e+01
2.213880380408727788e+01
1.064582452603017337e+01
1.289474007952468071e+01
1.217456573002148446e+01
1.593019799775976963e+01
5.276792184949064435e+00
1.223053364211995131e+01
5.957006737334627822e+00
5.180898471267548544e+00
2.019127044580862673e+01
1.545111007669270009e+01
2.062214640358780926e+01
4.106265244971716299e+00
9.345127994852301612e+00
1.505050692163016635e+01
1.245005035334975574e+01
1.773928769530690985e+01
9.229882804105191241e+00
9.760334500180054107e+00
7.453812996959886306e+00
4.456331244720031037e+01
1.497186190727717836e+01
1.313886883500016012e+01
1.377169127238255442e+01
6.881964983098633581e+00
8.712375117593131435e+00
1.936105188641331054e+01
1.129473306544027800e+01
8.418216706709745978e+00
4.363831352049452050e+00
1.640762838091776743e+01
1.551996745424140300e+01
8.897501195536895224e+00
1.452372130777602521e+01
7.937755440528865947e+00
4.576258481416326518e+00
7.932671298842523200e+00
1.725301974287855344e+01
1.908342465681250744e+01
1.282043323013406422e+01
6.896070761099544200e+00
3.479860146034140200e+01
9.123632468797689299e+00
1.780547753071018846e+01
2.077550170942581786e+01
8.917785237767727580e+00
1.117107983683221306e+01
1.887081245283463460e+01
5.284734137603482651e+00
8.685966190347997440e+00
4.447546300734442681e+00
4.628489219046657333e+00
1.000733202578332204e+01
1.153223558222095058e+01
1.021864478605052184e+01
1.520015580795425869e+01
1.008494717887512238e+01
8.661219211117655803e+00
1.082131006488276448e+01
1.020123979276817217e+01
1.012060779603351079e+01
1.383866388045065854e+01
6.332524935246268250e+00
2.615422166644831847e+01
1.834877217117272252e+01
1.380526215270537982e+01
4.397641113113133571e+01
7.936844479576134148e+00
4.839030691386599692e+00
1.587256018064767993e+01
1.683460201488990293e+01
6.335778933249271994e+00
8.811718982110146925e+00
1.061430113041690859e+01
2.371510719293068803e+01
1.853599697566770388e+01
9.790299611021216819e+00
7.232578802041079058e+00
1.232300985225625034e+01
8.217830846038005177e+00
5.543522949906011910e+00
1.522085020335465266e+01
8.851243523201244301e+00
9.850319132996201432e+00
5.608438542237586866e+00
9.143614339415652381e+00
2.278435594166197475e+01
5.199805254142142452e+00
1.201351867099022463e+01
1.544618315573608847e+01
7.028222142125130745e+00
2.296618370618463700e+01
8.274778423089751200e+00
1.826134329359825870e+01
1.385656497794606601e+01
2.427954843774312010e+01
1.181173023265674438e+01
3.831969755966325497e+00
1.820631075654504372e+01
1.336938832678841571e+01
1.218853921303873378e+01
1.530993432569001023e+01
7.532789096482068736e+00
3.784164531734959702e+00
1.904748578737744324e+01
1.582518278616520568e+01
1.081289296417798695e+01
1.444897819486549295e+01
1.093694745656704370e+01
8.340214403782084673e+00
1.190652994666453424e+01
1.311777229567171332e+01
1.107275717150490202e+01
1.173808012537693202e+01
1.996248288917103153e+01
7.446072926722948182e+00
1.015648753237675628e+01
2.539080724022935609e+00
9.709029878239721967e+00
8.600444571692055007e+00
3.347232478250848686e+01
9.001363745612410483e+00
1.133888616480816935e+01
1.347214286586699217e+01
3.034797012648607684e+00
1.422751806111376638e+01
2.716833348093520328e+01
7.515571505263541674e+00
4.228264118227014201e+00
1.249717953071438181e+01
3.028123403570652794e+00
1.701900928707983951e+01
2.284546694185709370e+01
5.297304063412793695e+00
1.274323608158660370e+01
1.071445514863622783e+01
1.161224868327095550e+01
6.961552365896501726e+00
1.724868679871839561e+01
1.401975217076556213e+01
8.611144209902503732e+00
5.403865535439265066e+00
9.583679808278212420e+00
4.474186965032477481e+00
9.913996661256568643e+00
1.600665100051903522e+01
7.560698344358130818e+00
7.589421690193452363e+00
4.322970111558241513e+01
9.455061734120619121e+00
1.308828340948323543e+01
8.014850034151814739e+00
6.320187933865343943e+00
1.144144305045578847e+01
1.049803696019943011e+01
1.261549749948559018e+01
1.508435894302817282e+01
1.617685477104894076e+01
1.960490376257034839e+01
1.232400686866879269e+01
6.275301523054841013e+00
9.705746110102452917e+00
1.376332592750546802e+01
1.757420515192320565e+01
9.218644691846318295e+00
1.437750832748725713e+02
1.128974057261380892e+01
1.499307425706996000e+01
1.727374875835003110e+01
1.123524852900209403e+01
1.256848616377425110e+01
1.388954159499692409e+01
8.907053718794978536e+00
6.692564876026747100e+00
1.855347229230082107e+01
1.170910678724665033e+01
2.075020754871050954e+01
1.671315442219462000e+01
1.970886547375584108e+00
9.811481385826503754e+00
1.527792160922723141e+01
9.119229341914712350e+00
1.379606925300545761e+01
1.545002601248394036e+01
1.390530646968039363e+01
1.712136566850238495e+01
1.734675256810520594e+01
1.464094057388676262e+01
6.847507621232426622e+00
8.107986197121100247e+00
3.105259462577205909e+01
1.630670103687775452e+01
9.350205135455787797e+00
1.336659838327734384e+01
6.517784128879496208e+00
8.882523373020434931e+00
7.676800841343143667e+00
1.745019321179098171e+01
1.534233996793937571e+01
1.479433350025447957e+01
1.416812876340761385e+01
1.047306293491817186e+01
8.910377658043948657e+00
9.920564918010704503e+00
2.184985696319500903e+01
9.567926507524393998e+00
6.798736805643891046e+00
1.176042173891430842e+01
1.010436031905930321e+01
8.000741338577503470e+00
1.360677538645696139e+01
2.174138387403254313e+01
1.264010534811231956e+01
2.000724847027309039e+01
1.575533191448746884e+01
3.432957752344751423e+00
1.516005722535733113e+01
1.582807546275341437e+01
1.147858121405582033e+01
1.353989181029312938e+01
1.401781399262238637e+01
8.196465906559305736e+00
1.962343636664182611e+01
9.534971510033892983e+00
1.884431707502093545e+01
2.158494302325441438e+01
8.795384244843530652e+00
