4.802640465877483500e+00
7.024191906055906820e+00
1.281104680318843769e+01
1.539573347771590761e+01
1.361195900327174968e+01
9.592824013161449059e+00
1.325352882188660786e+01
1.181316931445597262e+01
1.349782007360283664e+01
7.774251894977473043e+00
1.659585384726557322e+01
1.475740892188452769e+01
2.000227095793749044e+01
2.357592809074926521e+01
1.457320188368189129e+01
6.787320676359724025e+00
1.802859617984986329e+01
6.011449559264246290e+00
1.297077203732942330e+01
1.231940774400149685e+01
7.062999211843360214e+00
1.587940631385496815e+01
6.847479749458769049e+01
1.407684698825684144e+01
7.188702172638359755e+00
3.576936042003023886e+01
1.369560154711186684e+01
1.722961567611043066e+01
8.877572661488841277e+00
9.325461999253464640e+00
5.488039272265338830e+00
1.588282289917493983e+01
1.118453766590676501e+01
8.700900782261715705e+00
2.335385521070146453e+01
2.846387108022031143e+01
1.675025228856060266e+01
5.060707962288934603e+00
1.219670516619015999e+01
6.099391060469804948e+00
1.270853600986347942e+01
6.968318713988333357e+00
1.790699206375412089e+01
1.465613152091125571e+01
1.416262548441232383e+01
1.127159419036225252e+01
6.830822259527322693e+00
9.909507662446296550e+00
1.482909417735520918e+01
2.767768929977792780e+01
8.814698868607791837e+00
1.790398156694656251e+01
3.661805879650955386e+00
1.277653298777759794e+01
1.713956098812397144e+01
1.082909246582766194e+01
1.886121058388598826e+01
1.056098538387963970e+01
1.957764293189439542e+01
1.551765904971890464e+01
1.490523452535983218e+01
2.130108680569450641e+01
1.260548225939037437e+01
1.449053033089257880e+01
1.575177814167535217e+01
7.700802359269679265e+00
5.171849266667143397e+00
1.199996545834409645e+01
2.279452324218351933e+01
1.159611625500727961e+01
1.745743675662570382e+01
1.011129055771733753e+01
1.766978523166217130e+01
9.235104336653186863e+00
8.527438373875964928e+00
8.589720346058310696e+00
1.124026864448206453e+01
2.433414626543066461e+01
1.263364423126236247e+01
6.807694298224027385e+00
8.412004884404968408e+00
2.307998622951715006e+01
7.069301653199479674e+00
1.479730349564893288e+01
1.234242027688536147e+01
1.081130113781546420e+01
1.954183904523565474e+01
6.534738777731372572e+00
1.593290146581048994e+01
4.968715279707272003e+00
6.764691662094458380e+00
1.225051211569243925e+01
1.304769318679389123e+01
9.018817750298633484e+01
1.508211481153242417e+01
4.285424182575866325e+01
8.690280452609400186e+00
9.104252734053121188e+00
1.695031505732977095e+01
2.551081953549219605e+01
9.833407824555955301e+00
6.692846727891135217e+00
1.163275797240117804e+01
1.002645001931660751e+01
1.883284637060597788e+01
1.385354776352276929e+01
1.726593576581759137e+01
1.599931074608715242e+01
1.583525019572879522e+01
9.484239249616353007e+00
1.749705402731676429e+01
1.243361027648949957e+01
8.310369789762596326e+00
2.538759059348728186e+01
1.083813264064700554e+01
1.063038414703764722e+01
1.318617038100042826e+01
2.309240181757617094e+01
1.638778101327101666e+01
1.755615885458665559e+01
1.261574764975370222e+01
1.105476030898749151e+01
5.474485228953112959e+00
1.793116604644463408e+01
2.416800732860626866e+01
1.015263450344851215e+01
3.168517046176885454e+00
4.163310604327767450e+00
1.243035603917661724e+01
6.314837507426221741e+00
1.701779908909541916e+01
7.603447090510099038e+00
1.132083897481951595e+01
2.344457318379862798e+01
1.006654837717625917e+01
2.000845741981105519e+01
7.222655677519077777e+00
1.602451839685210544e+01
1.512148545662680377e+01
4.552565285834422326e+00
2.568244718969054929e+00
5.236463867263741356e+00
1.489209726136902745e+01
1.925396518134001411e+01
2.051119336847192898e+01
1.583032380474762491e+01
1.424778107304768504e+01
1.324826662741466343e+01
8.802062142052049509e+00
7.986583271502460946e+00
2.092137973327610112e+01
7.286491765263748199e+00
1.761350667439043249e+01
1.212101802693442920e+01
1.427016411227618597e+01
1.496240289189779027e+01
1.767607267598465626e+01
2.237437182623738252e+01
1.643715933031062448e+01
9.388770810629848640e+00
1.079730200312996935e+01
1.741326781353656017e+01
2.052203556083059510e+01
1.038514210932716963e+01
4.550757837689981322e+00
8.434945623866930475e+00
7.204488060988426312e+00
1.582427244053443083e+01
8.291167937156760814e+00
2.013233377593640938e+01
7.513856108743715900e+00
1.004801424591464531e+01
9.710701913357857151e+00
1.695728256067844164e+00
6.308291019439241865e+00
9.431316923974216948e+00
8.332413270619998258e+00
1.784739444805875763e+01
3.829152708448820608e+00
1.230240005125234681e+01
5.585651007232385723e+00
7.473302321498123568e+00
1.580681601414165449e+01
1.403886935107563616e+01
1.079108411793149180e+01
1.157758159870772197e+01
1.963530359366057709e+01
1.066577052658686320e+01
7.447736937613600006e+00
1.086919495709185135e+01
9.833883713364443224e+00
1.700342198390292481e+01
2.235744294781995478e+01
8.332949064143232221e+00
2.305589510288520572e+01
1.389812121739441686e+01
1.001244919163249136e+01
2.354257997587647466e+01
5.908126039286051956e+00
2.302214801992733939e+01
9.363219142715921706e+00
3.527052476592380259e+01
1.869692252276562883e+01
1.423405326791608516e+01
1.074774103770836398e+01
1.411796636148680228e+01
1.055317813266611360e+01
3.833161686173611749e+00
1.187723776982707768e+01
1.303488479797563393e+01
3.185104901717906500e+01
1.358489552335403872e+01
6.851859555544384861e+00
1.512100960582568376e+01
8.447461677352855247e+00
5.172002463321885735e+00
8.094402904668584142e+00
1.112604625756797105e+01
1.603974991263828187e+01
1.519116980124162453e+01
1.098621556617685435e+01
9.094187967601424560e+00
1.817321387496183860e+01
1.578995527251637654e+01
2.908644317849658023e+01
1.019234148416395058e+01
1.305766144026781639e+01
6.928625951944369810e+00
1.441506281575667359e+01
6.405822351313555707e+00
1.365329327629423872e+01
1.209617468612673008e+01
9.746353287718159564e+00
1.258248415924841090e+01
1.910265753356770446e+01
4.900655291127939961e+00
1.921941986294117299e+01
1.185530971994201188e+01
1.007687606220729393e+01
6.124564769275878007e+00
1.193928729336658101e+01
1.355977804252013463e+01
6.742071534335541294e+00
1.281277154247500327e+01
1.639955541937165862e+01
8.857119388797862314e+00
1.891217781915238660e+01
1.788528437476838207e+01
1.367272185085511360e+01
1.849960146771740455e+01
2.194428596580955926e+01
1.614627230558499704e+01
5.973137380451283285e+00
1.639025588016259150e+01
1.303583975751799251e+01
1.921170066273993982e+01
1.270576129278036426e+01
7.043960734028043014e+00
1.524509547456074898e+01
1.862384629664989077e+01
1.019487859901372495e+01
7.745072275380297633e+00
1.630193650445098186e+01
4.675279731752035595e+00
1.314838535253776364e+01
1.092912831972543408e+01
8.280019362148992812e+00
1.521044670721290792e+01
1.773217798512264309e+01
2.464727172728743199e+01
1.742281219801848380e+01
7.337844418214847231e+00
1.241816858653294986e+01
1.061167509088626915e+01
1.262669226751804707e+01
1.512494879882491183e+01
1.855725219718245711e+01
1.011382388124140341e+01
2.564972252708163936e+01
8.663565455960721806e+00
9.079342497382413057e+00
3.400572966912689843e+00
1.015431574200470344e+01
1.160883110278400387e+01
1.608503906709608700e+01
2.093806445877581268e+01
2.543151769919250516e+00
1.684132737239720257e+01
1.293976916900553853e+01
6.606962262687274823e+00
9.980314729504367932e+00
1.940812479609871133e+01
5.054966141270625712e+00
6.725715966337056706e+00
3.559193376512001095e+01
1.658720974490391953e+01
2.173455170103417267e+00
1.325443399562218083e+01
4.855542668488389779e+00
1.322237569452173034e+01
