1.064773307868521002e+01
5.216653683513576389e+00
1.339949700545602163e+01
1.816370583632207270e+00
7.806898768895693230e+00
8.953408712261204272e+00
6.052004041266035195e+00
2.236726270624509283e+01
4.830688147618467099e+00
6.764375003334712311e+00
4.475913215956598634e+00
1.163480237051835786e+01
1.124383508102460993e+01
4.095835637941780405e+00
6.850065822320809517e+00
1.070262424142188173e+01
1.072221284259575080e+00
1.085491189533392031e+01
6.554679943614807769e+00
2.295947752365573891e+01
1.676713105546983584e+01
1.081510703124075690e+01
1.571265803095665881e+01
1.887099954166771809e+01
1.000172691998922048e+01
1.229823265996985171e+01
1.176451447031734610e+01
1.245711795021984436e+01
2.292629548832844577e+01
2.991358079126787306e+00
5.854134217928269379e+00
9.891031999139039854e+00
8.412251922195101983e+00
7.543113460774979018e+00
9.556203204985292743e+00
1.297313541145429205e+01
5.631728262829865272e+00
7.002039126325246166e+00
9.096355902345075961e+00
4.628791538479305245e+00
2.080418091737297104e+01
8.540342419368675664e+00
1.988488585979321854e+01
1.813383417290097555e+01
2.487808491471033001e+00
1.989516914812230297e+01
1.156684907807074048e+01
1.122477510964845315e+01
6.030735542390667447e+00
9.205114585065626187e+00
8.248219308150531504e+00
2.446392442250627131e+00
7.430953760911004125e+00
1.955755314501119457e+01
1.319176520332746350e+01
8.456855274549727852e+00
1.258281805152219324e+00
1.272828262134905408e+01
1.018871404157621896e+01
8.393061794879915993e+00
4.603434737381244979e+00
8.612671643393904120e+00
1.391177444609928493e+01
1.238686760719783031e+01
9.663202354264631921e+00
1.009941548329753047e+01
1.009250136756991090e+01
5.641578450349548746e+00
9.980556781453143955e+00
1.358975071807525481e+01
1.379526644139959046e+01
9.184111644421674825e+00
7.313594641995752710e+00
5.390750926064587389e+00
1.152009440444263966e+01
1.521826329984531334e+01
8.631468959627815352e+00
1.832184117568665727e+01
7.373724605698797951e+00
1.324969947879942112e+01
6.047805397961254492e+00
1.201780530132487712e+01
8.046901982567483458e+00
7.245723905841174428e+00
9.442025242286799624e+00
6.775991821180312513e+00
7.544118328893293146e+00
9.945504899313533542e+00
6.872070001839034603e+00
6.778030234974854906e+00
2.111663065319050503e+01
1.423165640517663988e+01
7.486972943369119449e+00
1.059656139879180792e+01
1.359967086415911375e+01
5.291907908193974386e+00
6.051904906768383441e+00
6.545168813738889035e+00
1.775360178656228882e+01
2.273082678641079113e+01
1.319701993030903964e+01
1.492848496244923062e+01
8.925718191249808697e+00
1.296174056151871845e+01
6.453620676378275078e+00
1.264513711270107876e+01
9.018020477736598650e+00
5.070599719501728941e+00
1.426239195905686863e+01
7.508454936708139904e+00
1.384621193608052891e+01
3.171256096712918637e+00
3.985500895900391249e+00
1.713284483874103969e+01
1.440114475532540261e+01
1.396059812355687768e+01
6.561841619956060967e+00
9.834280038335528218e+00
7.066128836749661524e+00
9.044057364703455448e+00
9.316838738098157435e+00
8.576289324227195365e+00
5.002647800480389151e+00
1.219701551048763122e+01
5.730158334587420299e+00
1.200335271986271302e+01
6.588730161683150399e+00
1.439341978120208765e+01
2.404355007927136967e+00
6.595158602730482045e+00
5.114232840953543580e+00
9.180756560185512782e+00
2.510239846415060327e+01
1.229201081418328378e+01
4.669479165368708884e+00
6.113137105503813729e+00
6.189550657743290607e+00
9.205570269687550322e+00
1.425495101611178939e+01
1.229134336998178334e+01
8.678019626824932331e+00
1.001438810705929683e+01
3.994886473522614168e+00
9.914449209301986699e+00
7.506469569607472359e+00
4.338031233009878918e+00
9.316358120249409680e+00
3.793384977221017085e+00
1.322406992560554428e+01
8.485893634650837569e+00
6.191226946054097624e+00
1.080771993785107465e+00
4.620249734019902021e+00
5.220522347208340186e+00
2.128404912158708751e+00
3.060072240511981345e+00
9.832721273476712653e+00
1.194170644281419946e+00
1.424987882456605526e+01
5.610429649733715607e+00
1.386380325805570379e+01
1.529848344317717235e+01
1.585293535112009344e+01
7.475182238722888783e+00
1.304643394450657468e+01
5.732689756670814596e+00
9.667406618663658691e+00
4.031227746952975366e+00
9.553338728029160620e+00
1.775646990068755215e+01
1.582711290362582091e+01
2.191143546501689698e+01
2.005914612917478479e+01
1.281914648656974087e+01
8.362033951177757274e+00
1.075952033119686391e+01
6.673215969077070042e+00
5.749576942016538794e+00
7.338785830421858947e+00
1.050073768855382994e+01
5.230785346723149765e+00
3.730680620730750796e+00
2.110049556161903705e+00
1.347523340515325430e+01
9.023379807877669023e+00
1.049928853805124618e+01
8.298537593009326585e+00
6.297815378297614508e+00
8.780977188145520529e+00
6.103632430045168533e+00
1.016844249612560525e+01
6.513345350243342047e+00
1.429428796453971984e+01
3.826851421106161943e+00
9.173535288882861849e+00
1.472852098519903841e+01
1.331182292972093606e+01
4.787359520925401846e+00
5.599690662251277651e+00
1.229440201654494302e+01
5.286936597184245024e+00
6.178776048115738995e+00
1.853564228573055672e+01
1.167134597209662061e+01
7.318683586324217671e+00
1.897881919842736664e+01
9.327812306117774455e+00
9.582879326711180923e+00
1.289311473681238240e+01
3.754416687350424553e+00
1.069506417984458224e+01
1.142784267373483864e+01
4.014197583751762721e+00
1.069758804386455786e+01
1.685263017419082487e+01
5.273843259130761574e+00
9.775360826106002321e+00
1.301099119034520690e+01
2.195579015098021891e+00
9.930012366983875793e+00
2.274018787465172409e+01
6.484214138748944478e+00
1.152256228253538772e+01
8.525423242933921841e+00
2.931905962593632342e+00
2.678955780657399810e+00
9.977291523621085290e+00
6.166275926288298237e+00
1.237551572664260746e+01
1.133955850134659649e+01
7.227918996940836394e+00
1.086326977291191831e+01
1.020951686132192116e+01
8.522365563378864195e+00
7.755354039784929654e+00
1.744846524597889470e+01
1.195912490658194294e+01
1.330514867754766861e+01
1.366379733876735436e+01
1.315784816916010946e+01
6.809631647382635045e+00
1.139606902842293934e+01
5.280650295962797891e+00
2.835586106403539475e+00
3.288969004389927342e+00
1.363674641955513955e+01
7.870248880149723014e+00
1.067226660658084647e+01
7.336798247492241742e+00
6.304091648186222585e+00
9.569154656444132101e+00
9.465281852556099551e+00
7.054273866870023113e+00
1.926441130281828862e+01
9.883627188387384521e+00
1.323671713690525920e+01
1.352213012940116421e+01
8.751750597081366934e+00
1.974917167832797693e+00
7.415994866542130914e+00
8.684702121434311195e+00
5.862794093322744260e+00
1.295525122407415353e+01
8.694320263777557400e+00
1.511758773787226318e+01
4.662243083292496593e+00
9.724314110459696181e+00
4.823479123982868266e+00
7.147817176095225378e+00
1.372029397669298056e+01
8.764971034308180364e+00
1.168185878917121778e+00
1.211753508367000798e+01
1.249904388453998649e+01
6.375462867163423475e+00
1.121952161384504976e+01
1.170615200701174174e+01
6.812574191571311388e+00
1.240633112830389706e+01
9.469543845640350455e+00
1.080064955252436931e+01
1.805705538039975266e+01
5.826598780576325076e+00
4.201105571755990198e+00
1.055676981417835236e+01
1.246947845633527585e+01
1.148641997915566471e+01
8.646969860882050440e+00
1.481011500816937243e+01
8.223609494775715234e+00
8.959579661872245637e+00
1.953804599230338468e+01
1.060433964597787693e+01
5.305971315250523901e+00
8.817829730530140964e+00
7.937922883617435588e+00
7.657090560128748002e+00
1.304842899740614293e+01
5.222796171298573320e+00
8.457073022789398209e+00
