1.137600260275501896e+01
3.556577081328838208e+00
1.900809729710735141e+01
1.940141897608729593e+01
1.427488542740963595e+01
6.206297374305187020e+00
1.085045610081521694e+01
1.239371396967680106e+01
1.650560550425570838e+01
1.210137057197718313e+01
1.593728612662493660e+01
2.007777216466299919e+01
7.518860872724115296e+00
7.630344221402821425e+00
1.721683162362266728e+01
1.591690178024689040e+01
1.896038247779217656e+01
1.454062196255019579e+01
2.761242540675708401e+00
1.052506303232830298e+01
1.796478460718381953e+01
1.533975436702774608e+01
1.343759155908147207e+01
1.684221023750995982e+01
9.515336280277399084e+00
2.033461393911797899e+01
1.238886973266560965e+01
1.504914140713400528e+01
1.553514227359238831e+01
3.344110110833506955e+00
1.074646892223514349e+01
1.102302765262769313e+01
2.594705474650206156e+01
5.020981715862474992e+00
1.759470720300630475e+01
8.018491043133918694e+00
7.138915566872163332e+00
2.087561754771665434e+01
1.737685224345844759e+01
1.667780298117409288e+01
1.954412628177821176e+01
1.531182756249427790e+01
2.620848563858541169e+01
1.144802508843126532e+01
2.744717228054075164e+01
1.156565996057780410e+01
1.083838152220935847e+01
1.864880300281583470e+00
1.104278941704019523e+01
1.829770003264329148e+01
7.278167995837191206e+00
1.945758806751066672e+01
1.597233235624138992e+01
8.681764163700460557e+00
1.788981139118891761e+01
9.850252284756718879e+00
8.655716723700395576e+00
8.457608337997374548e+00
1.353057648423631676e+01
1.201698692693007686e+01
1.246330507099671081e+01
1.503300659183567944e+01
1.954830351267355582e+01
1.864596987023867669e+01
2.590305937679474013e+01
5.142522394699898136e+00
9.746551429037751291e+00
2.366540471542121438e+01
6.425244812624042012e+00
1.424124125976584310e+01
9.927299445590181293e+00
1.117524390255314337e+01
1.077235629095941860e+01
2.265067302697325857e+01
1.961783203945368825e+01
1.354760801346373000e+01
8.529109222595703699e+00
1.513058415910298571e+01
2.228024136358415319e+01
1.553476872316807622e+01
1.776699096412981760e+01
1.427770853377062465e+01
1.616200918277075260e+01
2.613581941276689591e+01
2.184667178341431537e+01
4.343606619573310290e+00
1.812384650527208052e+01
1.247941973984444708e+01
1.242757901051951741e+01
1.368957278450929671e+01
9.969535144613054456e+00
1.400077870109640621e+01
1.242858631294234861e+01
1.603486822580818227e+01
1.310857752257430420e+01
1.594624761357747467e+01
1.291141109081647365e+01
1.534159740282672502e+01
6.086500982864112785e+00
2.289935246031879146e+01
1.844627084987596533e+01
2.371306650849799880e+01
1.976797380347226252e+01
1.425939863143338826e+01
2.562114604935280582e+01
6.719791502854100429e+00
9.017971840079768597e+00
1.780106345951527658e+01
2.380164142461872245e+01
1.150382756028757747e+01
1.314164927362771706e+01
1.238999167919083710e+01
8.320892717063149036e+00
1.003920221838349747e+01
1.212675996932877531e+01
9.903706030791971315e+00
1.767667634329706772e+01
1.461546801470087154e+01
2.588432411984873482e+01
2.475592170572410566e+01
1.229965146062000692e+01
1.233040613286395626e+01
1.022541503487209269e+01
1.470294493298587035e+01
1.494571454969912416e+01
2.056616144924727507e+01
2.303513755512042493e+01
2.584841549691921614e+01
1.238508458252320565e+01
1.200353942161293652e+01
2.434287227372082896e+01
1.275433217755455573e+01
1.810619846090618523e+01
2.233898501963643213e+01
1.988488775858689905e+01
3.712941188041420304e+01
5.280802586785910080e+00
1.757275407010821766e+01
1.833917405964093916e+01
5.361837177656268771e+00
2.256847279953519703e+01
1.943688333744899666e+01
1.676336532929493472e+01
7.630356716153229080e+00
2.605783787198361168e+01
6.682590376163913604e+00
1.563124781108430561e+01
1.831468298814368367e+01
1.986935559127930517e+01
2.828927497073510011e+01
7.693469856966857812e+00
8.352666970826282622e+00
1.577982541547869211e+01
1.264999448623903611e+01
1.774508099497535696e+01
1.341642285634480736e+01
1.361044242588936548e+01
4.388097961132353397e+00
2.584124855919766262e+01
1.522552827880445570e+01
1.142694700692087117e+01
1.612799624682221022e+01
9.015269237987721951e+00
6.360107575403902480e+00
1.657257629166301172e+01
3.351632642884922575e+00
1.206670694057627813e+01
1.240725154758275472e+01
2.035027943318748100e+01
2.166916189598488174e+01
2.852932604251122584e+01
3.621731815189224335e+01
1.347849667208955182e+01
1.248392106899363796e+01
1.782255057165142631e+01
8.795071259150772036e+00
1.625186687604033864e+01
6.147025916594854422e+00
9.887469821640014089e+00
2.482348405111291001e+01
9.029492783136074507e+00
4.690314976781768230e+00
8.177142280413606912e+00
1.227835950397415665e+01
1.599973138405916018e+01
1.952409684353620634e+01
1.378048989844813121e+01
2.427883922278226692e+01
7.317566512970805626e+00
1.501436791000510595e+01
1.780408081174270762e+01
1.730336917469216473e+01
1.106135864141656278e+01
2.321203000257310478e+01
2.516877159166071110e+01
1.247963244973160712e+01
1.814330710030721860e+01
1.213956542566235441e+01
1.710006258718088645e+01
2.126655197911746953e+01
7.954965985700550135e+00
3.051093187090835457e+01
2.023432958117652802e+01
1.067909565437581954e+01
2.349177675970934587e+01
2.490509429267775587e+01
2.009863664366272928e+01
3.753657674190544924e+01
9.620385135234831964e+00
1.877872274512105122e+01
8.278225524799298185e+00
1.258133243848591576e+01
6.368451975693891320e+00
9.051637517850508630e+00
1.067723929611547895e+01
1.317889916732390709e+01
6.385161697787462565e+00
9.588491985210698232e+00
1.280831898198635699e+01
1.018814799615157796e+01
1.464389828549142969e+01
1.582324256299180298e+01
5.692619022407009233e+00
1.518779661136772852e+01
1.192913904006548442e+01
1.105028407083818998e+01
1.521542920185413728e+01
1.842280828863090036e+01
1.707689752335249977e+01
3.748702265371992581e+01
2.019979209731107517e+01
1.162697368116796781e+01
1.745093876273229583e+01
1.792514525740925535e+01
1.386740827609875737e+01
2.894305520762297945e+01
1.779482557082154770e+01
1.869466627684407634e+00
1.722376161857752308e+01
9.186298407036170843e+00
1.444865312688967407e+01
1.259453297370523117e+01
9.193270571957294024e+00
2.088530124013534817e+01
3.276877903499880773e+01
8.787145334631983928e+01
1.308190079343754597e+01
1.224384482820836162e+01
1.995818630762409995e+01
2.351583302096137373e+01
1.406289508676132805e+01
1.455603212810085445e+01
8.965419124358367853e+00
1.919102854182997930e+01
1.315352937166769642e+01
1.777588385836310891e+01
1.603465425641719122e+01
5.513735418990778214e+01
4.415800359852248391e+00
8.879851506815281681e+00
1.416616882388230536e+01
3.161337530678891561e+00
2.045676732146177557e+01
1.293658971583448469e+01
7.591864260095380956e+00
4.255371161574392325e+00
1.548210694929322884e+01
1.474855146601063716e+01
5.714696467848149553e+00
6.938859953163487262e+02
3.135779713331680085e+01
7.108516088106011210e+00
2.702216145945768488e+01
8.460134844008239341e+00
2.161439849694520632e+01
1.954492531349612605e+01
1.075392438912212612e+01
1.956981742983093042e+01
1.539875386136081303e+01
1.519495723682446631e+01
1.119866333376740997e+01
8.625329511531994342e+00
1.051316920900688245e+01
2.214504626941426935e+01
1.516124403174851665e+01
1.302203101075294178e+01
2.212170657946784047e+01
8.843531607799260286e+00
1.769635508800487500e+01
1.008318318157318139e+01
1.041959636008420453e+01
2.203483408858174641e+01
1.283441090964653597e+01
1.490659826142237954e+01
1.787291098045267645e+01
1.554878416477278869e+01
1.251109565945920465e+01
2.405185923420840410e+01
4.544025624305061406e+00
1.722555059294507274e+01
