3.618952257799598726e+01
2.348056966815599012e+01
6.518263821109877654e+01
2.788556807067785215e+01
7.087433653989599236e+01
7.022888531567215864e+01
5.234300087798096968e+01
3.942612334375478156e+01
3.404387049015840461e+01
5.373782974325657591e+01
5.783964630039177734e+01
6.105979810834592314e+01
3.702859317464799460e+01
4.974091865576866667e+01
5.272283902501284558e+01
5.638239535686658854e+01
4.947446305749151207e+01
4.517489469843997085e+01
4.617804427064618977e+01
8.768751335763106169e+01
4.757187185200102419e+01
4.522375434524759896e+01
4.079958493001500841e+01
4.412630862148202482e+01
5.094846969639538514e+01
3.010707647191136971e+01
4.886711242953930423e+01
2.942744470429136427e+01
3.080054551069090962e+01
3.859727172354565994e+01
6.720853678326902525e+01
5.601753588902750636e+01
6.612245538246288845e+01
2.904141890909494705e+01
5.726430467196050955e+01
4.094756707073909752e+01
5.421075815493650651e+01
5.700805456695503182e+01
4.338500676814496160e+01
2.955791827606441657e+01
2.528118724483209689e+01
3.028845124937830491e+01
6.227946312231389214e+01
3.745998108426991990e+01
3.975434882847712714e+01
2.841326620583694762e+01
4.853045957805505140e+01
6.098438257179116562e+01
5.544108376733181842e+01
7.030461515489483304e+01
7.440072221834653021e+01
2.738313415076707003e+01
3.930420819584049497e+01
3.356602247708835307e+01
4.520549146925365847e+01
3.307647455377582446e+01
2.943588250886904589e+01
6.577422632051590767e+01
3.035879322245987666e+01
5.085669383924557962e+01
4.775915722138219621e+01
4.038419335936022492e+01
6.776402361759042492e+01
4.939322647220964768e+01
5.629255395073118251e+01
4.854141081914396239e+01
4.909150103260764553e+01
4.323218496254819598e+01
8.020773425911575316e+01
4.366853210626668158e+01
6.962516624878328741e+01
4.950755598756749265e+01
2.170542686740505900e+01
3.087301213302701441e+01
3.355770780786630780e+01
5.579502816268502841e+01
3.574522196991780731e+01
6.335133637707708232e+01
5.074171827915267130e+01
4.843779986842354646e+01
4.566327499921313660e+01
2.707358077735382906e+01
4.642797063392389134e+01
4.972238562787967453e+01
5.516776579727819296e+01
2.734009663822645919e+01
6.530801604432052443e+01
5.169554407468901758e+01
4.868367001273056616e+01
3.223647290930211540e+01
5.766615768670407505e+01
5.900586780316009339e+01
5.978727419195260495e+01
4.187171522672039004e+01
6.250263687887568409e+01
4.662740681588984870e+01
3.631615802657140790e+01
4.565715319214761081e+01
5.169070155864930882e+01
4.981630759548193055e+01
3.569959887100825568e+01
4.441337762663045652e+01
4.779080229331366780e+01
7.477216403041826709e+01
8.424922517858234983e+01
4.968274617531375270e+01
3.317228307268684517e+01
6.512067067407313914e+01
2.172041986342020081e+01
6.339890258674683565e+01
2.802939115118948621e+01
4.875352798679213606e+01
2.802039574460174265e+01
4.499457565312941654e+01
2.978850418612932316e+01
4.697208476284982481e+01
3.159002258669341856e+01
5.769309880414152047e+01
2.899032618021254848e+01
5.177517228716113351e+01
5.791117226517297212e+01
3.509038456322129207e+01
4.192938390091138245e+01
3.331906588423488103e+01
3.692829973015649614e+01
6.754912804131873827e+01
4.495059401403743493e+01
2.466884735768107006e+01
3.992367433417041411e+01
6.504631009825372701e+01
5.073840827815045174e+01
4.839723304287775818e+01
7.598023917725926424e+01
4.976815243056630322e+01
2.821996905483475970e+01
5.257829406545425144e+01
3.474167192434187257e+01
5.412820652641859454e+01
4.315986438055972485e+01
5.753430254040844716e+01
4.821106952217689212e+01
3.430015045821244257e+01
4.179486771506938680e+01
4.073218491295902055e+01
4.997187620227743565e+01
2.354893807105514369e+01
6.854408415714979697e+01
4.970262497025749582e+01
3.596888461922087288e+01
5.192362951985469977e+01
5.443280393158028829e+01
4.170388229801170610e+01
2.909900861314288889e+01
3.388601260384456282e+01
3.359783206947929557e+01
5.103265516222884912e+01
4.733478556535559534e+01
5.952253199797834071e+01
2.896839985996748013e+01
1.992924096298834158e+01
6.177859574957824407e+01
3.490797291770862643e+01
4.334142688887228445e+01
3.912544234431485535e+01
4.682800176215311438e+01
5.910987411415337078e+01
5.134911653997774295e+01
3.459224148159285761e+01
2.702630154925134676e+01
5.451709712256820239e+01
6.176653157463329791e+01
3.339658796220513892e+01
5.398157646292337120e+01
3.188144136217210090e+01
4.314484244709993987e+01
4.545618093841673613e+01
3.033284346056863612e+01
3.953283387818146366e+01
3.776295667010670343e+01
5.522285369482082729e+01
5.734967734819439045e+01
2.218925792477195458e+01
3.968432153460433653e+01
8.103956322132098933e+01
2.542498674739459830e+01
4.549594584980468426e+01
5.656029975279712829e+01
8.048448503310724789e+01
4.190816755946379857e+01
4.603556070885087337e+01
8.894129086351323110e+01
6.798698284777829315e+01
5.390376180494897795e+01
4.551006372445971948e+01
4.436633326394795773e+01
4.751739101691995870e+01
4.802600801793303020e+01
4.376721165638478794e+01
3.925566768542176987e+01
3.646809511132674686e+01
4.620350330723823618e+01
5.304854038184759446e+01
5.543103070380543329e+01
4.479016475455941304e+01
4.375159526985070357e+01
4.521843936195315905e+01
3.442227732829586984e+01
6.565499486876947799e+01
3.956048916513697122e+01
5.798363835039448588e+01
3.724974741621583263e+01
3.571628183865788486e+01
4.388516078165434209e+01
6.108513153617304425e+01
4.224144892780115867e+01
2.577685102197833444e+01
4.142765885693798111e+01
6.116538917260795216e+01
4.499311348243124087e+01
6.794427879580624108e+01
2.933517561377225036e+01
4.292877576460186617e+01
6.995415050453618733e+01
4.864599645985423848e+01
2.752023727391041064e+01
5.223635114111938549e+01
2.122812595391389934e+01
5.330092973055402439e+01
2.697854231786790180e+01
3.223158308356642010e+01
5.896789759645108830e+01
4.250114805860346223e+01
3.412265133673520268e+01
3.264296045985830119e+01
5.395407507016290083e+01
4.924597808129147580e+01
4.342132917067090148e+01
5.063842203892874494e+01
3.756300215922534136e+01
2.816230734488287268e+01
3.618173731450989550e+01
2.333393321496978601e+01
7.255854125963466572e+01
5.855694577585886407e+01
3.830135403489084212e+01
5.536479877674902639e+01
4.094899169794508964e+01
4.117625437963218360e+01
5.983308906685562079e+01
4.829076169368335769e+01
4.194880927499078638e+01
4.186208163038773478e+01
3.762276963568427135e+01
3.630825684004882703e+01
3.871255923395084864e+01
3.152301387189444881e+01
3.559982421029596367e+01
7.251106087504133768e+01
3.800378904056973539e+01
4.126009155850255183e+01
3.924336377601046877e+01
6.382869983709640849e+01
4.794343809418374747e+01
3.735551256919353591e+01
2.966659325698986649e+01
3.657165563620343818e+01
4.386288528106874907e+01
5.442220879429254410e+01
5.751851288561411479e+01
5.452735873971636948e+01
6.353052148021797052e+01
4.444903284327978810e+01
6.091653115309147637e+01
5.262900088364543905e+01
4.732754674065356681e+01
3.059480557543398760e+01
6.082441734769890473e+01
5.076722901564824042e+01
2.976932388396791751e+01
3.416525081471354497e+01
3.761859517666289321e+01
5.586869949464997376e+01
2.932583196741831344e+01
4.527943654547841135e+01
5.879649980443929991e+01
5.727495248908041958e+01
4.925879368090501487e+01
4.540096405188364059e+01
4.504652855795220745e+01
3.257315398757024383e+01
4.203208574868153846e+01
5.484972004035169135e+01
7.706890856561078351e+01
3.543380542838637126e+01
4.753616618928622017e+01
2.238737511348610099e+01
4.427003721720008400e+01
4.271639124868499238e+01
6.795189744262216891e+01
3.860945898485088890e+01
