6.836050395332348728e+01
4.264878348744503000e+01
6.630610634342677656e+01
6.034112184611492324e+01
4.400379705454965062e+01
4.717354490495817032e+01
6.039005249489898119e+01
4.722735650934513529e+01
6.468768064570498666e+01
4.603552245105947094e+01
2.943108462612682530e+01
3.237023556975589855e+01
4.321005480057775117e+01
5.364698027750520737e+01
6.686259960277858738e+01
4.568263674847129607e+01
6.961156201069601934e+01
2.464805326237950922e+01
5.499832574898822202e+01
3.938205222279703577e+01
6.326773436425643382e+01
7.327848291796138369e+01
4.695764484807501304e+01
4.380660851240654807e+01
6.056727593865023351e+01
3.611217820870042061e+01
4.385606881307481331e+01
4.858821956345940407e+01
4.390693886501178156e+01
5.481061832444131454e+01
5.428349570550699354e+01
2.963317241636263688e+01
4.132119487207368280e+01
3.242586852061687352e+01
3.521363508699096201e+01
3.431214105583789120e+01
4.196105888429867292e+01
4.326036361587102164e+01
5.139783995525600346e+01
3.822857741229242379e+01
5.830527313813670531e+01
4.999320778634336904e+01
7.624320189773523282e+01
5.112050797364706511e+01
6.022885207136668839e+01
8.287844300680028198e+01
6.214835343728437778e+01
4.105252309707703517e+01
4.463269798120994380e+01
5.234467419322795934e+01
5.618743305550811584e+01
2.114894286122655842e+01
3.213745175741559734e+01
5.231373868788454473e+01
4.896353663397640332e+01
4.457728103572741674e+01
4.984287683290970961e+01
7.376153268252382134e+01
5.588993907272685391e+01
4.145657949202594494e+01
6.051812876167412725e+01
3.970054250487030600e+01
4.525402726479070026e+01
3.383917521470576872e+01
4.091114385176376089e+01
4.875344573293169503e+01
3.742936339792152012e+01
6.666080868796686332e+01
5.181418435271823597e+01
6.374722632154787760e+01
4.471824698040396839e+01
3.390464832480104462e+01
4.117794540867008379e+01
5.715062894549456018e+01
5.087362277525462417e+01
7.139243899032278762e+01
4.519843553501334554e+01
5.754278686798782161e+01
5.615280773267221548e+01
5.301817247925345100e+01
4.536371049248774057e+01
2.729371242646922724e+02
5.551351966388692460e+01
1.651773293157016553e+02
2.511812445269009686e+01
6.769521413501280449e+01
4.275230719786604539e+01
5.038119334501014634e+01
3.577436805476642689e+01
6.384985442890359764e+01
4.819299937305174097e+01
6.310735181619062928e+01
3.184339177822899458e+01
3.739138520565894908e+01
5.568980662131423287e+01
7.461742358580913503e+01
3.537080476927891226e+01
4.581166817943699954e+01
5.606339486509190806e+01
7.335561476514655510e+01
8.503594941720207601e+01
3.318732843886472494e+01
5.599413272116559881e+01
4.092861170343255139e+01
5.017016834704716644e+01
4.053937461169236656e+01
6.622761026723279087e+01
4.969732820008585605e+01
5.096196900918718597e+01
3.922401574059001206e+01
7.746305576935976944e+01
6.247722597062634264e+01
7.956591496745807035e+01
4.762746418976242069e+01
4.709778616610097401e+01
6.319720974904144839e+01
5.575092350862147583e+01
4.675974333154322693e+01
8.448041912417298249e+01
5.382525429775204628e+01
7.226649773608309602e+01
6.379458155280112663e+01
4.528655428308113784e+01
7.084966632485860316e+01
5.943150634554225320e+01
7.922294956851828829e+01
7.500271516400420069e+01
6.230986250126806425e+01
4.742834806087238775e+01
6.393789082376289912e+01
5.379235358690281288e+01
4.808204326913190130e+01
4.554475887256342759e+01
3.630043297349353537e+01
6.633221856945871764e+01
6.224383037525795714e+01
4.927207041070391114e+01
5.443168733686750471e+01
5.567712456596042614e+01
4.645312496865666674e+01
6.458348283344408003e+01
6.072749192486035952e+01
3.101553797572053739e+01
6.662750454208890005e+01
4.919440402143278845e+01
4.546010383244799868e+01
4.615227340870342232e+01
4.396259605970004714e+01
5.188171837140191656e+01
9.836065904565899132e+01
4.302362653796421199e+01
6.083526714348096220e+01
5.543956843687892189e+01
8.308267538284420084e+01
2.513340722207528444e+01
7.453623208074210993e+01
5.984403191441663239e+01
5.896534766933195471e+01
7.190508157716139692e+01
3.718087442453292368e+01
5.798956440650155741e+01
4.758377189102799321e+01
5.946944167753329680e+01
7.541562516718239806e+01
6.342869565781867891e+01
4.952883921553537050e+01
3.418961448238574263e+01
4.835811542287127907e+01
6.597889885773039964e+01
5.432229827933811350e+01
5.811538217764120873e+01
4.243100414462173120e+01
4.329151809983875410e+01
4.375076485177618935e+01
7.240380067287253496e+01
3.659939368681717298e+01
6.596426178885613467e+01
6.063791843415727811e+01
1.902672937035612449e+03
5.774548802690625848e+01
5.786065655049130640e+01
7.280100181374263002e+01
5.207998640543741686e+01
2.949710679572902805e+01
3.759066255690257208e+01
5.694096934830668033e+01
7.410150161849365702e+01
4.482678878498966668e+01
4.583009510809985443e+01
8.215461350444768129e+01
3.210919645060854322e+01
7.000201357196561958e+01
5.971499937645825895e+01
4.208642892589753615e+01
4.871372602233871874e+01
5.123298158912608358e+01
5.280513105157541531e+01
4.709303548579580223e+01
8.609434853582951064e+01
5.017305858938903640e+01
3.783525486555836892e+01
6.279712639054550749e+01
3.715681806136488774e+01
3.848190028160686182e+01
5.523148662947175325e+01
3.894240325965784422e+01
4.590705341420758856e+01
3.897198489291924517e+01
5.606610841328281225e+01
3.315556739612708270e+01
4.400759133594436179e+01
7.717240333970696042e+01
4.871547502704552812e+01
3.912353891704809428e+01
3.671754666454484095e+01
5.997956487277755144e+01
5.788623992083513770e+01
3.126837816132935544e+01
4.807131863353261281e+01
3.910703458987477177e+01
7.189003117513341579e+01
2.701702534175542425e+01
5.508976298353498180e+01
6.364413169217294808e+01
6.862130009317129975e+01
2.900352972549513098e+01
4.312159640881063183e+01
4.974411587081800690e+01
6.175350580641188003e+01
5.365273030646041974e+01
5.515005053060105666e+01
7.849161515794459376e+01
4.821516871420249117e+01
4.898537254449921363e+01
5.574844405243754863e+01
5.079813140026960383e+01
6.634834221920129949e+01
5.597126561166000158e+01
5.246614620870141010e+01
6.578392982427091340e+01
4.207355821223548986e+01
5.004126928494554249e+01
8.499523823899058073e+01
4.653701336628920160e+01
7.128488109022740105e+01
7.210036602631832636e+01
5.057124885815241555e+01
4.194087931462802032e+01
6.550425091680419598e+01
4.251267964441272085e+01
4.911505158392940018e+01
3.268023789444431060e+01
3.865324003412666798e+01
3.833883375753106293e+01
8.164138589762572451e+01
4.313992668355962934e+01
6.193145861226571469e+01
6.187874131239618691e+01
4.521156231626480348e+01
6.023385186390991208e+01
5.842013387236490018e+01
3.110608940052770421e+01
6.202594805093430352e+01
4.037282256495493726e+01
3.147551406518378414e+01
3.636577295630411299e+01
3.680744628512125871e+01
2.556095986647409646e+01
5.060934074906046476e+01
4.415801297643568546e+01
6.495460143606503323e+01
4.129243575505865493e+01
5.691152453718238036e+01
4.037754837859377233e+01
5.588651490335248440e+01
6.473420155839252743e+01
6.078393909927065408e+01
2.995811153142995664e+01
5.325556964115523328e+01
6.207979278775283660e+01
4.687510368579084741e+01
5.707360392961641082e+01
7.084264682625556020e+01
5.165080309532347513e+01
4.907741609880022793e+01
5.512721410152009582e+01
8.088446898794401818e+01
3.934864964298131440e+01
5.265447314170981485e+01
5.141160215290113200e+01
6.443099036371715727e+01
6.918468177066711178e+01
3.591138027218742934e+01
4.836220229777656243e+01
4.904510625151797143e+01
5.977179953131552281e+01
4.921244667360043934e+01
5.429800177864374433e+01
6.403237754310285368e+01
3.391015851954666971e+01
