6.568039055588179131e+00
5.945897790993870835e+00
2.259834275769791123e+00
6.587407908400889411e+00
1.775652807072172834e+01
8.623432008787194292e+00
1.085078255274781256e+01
1.716915881621418905e+01
1.176124363527309669e+01
9.005305749260788417e+00
1.157688134753695053e+01
2.052312642864329817e+01
3.711052560166584691e+00
4.295730722222724118e+00
6.127878756365739754e+00
1.132011839984221346e+01
2.181689502441711070e+01
8.125456580710469723e+00
1.427200143673952759e+01
6.764191137807974208e+00
2.162158792754313552e+01
4.358109490808546482e+00
4.896985777793561034e+00
9.194689926348695863e+00
2.363059721313503303e+01
6.584294226080062096e+00
1.140924049429410836e+01
1.663528773945385453e+01
7.583842325295123032e+00
8.481453592324326607e+00
1.170096150793108336e+01
2.225565659859639567e+01
1.387971912801613072e+01
7.303035219358290142e+00
3.296518513140228368e+00
1.908556767329006476e+01
1.066607308531675002e+01
7.661698786024422780e+00
9.443701498820251672e+00
8.147308049889558035e+00
7.457683233485717267e+00
4.469797609206590749e+00
1.508414679634315902e+01
8.663245469085854467e+00
5.772495887129325709e+00
1.310140814986563029e+01
1.192235967468677416e+01
1.198153938240556293e+01
1.564018160360174292e+01
9.387655002643290558e+00
1.036863263659557255e+01
8.495614622281697947e+00
6.156853460370299125e+00
9.315624140407509302e+00
1.383134740684130648e+01
1.004951788476556551e+01
1.206106502979860906e+01
1.616511472111584524e+01
1.226024873712551688e+01
1.116258611097230258e+01
1.393262586462413921e+01
5.652756984260082440e+00
5.671843707771055954e+00
6.593192842971301815e+00
7.304711662690519525e+00
1.884491618180742378e+01
1.029246203207085486e+01
1.006214339644524536e+01
7.548266129240108313e+00
3.062249225526296925e+01
5.562614958551386657e+00
3.409765189698904742e+00
5.181597768659755410e+00
8.720563678957246267e+00
2.473803950556633779e+01
8.098406247761134935e+00
3.067430452495263893e+01
1.530702665100057480e+01
1.016624571587645143e+01
6.599994268427777477e+00
1.112772740839467467e+01
1.032381475303180807e+01
9.528849139015090230e+00
1.400345777035617978e+01
8.462945306560397896e+00
1.101177128894185131e+01
2.185241146267671297e+01
6.970555530828234758e+00
6.019473193733364091e+00
6.146454519054961096e+00
1.311327312348301355e+01
8.467224197146949294e+00
1.599467711644648737e+01
1.425178845726194510e+01
7.190344843093788185e+00
6.703064821809316953e+00
2.279690708564976731e+01
8.719340821862180846e+00
5.524147453310595424e+00
3.781988416073225334e+00
1.584179010958705369e+01
1.130686602961787024e+01
9.054649635777535011e+00
1.080703524639545421e+01
1.220574160757720072e+01
5.276079074166493577e+00
9.460195344070671197e+00
1.458394228763875056e+01
1.058141489420916415e+01
1.036570912959905222e+01
1.513589333596755715e+01
7.751164642947079741e+00
3.084880635270377258e+00
7.346882221640562705e+00
1.118955625863640080e+01
3.270083568419402287e+00
1.171531445428989571e+01
1.043993896176923286e+01
1.406888441701249448e+01
8.525194479461315922e+00
2.411458146635281796e+00
4.204744717186193803e+00
1.732855209343055236e+01
1.823525878146596924e+01
1.142442121645579256e+01
1.058498662056294393e+01
1.032675128690680744e+01
7.520341887041031015e+00
1.494954799885097607e+01
4.673730044596540623e+00
8.074043512715659787e+00
5.192647371654786070e+00
1.344435759656745333e+01
7.666321958852083007e+00
1.476969973323716090e+01
1.094228130288152911e+01
9.386499975727602418e+00
8.349664413517315253e+00
1.821605486020803966e+01
5.359266373537533212e+00
2.417621260856767407e+01
2.305669760000305502e+01
6.135996392039874792e+00
1.077306331837637998e+01
9.449876972365997219e+00
1.071100669989764498e+01
1.337069035858300126e+01
3.903115876233048454e+01
5.320906506897465249e+00
1.447071137813726338e+01
8.888806970526825779e+00
1.356258237867709759e+01
2.088895855946784863e+01
1.176692761553306354e+01
1.923528812065674742e+01
7.134034185269656270e+00
1.257884585893190987e+01
9.814343864634185621e+00
1.183226947416127040e+01
1.157014401059319475e+01
1.160334417790717332e+01
1.085005262432791717e+01
1.512797219854667574e+01
6.515583894706719725e+00
9.781088883031811676e+00
9.615159878862883147e+00
1.590123272610680694e+01
4.868524046645593906e+00
1.367836324121789637e+01
9.741238668145562940e+00
1.337646298844492776e+01
2.315489177455565262e+00
8.373830876153526503e+00
4.413460114394886169e+00
1.154569171824326013e+01
5.887070382916480327e+00
2.323556641329178518e+01
9.550561042800444156e+00
4.642200150839321360e+00
2.454827158460960224e+00
9.905029634648276016e+00
9.739737958197325796e+00
1.120082614701607682e+01
1.111718367631237214e+01
1.610201804301247108e+01
1.500293299695780647e+01
1.258717760992864498e+01
1.554245670397186529e+01
9.253087078483215322e+00
4.169380336554373123e+00
9.610719357309408295e+00
1.090174684289769935e+01
7.311140521401712888e+00
8.359440576471802942e+00
9.982124601284423804e+00
8.658167859659808840e+00
3.808578119721591104e+00
2.852588708824130137e+01
8.067403222789078399e+00
9.591503823889057756e+00
8.801943314318984690e+00
1.419717261278164955e+01
8.489595768711504675e+00
3.199635942632995889e+00
6.484948782570042702e+00
1.482330941458999796e+01
1.762377229455492511e+01
1.121202548463099546e+01
1.329290132437393801e+01
1.193703410504170037e+01
3.404446062119736105e+00
1.142201997628596111e+01
7.970450419062153458e+00
8.864670839493703269e+00
2.103249820130744752e+01
1.151926258668935610e+01
1.023413052326808703e+01
1.286557585798054681e+01
4.744457842132218772e+00
1.303185563179680351e+01
4.133153000592283632e+00
8.483879231845278257e-01
1.134563503523780170e+01
1.593958156229354550e+01
1.085374427751667348e+01
8.851161292503670452e+00
1.023494685466802778e+01
3.639691149505133616e+00
7.016523464634561336e+00
1.399614207371245200e+01
3.621897562185863961e+01
2.747023463369822949e+01
7.850285730740361068e+00
9.765554142452307573e+00
8.513869976562988384e+00
6.397475083221372039e+00
1.431451013396894467e+01
1.319279489333821864e+01
4.484371767690428889e+00
6.705885698814054052e+00
4.294428762646684383e+00
1.765845512263148365e+01
7.725743602086671658e+00
8.318902166553542088e+00
5.912077035738944275e+00
9.699081997615188300e+00
5.378646986510211114e+00
1.592734340491888290e+01
9.026590676620202203e+00
6.808385939158057454e+00
1.124860434519730745e+01
8.376864406024242982e+00
8.441663321694752753e+00
7.449910778353395102e+00
9.283588958252753542e+00
1.373825265179842248e+01
1.340813489032444750e+01
1.361418483330734297e+01
1.049662927247786293e+01
1.103832331693349822e+01
1.123525811142392961e+01
7.192338198512997494e+00
1.171910945538551019e+01
2.551721414282458511e+01
1.348903171974020054e+01
1.613118330540875789e+01
1.428332213213463220e+01
1.124945508962741414e+01
2.125411098193076853e+01
8.581941915875431093e+00
1.061318296208213319e+01
1.034570063781117710e+01
7.823225166611826431e+00
1.469225519153376958e+01
4.488497545803264543e+00
8.571184160926836881e+00
1.185644795964861054e+01
9.177200371570338078e+00
1.394287173982142036e+01
1.263250230282250008e+01
1.355472168949239631e+01
1.019452636286166758e+01
1.284202371195113201e+01
8.777188767174067152e+00
1.461036376810379700e+01
6.258679970610078414e+00
1.238732673960804043e+01
8.259771684326654650e+00
3.640273253572260170e+00
1.130169002129755818e+01
4.056748980929427262e+00
6.731362826712444125e+00
5.472234968737210714e+00
2.907661783873350281e+00
1.476444328882748991e+01
1.021941911451300200e+01
1.471718199172608621e+01
1.227987951979079284e+01
1.290781875858024108e+01
3.898259562982353543e+00
