5.595259975892166615e+00
1.490703865947244822e+01
1.634360973144761076e+01
1.970774652769234692e+01
1.507514358747041072e+01
1.040502289564849825e+01
1.591841355897509835e+01
1.134314310953602245e+01
1.079207549885117423e+01
8.576874662198870070e+00
1.538461917338552531e+01
1.613630762860618972e+01
4.000112152899090390e+00
1.364654989133434881e+01
2.122465574841065461e+01
2.072616216474775186e+01
6.694149999935700812e+00
7.123151057250825424e+00
2.067758717261606449e+01
2.236430325980742850e+01
6.266324295599790872e+00
1.882882613564169105e+01
9.162422543949103826e+00
3.440142748812991869e+01
1.612337340480021197e+01
2.876515702827568077e+01
1.321585564759031328e+01
1.031267191809854289e+01
1.549178662751354985e+01
1.716000386729350069e+01
1.267631094526416646e+01
1.070430604385970597e+01
1.166891028812311326e+01
4.458972052044713585e+00
1.733738348994178580e+01
1.040772635009221148e+01
8.371341214795769758e+00
1.693595199731225165e+01
1.681515332613033920e+01
1.091019553074674064e+01
2.001516006393548608e+01
1.507471619851041389e+01
8.655732681251912197e+00
7.706929247768577795e+00
2.394866698723101095e+01
2.200195703219010213e+01
4.252603751206081917e+00
2.235560783903637017e+01
8.301568190385834711e+00
1.236914494682140919e+01
1.627849219487427490e+01
2.231903093904285384e+01
5.832696827435940534e+00
1.706819744580383968e+01
9.403256782858905538e+00
8.808920921053626785e+00
1.905285250902639405e+01
1.480594030288693119e+01
1.654649082784270675e+01
9.526919004326728668e+00
8.394157625251557064e+00
1.468655931604274656e+01
1.811065860263521188e+01
1.983342313039366900e+01
1.185481836475843842e+01
2.132298958674736156e+01
1.118262274326002448e+01
1.855264265836063586e+01
9.186746453024301928e+00
1.474363849016953409e+01
7.508777665836998239e+00
3.505893359892210626e+00
8.288748262153012192e+00
6.696294839542773047e+00
1.415001437171548915e+01
1.192155824216906623e+01
1.489410649252629959e+01
1.965617001133266939e+01
1.967000512135605916e+01
1.636334119062996706e+01
9.405163009752300241e+00
1.210398895407334585e+01
1.682461941746022305e+01
1.549018791386761507e+01
8.936124861635059702e+00
5.850105070565922993e+00
4.015969351350866745e+00
1.360397143767580630e+01
2.392353380186721523e+01
1.457196166590628827e+01
3.721160636526558374e+00
1.176954578564009424e+01
5.182567619966706118e+00
1.281015022574289830e+01
8.629470466772188431e+00
1.373889731752815280e+01
1.008667570551207504e+01
1.366420181005107004e+01
2.567978486405088745e+01
9.652915400807918545e+00
9.544452955223498236e+00
8.302733219319659241e+00
2.473480567824488574e+01
6.438934410769864947e+00
1.693073182199546522e+01
3.069015163749936104e+00
1.486940123198998798e+01
1.609792232867327755e+01
1.136810917430810974e+01
7.299441526010261860e+00
2.596773374835959558e+01
2.168074821628878723e+01
7.264384344304009922e+00
8.265180953202605707e+00
1.245715858377313907e+02
1.689279555387869181e+01
8.454641392092179686e+00
4.139260415629347101e+00
6.295779993270985919e+00
6.167695943501090738e+00
1.223097990714416738e+01
3.961261850541367480e+00
9.527908916662580552e+00
7.485316224588377310e+00
8.242436789772138894e+00
1.053721603797128736e+01
1.918724614657673655e+01
1.772003517843853615e+01
1.675070034902546823e+01
2.104195585949183211e+01
1.639498544627270604e+01
1.089446670267466288e+01
1.177988637610449629e+01
1.517613448325906589e+01
9.109342483802068458e+00
1.161049286091395949e+01
1.468628908387031373e+01
2.006061398634724213e+01
4.068219450933669101e+00
1.213422326311398258e+01
1.044065238182478517e+01
1.615796263000720145e+01
6.234432691214733424e+00
9.088285916791006613e+00
1.279784557746716622e+01
6.305213401159813102e+00
9.059113512564733739e+00
1.280275090508448876e+01
8.090425077027219913e+00
1.468266979535225580e+01
1.821885989906333947e+01
9.840609372373489805e+01
2.107805311112381119e+01
1.629449842557011507e+01
1.657498024594712760e+01
1.661203766702371709e+01
1.582121469857767693e+01
1.176439466405500589e+01
6.781397678911345039e+00
4.965472974521163252e+01
1.119253976822278318e+01
1.360382799265812892e+01
1.456418181348423246e+01
1.528097504601104717e+01
1.167343511904803854e+01
2.383406080487185363e+01
5.201757081024062757e+00
1.621907312210547758e+01
1.112496398243266071e+01
8.038101303891734162e+00
1.354895509152183308e+01
6.070639529931410650e+00
1.000400186163541605e+01
1.686932803206259379e+01
1.267613556511908079e+01
1.777774368681158990e+01
2.325767594990808362e+01
1.195450537352810549e+01
6.605360993353027510e+00
8.897138874928732122e+00
1.208401346667809229e+01
9.921199274443567973e+00
8.371549015725001652e+00
1.451775529604188364e+01
3.035383988243102138e+01
1.182605924178146317e+01
1.061727801829983875e+01
1.494229352357887919e+01
1.269732646917995922e+01
2.477969464345736839e+01
5.533780095642534924e+00
1.141727827885256374e+01
9.613246204149424656e+00
5.510117342089173142e+00
5.012662888888341328e+00
1.526684750432979243e+01
1.673359569278409609e+01
9.133124980983218677e+00
1.276828301507629426e+01
1.044297299128129453e+01
3.054830444745510576e+01
1.794618528944807423e+01
9.245322329296646657e+00
1.036771294593687642e+01
7.738349916533320716e+00
1.583740151679399411e+01
7.640265657791986520e+00
1.404288341312866883e+01
2.075737677292045902e+01
6.070968151800080648e+00
1.107280243933818475e+01
1.485304713935099841e+01
2.831858741149894954e+01
1.292152509187961762e+01
1.354555831933262944e+01
2.524676380794828034e+01
8.009209500474881338e+00
1.229194155268169730e+01
1.175112454711095822e+01
1.155471484767337564e+01
1.134148624900699787e+01
9.218335691238062068e+00
1.573918059207444387e+01
1.247317919508174988e+01
6.154092259716185787e+00
1.081707851863370529e+01
8.935737121314780040e+00
1.719189836071736366e+01
1.217908419268313835e+01
2.966144012848183298e+00
3.742036067399460819e+00
1.032478434376100296e+01
8.125223642457152451e+00
1.007555311491080730e+01
1.267075211624683817e+01
1.735563590189895677e+01
7.401359232519610920e+00
1.644987190119046261e+01
1.544544146109482874e+01
5.904801895786810029e+00
1.322903261737707048e+01
1.025911159836510222e+01
1.798186213069323713e+01
7.668071398214120649e+00
1.398795366737659940e+01
1.483878061997630127e+01
1.415106359233819511e+01
2.330252103959476173e+01
1.403176808651246255e+01
7.000875950615728094e+00
2.355548055271031771e+01
1.545878872464366260e+01
7.286238612810310933e+00
1.564026423531412036e+01
2.964228000309211097e+01
1.267259630535544446e+01
1.457141732449901106e+01
8.152844887737526136e+00
8.308055573532968197e+00
8.498241598760586157e+00
1.902113546619629858e+01
1.089755980445954364e+01
1.677178336999787334e+01
8.574793975570360161e+00
1.449458849122491522e+01
1.140647996343347081e+01
1.625197417503141040e+01
1.995811358732555618e+01
1.442111899248316931e+01
1.574341409939430569e+01
1.257869943168991966e+01
6.523930414300320280e+00
5.993519302814599214e+00
9.366161864162377171e+00
1.925973093535085212e+01
1.662621056758170113e+01
4.542453626960672786e+00
2.614420252621314233e+01
9.750040948334140367e+00
6.451304464634641356e+00
2.088117286054782085e+01
2.059519037456311708e+01
9.399119844778873301e+00
5.694518366629979234e+00
2.913731153097537785e+01
1.797822603178934742e+01
1.909066455302899357e+01
6.761606677683405842e+00
7.376887716618691471e+00
1.368913445366253079e+01
1.150365123024423042e+01
1.588429717383714390e+01
1.545303056101731087e+01
1.994538986736922226e+01
1.500963956043913150e+01
9.586381980726017105e+00
9.363167992611055368e+00
9.133070750943009131e+00
1.813246657093676717e+01
2.507286952280806247e+01
