1.362755734645794448e+01
6.128123074700406292e+00
1.689729746275830280e+01
5.807126239073586049e+00
8.652142496905529612e+00
1.636008148622557457e+01
9.683970394518686575e+00
1.655518980060391954e+01
5.445937054997199489e+00
8.568005766555140568e+00
2.061839596532936980e+01
9.683145325507126699e+00
1.272143158944601460e+01
1.257639625992890586e+01
2.298881015095548008e+01
2.009664810696464698e+01
1.320630610177055431e+01
4.468530961541182123e+00
1.954712257126107744e+01
1.071645949612701720e+01
6.035470961778147014e+00
1.216187047517460407e+01
1.611050432294224777e+01
1.261766769874891914e+01
9.007315535837696174e+00
7.236176762011953478e+00
1.285421151556491282e+01
1.495725712186430378e+01
5.911426449693423457e+00
8.011760648559349107e+00
1.000134455299652458e+01
1.765164219729433981e+01
1.138027935656087664e+01
8.520809847315844010e+00
1.122865444800685175e+01
1.017359014096357939e+01
2.095126293434405795e+01
1.085138068281292689e+01
1.768347586709468189e+01
1.150655024442940544e+01
5.554925499902910069e+00
6.446064254034966190e+00
2.338321903549709901e+01
1.109778490563007125e+01
9.394613984673666707e+00
1.789844417211281069e+01
4.342200524073912327e+00
6.319421862238355558e+00
4.568298916496013717e+00
1.190321285407027929e+01
1.602253593792310582e+01
2.848030146029637422e+01
1.848804424209890485e+01
2.227410805668868932e+01
1.248889456349069604e+01
2.984390645738282188e+01
1.008764761434056467e+01
9.134568489068898955e+00
4.478321541170233644e+01
6.566770847736938421e+00
6.419101819688569854e+00
2.355460377556811125e+01
8.988766987035756273e+00
1.427899800030978916e+01
5.876854524700414473e+00
1.099631761671943764e+01
5.885295079455519662e+00
7.673261979805031885e+00
1.520635474880857529e+01
1.133840446602395780e+01
1.495366075540186657e+01
1.421637195140803911e+01
5.510538856002973773e+00
1.007430564064023848e+01
8.883768121886353342e+00
2.334992163632560036e+01
2.274240126474458279e+01
1.568588572457541019e+01
1.337363871406819094e+01
4.798891604384268206e+00
1.197899206339557843e+01
7.141012757414917367e+00
4.835008797496656463e+00
1.323545558946514689e+01
2.186886494485601062e+01
1.350746940291692333e+01
9.418090673635967747e+00
5.279508844598767681e+00
6.723737040557804079e+00
7.793535750018071084e+00
1.783536355764509906e+01
9.202744053346172848e+00
2.367489512655030381e+01
7.552548463426762559e+00
8.034715167927323876e+00
6.015225710179489482e+00
2.128772457033044319e+01
9.637438972438713947e+00
3.462358223298826942e+01
1.737054903733559996e+01
1.818170407120095078e+01
1.872661950750507032e+01
1.251434835992738037e+01
1.489077517086063907e+01
9.665367070900682478e+00
1.391875024108427894e+01
5.390975487679257938e+00
1.248666409853927206e+01
8.423234455407241583e+00
1.414910629170945988e+01
1.034441977540028290e+01
9.780431244172644867e+00
7.764206770955604853e+00
1.175074452765309196e+01
1.756971016970365085e+01
7.939430239898906727e+00
1.632341255871123664e+01
1.973393159592272994e+01
5.412138419450008620e+00
1.464475955406542695e+01
6.859817201662618658e+00
1.386080557368508970e+01
1.238052581102835070e+01
5.714372046256123383e+00
1.589324348930348307e+01
1.244277626032627104e+01
1.473693245852178535e+01
1.355925868726491679e+01
9.962227077851583346e+00
8.339716682313593310e+00
5.161988428990127886e+00
1.391373072076000383e+01
1.587458681765295232e+01
2.026030126505585827e+01
1.426728420392660190e+01
2.230232339869417046e+01
1.387715486669312170e+01
7.653839007389012572e+00
2.542830059580138524e+01
8.326989593943723733e+00
8.882114382702528843e+00
1.082108123734330363e+01
1.964369260864139477e+01
2.601387774621991156e+01
1.646133501851457126e+01
1.928046688309557410e+01
1.557134173439005842e+01
1.102954638335942761e+01
1.321578780947503873e+01
1.591270802638172910e+01
3.352665464682707608e+01
7.172707662382488358e+00
2.330764963758549868e+01
1.160903692308418655e+01
1.135397919172548775e+01
1.112749489171610584e+01
1.256566676191506282e+01
2.424554835152528653e+01
1.181880684818276173e+01
1.303003797395636987e+01
1.832503784124774882e+01
1.356592303467347804e+01
1.057908440202488443e+01
1.324199132604513096e+01
1.020752659733071610e+01
9.971853231579693499e+00
1.935101260375193633e+01
1.592604196456365528e+01
1.235159271958013250e+01
1.020852413335020614e+01
1.006368116680960867e+01
9.543150410171271858e+00
1.656489151531287618e+01
7.388224697174915256e+00
3.404877846494715499e+01
1.153304568331935620e+01
1.436367227145361269e+01
1.529484053889810014e+01
1.101971247609034599e+01
1.220309826851254087e+01
1.417336984703942449e+01
2.323739477223892180e+01
1.372989280154143366e+01
1.084042714510229821e+01
1.142476720084729003e+01
1.486951788299432486e+01
6.640384805355844300e+00
1.661529556826394227e+01
1.037599384368017397e+01
1.469456529673677814e+01
7.967589724403850049e+00
2.172669883002771130e+01
2.899775883182107350e+01
8.665377419000927617e+00
1.204109074988776307e+01
1.803045318144009102e+01
1.070986153303721977e+01
1.707216622379382898e+01
1.187924598755164851e+01
9.128570156919581180e+00
1.677988488500219688e+01
1.198481270483609151e+01
1.598580607508731966e+01
2.201385268709147169e+01
4.980021481847180098e+01
1.681148471505575870e+01
6.957838988249294587e+00
1.674606445412913303e+01
9.714108552191200729e+00
2.174266636648346207e+01
7.827728130791245853e+00
9.106883482605146796e+00
1.908029777076131595e+01
1.162799859606129615e+01
2.330212653068901218e+01
4.653350145027049578e+00
8.901693228395016533e+00
2.069924225181986088e+01
2.171055669298038993e+01
8.358338237715614127e+00
1.104810226768508485e+01
9.926200945509895845e+00
6.338956087608770495e+00
2.159355306792708618e+01
2.131682243987014758e+01
2.953810477524543288e+01
1.950726088614680620e+01
3.969389773494883755e+00
2.004596786500015426e+01
8.647034454756983735e+00
1.520247312443887822e+01
1.079722110984451611e+01
1.094323363963624729e+01
1.638579828691061024e+01
1.034888335762354572e+01
5.671492180734605704e+00
1.485384685770768343e+01
1.097080233959734841e+01
8.204074732934797609e+00
1.450447296707599065e+01
7.781448591359967359e+00
9.882923870132524158e+00
8.297590967205767498e+00
1.111755504019154195e+01
1.668432060298526665e+01
1.402843129451517257e+01
8.914795201234024802e+00
2.265530657892517397e+01
1.286271545100377089e+01
2.049348213899386550e+01
8.990253304598301298e+00
1.237410118929341074e+01
8.925431317011426557e+00
5.078170826766593038e+00
1.556798136014148248e+01
1.951525963657577734e+01
2.420755387821103000e+01
1.369921135920695399e+01
1.858089040438595063e+01
2.439173464531866387e+01
7.252618183999682167e+00
1.862040867809098188e+01
1.552661103485448635e+01
1.366215116251724027e+01
9.656528349399865263e+00
1.346728104667328907e+01
1.513187414629148364e+01
1.287927780558105439e+01
6.195734640228827139e+00
2.210980125704959676e+01
1.738081664120052139e+01
1.723967739351238038e+01
1.675642589744647282e+01
1.528303433234763098e+01
2.558841774031918348e+01
8.912012422951072210e+00
8.333138373621274297e+00
1.162007309944573130e+01
1.861024798625746968e+01
6.602013735695663854e+00
8.357617849580973868e+00
1.586612935760488341e+01
1.051079924171577318e+01
1.201344952695406398e+01
9.563146282895063521e+00
5.589512243441817851e+00
1.788412063722051215e+01
2.119216671381644090e+01
5.997791518997577676e+00
1.138289406300880202e+01
2.092435703591052842e+01
1.252011022292399289e+01
1.363849194432904532e+01
9.517437342506360309e+00
8.988079041791264601e+00
7.868429455099913206e+00
1.375330131366249553e+01
9.857519035834767962e+00
1.026312802339044872e+01
2.579033610784271957e+00
