2.375061092555804976e+01
6.272471832286601767e+01
3.659682977811727511e+01
4.128463736749493762e+01
5.882874879665823897e+01
7.229534634464603471e+01
8.757512072776401624e+01
3.174291657822936941e+01
6.136560983763364163e+01
9.071944059510614977e+01
6.122575802541897616e+01
2.818265726994625453e+01
1.106042742334666826e+02
3.911188995683671976e+01
4.176138829163755872e+01
4.897726557813273729e+01
6.004732968359790846e+01
6.071346899531619812e+01
5.155807451212567827e+01
6.105829978622644205e+01
3.891016162175890258e+01
3.973615274738816083e+01
2.953008032509176317e+01
6.959918510442685147e+01
5.644682847473114151e+01
4.367096658393343489e+01
4.134650953933608264e+01
7.695111394159135898e+01
3.688276059835242648e+01
4.353355927591609742e+01
5.001028145723172003e+01
3.929295326992104975e+01
4.778002331398526081e+01
5.660242832200273710e+01
5.770573784402155582e+01
6.258622264984215633e+01
4.860749115141435794e+01
5.075609698824162308e+01
4.344158599012122579e+01
5.793734678313862929e+01
6.215785632671763494e+01
4.563898266954937810e+01
4.062844094671222450e+01
7.060681969688339166e+01
3.559422006413188910e+01
6.555386293092405481e+01
4.598161260923614435e+01
2.373737521397291772e+01
5.986825002722645905e+01
4.090661862449893249e+01
8.402321233477815099e+01
5.717126885223195387e+01
5.981237882429797992e+01
5.280411685485994155e+01
5.231551682942224346e+01
4.258854462811477504e+01
4.144886584128812501e+01
2.823952740616418922e+01
5.408082799802329532e+01
3.294273988080698956e+01
4.197797632402798484e+01
4.509920996905607637e+01
4.568198658245917443e+01
9.643908884496433132e+01
6.193849365415776020e+01
6.064050806055571030e+01
5.535894143684807744e+01
3.625777833577207332e+01
9.118805674153691143e+01
3.292740083902062054e+01
5.282557890356031294e+01
3.671892220731513845e+01
4.925645659940978760e+01
4.424207357919591743e+01
6.015927471448470243e+01
4.550874896476980069e+01
4.162259147254003722e+01
3.091574759510061554e+01
5.463404691494847043e+01
5.060675752205166589e+01
5.185804479677324252e+01
3.494126788550774876e+01
1.021514237996305781e+02
6.375299168447546805e+01
4.495813761988327428e+01
9.244194278558768474e+01
2.333974423578236568e+01
3.232144060173632027e+01
4.590853322631850375e+01
1.086876016150022224e+02
3.102536022263964455e+01
4.458448722254968999e+01
5.348531526265723812e+01
5.652252033866700032e+01
3.154317860000141849e+01
5.722681273651897982e+01
4.752018823459837904e+01
2.690781522062460951e+01
3.842152223252480781e+01
4.985167168693111250e+01
6.180109066285351105e+01
5.680404870962550490e+01
4.645043575410392123e+01
3.879067030081014167e+01
6.276624762923459144e+01
2.936775903538194399e+01
2.174363108810121403e+01
2.821226455470363348e+01
3.137260118072272874e+01
2.752952625727611746e+01
3.997118501389812195e+01
6.891039948966786710e+01
9.107268304511003976e+01
7.966240377417528862e+01
5.838064333139141127e+01
4.053150211545085568e+01
4.098439187620488866e+01
3.593710110456787987e+01
4.422917333711880872e+01
6.297646422782132447e+01
1.795950428301626545e+01
3.865496817430167908e+01
4.881935930620035435e+01
3.097010341734725358e+01
4.986721061350960582e+01
2.414845589810834170e+01
7.996252165264473888e+01
3.278593436622345081e+01
8.621385584110070965e+01
3.526286983669182007e+01
6.924205917180731262e+01
4.500476211950163474e+01
6.747174902873040025e+01
5.855893869132493279e+01
4.209517085839665640e+01
2.585124428475726432e+01
4.558173655756988296e+01
4.734269591007500821e+01
3.763816089924323194e+01
4.604318762575567803e+01
7.100981042447739355e+01
6.888041343158670315e+01
4.178022887615137648e+01
4.642744806043196348e+01
5.576352627564807563e+01
8.498966125382894177e+01
5.487321488472753828e+01
3.692373665309475683e+01
4.695103151579120038e+01
5.275077620916722054e+01
9.482758584011936875e+01
3.712793074854218389e+01
6.320584022314366024e+01
6.905338792735886955e+01
4.335298958294384164e+01
4.735573039307252685e+01
2.110335188086341418e+01
5.061303772985294813e+01
6.539285897203033926e+01
3.521522561034668541e+01
6.032346284759469057e+01
6.155618672888304843e+01
4.252560926842814837e+01
5.116175679630599404e+01
4.568849328079187444e+01
3.613296653885424092e+01
7.847809151398752192e+01
7.144990691786586012e+01
2.808240251501626972e+01
3.879987015316203269e+01
5.813374243659070117e+01
5.903527649032554336e+01
2.125281727932780029e+01
4.527450140830877245e+01
5.130739924183004774e+01
7.053226506887345693e+01
4.825167806293811168e+01
4.785818592538543470e+01
4.092807367809161434e+01
1.122200765431065292e+02
4.310044114154828776e+01
4.770640827381376425e+01
3.068579207179344337e+01
4.708833829881597666e+01
5.219267450928396102e+01
9.370249851905360572e+01
4.473789792552869926e+01
3.976497914453501181e+01
4.434323525765725549e+01
3.481686332789379890e+01
5.674595188991425943e+01
3.899562989353600528e+01
3.111066042649584062e+01
2.239259501112233508e+01
3.591230966514633849e+01
7.052028376782183727e+01
4.142937091331580035e+01
6.071058489068664699e+01
8.932947383675950448e+01
6.090568702004917157e+01
2.570958412478789512e+01
2.460963969349889169e+01
3.633189066596136740e+01
3.020913352088832937e+01
5.436584170648637127e+01
4.345646314025002255e+01
4.876468382169381499e+01
3.826664048265037366e+01
8.386539332829181603e+01
3.368308091231341450e+01
3.575309830348129481e+01
4.451645772803406942e+01
5.729085755430006799e+01
6.623915461162995655e+01
6.009948288047993259e+01
1.956754448077883168e+01
4.991906464770210050e+01
3.892369887279492247e+01
4.964249572145917000e+01
1.034621000016922920e+02
6.272554920703740322e+01
3.851634151792127625e+01
6.537608829362285690e+01
4.796651311171484622e+01
2.870002624212323639e+01
5.494062516764950033e+01
4.804068664823557100e+01
4.182969857683053050e+01
8.515991001230958091e+01
3.014420691154178300e+01
5.612469364729265209e+01
4.226834396898896529e+01
3.704327992370841116e+01
5.164840284734248854e+01
4.225653763978568378e+01
5.456978806360335454e+01
5.278520373623828021e+01
3.747757994165130668e+01
7.940271570724381434e+01
7.786042954991835074e+01
5.366176281473311604e+01
7.186456097508745700e+01
7.000878684927178597e+01
5.011487905349605398e+01
6.861873915733994522e+01
4.338288105968550923e+01
6.007118906660388546e+01
3.648807272964495496e+01
3.200503350833169236e+01
3.415140853671594101e+01
5.322821222109769934e+01
4.382989109398846495e+01
5.399190738638177578e+01
2.863652272123805531e+01
5.256427061973264614e+01
5.262472153464842961e+01
4.583720895681241103e+01
3.965032662635525895e+01
3.024273722665183328e+01
5.250636124867140353e+01
7.056566037295991123e+01
3.811234906858846472e+01
4.146915769379166505e+01
4.340345437083129809e+01
7.902565881604112974e+01
4.208964865283893175e+01
5.491151057862954588e+01
6.630799592772149254e+01
5.093826693987536203e+01
3.329979174357665528e+01
5.590264383614740495e+01
6.407311452618499459e+01
3.122610898087035025e+01
6.505991310197731536e+01
4.627697405954049970e+01
3.589096454145646931e+01
4.616364430183847389e+01
4.418911868092589401e+01
4.488717885191080370e+01
3.831983616933153058e+01
3.329280642477944241e+01
4.804269696792449906e+01
3.723061932406653085e+01
4.805759221977449869e+01
4.840674057646226913e+01
4.791371895522183877e+01
4.646162907053354729e+01
5.786185844017775537e+01
5.333381480128851848e+01
7.500502872179485792e+01
4.591369543747007498e+01
5.521751951975051753e+01
4.634573264118160552e+01
5.264724550676269388e+01
2.441070598008053238e+01
5.596268420176018310e+01
7.579373097019555416e+01
3.620702622601434228e+01
4.933395989101171608e+01
3.280539852307087756e+01
