1.167588864646940472e+01
1.948850287050103347e+01
4.804411950284899646e+00
1.864984717949410253e+01
1.798080049536777381e+01
4.877399837729229581e+00
1.015895277711222988e+01
6.089474744212887813e+00
1.784641440126138079e+01
6.088143116686090650e+00
3.569518251373231088e+00
7.752782426786318126e+00
1.181862021550127650e+01
5.988634307112846500e+00
1.460070638179189828e+01
1.156709507349361310e+01
7.581000250997846912e+00
1.184081458680888588e+01
7.976517574664975463e+00
9.684116863517415297e+00
4.228173880636527215e+00
1.105212820130838303e+01
1.398556815899445560e+01
9.051898491130359048e+00
2.472498326585093764e+01
1.188080332272799389e+01
1.977098122045042672e+01
1.040541357638295494e+01
1.536806637517777574e+01
9.805359189378947349e+00
9.445426536135038020e+00
9.971635011888041689e+00
1.663499981630106461e+01
9.606735887538134122e+00
1.115055173928593035e+01
2.783190054064542007e+00
9.593021946792466892e+00
1.616531796185280712e+01
9.500111861304137761e+00
7.626093788811815877e+00
5.672055918066265079e+00
8.223454855650768280e+00
1.156482492898137480e+02
1.701571033301337721e+01
7.380919297275694291e+00
1.828576854152436937e+01
6.153996119340500393e+00
4.467398911792798799e+00
1.042133790183928177e+01
7.638568333068512572e+00
1.162639157028688430e+01
5.538042016443389670e+00
1.256603095836138273e+00
1.229475417716075292e+01
9.603848681804748821e+00
6.325409709511040646e+00
1.573321312885738266e+01
5.775160575620715164e+00
6.857353598546957585e+00
1.187496776729825676e+01
1.002840712407645363e+01
1.217323397857596490e+01
1.488960619664822893e+01
3.758710564953350097e+00
5.398750448809643387e+00
1.336198665638682748e+01
1.349165031644420409e+01
9.171329907823222882e+00
1.481376099202901564e+01
1.085472472543709621e+01
4.498854050361380530e+00
1.197627955688854762e+01
1.078279856982708829e+01
3.697266268498080599e+00
3.634675327140615586e+00
9.091033881170547559e+00
1.135382911308592391e+01
8.441663094249136634e+00
4.047244972351312420e+00
1.405883300695253268e+01
7.169633759912480642e+00
6.920319300891819125e+00
7.667773281481934156e+00
7.538771856544190797e+00
1.325784248388040432e+01
1.668946094231445798e+01
1.067985777072480502e+01
8.472527873870257409e+00
5.446057300912864996e+00
5.053662340525826302e+00
1.185859247651542958e+01
2.505108030372453243e+01
1.047489295076851690e+01
7.079339006457798789e+00
1.630212845620809148e+01
5.430158350780905252e+00
1.983684860341178435e+01
8.857225418551871954e+00
1.158741136486016821e+01
1.173432521986820909e+01
6.697796182569287993e+00
3.553234853225855527e+00
8.351836536213543383e+00
9.396776484423250864e+00
6.548370560901619619e+00
6.723572271998922822e+00
1.715707122760271020e+01
1.677857270653881372e+01
9.168284001727798227e+00
2.009204463237086813e+01
1.446550243172404038e+01
1.076367159712176225e+01
1.734469765852404066e+01
1.471417355848040565e+01
1.284771311422989548e+01
1.032694533660041714e+01
9.619412068082802136e+00
1.361212207247326056e+01
3.417392662713849116e+00
1.074109510788703261e+02
2.039625039079437840e+01
1.416775727763514681e+01
2.402974580039148833e+01
6.166245212072754889e+00
9.011277310561816023e+00
6.931161028705136395e+00
8.328614736402395025e+00
1.187300992099724972e+01
8.923012887443359631e+00
7.857446741172568139e+00
1.548111655886633820e+01
1.257535594211021213e+01
7.848956764181089341e+00
9.378060102429683909e+00
1.845625049869065748e+01
1.309476839705491535e+01
1.807462036435856234e+01
2.019857237499260805e+01
6.916727560856752000e+00
1.496385638797205253e+01
9.070616659805651238e+00
7.618874094756559856e+00
6.436705156828939955e+00
4.272019667928830700e+00
6.092215332121585725e+00
7.668184474521335225e+00
1.363737436366962186e+01
1.097695065120653268e+01
5.718752684587673052e+00
1.541597423744082818e+01
1.136739381844593311e+01
1.198541545045146783e+01
1.092235459527263863e+01
1.220880256013679599e+01
1.268895716945092822e+01
1.267257693969059495e+01
5.248410983828907028e+00
1.565308407697943416e+01
1.125621781055906112e+01
1.475474100421587309e+01
2.111894535854115063e+01
6.116803887222830305e+00
7.799865050616295648e+00
1.517144797471983964e+01
1.339305391994745342e+01
1.396311789842288853e+01
4.317179576427846222e+00
7.687176475020175204e+00
2.732476358867507837e+00
6.464020492693351549e+00
7.734416977859070563e+00
1.448588489178921179e+01
3.359369472861183148e+00
1.046057002823939008e+01
9.067357046988449909e+00
2.763508095182453772e+01
2.026293451556982461e+01
8.760411148380702784e+00
1.107516294043030136e+01
3.430144511080817527e+00
1.261931165149544576e+01
2.164408082848392212e+01
9.651932724453708090e+00
7.475487117251963021e+00
1.013567681121981856e+01
1.922893311177048403e+01
1.547525119509913161e+01
1.543408245348867958e+01
2.480213240438366995e+01
2.446569200237385289e+01
7.390205886018804016e+00
5.808292470208856528e+00
8.028739243000632797e+00
1.199266656784349827e+01
2.092679731986623182e+01
2.228148845423144842e+00
1.534685470165900689e+01
9.955420265413570391e+00
1.040687833021122799e+01
8.313177477214241051e+00
6.204266187261573862e+00
5.793305516613524553e+00
1.227847722375458517e+01
6.539270979352888702e+00
1.004845633142059214e+01
1.061434197090694376e+01
5.891708131429975737e+00
1.261372475260741766e+01
9.618630861842119018e+00
1.304432778316792430e+01
1.412300177556998548e+01
1.445698558601537087e+01
1.654855434799717884e+01
1.643551432935238310e+01
9.885572420560011508e+00
9.931742978726756377e+00
2.588880434677640618e+00
9.675438319983026503e+00
1.125021309661194024e+01
1.365484070254348303e+01
1.320667628974586094e+01
1.780533723287130599e+01
1.015470537933517292e+01
1.461355039711310155e+01
5.602742599318847105e+00
9.093194705377815268e+00
1.193727441960158941e+01
1.314319384711295591e+01
1.435426237931105042e+01
2.797894362645720889e+00
3.375092048165900582e+00
1.547740006869389440e+01
7.811093173027040315e+00
1.189527960894475278e+01
1.528172364245498294e+01
2.049939780459790128e+01
1.097929715525354588e+01
6.013451945009050448e+00
8.288299279440977330e+00
1.428204399230020805e+01
1.052707040072649924e+01
5.287014531982615395e+00
6.413156803315125387e+00
1.089283620205164560e+01
7.661927805598244490e+00
2.052417143190029947e+01
1.240149777698429112e+01
3.774086384064860855e+00
4.240798406861053138e+00
4.508857140948027364e+00
1.269572364818600718e+01
4.461795415679445043e+00
1.399577631034827974e+01
8.655366227542675261e+00
2.247878865848138474e+01
1.096424698975478584e+01
8.860915222729117247e+00
1.135251609608222978e+01
1.182063237122485688e+01
1.274971561609486947e+01
1.002939155872058841e+01
1.207238344025728338e+01
7.154932613284153753e+00
8.693473554871232523e+00
7.710775178208115754e+00
1.617249846341822206e+01
1.530835063747418623e+01
6.923432371943128771e+00
1.973219280561714939e+01
1.267231423444760807e+01
1.656635950356191245e+01
1.012202075203241414e+01
1.381852931753893543e+01
1.117454935678560268e+01
1.494565674975377156e+01
5.728353604661559295e+00
1.270052345016405049e+01
5.790972230705495605e+00
1.846579794644253880e+01
8.428879000904078822e+00
4.556483414438111446e+00
1.235753140921252324e+01
4.969827082966637555e+00
8.526182227037038430e+00
1.337653278957595404e+01
5.882368733884935530e+00
3.414626265278137396e+00
9.884913072810942225e+00
1.441032200446447753e+01
1.374407818893562627e+01
1.083771864361447967e+01
7.334152203454915586e+00
5.419384222320505984e+00
1.021755688361112924e+01
2.014470191181016290e+01
1.151507850097115693e+01
1.145969049938821982e+01
1.018693505868079008e+01
9.740611236035675802e+00
8.826667538591459916e+00
