7.497726914633500606e+00
7.018615327478417321e+00
4.138837858761025501e+00
8.557421114928486006e+00
6.054212974506354428e+00
1.025489391028277275e+01
8.926516468843182395e+00
7.843287591530970992e+00
7.294862855214266695e+00
1.412664408487615653e+01
1.024150466045336749e+01
8.316034629666690492e+00
7.351428184444051439e+00
1.177629410078525041e+01
3.888094620809586566e+00
7.642202695607672958e+00
6.521647751083990308e+00
4.636088358400433762e+00
9.298427977509401643e+00
7.090816185629935653e+00
8.986125154236480839e+00
8.760234961448755797e+00
7.008741555127769196e+00
1.088288373784156882e+01
1.036514464239032840e+01
1.147853388586313628e+01
6.589705014420729867e+00
5.473352786227280831e+00
6.653703777139504005e+00
3.596130891241964278e+00
9.382206717214385705e+00
7.068688412771575003e+00
6.594544686682326962e+00
9.598182473133672232e+00
1.650687621612783218e+01
1.123451002766388207e+01
1.292917384452758256e+02
9.687242508878858516e+00
1.542593872123282317e+01
4.563769102395899502e+00
1.339834221309743256e+01
9.107531795590288581e+00
1.694216688741248689e+01
1.974562709884985523e+01
1.074289401253181708e+01
2.721036402790633524e+00
1.214834325520092406e+01
7.929200611752135863e+00
4.889315102721853101e+00
1.007794994574778080e+01
1.345302712105871823e+00
1.325927153112241541e+01
1.000072587074186892e+01
1.154477634169160538e+01
1.080788083750510609e+01
7.633237176190264428e+00
4.624568316478620211e+00
1.011734055514254038e+01
4.219192588611072381e+00
8.085293340376850324e+00
7.957129410210784215e+01
6.944960932558332800e+00
8.834128402283585757e+00
6.346085750136574610e+00
3.979438942362218956e+00
3.631387794674817204e+00
3.022868441096257630e+00
1.494233081837075972e+01
7.336678176408182317e+00
2.094952060436426677e+01
1.406573594242891190e+01
9.884759499631785573e+00
9.903518748363829616e+00
3.566537744066239135e+00
4.209684968282608963e+00
7.157341422836755562e+00
6.167828257208265441e+00
6.170386670076632996e+00
7.758809457636985485e+00
1.049092939641701427e+01
1.613335986128261013e+01
5.257522886706546217e+00
6.926241361578342470e+00
5.498193895983465751e+00
8.404060921044008481e+00
1.282779302413781330e+01
5.003974340516605501e+00
1.101384654193846302e+01
4.064675810352844643e+00
7.136284375899361265e+00
4.786363826197540305e+00
1.071737651855292839e+01
1.022335294166693664e+01
4.568034886945313566e+00
9.363027248658369217e+00
1.180621400487585149e+01
1.087609170880560683e+01
4.648710383038120675e+00
1.213516914791339296e+01
1.007082928476376971e+01
9.923059468547236861e+00
1.150283533251815626e+01
3.191541049026490828e+00
2.087136232117063273e+01
1.287539604769629342e+01
1.209427118981254878e+01
4.858290705395193143e+00
1.551817461372367468e+01
3.700636655929510077e+00
8.156978855415227159e+00
1.107490143172112873e+01
1.799703408237062519e+01
6.591803009773217426e+00
7.854033775614830404e+00
9.159313342766292720e+00
1.080779516681543839e+01
7.583093026017865945e+00
8.035634870085567982e+00
4.071194156607383263e+00
1.218521850151562980e+01
1.220381184618268122e+01
8.974964414202553087e+00
1.920384461267425635e+01
1.130364630524324632e+01
7.692024041044976279e+00
7.867357769020334679e+00
5.939571040885049946e+00
6.513956133202924548e+00
1.849113541425039742e+01
2.527659176472008085e+01
5.438672511530411313e+00
4.622102757422940300e+00
8.010695846987694324e+00
1.139617044393366108e+01
8.627735672242959453e+00
4.448865586263948124e+00
8.720233244258109195e+00
5.372664791374947235e+00
7.869819223605852621e+00
2.232881288494690253e+01
1.640455338100507632e+01
1.106439714665909335e+01
5.147211520997952761e+00
1.028110037468925775e+01
5.131006774575637586e+00
8.954934341825635968e+00
4.361429266365687951e+00
9.378555325975019841e+00
2.039423849272480638e+01
9.511896069266619236e+00
8.653035369383593078e+00
9.500272822230529712e+00
9.299823623568459041e+00
4.884703890198769827e+00
5.206757892790262687e+00
6.262643182639941131e+00
3.048029582880282806e+00
1.125927793492781959e+01
8.902600063825200749e+00
9.909239866874328229e+00
5.057987735900537629e+00
6.698956179419979229e+00
1.759152860099638449e+00
6.407859851157290620e+00
1.045639246715958848e+01
1.276985690900243142e+01
6.124267375130088453e+00
6.684680931325067021e+00
5.911400067948358483e+00
6.325891194898315639e+00
9.488192108573926475e+00
4.975414034195375201e+00
2.304172407149203572e+00
3.784261376754956885e+00
1.204791990775238730e+01
1.110213589838960857e+01
1.787502604601235845e+01
4.702348956625752585e+00
1.324299085917327901e+01
5.994145146438138561e+00
2.106754929959925526e+00
1.187647771114096784e+01
7.688781641097158115e+00
7.126237373651007623e+00
4.883491716410000016e+00
8.171898425377586150e+00
9.880249540480278370e+00
4.588419093615488720e+00
1.026344178056689849e+01
7.374464640499328816e+00
8.786178656957538635e+00
6.336590091808013803e+00
8.316660273932763303e+00
9.373942680199272459e+00
9.568080803106216337e+00
6.934794311214684370e+00
1.375825633140845028e+01
5.127010849787659197e+00
7.148239864724114767e+00
7.026563528027225836e+00
3.458071095163501418e+00
9.092484148941073485e+00
8.362690227672002763e+00
1.038476223047296898e+01
9.807513226810455009e+00
5.306254553876595281e+00
1.286319100777954638e+01
1.672505302079300549e+01
9.132930666542263154e+00
1.197538915294324724e+01
1.595428435324083694e+01
4.975408898803239666e+00
6.561130906546378760e+00
3.292722223637348122e+00
4.395483021124054979e+00
7.626779719937620605e+00
9.120767748638144212e+00
1.585011999796448556e+01
1.037566882179461381e+01
9.460562750794363041e+00
7.485251103353800062e+00
1.499852666491096542e+01
3.642673501567571748e+00
1.301527934416577104e+01
1.481615713744288598e+01
1.574015084315986890e+01
1.079766550894328425e+01
1.207759713755026176e+01
8.158544376487325778e+00
7.998020647991638477e+00
1.847716571559566390e+01
7.393223948605559315e+00
5.906942877193358754e+00
1.246072024692257862e+01
1.482795835836270371e+01
6.340183271224391959e+00
1.272061175538525113e+01
6.217258877002077355e+00
5.507082760611354821e+00
1.311051308444204899e+01
8.797377413140729630e+00
5.922200650031908431e+00
6.259658329234608409e+00
1.795537532467573172e+01
1.902664542527354996e+01
1.115713063036480079e+01
7.539185343398527195e+00
1.148240492599433971e+01
4.564897685958077211e+00
1.292829378308044141e+01
2.286715659031760772e+00
6.410714743976670071e+00
4.501168159580047679e+00
4.855760239989681537e+00
9.916207144863859568e+00
1.424050410605676653e+01
2.358847036308452161e+01
5.428912246465343650e+00
6.687013831320765433e+00
1.255625445584534816e+01
1.108547442246471881e+01
9.780985189614533226e+00
1.318487247186093292e+01
1.927167484884719784e+01
7.432070104180097836e+00
6.836111506204797905e+00
1.044361322115518220e+01
2.633784672974857521e+00
5.612935858287380064e+00
5.427020480387019674e+00
4.693453713126294780e+00
1.094876242373529429e+01
8.053677345117186803e+00
4.398636465026573461e+00
1.383740792643219031e+01
5.166120378475833164e+00
9.628156564444905641e+00
7.137769471873817828e+00
5.974107332561454875e+00
1.259156760879092829e+01
1.172295014385552925e+01
3.699919826641614673e+00
7.275121793544037985e+00
9.049072137719013753e+00
4.901129987585517434e+00
5.876927992117565225e+00
1.078287874493137899e+01
4.306318370539972129e+00
6.005658649159103746e+00
7.905782755382695370e+00
6.595693440144718700e+00
5.215936413473858835e+00
1.018040412385738058e+01
1.840469679803002245e+00
8.142995344491648524e+00
1.369128165794900021e+01
7.651470473006322770e+00
1.863897128535613135e+01
8.581225878192395129e+00
9.468246997163570100e+00
