2.186301956078430067e+02
2.016720737571970403e+02
2.402668113811509158e+02
2.067644233928366191e+02
1.710769035502130464e+02
2.718334783559437255e+02
1.595546436126835204e+02
2.324791895082021540e+02
2.178169144815381344e+02
1.482206563911973092e+02
1.832932927166341699e+02
2.045085591373123748e+02
2.096255579585326814e+02
2.136176222665741307e+02
1.908557736020942457e+02
1.781614441052308564e+02
2.124385483510171184e+02
1.874840406047290458e+02
1.861244751824652894e+02
1.880178502174179016e+02
1.713649563039147097e+02
1.644761949875279470e+02
2.170679143190414209e+02
1.786470691146471950e+02
1.706237755738707733e+02
1.749791887004100204e+02
1.702618909497498976e+02
1.590785010629907958e+02
1.566898659467101709e+02
1.863812091888338500e+02
2.191033309137978335e+02
2.108875454397215208e+02
1.709528258078121894e+02
1.552706231985531531e+02
2.204891042032016912e+02
1.937617162257512007e+02
1.925335992016517821e+02
1.725450218212445748e+02
2.118444738166426191e+02
2.602667556878355413e+02
1.702139040786703958e+02
2.160366056720421000e+02
1.471290025315972798e+02
1.494681395048448564e+02
1.806963694005908962e+02
1.664623269947298922e+02
1.940863147407240206e+02
2.359422046310010046e+02
1.974008056526884332e+02
2.077441060825732109e+02
2.270597816361147068e+02
2.083047048514386290e+02
1.572844621099096116e+02
1.736077523712993411e+02
2.240402106002131291e+02
1.958744079369503197e+02
1.866653378240758627e+02
2.085024962018132726e+02
1.636105177779016344e+02
1.693615763439060800e+02
1.663671411803727267e+02
1.596606742282006053e+02
1.917196654627395276e+02
2.052008205666308243e+02
2.305343330881534030e+02
2.121520068937489611e+02
2.459131624853533822e+02
1.933913058181387896e+02
1.418911975885913250e+02
2.179315212675516307e+02
2.256303938864623149e+02
2.014355126018413671e+02
1.607804651348342304e+02
2.578722824446563777e+02
1.797462841450637825e+02
2.193842407825545422e+02
2.231596121019460099e+02
2.357468697328200165e+02
1.951329495719594433e+02
1.685072212988810918e+02
1.868459152480419334e+02
1.918432871733160709e+02
1.687682668870744180e+02
1.690265371193416968e+02
1.582475886460325398e+02
1.881052891206160211e+02
1.866115937496264792e+02
2.343890682069120430e+02
2.262926834943239101e+02
1.790199549082894066e+02
1.927519106373585771e+02
2.563761037631399518e+02
1.930973062735494352e+02
2.471023835043193344e+02
2.320630702845955398e+02
1.492610290080505422e+02
2.455640205309295823e+02
1.419716716569782307e+02
2.259119801751579928e+02
2.010384936263605482e+02
4.718798008096943704e+03
2.655638505735684021e+02
1.903236562774442859e+02
1.865676019244298800e+02
1.863082564145979063e+02
2.040960140601592911e+02
2.073879825965385635e+02
2.119237529357491781e+02
1.983559125379483703e+02
1.467311257522540870e+02
1.694678125356014675e+02
1.836143188457131998e+02
2.001043241954374707e+02
1.900701898760941049e+02
1.971970932369667935e+02
1.611888032883115613e+02
2.013625376143170058e+02
1.670846319703866811e+02
1.652576693737503035e+02
1.713400421236406146e+02
2.265073359542732305e+02
2.373317289410760225e+02
2.954443655094713677e+02
2.094472807847706690e+02
1.530139160455022420e+02
2.274616715968315930e+02
2.975876982191068123e+02
1.907167102338721634e+02
2.221770585479128215e+02
1.518083849982935476e+02
2.354256240655112720e+02
1.615387072285949159e+02
2.479448304402218639e+02
1.639926533668903232e+02
2.236170057013314363e+02
2.011228606944219734e+02
1.977778918060597562e+02
1.907231156931841269e+02
1.950622462822166483e+02
2.386039783378972743e+02
2.066985411592942228e+02
1.586757995771020262e+02
2.145673663984833865e+02
2.055481569520663356e+02
2.021160657001382788e+02
2.142183272419732134e+02
1.946236806992068296e+02
1.782665595964138561e+02
1.637720219405144064e+02
1.880484797000917183e+02
1.780691470211373826e+02
2.075488891578889650e+02
1.822499608979588004e+02
1.858119379518212213e+02
2.176709324283171725e+02
2.267639253292831540e+02
1.664172181669376869e+02
1.985388585012931344e+02
1.520041465928285334e+02
1.754929804039616954e+02
2.044328789862345559e+02
2.010990700335557904e+02
1.943332253979713471e+02
2.170853232605242056e+02
1.728361186256753967e+02
2.122428053862877277e+02
2.550688292163877122e+02
1.594120249640946554e+02
2.127185066564801446e+02
2.651445345139104575e+02
1.938302080587580747e+02
1.450373298137565996e+02
1.913003819101898273e+02
8.305922538479143213e+02
1.502553522741003746e+02
2.550393869733559029e+02
2.598312428762860691e+02
1.532594225968245496e+02
2.828032780255165903e+02
1.799598742560207825e+02
2.547140340589317304e+02
2.094867949892387514e+03
1.749648721162875233e+02
1.713563789403320357e+02
2.252745241713450923e+02
2.102684377705098484e+02
2.274115796046132516e+02
2.296020900637078626e+02
2.015002256006771404e+02
1.779066866005579755e+02
2.744061594831771913e+02
2.302470325508983251e+02
2.163506218054812393e+02
2.010228286004701204e+02
2.153338662045952958e+02
1.928080212129661390e+02
1.816259116383666594e+02
2.007088277189487258e+02
2.176301182711344211e+02
2.171285882970615546e+02
2.442803473847464204e+02
2.095246551823817072e+02
2.032050821017380997e+02
1.738933624506458102e+02
1.804924920889773716e+02
1.686219820625044576e+02
1.511050967465378392e+02
1.623057789428253557e+02
2.267631621757553546e+02
2.131945348122368387e+02
2.017346107205833334e+02
2.165107337703958876e+02
2.221831479876375681e+02
1.747363895415057300e+02
2.214886631586525425e+02
1.305517458332132321e+02
1.399767962279493076e+02
1.790252732671098101e+02
2.079587683387970003e+02
2.176196166234768725e+02
2.469573343970041321e+02
2.263250231898114464e+02
1.948690705919457287e+02
2.204899618825741641e+02
1.716241815119740295e+02
1.867540365487179770e+02
2.322615802513965093e+02
1.534398094091597784e+02
2.119007600675371350e+02
1.852158358885953078e+02
2.024810180693631310e+02
2.174783283519966517e+02
2.445401146159251482e+02
2.260533199138563134e+02
1.870038775692334525e+02
1.830494860895162503e+02
2.129514584112190789e+02
1.789299584039953857e+02
2.069975424154690984e+02
1.908349555765424270e+02
2.179550695909539968e+02
1.653922911730414853e+02
1.977487987010039205e+02
2.029268183797864538e+02
1.811116641169783463e+02
2.475678164898442901e+02
1.845219779723343549e+02
2.355198908471877814e+02
1.824684413305099326e+02
2.118408530930754239e+02
2.372864038187964582e+02
1.587156289146086294e+02
1.755223113878493280e+02
1.612037513495900214e+02
2.207079093127363478e+02
1.986264944782316775e+02
2.193864626997364269e+02
1.805543132243466857e+02
1.977560626752913606e+02
1.545666712630595896e+02
1.945686064918072020e+02
1.628942455541859147e+02
1.892902651949188453e+02
2.143608662689517246e+02
1.705839173906081214e+02
2.109897188202405118e+02
1.858807910826444925e+02
1.618700390614290257e+02
1.879983795189783393e+02
1.784505063034530679e+02
1.893192215744149962e+02
1.734956332654832636e+02
1.911828788427151551e+02
1.441489969208589628e+02
1.912181154514634329e+02
2.415590816505187775e+02
1.751449257011377085e+02
2.239560476385019854e+02
2.086499015069385905e+02
1.696287716247500441e+02
1.882977254915629146e+02
1.851898428925489952e+02
1.688155446055384061e+02
1.748367165867830408e+02
1.863844627171193906e+02
2.207975242941971317e+02
2.940200705290856149e+02
1.881733820739837313e+02
1.646981633968126175e+02
1.681215815683989945e+02
2.423278813681071426e+02
2.442462151412004800e+02
2.579557572555732463e+02
1.575682335233931610e+02
1.736083279404523125e+02
1.544855547938185794e+02
1.697751983096856350e+02
1.874977954289607283e+02
2.434201002146313044e+02
2.318097555388579849e+02
