8.032559923158830273e+00
4.897360664073877601e+00
9.364692960235716512e+00
7.291294312612374817e+00
9.716738074872942832e+00
3.722384466354994537e+00
2.674802296894123899e+01
1.299787221703591911e+01
9.342236347313773948e+00
8.639741582486120564e+00
4.932028840651677015e+00
1.400580588163068185e+01
5.056593759868864169e+00
5.928567816549536573e+00
6.721842192529705606e+00
6.455872946619479080e+00
9.606293283573627662e+00
6.395255933451188923e+00
9.402180752924691021e+00
3.579215969511761575e+00
5.161518502198788383e+00
4.730147007267278880e+00
5.852444012662931350e+00
1.247723779983393833e+01
1.283614831168836368e+01
7.114101289662311700e+00
1.335433210150633698e+01
8.054605268777185856e+00
1.096078776919512343e+01
1.316375704213717057e+01
7.429047081440067757e+00
1.720195912147711326e+01
8.093426839109870485e+00
1.714490762775032451e+01
5.399009358579124118e+00
9.359948484561535054e+00
7.350207746314272761e+00
2.726798093883337604e+00
1.208159824570014607e+01
7.169167657402735649e+00
6.626057171222416997e+00
9.217185985238328882e+00
1.971465040296165583e+01
1.024614438149663620e+01
1.294770485024974427e+01
2.151732234625643514e+01
9.700599264933284616e+00
5.986802728518689776e+00
8.008898217439089251e+00
9.451761788493644900e+00
8.731704704901607883e+00
1.792314836224838714e+01
1.252135210576087232e+01
8.556952581824520010e+00
5.130591371120792665e+00
9.974829043605806689e+00
1.235142366819562199e+01
2.717786785385330361e+00
2.259355016832144258e+01
6.250404079989333006e+00
4.817723014023896688e+00
1.298991463084155207e+01
5.375175626562636921e+00
9.155760118915091894e+00
8.656108574924612498e+00
5.281786326408363763e+00
5.101553317393208609e+00
1.200362361720785920e+01
5.060244003707016880e+00
3.519578602406193024e+00
5.360276783547798907e+00
6.402975580945525991e+00
9.370359805483463589e+00
2.046958643002540157e+00
5.050864980008810790e+00
6.435832565111510917e+00
1.012057894507959510e+01
3.104211040911497577e+00
7.247407747136424661e+00
5.117568918427197744e+00
5.199980938525767371e+00
4.600682594323922459e+00
6.317122547624060225e+00
9.896941104355439833e+00
1.265863469152935750e+01
6.230158681051642944e+00
3.173931758208732745e+00
9.768564559662774371e+00
1.102353398976996068e+01
7.421883990386882068e+00
8.203611985946530183e+00
1.104152914732293667e+01
6.137693359127894155e+00
1.426474578949193983e+01
3.206187403585713191e+00
1.244378757737487717e+01
1.010495740952823773e+01
1.160820029644502860e+01
6.478210534745763916e+00
6.988048440756830182e+00
1.937256443301872011e+01
6.067162546498190423e+00
6.150306739087886498e+00
7.613437333616224656e+00
7.743930008206868720e+00
5.587686889289866343e+00
2.248085783004083993e+01
9.345096022231432542e+00
9.908670142489031107e+00
3.614447961802489395e+00
5.600221539147082872e+00
8.401268018526174330e+00
7.254200631413317168e+00
1.397067572388930401e+01
1.316614073258368123e+01
2.554883952033400352e+00
9.092487103430501705e+00
1.369075147374350188e+01
1.058897861618850911e+01
2.074251717736456868e+01
3.754708182664130423e+00
6.868294953837649430e+00
7.746111196220363482e+00
7.858410568490342030e+00
3.803533814312527461e+00
7.514983965596409021e+00
7.200220884658254938e+00
9.141028050488321455e+00
7.683365210428167558e+00
1.228155574414175000e+01
7.252070827680551446e+00
5.881365871746388585e+00
5.969926542599894859e+00
8.640802056694495192e+00
1.731296801762464455e+01
8.384267304498511209e+00
1.228815651630363703e+01
1.266885274397881567e+01
9.153767323417799417e+00
1.290518817424036158e+01
9.599133573960493493e+00
1.335117137270014354e+01
9.103569242210220125e+00
1.854418206884715303e+01
1.546417045076007390e+01
2.459825859873923548e+00
5.815430482501107612e+00
1.779603796883445455e+01
2.527242664299787478e+01
1.930270697140408132e+01
1.702607604171013023e+01
1.254226156180240181e+01
2.014049151349552247e+01
4.172173042081227301e+00
7.821658165278220665e+00
7.736813258012261940e+00
1.577002599328784349e+01
4.732373985595817345e+00
2.810731663386568879e+00
1.372682802916179945e+01
6.666508081230125171e+00
1.516821051671827547e+01
1.114377185886868382e+01
1.170902771478932181e+01
1.538910284024279385e+01
2.488376554201956736e+01
1.066752762118643894e+01
1.253243310820135115e+01
1.534110201458683953e+01
7.735623917407907335e+00
6.755103754707719510e+00
1.054563746857481377e+01
6.748901405841452039e+00
5.274469400750787074e+00
1.742943580022618377e+01
1.017371625395540313e+01
1.367406677942166482e+01
1.061478525302490894e+01
8.280987464896369943e+00
2.073574841882493747e+00
1.480817346353634356e+01
1.081261768732519357e+01
2.477973221788432490e+00
7.483301581761966581e+00
9.801624336025444251e+00
5.827516896137710845e+00
1.884208753093696487e+01
6.693526070064863553e+00
8.430858585016530071e+00
8.014822738515370304e+00
1.230801235392696746e+01
8.388410966113164946e+00
7.593072080654552636e+00
5.879151033812741289e+00
1.810455695443208768e+01
2.055655720669541164e+00
1.455667848784652385e+01
6.561281287130148243e+00
4.482452862075521516e+00
1.140022394779878745e+01
6.945551558691883010e+00
1.218888605014369197e+01
1.278031881464195507e+01
8.942277861860116417e+00
1.635218738944174177e+01
1.650133275984631354e+01
4.145033342975171564e+00
4.349217924176969952e+00
9.696003058727617585e+00
7.717019973933187060e+00
4.471791805427101529e+00
2.288831216219267883e+00
1.190835625355410698e+01
1.406877775982766288e+01
1.340663632238524983e+01
2.286976057371306048e+00
3.351658112748487017e+00
8.103409627453963537e+00
4.397881302932055370e+00
4.012664733362981906e+00
5.147479620991619598e+00
6.128900455372223277e+00
7.868378534471344388e+00
6.237442283235469453e+00
1.354740569518608950e+01
5.665917980443714086e+00
7.841527995472722168e+00
6.760586096569166870e+00
1.030996031199323859e+01
1.529799217664022670e+01
1.072418998247121635e+01
1.260025315935585155e+01
8.335245022188985331e+00
5.699482919644101919e+00
1.234800237358103736e+01
1.383738474094884907e+01
9.543273516977912152e+00
9.843266959258935245e+00
1.838872173937834020e+01
1.555876386638962749e+01
6.334364060282542397e+00
7.926967908003946128e+00
9.571775828861362356e+00
9.574232869221368958e+00
1.894647610880833355e+01
7.842895254768314395e+00
1.206779070567238676e+01
9.859550799285617728e+00
1.134749474247495193e+01
7.625932183076666426e+00
1.178438112865135778e+01
1.271568598839487230e+01
5.762543838986169398e+00
7.852579217274385570e+00
8.731546770059420481e+00
5.604421827467919393e+00
9.484274600019771739e+00
9.287932776164760540e+00
1.317277452362156431e+01
3.625934708426414410e+00
3.748182088583453808e+00
1.269963577369434304e+01
1.398717692803267099e+01
2.567311138204620757e+00
7.402451892257025712e+00
1.342751701180555024e+01
1.588156096674286033e+01
1.309033112835895274e+01
1.098873263055071980e+01
6.325065149830388478e+00
1.292282722676658402e+01
2.548921665456295393e+00
4.503600904935738392e+00
1.546041317778674618e+01
5.232856942751630491e+00
1.608354748829949088e+01
1.096078652038297996e+01
6.786841515197214569e+00
1.164231878838098844e+01
1.283525007610122337e+01
7.247916263876323484e+00
1.768303878324962497e+01
1.070120926037918174e+01
5.874685833140872226e+00
2.883553467601441600e+00
5.408947040175037912e+00
3.488451051180144535e+00
1.347984843736477778e+01
8.171656337355543087e+00
1.276595978692922628e+01
3.431447111423185703e+00
7.429871067109573346e+00
5.136605167416577800e+00
7.794723223056697847e+00
9.802471450633886363e+00
6.660586101067227816e+00
5.258533725115975166e+00
9.448646166263587887e+00
3.938367484624162529e+00
1.145916292353036781e+01
