1.325314916743912264e+01
6.007842785080971915e+00
5.589785767764507085e+00
5.654523225275355003e+00
5.560301661856976274e+00
1.149755745033860777e+01
1.071177577438703921e+01
3.602992391798452321e+00
3.434970592536778611e+00
7.179793948333441200e+00
1.580971134513783127e+01
4.836143060906123559e+00
1.197548132719572500e+01
8.383215878544888255e+00
2.249857520871039629e+00
7.861997324726597292e+00
4.037750972649899239e+00
1.340766149154494080e+01
8.544867256992452198e+00
6.624769643022641041e+00
1.088360187076610686e+01
6.040845052318752906e+00
1.421078388654387226e+01
9.540560586079548600e+00
5.705302644743032836e+00
1.669058255296524607e+01
7.874757449603895232e+00
8.393957837886365070e+00
7.536295839276000663e+00
2.723988042497249396e+01
9.297207366691667474e+00
3.099939616434221445e+00
1.148988632639767360e+01
9.193376270077450840e+00
4.647970729440828563e+00
4.358539811314347645e+00
9.238335372874104223e+00
8.794497735097573710e+00
1.257772732250644232e+01
1.318193425448871814e+01
2.599781835527699592e+00
5.151737836219221656e+00
8.024889356353760661e+00
1.292700410077867801e+01
1.088834878082142232e+01
9.337062272342040004e+00
1.843426592251822527e+01
7.076313873590980741e+00
7.103541448310833673e+00
6.450697509228906945e+00
1.402789563620225977e+01
1.638083492831479404e+01
4.425407252931093716e+00
1.428270608480808512e+01
4.527999633507035604e+00
1.057274204762087066e+01
3.826671759469502554e+00
1.379099614344453606e+01
8.482395952588349886e+00
7.219355281472734198e+00
1.575796896682726000e+01
8.995156083723689022e+00
7.256268302315058705e+00
1.237986661283280831e+01
3.302318825203187203e+00
7.550485342699723823e+00
2.195363117024625499e+00
8.904420904246459045e+00
1.006593958413018619e+01
8.980117749551883577e+00
5.749162342110278878e+00
1.169479210903565480e+01
4.033708908466678622e+00
4.066321692745929361e+00
1.125144550758692574e+01
1.455938149586776653e+01
1.172100813957105991e+01
1.199012957605270202e+01
9.241114443699741443e+00
7.818623372586376519e+00
1.122214451708792460e+01
8.233819627450232659e+00
1.149548596274138390e+01
1.515624038328883749e+01
3.202937398800088431e+01
1.033554382982701192e+01
1.305584248180268858e+01
1.290341730466890269e+01
2.374320144247953568e+00
1.019709615835887817e+01
1.113231477224246113e+01
7.205871718186015684e+00
8.784462493685703421e+00
9.595949518685806368e+00
9.889485584319844591e+00
3.697116707062488850e+00
7.869410795075696186e+00
1.558715926284207143e+01
4.734940601968453677e+00
8.535931994724734295e+00
1.158097505576291297e+01
6.019820981030501450e+00
4.250679795307010345e+00
1.432187240050377852e+01
1.468749280536878210e+01
9.324404345286311013e+00
8.779953892500577339e+00
2.694879502033920016e+00
7.356108686547341513e+00
4.554995909020552958e+00
1.299641004977659797e+01
9.456723360223215025e+00
6.104149643169788142e+00
2.057770022508604058e+01
6.837357880845031488e+00
3.699332678450177880e+00
5.263182195033516919e+00
6.713665170523140269e+00
1.080236669639635139e+01
6.641270978100934030e+00
1.416745156419679930e+01
4.527824328119769426e+00
2.827296111086332164e+00
1.563576415194526703e+01
5.235253261072684516e+00
7.338641057848643179e+00
8.954879423908140623e+00
6.247644447184538485e+00
6.866900926697120155e+00
1.191548642920410295e+01
8.888038993242311392e+00
9.720726051818243008e+00
2.937760649206032859e+00
1.057404126869656658e+01
9.067152492143259579e+00
7.686177383355746962e+00
1.273338298743580843e+01
1.137260398820675356e+01
5.341827041957314393e+00
1.864877153941957744e+01
1.146888512395571347e+01
6.021450075638256294e+00
6.596383923598067689e+00
7.974947222876141772e+00
9.148387003669760986e+00
3.548772814000442644e+00
1.955798977021504470e+01
1.300579064516549366e+01
8.606185768128842284e+00
9.018915939176238794e+00
1.325910680617649540e+01
1.181762326732533275e+01
6.974640396300733869e+01
1.189399643393648454e+01
4.259715808799696468e+00
6.063933581818775842e+00
6.805002527054845096e+00
5.412147399553783877e+00
1.154073802866877152e+01
1.045183237999967218e+01
8.624324511428495654e+00
8.757527044369414426e+00
7.223207840367188659e+00
2.010011857457366347e+01
8.898708617471076110e+00
7.193395934018743887e+00
8.042073412687958722e+00
7.816982445742520547e+00
9.402112407934147598e+00
1.492857055979158076e+01
8.260171720121366690e+00
2.265383052840197919e+00
1.186967717115436827e+01
6.014363662069222016e+00
3.744515637238702954e+00
9.468326749341866133e+00
6.740358264164081348e+00
5.482261986877309035e+00
1.099131668367369663e+01
1.402990824173630635e+01
9.830462490219510130e+00
8.234706565251819654e+00
7.670878406440818864e+00
6.146845838977704091e+00
6.200553285804506487e+00
1.068635176973741174e+01
2.114728239741405957e+01
7.051119866922823221e+00
1.288696290742804607e+01
4.823961896125990911e+00
1.001645704770166567e+01
6.001972405276687184e+00
7.764977617979219815e+00
1.144762956485623917e+01
6.786607368049285327e+00
5.141143118873475970e+00
1.310066574587308708e+01
1.438770515202321398e+01
1.411375581687903313e+01
6.201476934172520217e+00
1.479905469697779807e+01
1.075974532268806172e+01
6.950166906170587744e+00
8.457997745901177922e+00
6.367360939817173993e+00
6.412563238788884235e+00
2.366002841846728444e+01
7.944536331189899769e+00
4.639517270788251935e+00
5.203067233669949943e+00
6.110799014130964935e+00
6.494172759961024610e+00
8.587605196055870138e+00
1.135775028799502806e+01
1.274481174238691850e+01
1.001701576849292685e+01
8.382118118054476597e+00
6.510781685250707440e+00
6.384523860140883578e+00
9.346541347978194025e+00
2.034269384063635755e+01
6.393099003527153101e+00
9.076022837205062643e+00
9.656683708799462806e+00
1.211432765422662960e+01
1.432117619292236022e+01
7.031846438768406315e+00
4.056897437087228830e+00
7.704427215736575185e+00
9.241180427739047687e+00
3.104645745945099122e+00
7.853359317000953688e+00
6.020722837258477789e+00
6.789595292999989873e+00
8.702441535400652128e+00
8.566193238737309201e+00
5.910099527015399090e+00
3.704551615276892473e+00
2.650098726310935238e+00
6.158014882560669534e+00
5.025884814407776346e+00
4.346419345826273428e+00
6.329210818129912930e+00
5.593677941841237455e+00
2.920670831912059029e+01
9.193520749804239500e+00
1.165864890099931728e+01
1.266940506513152798e+01
8.477621442758087156e+00
9.957328378400140068e+00
3.738925409328838434e+00
8.073693376029243751e+00
5.611849390695364370e+00
8.743432044431827421e+00
1.967510663395850123e+00
6.783660628025253381e+00
1.581894183791085240e+01
1.375810378846566451e+01
5.647468664755058709e-01
6.653168682733793915e+00
9.528662393213531701e+00
4.725458354090011248e+00
8.670562650611801203e+00
7.577449361126989302e+00
8.764282710073796778e+00
2.614845621169142653e+00
3.906793963611395526e+00
4.185884179910874359e+00
5.102947958189383293e+00
7.269419986915083065e+00
9.483564004974153860e+00
5.784033359589099810e+00
1.125899823128045085e+01
1.024373029247410827e+01
8.958758353828486065e+00
7.399170819300276314e+00
4.641811060001203693e+00
1.297220592124242167e+01
1.747966850979481901e+00
2.624329827747586830e+00
7.906526131268290847e+00
8.296183837541214245e+00
1.597815671888015743e+01
3.738514293777801090e+00
4.905590522774558870e+00
1.127101339115159995e+01
7.738190719347101343e+00
4.800541243064225583e+00
1.488794445317892468e+01
5.536902727886594100e+00
1.397343339731350476e+01
4.450263768551292465e+00
5.149153831221961575e+00
1.317925849447210851e+01
5.280310908731124186e+00
6.108318601712743323e+00
6.678001277213059694e+00
8.680650875559516422e+00
6.303562010112626623e+00
1.064934244792878637e+01
