5.338460564469277969e+00
1.183884703636031155e+01
6.261883138297768880e+00
1.271570729534892585e+01
8.568781533933391259e+00
4.889516261220292037e+00
6.616971702962277213e+00
9.239609966249719974e+00
1.066098613627504399e+01
5.012175604882164848e+00
8.610538620949753863e+00
6.529553866606919499e+00
1.121276944791192598e+01
1.766663373279969207e+01
6.604743434944594371e-01
1.936150582553215571e+01
1.169191165934651799e+01
1.627225373889182336e+01
5.674711362451272834e+00
7.981636152438716714e+00
7.571102523131512996e+00
5.611145148765828594e+00
6.967978423020917411e+00
5.130333171762010203e+00
8.140046608196977118e+00
7.594375648731106487e+00
1.385361281832520319e+01
8.918841905540949355e+00
9.676555184881129534e+00
1.356142237059981781e+01
1.214943708931219746e+01
1.267255214408245934e+01
7.812101995518250241e+00
1.474016676538610149e+01
9.107174997166818997e+00
3.333458753231986815e+00
4.226315331086590987e+01
1.239464256209137361e+01
1.117390423049787174e+01
8.466353597754400440e+00
1.175517297131838035e+01
1.320358647969882604e+01
1.735408730746167549e+01
7.455609843508272938e+00
1.176534523432622592e+01
8.904430972318747806e+00
1.150192348715664004e+01
1.074076475842167433e+01
8.108245255175688726e+00
8.368165635248239198e+00
9.855025157813264158e+00
8.350587149116751817e+00
5.863439505058769541e+00
9.689314166980526721e+00
8.179782681025253410e+00
7.620172232008758151e+00
6.190576094161738041e+00
6.087394184578728051e+00
8.759319840177592909e+00
1.199284318958075701e+01
9.248891820362779015e+00
1.386367620286662650e+01
9.834628320057618112e+00
6.632315894729400085e+00
3.157218452160074129e+00
5.525771047196065489e+00
5.182159334571458942e+00
1.176167313456282493e+01
8.994668378850079193e+00
1.029239789789641257e+01
6.878327126716500928e+00
1.286147866813478124e+01
8.958655604989866461e+00
6.667251967108263955e+00
9.488482563497367295e+00
1.226921085412424262e+01
5.567775500452644799e+00
1.004899293247762415e+01
1.128164215285426941e+01
5.844600034340543537e+00
6.132774405735888834e+00
8.081998109624464632e+00
1.250897149305930256e+01
1.057179131908757519e+01
7.601140663612555137e+00
7.826531108016332894e+00
1.019596503542204147e+01
4.941613253310716658e+00
9.216037352970671392e+00
4.161997884546147830e+00
7.017717234011610294e+00
6.142698422005170578e+00
1.437373777791716023e+01
1.556800547837926629e+01
6.147641258374603623e+00
5.196148944114197477e+00
1.216402643883368917e+01
5.587026116517750829e+00
5.412213899368629733e+00
3.918086085354457904e+00
7.627243792305123726e+00
5.666718827860815821e+00
7.868105770389789200e+00
5.992067066866489711e+00
7.215502790238203623e+00
7.450296556518527957e+00
1.642288771459321239e+01
8.459648346808108954e+00
1.113720561971508971e+01
5.859776934419092420e+00
1.439381655039356467e+01
6.623033323028378661e+00
6.375348159304521367e+00
7.287254198776006220e+00
5.742138874505291035e+00
6.044221509632484945e+00
3.481993269334634711e+00
8.248653060811991011e+00
2.421031829475626562e+00
8.588976120505684264e+00
1.255738850844505450e+01
3.129660797389283822e+00
1.155336872586537389e+01
5.214350698364111913e+00
7.989035720527226658e+00
5.819403458816258201e+00
9.591875431987347156e+00
1.861165835529474677e+01
1.183261556483816612e+01
8.835920133147105560e+00
4.352646743136454610e+00
6.289574333188584276e+00
1.947125434063825100e+00
3.118587418316785431e+00
5.743700875891009971e+00
7.318814087922193679e+00
7.406415044034166506e+00
1.116931604098191855e+01
3.009894233365331129e+00
1.109923085307621626e+01
2.063444389889061537e+00
5.835315316830807397e+00
1.532347147093563855e+01
7.625373211126381001e+00
9.117240133222148657e+00
6.310065711115937503e+00
1.246132443848785165e+01
7.197948526370118394e+00
1.657079989921663099e+01
1.185062073112387360e+01
1.250569924617218653e+01
5.077233018370347573e+00
7.404375526641220340e+00
1.215463428554402547e+01
3.592545705525478361e+00
6.101122695879815261e+00
9.322264102424993482e+00
5.668564149973543742e+00
1.985512617632615662e+00
1.159885769644704689e+00
9.017088345499487900e+00
4.642516022791745911e+00
1.013175566105402581e+01
8.455084890932901942e+00
4.193520887407143682e+00
7.869827957610266544e+00
8.397919501527868036e+00
7.613675368547597522e+00
1.355432823356520800e+01
6.642003171178555654e+00
4.299599148795720360e+00
1.462146228247466873e+01
9.452316574120020576e+00
6.612917489990016051e+00
1.143473450078389497e+01
1.408357137998139486e+01
9.246749614339616841e+00
9.210792531810387374e+00
6.056739608128879127e+00
1.033098447835620703e+01
6.713791735028864061e+00
1.494719752208131247e+01
5.097710582162985560e+00
4.539722635758991487e+00
4.901108287908945371e+00
9.071819233648856340e+00
4.497072709576669602e+00
1.068080451184848734e+01
7.014954401125615746e+00
1.031314694174424318e+01
7.822913799700077497e+00
8.080230239631818634e+00
8.384651350469383146e+00
4.330671246815771092e+00
5.897034116194559417e+00
1.154452827759094546e+01
1.847843553915701520e+01
9.132555894806710484e+00
8.051123289466355359e+00
4.320920120606242421e+00
4.336112327750349493e+00
7.854897371410972440e+00
8.099306080246144290e+00
2.148882535161628304e+00
5.996389366802072018e+00
7.915607915554352836e+00
1.197567972877096310e+01
5.649018462284114861e+00
5.212247237632184671e+00
1.631684567238878358e+01
5.342758047353245665e+00
1.020539471393119335e+01
4.834302048021874576e+00
3.111134322937067154e+00
1.959830352985845181e+01
1.220344958702417237e+01
2.468814887324528584e+00
1.431414116665136405e+01
9.968159830383612530e+00
1.255024628330826353e+01
2.320750305492080390e+00
8.048483632647843722e-01
1.065492183623523559e+01
8.630905862494758551e+00
1.334263286761200540e+01
5.572155240864723247e+00
1.019442450927028254e+01
1.584821393357699826e+01
9.444315659474488811e+00
7.238877289616570287e+00
1.128882647680978657e+01
8.712393894810958273e+00
6.328873664237789853e+00
7.812670841504020913e+00
5.182635494402928700e+00
7.744153222249851254e+00
1.516499207661657422e+01
5.486209078193923894e+00
1.004420368094545957e+01
1.206234016698978984e+01
4.198692887471040969e+00
9.534071718293875008e+00
2.494935384101632625e+00
5.898408983183280441e+00
6.142914594153967123e+00
3.840296200091033896e+00
7.691572636674759877e+00
6.390477675077191222e+00
1.004334303566604980e+01
1.228687628916038044e+01
1.253538753201083189e+01
5.702862235199377849e+00
7.666922638252449573e+00
1.347887526804576019e+01
9.796131278040881796e+00
9.816325858587529041e+00
8.145698326765216990e+00
2.974639337982273091e+00
3.677227698695147318e+00
5.553191664029079710e+00
6.398984858596576508e+00
9.638620124619839302e+00
9.224086716829797084e+00
7.249731078627275060e+00
1.094255744071442571e+01
8.375587547573985603e+00
9.102514359955131695e+00
1.109897389191929840e+01
1.274462985571751972e+01
9.367874205622781503e+00
4.998820497898849524e+00
1.499532782946082143e+01
7.567480099779663405e+00
9.465954128063183148e+00
2.098889972743835042e+00
8.044248529354538491e+00
6.001409599459435640e+00
8.785181502180607893e+00
1.339963353357501319e+01
5.948289959144747563e+00
8.423803072205167553e+00
5.986400719363064837e+00
8.589831173725583469e+00
7.156449418052195810e+00
6.054057108386574271e+01
1.121594829222805600e+01
5.689360587840537775e+00
6.367556430344048835e+00
7.799508406058249577e+00
1.302803564958131588e+01
7.620913378244497771e+00
8.884875987097121453e+00
7.799666196651632077e+00
2.744106634595898875e+00
3.975085581816332425e+00
6.035923394023416932e+00
1.612899262917597198e+01
1.107737693949562541e+01
3.604185994450875175e+00
1.169654339661803633e+01
