1.157085093772394835e+01
9.112990678581327941e+00
2.235204880124376459e+01
1.779153049917060159e+01
1.017262717442749320e+01
2.297430881570099714e+01
2.266833347141386312e+01
9.432143669911161155e+00
1.178535781069768085e+01
1.129360687061729074e+01
1.706639537109136029e+01
9.038774893790966658e+00
1.860248483539288600e+01
1.095313277916429939e+01
1.329949096917504647e+01
2.282495888292282515e+01
3.237117694453054639e+01
6.519588709984811103e+00
1.660370314660338309e+01
5.370595665963426413e+00
1.410542394597173121e+01
9.061722901259537721e+00
1.256629875364865612e+01
1.710882120230376913e+01
1.530216734680523771e+01
1.660246687089753692e+01
1.970133946077001497e+01
1.294966141383835811e+01
1.477853773322081743e+01
8.375206011094574521e+00
1.678646105259681676e+01
7.720042426795988177e+00
1.080287434370853994e+01
9.055124721218193784e+00
4.406458268860563265e+01
2.031566501407828085e+01
8.377265558186917360e+01
1.348413035872052390e+01
1.951150083703582183e+01
1.394076633453935798e+01
1.258521819527888752e+01
2.345311340574173542e+01
1.487681509300264260e+01
2.130253663666003661e+01
1.549860506323248011e+01
1.651728605909956826e+01
7.176851542440780385e+00
8.128361052490827632e+00
2.633746957350603424e+01
1.600755248202436576e+01
1.652328419786551805e+01
1.865795830177028591e+01
1.622693767263193365e+01
5.106418661512078572e+00
1.380045431062131378e+01
1.054374258506310902e+01
1.031109504393489651e+01
1.384207833358411044e+01
1.470214454307120988e+01
4.252816201964680687e+01
9.546125453227405799e+00
1.392277471350084461e+01
1.604335695327795364e+01
1.903663960692747281e+01
5.290079899188740775e+00
5.220051059562054618e+00
1.514131995954692300e+01
4.950157129716910021e+00
1.394729104223437588e+01
6.809609777566221211e+00
2.525640161465089761e+01
1.548531693690028455e+01
9.425964089921414768e+00
1.411657359646822130e+01
4.427344914997100034e+00
2.066100144785520598e+01
1.143824211467014429e+01
2.309086603500266577e+01
8.665209179489554714e+00
1.112267326281003044e+01
1.418737599866904553e+01
1.142513161295711122e+01
2.083533074917249905e+01
1.101059848155483856e+01
1.081594535318800077e+01
4.536455872615441365e+00
1.878024675544221722e+01
1.423263373894983985e+01
1.686092122953072803e+01
1.708750065085972381e+01
8.104139931462414737e+00
1.031072391365381513e+01
1.430939930843727126e+01
1.376009751652193103e+01
1.372439736990242842e+01
6.510995749537062061e+00
5.605448523418431250e+00
1.726082421404366585e+01
1.090111335854176389e+01
5.759714733377631291e+00
1.397279156926967936e+01
4.265259091161947680e+00
1.206190185715635543e+01
1.684246878808917103e+01
1.294126539813151666e+01
1.506349077768226863e+01
1.222615714806559772e+01
1.216342644021871600e+01
1.842470808090006074e+01
8.382034052467304264e+00
1.629639412389762043e+01
1.388949906274124402e+01
9.071182318963932900e+00
1.009830461173649852e+01
1.738681106766506801e+01
1.229664481577843027e+01
1.153755802172321587e+01
1.131822566279495668e+01
1.236655288835995314e+01
7.064931432266666533e+00
1.982112040511760398e+01
1.105157135221293885e+01
1.717374648767635037e+01
9.561293735453388010e+00
9.795408591027038980e+00
9.565736973143636135e+00
1.405491413338246076e+01
1.817173155376997329e+01
3.862836315628059403e+00
1.933047872198328676e+01
1.105981458349974034e+01
7.825609604377034678e+00
1.232532792821521817e+01
1.063248090202086793e+01
7.651577414470745353e+00
1.654682544517112674e+01
2.841535333851048861e+01
1.098336743959242945e+01
1.187807211559552201e+01
1.340664317512159798e+01
1.746909680624622752e+01
2.988005855923929488e+01
7.653028031392017816e+00
1.787782754261032991e+01
8.091546661728983736e+00
6.397687369911825961e+00
2.247764174222768929e+01
8.408960629134634601e+00
1.312274622682284431e+01
3.898207429922120326e+00
7.438877741482742501e+00
1.598976118906530886e+01
1.176228684844151040e+01
1.519115861679658330e+01
1.502094572700257125e+01
9.516801774014572501e+00
1.151712399229617390e+01
1.172613511789571206e+01
1.056176123744706175e+01
1.049253742028057168e+01
1.607068791613437853e+01
7.128345173930601852e+00
1.083812676297757527e+01
3.414258128243680357e+00
1.224674563563849894e+01
1.387113915728890312e+01
1.255539960885853468e+01
1.214729626373099869e+01
1.570568835397270391e+01
2.495663552779650374e+01
1.171704315809164676e+01
1.085295452002037386e+01
2.055006500242307510e+01
1.186533893497611025e+01
1.523420672626418870e+01
1.990138719508449228e+01
1.433352743169060517e+01
1.320265542901677591e+01
1.497328604719500866e+01
5.444990077050019472e+00
9.864429784307354510e+00
1.256352602477734592e+01
1.888115573946672754e+01
5.696636706111388726e+00
1.803269406136410069e+01
9.638019591638942174e+00
4.759291510286791649e+00
1.249290107245158055e+01
8.868469870551786371e+00
1.282930370319349755e+01
7.020886665408202276e+00
6.127224238965528258e+00
9.278437167857678247e+00
1.959251118547685078e+00
1.705113216210095217e+01
1.687817902048696794e+01
4.809522350219062048e+00
8.574752894160379668e+00
1.642136733494939449e+01
1.869208084184008811e+01
8.102448045344361915e+00
8.763315001674765625e+00
1.190852972175894919e+01
7.761300704562668784e+01
1.378352621163637970e+01
1.643947518730647062e+01
1.747793449346450601e+01
3.599267054819434097e+00
7.865357383390267465e+00
1.026954296756427532e+01
1.632449792101894559e+01
1.041152612649139542e+01
3.935234391522687947e+00
9.975039289033301060e+00
1.978383710940770257e+01
2.014184477651627958e+01
9.336889101043620798e+00
5.192106003326092178e+00
1.261731123419188272e+01
1.419261089150064770e+01
8.449728910335283061e+00
1.141322209146308708e+01
8.493569542924735316e+00
1.000708666737446784e+01
1.936944269793954021e+01
1.305008006240729479e+01
7.331049373619554999e+00
7.179373109502967054e+02
3.362729029520475166e+01
4.569024609400470283e+00
2.182488839794504365e+00
1.091398190335768170e+01
2.337949250077922159e+01
9.752258281898576797e+00
1.479105457258907030e+01
1.108745814072303659e+01
2.005641147428756810e+01
7.977627068448132519e+00
1.648233790473657479e+01
1.004974685410769730e+01
1.959426119416802337e+01
8.550529202636273141e+00
1.273843211596027913e+01
1.048770991111748074e+01
1.127226527078524221e+01
2.336365035638157295e+01
1.350849006550654252e+01
1.598722471416303748e+01
1.754402826574754570e+01
1.657826424023192402e+01
3.265899357199361930e+01
1.416033546188230474e+01
1.550254043246735058e+01
1.342084262961982866e+01
6.444539740519533488e+00
1.070620214946275617e+01
1.675866884268457113e+01
1.477026872254023715e+01
1.882618996757028640e+01
1.211200809392575728e+01
1.286335747433611232e+01
5.152685550367900547e+00
1.353240427800663248e+01
9.885378576708408360e+00
3.032118705592999319e+01
1.090245268593080397e+01
2.537407981495233145e+01
7.584164257404832021e+00
1.908004142419550320e+01
1.132088872326104934e+01
5.926163244832896027e+00
1.951229474567903921e+01
8.250568758234956945e+00
2.037391222814704506e+01
1.386435063681816615e+01
6.061840845821683033e+00
1.051714668745533032e+01
1.095821691247690843e+01
1.201691065301160144e+01
1.711691424867490241e+01
1.438646589320603830e+01
2.255547736269234704e+01
1.559277674360596677e+01
1.567248418687246669e+01
5.890116039411009474e+00
1.961053220004034259e+01
1.593259172904301657e+01
8.562951081034494649e+00
2.466726705524010299e+01
2.520672297734934020e+01
4.909881453617385816e+00
1.374707832056282975e+01
1.056629604097612862e+01
1.334281190092437619e+01
3.148408297433857328e+01
7.003551529228046135e+00
1.308686336330523226e+01
8.352548944320293600e+00
1.359485648665340207e+01
1.274283330850095375e+01
