4.228414847670102894e+00
6.099462351587765951e+00
5.981604229501368941e+00
3.497429632263050259e+00
1.270188795469391430e+01
7.666233032039678541e+00
1.339103505033024888e+01
1.033007202865984198e+01
3.380953125161311412e+00
2.419693263827632990e+01
7.787045824666090077e+00
1.075452242996998820e+01
4.954593393484182151e+00
5.326593592201768423e+00
7.542808989200494807e+00
7.406296758970223770e+00
5.462324852800373165e+00
4.054857071374661892e+00
6.876283413475784201e+00
8.843648442925040598e+00
4.750338561802292858e+00
1.433236166872721640e+01
5.166919275233126108e+00
4.582574644752113180e+00
4.704770798404462440e+00
4.836778844271433009e+00
4.792161822724874121e+00
1.164201340087674907e+01
9.913077769081057866e+00
8.655868332211140270e+00
4.830696054620004176e+00
7.044663031660225450e+00
7.596161291108849412e+00
1.162683532342294157e+01
2.827712683299714591e+00
4.214533926793652796e+00
1.225490055051031746e+01
9.164158179139135996e+00
8.942931918824521986e+00
9.879801407088239174e+00
6.561443051291756312e+00
6.334675422560946068e+00
8.903947624428745655e+00
1.378740960408464211e+01
6.045743482045373263e+00
6.097851754082392439e+00
1.012826866074157550e+01
2.934168787573848469e+00
2.415259517652096122e+00
7.817699671863781674e+00
1.151948532851383256e+01
6.558285322119195904e+00
1.042567936924788619e+01
4.916745419909155146e+00
9.931116199003104938e+00
4.080715021346624560e+00
1.260574408748366260e+01
5.957924337010661375e+00
3.747008316226033919e+00
1.264614650725345513e+01
1.587217798375962730e+01
7.775252527191351071e+00
2.166245572948585263e+01
1.561867565249179890e+01
8.621648033253094923e+00
9.247724687687249201e+00
8.716967514622201207e+00
1.265071310218323042e+01
6.003910477134937196e+00
1.034951815811149167e+01
7.150033169934547850e+00
1.026833133239782825e+01
7.186770682761800089e+00
8.489837116977803078e+00
1.053229893513757354e+01
5.665902731256910130e+00
9.352077764368875279e+00
1.095204021817539086e+01
4.458759050269395452e+00
1.343510675669561572e+01
8.940091306947588023e+00
1.365354152237583385e+01
1.002328278944973938e+01
4.660267610494222446e+00
6.530582850460567634e+00
1.957024331886876212e+01
6.109492300760379635e+00
1.174640232059739908e+01
5.340980395467190611e+00
8.971298434215913886e+00
8.105558383873065154e+00
5.284106210642376844e+00
6.874725812118772872e+00
4.893220861064389027e+00
1.068023591863729926e+01
9.647394741147994779e+00
7.561339661992249717e+00
1.037484018411752018e+01
9.313108587246230030e+00
7.845052875319940888e+00
7.403562545696826369e+00
9.072612534179262056e+00
9.259111633562014276e+00
8.232770991284755979e+00
6.812130062536290609e+00
5.588397471546927342e+00
1.397783014495777820e+01
1.016260183365229786e+01
1.089239679581535647e+01
9.162224084489555054e+00
7.534685222551193107e+00
1.158337630344673563e+01
5.063086634535736152e+00
3.136985288289896534e+00
1.190796907202682497e+01
9.137242979045648639e+00
8.683943254083548169e+00
1.457090721984868553e+00
6.292867528171572467e+00
1.770052727075785626e+01
2.303086692593781848e+01
1.097564026720803732e+01
3.844076151878676573e+00
1.004092769004843433e+02
1.439795467622095515e+01
5.779695077007256820e+00
2.116431805713308734e+01
5.247559855624032821e+00
7.789760905173139349e+00
1.589863080995803557e+01
1.078457304309047871e+01
3.528066155504392842e+00
1.801209596120495959e+01
8.208085939617475901e+00
1.814102852257973630e+00
3.677459612053088467e+00
4.087905873810935731e+00
1.525184921207339173e+01
3.773229155049747874e+00
7.042430094931519946e+00
5.056134568932090900e+00
7.736008850247621638e+00
1.155918064681299917e+01
5.210181944878702787e+00
4.694847258254911004e+00
7.343522131792334484e+00
1.020745684564405664e+01
9.627259007093980969e+00
1.293253504999591108e+01
5.376049186728668161e+00
5.245142872943397094e+01
1.895452720024220383e+01
6.625964157978490476e+00
3.100039324275264185e+00
1.194720529096918149e+01
4.448474702321338903e+00
8.875730228585776871e+00
4.119969994331611218e+01
9.022944606898830600e+00
7.409416386357779771e+00
1.107360225703295420e+01
1.433882129686849716e+01
2.127683911008137940e+01
7.797155067581516441e+00
7.403810174581141546e+00
1.260202865644991732e+01
1.142088500497014358e+01
6.417814610472881931e+00
1.185753331221669349e+01
7.734178577648983755e+00
1.360557928601750000e+01
1.210363613004181538e+01
7.060018284142270062e+00
8.790997626946220223e+00
7.836543190333522091e+00
7.688340071613435356e+00
8.763426740594169928e+00
7.693969692036655594e+00
5.568569301763806934e+00
4.008953484924655086e+00
7.703690132466769924e+00
9.339693060272018954e+00
1.309219861972137444e+01
8.573079394266621023e+00
6.792252827941563709e+00
9.697385551036287410e+00
1.077476983244427622e+01
7.421079783881733505e+00
8.064146061434556145e+00
1.180484050212876923e+01
1.069056108307587927e+01
9.389502264759954642e+00
1.202421822120781592e+01
7.826766937282026326e+00
7.480951268470239057e+00
8.306213670785204783e+00
4.894080155921695763e+00
8.456323405345507638e+00
9.563726855267741911e+00
1.485752034393803456e+01
6.317955163587908096e+00
6.488629727188850893e+00
1.905476302765563901e+00
1.013929707945689707e+01
4.624331286504738792e+00
1.194316339673028970e+01
2.579621690245291532e+01
1.200939727489829600e+01
1.567505307732151287e+01
8.069416351824299838e+00
6.555508718062884377e+00
4.906140785923325254e+00
1.030613473583254702e+01
1.137912752078642420e+01
1.043523167365264115e+01
1.357801341562455200e+01
5.228601721240845990e+00
1.901335539776224159e+00
1.574824952925685828e+01
6.511984153091117555e+00
8.153089530544457730e+00
8.660888967761016133e+00
1.143315895435078033e+01
1.140329741992495194e+01
5.743747971123911888e+00
5.504727416734153778e+00
1.118554025724515277e+01
1.358946393527617325e+01
7.792806968243574772e+00
1.615137731460420412e+01
9.240102780414432004e+00
7.124233719080598881e+00
7.642792254019744824e+00
1.121593516679267033e+01
7.673915973934077428e+00
1.539167839094721124e+01
4.708992574647712814e+00
1.368625422037892569e+01
5.521855717885302717e+00
1.884821317011567299e+00
1.133535583348778353e+01
1.058378503575182528e+01
1.246778821325430719e+01
1.518492772002468527e+01
9.465335736708780701e+00
1.169029278194842725e+01
1.447528789618980127e+01
8.368063260217668997e+00
8.606149368108280129e+00
3.049843354967183284e+00
1.013976905401173667e+01
6.700293526210627348e+00
3.144208556319383341e+00
1.657700190689131858e+01
5.123595320415601506e+00
4.659640845287793987e+00
9.887212756869855568e+00
6.870886014068839032e+00
2.114554199437671311e+00
4.854304159120447437e+00
4.996774829543310759e+00
1.582820633225337481e+01
7.529872219640368236e+00
1.541302192275034777e+01
1.145008416135945595e+01
3.044757585947932554e+00
1.427317564571194985e+01
1.183517009048525637e+01
1.136599672535612271e+01
9.222857293145823476e+00
2.389224221467005638e+00
9.552842911336242082e+00
9.109660107988512223e+00
3.161065105185907775e+00
7.049327293373634618e+00
5.842976900804877971e+00
4.206479545393114527e+00
1.168699941233378681e+01
8.306764984751740855e+00
9.880382122355097607e+00
1.619610370637351338e+01
5.497198321343423899e+00
1.167949787336805834e+01
5.771463767474295459e+00
1.041950076295599814e+01
8.399805840891811926e+00
1.356045105107463833e+01
8.822094561468134088e+00
8.052977859372669300e+00
9.828010302826816869e+00
8.182066056460328696e+00
5.047675798889507348e+00
5.646472767641686374e+00
1.969169009304670936e+01
7.954377381185424589e+00
4.865123531389758504e+00
2.215706384914105875e+00
6.259401850220701391e+00
1.067466080781630033e+01
2.444991122310261389e+00
