1.495768995588430883e+01
5.985436398834167449e+00
2.481805077844729368e+01
6.341822268191658729e+00
1.906564838226105252e+01
2.028395321345811197e+01
6.892176924862479126e+00
1.824139315311971288e+01
5.405774483016724474e+00
4.483404500407535132e+00
1.686548238502008701e+01
2.230105908621116129e+01
1.401374274829544930e+01
9.859913701534111397e+00
1.271485346987822318e+01
2.752247233565216433e+01
1.807338521288084721e+01
1.344530919938480729e+01
2.197817783601722397e+01
6.885610943268410722e+00
1.083099383022096873e+01
1.091081720339440864e+01
1.039665037094684408e+01
1.521112108352601133e+01
2.196505133302686019e+01
2.543587159262854058e+01
1.141196453814056966e+01
2.445389890216557660e+01
9.704295337214363215e+00
4.883879605429429560e+00
6.759128745436863817e+00
9.181293262419822909e+00
8.286587690943081341e+00
1.736160372955340137e+01
1.540740295278814465e+01
4.456704926435249625e+00
1.893810544201627977e+01
1.266708739167044584e+01
7.779855615782339306e+00
2.151993207534003361e+01
1.729764644023646625e+01
1.829467606642721123e+01
2.462491385577738967e+01
9.276239963340099592e+00
1.021147607894599751e+01
1.544307100563677082e+01
1.149505647266697572e+01
9.475716563761817923e+00
9.510511124063899757e+00
2.106151279103336549e+01
7.619814651616207080e+00
5.386119711974132862e+00
2.814037080592474993e+01
1.181484019093800342e+01
6.973741833223857434e+00
7.549814167900214201e+00
1.093953656662074536e+01
1.061840009766714843e+01
3.991524633146535717e+00
7.054472209765320301e+00
3.549015669449511989e+01
8.975640840431291068e+00
7.827050666637843435e+00
5.812097590047910600e+00
2.112369508918432004e+01
1.140128471941610222e+01
2.002520872813543562e+01
3.405027794050392487e+01
1.323382457496705378e+01
1.341961658030521498e+01
1.631471250080940294e+01
8.370434206550413592e+01
1.430961813821072681e+01
9.831568960756165154e+00
9.399521092189376148e+00
1.860214446675927036e+01
8.149990180409233176e+00
5.744462608561486050e+00
1.952172428252571024e+01
2.464006235606237283e+01
1.333123306290801224e+01
1.319219846831781240e+01
1.481739544483112958e+01
5.885021203697084147e+00
5.718285524838019995e+00
1.828812069881297120e+01
1.016761302573950765e+01
6.562072533883727132e+00
1.969255712225150035e+01
1.329457476451914744e+01
1.421315690082258243e+01
2.152081708101647450e+01
1.322986834913481324e+01
2.712498745645925169e+01
1.277734035134979429e+01
3.143631254209113735e+01
2.128164536727733491e+01
1.337726862256626248e+01
1.133340363117520688e+01
1.897669990501753290e+01
1.523285112199088687e+01
1.585488534508239589e+01
1.867325084565741022e+01
5.622654098868737016e+00
9.967640386303127542e+00
6.795237925015356950e+00
8.628990634822864436e+00
1.914027701513638036e+01
1.201865485038613990e+01
9.683123151233770542e+00
1.260005080991169102e+01
1.582410505902600306e+01
7.397361504266469545e+00
7.049714945541994737e+00
1.646539931057179729e+01
2.749259840590335102e+01
1.044854770601910410e+01
1.096702265168750579e+01
5.461462005665102204e+00
1.294958383279865899e+01
1.303288374220011114e+01
1.740778956847136172e+01
1.113607591393857632e+01
1.536849273225719870e+01
1.538912235628802350e+01
1.857615098238615658e+01
9.081727297315790537e+00
7.531456788462671526e+00
1.393489273402489204e+01
2.062288472289871777e+01
1.429214818144359000e+01
1.323527432804054094e+01
9.901402541102202193e+00
4.725044734741714159e+00
6.156259358144102301e+00
1.633636563246689022e+01
1.992432663431321416e+01
1.140283436715925625e+01
1.073345407735215140e+01
1.235173247732845070e+01
2.123283366840984954e+01
1.976417851042211637e+01
1.281503089701229392e+01
1.193512900261359988e+01
7.722006557327058651e+00
1.393971069207923463e+01
3.480069151996553423e+00
7.920174910432738358e+00
2.079314158181479399e+01
2.849784970629652392e+01
1.562645208925665408e+01
1.034477088785856758e+01
9.128049500459825438e+00
2.059907836146079418e+01
1.277788311192940540e+01
1.210279928219718926e+01
2.072551275273835003e+01
1.113761401237337623e+01
1.444032278967248750e+01
1.123182853023916294e+01
2.264652592872665693e+01
1.270349145501357135e+01
1.841971195940685746e+01
1.478787539351566238e+01
1.721123778574132857e+01
2.115638104269925535e+01
1.052299380671509432e+01
2.346959036558086353e+00
7.034572916438946777e+00
2.029385405609885851e+01
2.148521743522487704e+00
1.869328799456565093e+01
5.209647021878903494e+00
1.112383879799490849e+01
1.280396006839468548e+01
1.531975516611840682e+01
1.580325149286062647e+01
3.759961726938013271e+01
6.849506306154953705e+00
8.050033828470349206e+00
9.116691507564651076e+00
1.224928305904132841e+01
1.369776482112061267e+01
1.006663877365423510e+01
1.551335307627274140e+01
1.370577642967696086e+01
1.802407182617132975e+01
2.260806367129801586e+01
1.463373923925121289e+01
1.820371790153728142e+01
2.121741120047409268e+01
1.392165500110945331e+01
1.090353322664979352e+01
1.995327317660257194e+01
5.601546220851992608e+00
1.791266584531056694e+01
2.036591636073673328e+01
1.386222345076384066e+01
4.696051313307948227e+00
4.506812653420560366e+00
1.033502796207868357e+01
1.695952236784645351e+01
2.214939335994525749e+01
1.605295805424722033e+01
1.118784515492092879e+01
1.042165019591209330e+01
1.090077063055924000e+01
1.028616478023022474e+01
1.842783505052519999e+01
6.321775989325004730e+00
8.172707165063727075e+00
1.684601505646961428e+01
3.846447542877268688e+01
9.455519474307120475e+00
3.132288362614823640e+01
3.051391240211125933e+02
9.079727527217542615e+00
2.785344572755092685e+01
5.861312758149147761e+00
1.765591165264820717e+01
9.060275055737390559e+00
9.830261239122965122e+00
2.187459213910007705e+01
1.517698426141154755e+01
1.569857208258003922e+01
1.904621134869838173e+01
7.023470977481966138e+00
1.311797951103367765e+01
1.330611294279812284e+01
1.107564308318754343e+01
1.107077557546335633e+01
1.077774962962837968e+01
1.075671053976393665e+01
1.708559886243284964e+01
1.197981402274682949e+01
2.966392263213220915e+01
8.529532465066319347e+00
9.126175924692283559e+00
1.740710962328773448e+01
1.518857180075762869e+01
1.271128804336051665e+01
7.886863454828096032e+00
6.398645429809584506e+00
2.288146182945506091e+00
1.724362132923371504e+01
1.331060009726975757e+01
1.221972555763037782e+01
9.379766938441813195e+00
1.951567472119601376e+01
9.603257857684068810e+00
9.412181359307187023e+00
2.376648679404317477e+01
1.010987199565548345e+01
1.174338434402293530e+01
1.511332697122563928e+01
2.633804454209738921e+01
8.884588116850558492e+00
6.667855879188643087e+00
1.969484266088168667e+01
1.191876851535555204e+01
1.831762600968029275e+01
1.020977793502908071e+01
2.008127612655557570e+01
1.254223749527987408e+01
1.217952977041889007e+01
7.227293700689653377e+00
1.136713485521262434e+01
8.523035429965517551e+00
1.182530517926003277e+01
1.273133754184361521e+01
4.316313999529660883e+00
1.750368793333770867e+01
9.726634993790591821e+00
2.000839094647388805e+01
1.137778464432536296e+01
1.904686316347685704e+01
1.505955838712011285e+01
8.878569165528427121e+00
3.377162226109003296e+00
1.576485224404531671e+01
1.735388027039078906e+01
2.071642680514932522e+01
7.246321550750008278e+00
1.293759077793956358e+01
1.028966182045390276e+01
1.446637998694798100e+01
7.479526922770277864e+00
1.655256528311565489e+01
4.721182533950741167e+00
1.758316739070837897e+01
1.249402900444016495e+01
1.408351801847403095e+01
1.262456645244419207e+01
1.463584775637043656e+01
1.192984590021255542e+01
4.901294260103419731e+00
1.696335379164690593e+01
1.310409657384607307e+01
4.212491595585460047e+00
1.121792349007305845e+01
