1.093139187549842291e+03
1.136766053233843195e+03
1.270935991724325049e+03
1.293342681476405687e+03
1.197808939510978917e+03
1.323762328391524079e+03
1.091966719608315998e+03
1.080621486740922364e+03
1.194355004103143528e+03
1.196363806011106590e+03
1.140705756767661569e+03
1.162669580943790152e+03
1.111857709296632947e+03
9.592424213591765465e+02
1.071934350491782197e+03
1.186321372795564230e+03
1.208464253822225373e+03
1.277269182428462273e+03
1.153425844156016183e+03
1.310112541426802181e+03
1.151124937339981898e+03
1.120786364202776667e+03
1.184476588627657975e+03
1.026379664225739134e+03
1.138614118615919097e+03
1.162919153847885809e+03
1.193395817769536052e+03
1.269898323046528049e+03
1.176667380640554711e+03
1.204501866187286396e+03
1.087294212731567768e+03
1.168839629735549124e+03
1.261116630362514343e+03
1.322325937447709748e+03
1.114804950280587946e+03
1.134198879480382857e+03
1.142260761399805233e+03
1.109379656730282704e+03
1.016434530841878086e+03
1.202258242122911952e+03
1.129302049614939051e+03
1.202437444912784713e+03
1.111408926154236269e+03
1.360518800793259288e+03
1.260748757878959168e+03
1.103907190597285989e+03
1.146664865668787797e+03
1.181154019204047700e+03
1.204892274094645472e+03
1.222318364882261221e+03
1.159733393032887761e+03
1.216333340365271170e+03
1.169838050135142566e+03
1.387819437095940430e+03
1.261834739215902118e+03
1.280364520412703769e+03
1.121094405890767575e+03
1.185157956274070330e+03
1.139941236988815035e+03
1.097981194647966049e+03
1.155567600978803966e+03
1.207168316758436276e+03
1.388847689426442912e+03
1.400142546333993778e+03
1.079176461424304989e+03
1.173116333531953160e+03
1.106764214345302435e+03
1.192753181936652481e+03
1.120649062543344144e+03
1.309304984355360602e+03
1.206292269815155805e+03
1.087469449041581356e+03
1.157687270760605315e+03
1.230186034696906290e+03
1.163613606314024310e+03
1.034937760603723063e+03
1.101996449337992999e+03
1.261619926355911502e+03
1.067280089328332906e+03
1.230007726344487764e+03
1.235653810207168590e+03
1.402210161693243435e+03
1.219990020003782547e+03
1.113183907766707307e+03
1.210876640910134256e+03
1.264506059186586072e+03
1.129584366642959594e+03
1.299841903502024479e+03
1.231806962080267340e+03
1.034632927202692599e+03
1.220919767237981432e+03
1.138324524149427816e+03
1.111800255247252608e+03
1.002979080644545320e+03
1.274266038404887013e+03
1.139556329544607479e+03
1.049849141390236127e+03
1.279203199362644455e+03
1.270175455404175182e+03
1.270426507237443047e+03
1.143057682815729549e+03
1.063508873573673782e+03
1.120361916049104138e+03
1.070372309485522692e+03
1.273830270383079323e+03
1.095068190828516435e+03
1.112149267578028685e+03
1.187771232256867052e+03
1.204551302595390553e+03
1.263167412526250928e+03
1.119084178258514839e+03
1.015211690740232598e+03
9.708072970434940316e+02
1.163896373183335754e+03
1.018865535336553876e+03
1.145590138396363955e+03
1.108637175554652458e+03
1.290950060248464752e+03
1.122054616822393655e+03
1.205142878246532291e+03
1.106200952018980843e+03
1.315332727095516702e+03
1.112645299550159280e+03
1.118753420403813607e+03
1.132474824530421074e+03
1.267813753808911088e+03
1.129160838825168639e+03
1.126459562271000777e+03
1.151861273316053257e+03
1.073091928217417717e+03
1.118365353586625588e+03
1.188089045316000693e+03
1.209906165931235364e+03
1.213083101578258947e+03
1.168777835610272405e+03
1.154874529564113345e+03
1.225486616373045081e+03
1.183299773091270026e+03
1.138241595646183669e+03
1.205703668454922763e+03
1.271197875709216987e+03
1.062660620881748400e+03
1.211552551706294025e+03
1.101352802377445869e+03
1.083585429393177037e+03
1.268823219537792738e+03
1.395094468208791341e+03
1.209046633901109089e+03
1.181201565684144953e+03
1.171222582513835505e+03
1.123211412151254081e+03
1.232665844736638292e+03
1.339666544413847987e+03
1.232773041566116717e+03
1.237509183612961806e+03
1.218502368868479380e+03
1.156237931364715678e+03
1.295723517737803377e+03
1.130763587532928796e+03
1.130653451202523001e+03
1.152199862222772026e+03
1.106020332811593789e+03
1.046553852082916137e+03
1.263368740022779548e+03
1.127224503993780900e+03
1.177989323800008833e+03
1.262578004032982108e+03
1.128694720403082101e+03
1.168980960725902833e+03
1.138597592319646992e+03
1.209807204301175716e+03
1.213321800073517807e+03
1.427030409177462161e+03
1.106196377966433374e+03
1.251312424236610241e+03
1.185146459430297000e+03
1.156741901604329314e+03
1.109896538887530369e+03
1.032421732157181623e+03
1.063093002233501693e+03
1.001513201175616814e+03
1.165784313023714731e+03
1.130135142778180807e+03
1.338532062076396414e+03
1.157063114373015424e+03
1.204407883204230984e+03
1.229890484125742660e+03
1.077918810355764663e+03
1.158627265134568006e+03
1.002123939457548772e+03
1.121215079304094388e+03
1.227923652155179070e+03
1.133492042783148463e+03
1.191859446369149964e+03
1.322682667401201797e+03
1.269195283405937289e+03
1.228415397273463213e+03
1.210819175236680621e+03
1.039573071157253707e+03
1.232809555954034977e+03
1.017568948969557482e+03
1.215957971432468185e+03
1.192083190857035333e+03
1.068063996057494705e+03
1.433099703985048563e+03
1.313753956672391723e+03
1.237666591853762384e+03
1.279556608621251826e+03
1.168044457897429311e+03
1.076730081628955077e+03
1.042943115888435614e+03
1.139817013810783919e+03
1.192653381455481849e+03
1.266655272504973027e+03
1.282462201546146389e+03
1.171757911783486406e+03
1.154498798550264610e+03
1.032529176233467979e+03
1.164011322145141094e+03
1.023406887505884015e+03
1.264216423062905278e+03
1.149439557753967847e+03
1.074973125552763349e+03
1.089859198048920234e+03
1.184538289813164056e+03
1.316030911278614667e+03
1.161793208862843358e+03
1.035194772309032942e+03
1.187998206752708711e+03
1.131063002907742430e+03
1.197258053761201609e+03
1.255495235611288308e+03
1.000665933935457360e+03
1.192593470419968071e+03
1.071854142393921620e+03
1.001857575627748588e+03
1.195259762476243395e+03
1.232611576392909910e+03
1.133510705671308870e+03
1.127710076731227446e+03
1.152297542384133521e+03
1.096548768146821203e+03
1.417441985074268132e+03
1.205018479136014321e+03
1.189620469091095629e+03
1.152846887356962725e+03
1.346863159855038930e+03
1.054021734664646374e+03
1.187125389162924876e+03
1.290766130482918697e+03
1.178429311638117952e+03
1.299711220246561879e+03
1.159069765968769843e+03
1.096624816349315097e+03
1.083631897848271365e+03
1.158143897015083667e+03
1.005872821144027057e+03
1.080561736821730619e+03
1.048025773501494086e+03
1.115302360659631631e+03
1.183094970289590719e+03
1.198772917328369658e+03
1.120526181692729779e+03
1.176210391094989745e+03
1.314563964752002448e+03
1.153324645325352094e+03
1.201352463179455071e+03
1.230047761226749117e+03
1.404833451784467570e+03
1.174062704215052008e+03
1.013259545653584041e+03
1.261633394436802973e+03
1.066781830448185701e+03
1.114032744173445735e+03
1.145462637840730622e+03
1.138513677573946552e+03
1.167495059168881880e+03
1.179298891355167143e+03
1.215075504027569195e+03
1.152915340974422634e+03
1.151293941702587745e+03
1.196102500695546496e+03
1.354010770507999268e+03
1.199231120504153068e+03
1.117648419982656605e+03
1.196648552318185011e+03
1.176330747965535011e+03
1.133788822289574455e+03
9.882990721371198788e+02
1.272397277872095628e+03
1.200405711403758460e+03
1.129533321775351396e+03
1.090283347574179516e+03
1.198910406752617519e+03
1.189610761697572798e+03
1.127744913257824010e+03
1.179982723792153365e+03
1.141872865216828359e+03
1.108587387999919201e+03
1.087192338480731678e+03
