7.172248080025660499e+00
6.791703606862940390e+00
3.353485094540150868e+00
1.058891890359014099e+01
7.555737768775752983e+00
1.159796683652448657e+01
8.960640530305246543e+00
5.762198077955662079e+00
7.322609667566954528e+00
2.308661658234078828e+01
3.733928185813276013e+00
1.310517190581046165e+01
4.909616659314631981e+00
4.898352664584170846e+00
4.583842247964220462e+00
1.064924585446333971e+01
5.545691988090093894e+00
1.058000111378983732e+01
5.758370501009997255e+00
1.431787303018574065e+01
6.925982127056080628e+00
1.109252707308364805e+01
8.148906904703435927e+00
5.823291731124027315e+00
1.446366020642019201e+01
8.703612057863084672e+00
6.380982106435123313e+00
6.083542229704558046e+00
4.651203784840158839e+00
5.176029852748034621e+00
9.062858057437066961e+00
4.622173899804685071e+00
7.621348813699978741e+00
2.160754479742791290e+01
8.620619683899599650e+00
5.787764625218231096e+00
2.353135374414925707e+00
9.004703507048017030e+00
1.003971614660628120e+01
8.840692670070197323e+00
5.423196947926233413e+00
4.982590563069879686e+00
6.893859510452573502e+00
5.467746361847439118e+00
8.180068244045392234e+00
6.656082581315009961e+00
6.184919785161787864e+00
5.427732455019764757e+00
9.045074625505808541e+00
3.518642762637778976e+00
7.369589331207861527e+00
3.015574300741266089e+00
4.945937202926447895e+00
1.012440002930559046e+01
5.458436801240675429e+00
8.624631894507581720e+00
7.950605798096461285e+00
7.745857687173061557e+00
7.069775236347011216e+00
1.442969092482519322e+01
4.405891080076196786e+00
9.211841632757071352e+00
9.485666269110165416e+00
1.247920966591580694e+01
8.158642286875437577e+00
1.563581105875782917e+01
1.247110709054779498e+01
3.290225629069064350e+00
4.397677047493043112e+00
7.945698936406103030e+00
1.181027583500489442e+01
1.050091642715103291e+01
4.245168567426395256e+00
9.857432142569090061e+00
4.049606262924355882e+00
1.977909670383321838e+01
3.036832710097691290e+00
4.675360552888665033e+00
1.471018229547611966e+01
4.621647333542599156e+00
8.540215908518966614e+00
7.917879420202290852e+00
9.224874325459380131e+00
6.041483081773501240e+00
1.122067621442380947e+01
5.283439518608363805e+00
2.217254447580008669e+00
1.634535757804268030e+01
4.905907427968014822e+00
7.742567049464455842e+00
1.052851668809149643e+01
4.471525172111045165e+00
4.102806790468628506e+00
1.337140243091184821e+01
1.364546810810975863e+01
1.545026598409081764e+01
5.185808292088939453e+00
2.131321372171294470e+01
6.414423072569615414e+00
9.101759655009649563e+00
8.570366879312473429e+00
1.341620425593646537e+01
7.226139446720024395e+00
1.170934358909643258e+01
6.291690002410888383e+00
3.446217825337548391e+00
6.819286084684565985e+00
6.163151660039583035e+00
1.094146309709795339e+01
1.714850006233121960e+01
1.682166566181982148e+01
3.051853132227233090e+00
8.050818526889663929e+00
7.440484417296805653e+00
1.347746645836643076e+01
4.654979656343916083e+00
7.297029848134122254e+00
1.524359612838523503e+01
7.168463239634381701e+00
6.178249961123793099e+00
5.496288635629386299e+00
1.646082886898254927e+01
3.945173561640133997e+00
4.322721049302910679e+00
1.256641780159833566e+01
1.431777694318239647e+01
1.248719983166540537e+01
6.578009254532213745e+00
3.137937490068925417e+00
7.818215502784047644e+00
1.868498936062162485e+01
1.128210145853790181e+01
4.292811332993583306e+00
4.695333504007757952e+00
7.842935573039156338e+00
1.131295724551404902e+01
1.171910821837145811e+01
3.250871273515665738e+00
5.704980706913487687e+00
4.285557440608585011e+00
1.149580406807857713e+01
6.884587225258351317e+00
1.135006034958143317e+01
8.615452673425361141e+00
1.090310371164014569e+01
1.829483430383807985e+01
6.793663752690311419e+00
5.133864937669735617e+00
6.059000065206703312e+00
5.010676851409323618e+00
1.936174905223884135e+00
5.354187185212175848e+00
9.579683752445705025e+00
1.434893632297453792e+01
1.206580727861742552e+01
1.141070204204099525e+01
8.476402946983585096e+00
1.729984275877227518e+01
5.240574300326949597e+00
9.340361349721499451e+00
2.413976137146037004e+01
1.561208167585208884e+01
1.487684232222052216e+01
3.978706262594244425e+00
8.852924884405636519e+00
1.281713449037055774e+01
1.078611887572806083e+01
1.807179157153434801e+01
1.215866325766524625e+01
8.861065447146152962e+00
7.244826665301927093e+00
4.511687207561333679e+00
2.235485393263278908e+01
4.115969565620419601e+00
5.369441675028388872e+00
5.426845524773980856e+00
1.156022382991308461e+01
7.300514143376691578e+00
1.873610562858348594e+00
1.012142951503732391e+01
1.065179720716849943e+01
1.301740775703000708e+01
6.873053611790982842e+00
3.263250573746806271e+00
5.588609472487283014e+00
5.346974295577391345e+00
8.628476884108666312e+00
6.974541969060604529e+00
6.850119695943245546e+00
5.293158389757952165e+00
3.511128950451054553e+00
1.152196840930860233e+01
7.169759508138805693e+00
4.625276494798674420e+00
1.427555331976295605e+01
6.495325451124936755e+00
8.435408021297488901e+00
9.830164133323824771e+00
1.456552981781577039e+01
8.794331243782748331e+00
4.872241115890276753e+00
9.402299582084561180e+00
5.183967107773206351e+00
2.323895644066401367e+00
3.147830816471367310e+00
6.979667520656524182e+00
5.617877273446760356e+00
5.307687447261652203e+00
6.362059241393183129e+00
2.833268845381751611e+00
4.776365277121155550e+00
1.255836386293373508e+01
1.290984390895132172e+01
1.472897570785536381e+01
9.411752479168972840e+00
1.004784490854683199e+01
1.070420253241129238e+01
4.498253061810642883e+00
8.777167152919853166e+00
6.099467690200342851e+00
7.412395966823160265e+00
9.972664764711579366e+00
3.995271992634719993e+00
1.053677263753497684e+01
9.515173029332704147e+00
5.287730093134384468e+00
6.692295205199702224e+00
5.518492266089129572e+00
8.290043462920795747e+00
7.578124666214075766e+00
1.280952533181247510e+01
2.307528215717148967e+01
1.014587767417276964e+01
9.411264262552766269e+00
4.977480364057313977e+02
1.889035396943685186e+01
1.907591001910558859e+01
7.503753050250366208e+00
6.006435211885150061e+00
3.000485790777338124e+00
5.604161826685158054e+00
1.210525187413818493e+01
1.556338390328947341e+01
1.529001918857458975e+01
6.750365501315094718e+00
4.299359137429098254e+00
2.083194081524072416e+01
8.679744138010772048e+00
1.390698782807512046e+01
1.937290369481989849e+00
1.537806727774163740e+01
7.089957539906393436e+00
2.888865468215909171e+00
7.254167587590250044e+00
1.075993687987142522e+01
5.222841453699682113e+00
1.025602025178453403e+01
5.884845176806037692e+00
1.858182730082101131e+01
6.405345255881314870e+00
1.871123843347717042e+01
1.101244595142999039e+01
9.798807680956187482e+00
5.755383545590257555e+00
9.238509003923365270e+00
5.569207085975221183e+00
7.441143681357551998e+00
2.662209523346763262e+01
1.092341651775838685e+01
4.684585049548540603e+00
9.612191653469384534e+00
1.160958838558308059e+01
9.154020922715963238e+00
4.464717801974162903e+00
1.439767314436667078e+01
8.357013714552438799e+00
1.008189037943399136e+01
1.641439224812445019e+01
1.229822388717332160e+01
6.951817535179631413e+00
7.774847067550009427e+00
4.701806700571675712e+00
3.966336330459193871e+00
8.158189529108325289e+00
1.806956811775662786e+01
6.585332338430562871e+00
6.910359188987494683e+00
1.381627470092442600e+01
1.028125263251526711e+01
2.049903980681459625e+00
6.904174829899940136e+00
8.683360160477587186e+00
2.289416938147392599e+01
4.143175373460148414e+00
1.477865080754137317e+01
1.299612267533175380e+00
2.495706910210218066e+00
1.296568356375134634e+01
7.626972608577049506e+00
6.834731255324011379e+00
