1.227971824752590813e+01
3.429001566306408222e+01
3.472990429494939946e+01
1.579022326988300939e+01
2.207870785305482997e+01
1.189104962274612198e+01
5.813646593291780462e+00
7.921080944699625981e+00
9.438990424158456349e+00
2.824673523839888034e+01
1.102762130885115788e+01
2.819096839092920348e+01
2.571494513772449508e+01
2.430430375012280919e+01
1.480820126866142949e+01
1.085467785736570612e+01
1.584522119132259554e+01
1.098721937276782334e+01
2.900831707517991731e+01
1.298522438200606643e+01
1.744024690068839334e+01
1.698939984374849743e+01
9.014476359840593034e+00
2.031424461160703032e+01
2.527983243297131466e+01
3.565553822741449039e+02
2.381115411387390424e+01
1.044212470317778951e+01
2.826338854876084739e+01
1.950429280386832431e+01
1.508542999188654576e+01
1.499544759387088178e+01
1.878267574564436870e+01
3.598787437464454086e+01
1.152334909577133715e+01
1.915887374725950565e+01
1.160357375339645891e+01
2.979905938399348031e+01
1.435895696398975119e+01
1.649223753333853182e+01
1.730778268034046619e+01
2.393387023355063192e+01
5.842396822260401912e+00
1.642565582249941869e+01
7.687448177137827798e+00
5.101865635793045328e+01
2.236191219596228663e+01
1.702908099292061195e+01
1.730777319757557819e+01
2.913664645820498222e+01
1.790278604523906480e+01
1.748943214215736219e+01
2.593514043917771872e+01
2.941679961269384336e+01
1.666548243544178476e+01
2.041270735057780072e+01
2.255562341518224230e+02
2.230399874323666509e+01
1.035755382910890887e+01
9.286184220397931455e+00
2.050812688820093399e+01
1.510088125530589842e+01
1.422312245114248874e+01
1.476275437604447660e+01
1.539903563695478539e+01
2.254797128396212003e+01
1.729394487444718109e+01
1.055380911315205061e+01
1.860535713656994616e+01
1.963399286885860917e+01
2.577399226937108878e+01
1.557847297175488599e+01
7.315601535505404485e+00
1.436716753510374645e+01
1.408585882413205503e+01
1.693087211006873360e+01
2.918871573436418387e+01
6.021620239626042093e+00
1.300802164972756003e+01
2.073320259586093073e+01
1.394723183305529979e+01
3.816558146930752571e+01
3.231421331472615321e+01
2.094808815828955062e+01
1.131128888896188833e+01
1.279998922539343553e+01
1.039823660802754368e+01
2.399811665187069210e+01
2.075144530400597631e+01
1.702424976628289244e+01
1.853645108912252581e+01
3.417401229952132979e+01
1.583302036634161247e+01
2.731773115712714883e+01
1.195016186408555114e+01
2.289752415351037484e+01
1.717658676077866176e+01
1.945016616434662282e+01
1.468985400017687759e+01
1.972789966265502670e+01
9.750259988239225351e+00
1.211689430596174333e+01
1.680385157226228898e+01
7.913843954563473559e+00
1.809472521993108174e+01
2.385972439898438680e+01
2.020448405806413561e+01
1.798884555404768193e+01
1.309194968784168367e+01
2.978356460014348883e+01
7.149733612488870627e+00
7.224460585234543153e+00
1.040955793800246454e+01
2.959241014119988478e+01
2.335281852844650174e+01
1.246468725552544399e+01
1.514030079428462550e+01
1.948320886597656099e+01
8.168673668443231506e+00
1.621487603858296112e+01
2.098947306267270818e+01
1.584623216748219576e+01
8.443979954255214082e+00
1.708721576638649253e+01
1.779672012881455956e+01
2.894459539009571358e+01
2.897561951352107457e+01
2.499974901029730034e+01
8.199706727996410649e+00
4.074460516488587558e+01
1.857087983833949707e+01
2.617868597385260188e+01
2.573303505843394490e+01
1.975515976975773924e+01
3.949282799375723130e+01
2.187570495241801538e+01
1.760790243997892901e+01
2.705241304826703796e+01
1.574017927706560016e+01
1.333708726468105965e+01
9.575583146046774630e+00
1.068327879598655450e+01
2.061630029074549597e+01
1.686811447664716823e+01
1.720734484453780055e+01
2.292658732383911868e+01
1.948996975054944514e+01
5.501155833120581207e+00
2.106035570173573390e+01
1.485594621442830210e+01
2.216518933733013696e+01
1.557336664602833132e+01
1.982864135158399677e+01
6.421019561168772150e+00
2.279971200453934799e+01
1.942230680637067053e+01
1.651778602978061627e+01
7.046255684999965574e+00
9.150302865791791973e+00
3.357976668242778118e+01
1.131408218028825097e+01
3.655752782462700168e+01
4.447790672801482970e+01
2.554518396568504457e+01
2.320739670632093521e+01
2.682320985526135004e+01
2.223983638909797733e+01
2.655106295803620498e+01
9.290082851931952490e+00
2.357319884864783077e+01
3.855324283125461449e+01
1.764631485258380650e+01
2.410639994233516248e+01
8.237700730447798492e+00
7.754475524086365645e+00
2.092979566289827886e+01
2.695192185308666666e+01
2.621784106942344650e+01
1.779760630979993508e+01
1.309005613314342398e+01
1.187718582818034285e+01
2.340984096229154332e+01
3.350055188128995098e+01
2.279786303028560468e+01
2.258199077960979650e+01
1.301103707230311635e+01
1.686132197944188604e+01
1.326918488547135766e+01
2.863258129222551673e+01
2.459209748830794240e+01
1.748173133106270427e+01
2.029607092398773105e+01
1.721476734838588030e+01
1.171145475847093387e+01
2.013878221209776243e+01
2.320058030700210594e+01
1.342870506450572066e+01
3.018074703150789517e+01
1.082436383097681620e+01
2.251120371019955613e+01
2.146132905899821353e+01
3.042072636005402586e+01
9.849820704801869553e+00
3.178397315746511964e+01
2.569914442921090725e+01
2.539661131069620836e+01
2.055258091364877870e+01
1.516035802245806607e+01
2.754960829509042952e+01
3.058076103164983550e+01
1.508689163569622949e+01
1.925225272904414453e+01
1.849278592686740197e+01
1.977410382747702045e+01
9.270304379826546537e+00
1.100962444035172538e+01
2.664356678312584847e+01
1.307592106095783002e+01
1.768251054887140938e+01
1.228585745568275733e+01
1.291128806530320183e+01
2.071710319288538571e+01
1.898400087137186532e+01
1.785770773810373058e+01
1.442284329704551915e+01
2.509725370002785283e+01
3.043621816389974555e+01
8.154215564624099244e+00
6.102342383614488774e+00
2.236871530233946359e+01
2.019160154121298945e+01
1.287390719630558777e+01
1.383045222999927937e+01
2.660525215621607842e+01
2.205200258061010743e+01
2.282651096818806735e+01
1.836031289425545765e+01
1.439887195970760558e+01
2.098509701809975780e+01
2.312289347571298848e+01
2.806445772162180319e+01
3.006052966605238552e+01
2.203446631173942905e+01
1.268012596112611234e+01
1.489454250048748918e+01
2.434480790962054897e+01
2.196349973182436699e+01
1.506920642219312256e+01
1.392436047925351694e+01
2.167753705298781952e+01
8.570542350669191123e+00
1.189571445840682173e+01
1.989408634760020078e+01
1.279829153693196631e+01
4.164669613407521354e+01
1.373398166321749159e+01
2.684607228310377636e+01
2.423492237226064461e+01
2.835156322054525191e+01
9.433497348912521119e+00
1.174290831000815416e+01
2.186963104004609093e+01
1.701004789103206249e+01
8.881850407286668414e+00
1.570637528131149097e+01
1.787931295945699617e+01
2.323986934688391415e+01
2.019202579325558489e+01
2.034163932616916526e+01
8.523632389515695351e+00
1.103418124670997535e+01
2.453859634995578176e+01
1.572807748778742365e+01
1.331304194748618741e+01
2.369378915424702470e+01
1.450328764921244407e+01
1.109778628841383785e+01
2.055364460100629387e+01
1.696281608001672225e+01
2.529171288621935787e+01
2.100681146657696274e+01
1.810878694716212323e+01
1.998145950434881257e+01
1.951531076091775319e+01
2.364946173095076887e+01
2.621390313044115317e+01
2.677254080143984893e+01
1.406107253305238558e+01
2.173847169044354999e+01
1.426228634999763933e+01
1.744342150525866586e+01
2.661755368050767601e+01
1.616230583296800560e+01
2.339850484306046141e+01
2.294423165913993401e+01
2.306789040338161456e+01
3.535049187949898197e+01
1.942328195878836894e+01
1.282676696148019957e+01
1.613342944920722388e+01
