1.225031825230027067e+02
1.462716101561807136e+02
9.608884309533273438e+01
9.935818111584760004e+01
9.313969431398037102e+01
9.875905188994047990e+01
1.160767863730303731e+02
9.940168158043289282e+01
1.065960023683656033e+02
1.287498463807873463e+02
8.422884092783080234e+01
1.251987661220026382e+02
1.282170913162937893e+02
9.895841420738281613e+01
8.724306881587602902e+01
1.141325044910862232e+02
1.052078437346544604e+02
1.088820950164606955e+02
1.286895281493848131e+02
1.019659748012700362e+02
1.159931001718563977e+02
1.483175132872681559e+02
1.324192878441909897e+02
1.323684366989133423e+02
1.256323897229650726e+02
1.360928440068020109e+02
1.109035814056538101e+02
9.621047497284789074e+01
1.453899140197948157e+02
1.657815051779932958e+02
1.337448900229466346e+02
9.250634575014481698e+01
8.959045039717499037e+01
7.261439041204739908e+01
1.277866596249176609e+02
1.027872432050487674e+02
9.378471250449874219e+01
1.093129925393044317e+02
9.856734368614077368e+01
1.160418711473995472e+02
1.107003799868906100e+02
9.678746496386712295e+01
8.480218940907860770e+01
1.165156347375805979e+02
1.363916643116242255e+02
9.481597689889524361e+01
1.002653067116284404e+02
1.259788002532828131e+02
1.090360804022397048e+02
1.137624435012616004e+02
9.200514512669415979e+01
1.092590148477656555e+02
1.683073028681638732e+02
1.026016936654432072e+02
1.320503196830360935e+02
9.646863124249502164e+01
1.225025458207001492e+02
1.345705901165859473e+02
1.289606513580058333e+02
8.880828668942126569e+01
1.595863209504317410e+02
9.853177373998317989e+01
1.466754561833914181e+02
1.660950527740523910e+02
1.275665521978365575e+02
9.956886236050644357e+01
1.263182199192705326e+02
8.101139793715026372e+01
1.240311519191060086e+02
8.354330770952745411e+01
6.707346843691018989e+01
1.434175379581281504e+02
8.243238679066992347e+01
1.145650900349052961e+02
8.303251964199762369e+01
1.195541901839821435e+02
6.297413392285398004e+01
9.846937695431628867e+01
1.068085695216775690e+02
8.132065487690597649e+01
1.252904853219965844e+02
9.451574247400931483e+01
1.016582518680365865e+02
8.864292597308538291e+01
1.622287198131914749e+02
9.055654990273174576e+01
7.811701512862123309e+01
1.036014414360852811e+02
1.213595746741461028e+02
9.312375938635317141e+01
8.847003916016477376e+01
1.462039708213147833e+02
1.168288721914050541e+02
9.771365845633927449e+01
8.595609573796838276e+01
8.624672108237152202e+01
1.412132303038040391e+02
7.744484518671646356e+01
1.266377139493083632e+02
1.084300105170466679e+02
8.839579830036566932e+01
1.414317076115536622e+02
7.027799489432413793e+01
1.161271687386181810e+02
1.224750935791074511e+02
8.726673814062333179e+01
9.259437764858931530e+01
1.429508935768657807e+02
1.085479000993988592e+02
1.076377265902740987e+02
4.652732769766090826e+01
8.688292295134732512e+01
1.137612748530967082e+02
1.011676115027207459e+02
1.673711768536121838e+02
1.043432432044601654e+02
8.453157765660253631e+01
9.254841413270966655e+01
1.045958515785361413e+02
1.159951816781546654e+02
1.427579190400514904e+02
9.365121603808759687e+01
8.577521722579945163e+01
8.710423899432603889e+01
8.399203976864336596e+01
8.737249814541293347e+01
7.356775790751206046e+01
1.344115820079833270e+02
9.266121389387984664e+01
6.999655461355619934e+01
1.129940173572933162e+02
7.648551105680478202e+01
1.117305780387493428e+02
1.515872736226444317e+02
1.305836750987760411e+02
1.334405046720668224e+02
1.001372503975078843e+02
1.906417127831919629e+02
1.329827439901619357e+02
1.209692528367241664e+02
7.992865512708053188e+01
1.038847128203760377e+02
1.029884816765405589e+02
7.723131990078515230e+01
1.254348281737220390e+02
1.253744178413841439e+02
1.242324224597501541e+02
1.257136483657015589e+02
9.723166601088021821e+01
1.103323189718124269e+02
9.647944051616772754e+01
9.713988194819391708e+01
1.014298647484194191e+02
7.980540540037290498e+01
1.126761313014570760e+02
1.382678219482963300e+02
1.143473544455570305e+02
1.246306719210855931e+02
1.000677287997536666e+02
1.455352554302002090e+02
1.114973705375151098e+02
9.261108825971105318e+01
1.129328200135543625e+02
1.122962378543372211e+02
3.198882843937643088e+02
9.678455288931239409e+01
1.301910509805206573e+02
1.156740243075614245e+02
1.355476374523092318e+02
1.022832358461112108e+02
1.628825092798450100e+02
1.406796247127984429e+02
1.135908393266947058e+02
1.422966885405759285e+02
1.503606956276679512e+02
1.251444045719955511e+02
1.330629727255216324e+02
1.322637911573049223e+02
1.084298245767721909e+02
8.451131876007508481e+01
1.253951049025108944e+02
7.489879139825073651e+01
1.340697770133280358e+02
8.073023523197969098e+01
9.675738529651904685e+01
1.284254102330235128e+02
1.030546268065850057e+02
1.610303590416147586e+02
8.766163458732960123e+01
1.014212545262299585e+02
1.027555921523941578e+02
1.280208252300293452e+02
1.322573922393221153e+02
1.225847142859658305e+02
1.412755830062694713e+02
7.270526061209534419e+01
8.441684619767318054e+01
1.346742955719590498e+02
1.219956304761626882e+02
7.351097919729299690e+01
9.603726151735686756e+01
8.893015594522806566e+01
1.119835240623706909e+02
1.676982737786137818e+02
7.576362993859736150e+01
7.751843726508474219e+01
9.831947405311316857e+01
9.199738214346733400e+01
7.313445045834677671e+01
7.108619515874097772e+01
1.412136821068035033e+02
1.070088754977797834e+02
7.963029499050433913e+01
1.373374296153907608e+02
1.002011990122792326e+02
9.970540394794912231e+01
1.330089436673094383e+02
6.708272797882743532e+01
7.256597546062866400e+01
6.892111765891587538e+01
1.430410624988158759e+02
9.380069305569105609e+01
8.642053965469398236e+01
1.712596129884117033e+02
1.299541490292927222e+02
7.685149158869447206e+01
9.149592820196572518e+01
1.124192497074693762e+02
9.212735702554071793e+01
9.669119591258277069e+01
1.098384879756024191e+02
1.046396116596380921e+02
7.513572900810068234e+01
9.127042007447322192e+01
1.508521026187492282e+02
7.120974991447253899e+01
1.469423353386311533e+02
9.656303573169853394e+01
9.607329012536398238e+01
1.091232139948914437e+02
9.629121048836096008e+01
1.245835509745252239e+02
9.234879513720584043e+01
1.430891554586195298e+02
1.141274227098638647e+02
1.131729270733148098e+02
1.364255019247284793e+02
9.302770136856938166e+01
1.304054505419928773e+02
1.272177458476620586e+02
1.034087605264223839e+02
1.107303014278466833e+02
9.729890902531636243e+01
8.360556684244863845e+01
1.056934827487203563e+02
9.462572223395373783e+01
8.512113871914333174e+01
9.751502624725861779e+01
8.100606249421115024e+01
7.639603428376469196e+01
1.304286327115951565e+02
9.818810181217097011e+01
6.770872198401944786e+01
1.065886543994924409e+02
1.247790197075135552e+02
1.386686815433022844e+02
1.319389256105068853e+02
1.097929764705065594e+02
1.283030417494316282e+02
1.026043754671526642e+02
8.653760638010027151e+01
1.390878044526644146e+02
1.291639827492988104e+02
9.015149655666608908e+01
1.357259596800292343e+02
1.307170972336264754e+02
7.713790748531776842e+01
1.392195635264537259e+02
1.130515936910259427e+02
1.014075426329646916e+02
7.664117320172172754e+01
1.025226256788652961e+02
1.136403426578479525e+02
9.256157839251419261e+01
1.006645066705386000e+02
1.080466083068280483e+02
1.173520358373363024e+02
9.467913450219745641e+01
9.291534544470226820e+01
1.011298725862232999e+02
9.670625474280433309e+01
9.793361885385770904e+01
1.340347860104860445e+02
8.594197533003409717e+01
1.297112808015209282e+02
9.209382582124786154e+01
9.804889639439267057e+01
9.988221481316537620e+01
7.993364604290803754e+01
9.499375541086619990e+01
