1.965421616345933842e+01
2.298153590421841841e+01
2.498991802684009755e+01
3.047729357839147468e+01
2.930949244944562082e+01
1.738997326700604518e+01
2.453793300793628873e+01
1.990988256185154626e+01
2.515373772779057759e+01
1.714582208731025048e+01
2.906420269988041127e+01
2.634164146060777867e+01
1.602307493102149749e+01
1.724556540823264683e+01
1.710091921838248297e+01
1.790438220846319695e+01
3.064919137191222731e+01
1.446543996267436860e+01
1.392102000386963745e+01
1.300962947095253064e+01
2.109416859391447119e+01
3.317527568851209452e+01
2.365544917965343785e+01
1.734071640974848449e+01
2.028291668764071076e+01
2.000197742496774111e+01
2.463974406903893666e+01
7.662118273529968882e+00
2.842302363978532753e+01
5.009416878332061884e+01
8.741205057643725240e+00
1.314849042436393667e+01
1.162524842469014352e+01
1.284149638717138231e+01
2.737391427000881095e+01
1.703951868317627216e+01
3.468610360133770598e+01
9.309084445727556556e+00
2.468803413798205071e+01
3.379870145936953207e+01
8.886129754136502967e+00
1.284004566273512005e+01
8.742965921452102052e+00
2.885464133439549528e+01
1.899382993531178343e+01
1.341543580891520726e+01
3.694343316821395007e+01
2.698444730954398807e+01
5.068308196312887759e+01
1.086528633515947462e+01
1.667024725633380555e+01
2.326573013190452244e+01
3.374474769844334787e+01
1.976063335728528614e+01
2.377135628656456134e+01
2.120794706802292140e+01
1.654932904881003353e+01
1.804969422825836034e+01
1.516729489345585336e+01
2.672540129676379195e+01
2.285512118089170386e+01
1.540258803586878678e+01
1.514777323025678157e+01
2.392818548629120201e+01
2.505039322084136799e+01
1.299258067254439020e+01
2.294152878468773338e+01
2.150947067534494295e+01
1.640578469038100806e+01
1.478614040091609105e+01
3.884431980791163852e+01
4.416769395541543020e+00
1.602682259274268972e+01
1.184290540582177975e+01
2.063739009899155619e+01
4.915007947671088573e+01
1.321660999060306807e+01
1.564813109003465996e+01
1.963702341233566528e+01
1.369190107206901708e+01
2.684207510605588709e+01
1.237784709780632220e+01
2.419982458316741614e+01
2.319084764322663972e+01
1.769626796432362781e+01
7.631539633918647425e+00
2.219333167761879722e+01
5.972480548805822131e+00
1.120433255931316197e+01
1.717713270699146832e+01
1.539817441318375302e+01
1.315656521065827178e+01
9.483603430786432753e+00
4.728291929615393485e+01
1.833564890633664390e+01
3.474656269126907659e+01
3.839627323362351774e+01
1.776036289400381918e+01
2.622179203847679219e+01
2.593179033721108695e+01
1.729399859164114872e+01
2.459516644208932590e+01
1.088754748984744047e+01
1.217572153295357040e+01
1.399656624528095783e+01
2.628799941640709648e+01
1.436628822581845100e+01
1.034531013028592028e+01
2.511380800873643793e+01
1.520691664303125279e+01
9.420199310425724448e+00
1.059088479853604348e+01
2.445913540009660991e+01
1.167976384936854473e+01
1.802532989058832769e+01
1.535528045361350102e+01
2.914252423488155230e+01
1.306623865080309344e+01
1.364948494447056682e+01
1.013906067299097913e+01
9.106728628286290927e+00
1.399088123749123724e+01
2.470056963047468912e+01
3.015748243553868946e+01
1.110801547013352852e+01
2.666657139356575001e+01
2.128703053602702866e+01
5.534256830838899788e+01
2.033855288339565348e+01
1.719046149019616720e+01
1.148635153521900421e+01
1.047467192867604169e+01
1.056336844250735574e+01
2.890272128502443749e+01
3.929592421400970892e+01
2.254227455308741312e+01
1.855816037582269118e+01
9.528994735863866694e+00
3.144699925438797550e+01
6.949052946903412575e+00
2.288597253034812340e+01
1.383231490441388978e+01
4.559791783707058954e+01
1.157368641378312546e+01
1.675264376893649754e+01
1.742262263995084126e+01
1.208829000933874553e+01
1.991024793286320005e+01
2.654287317481118080e+01
1.854097805370038898e+01
4.775430951675476265e+00
1.625381564530280443e+01
5.247271028987769981e+00
2.306781125754802986e+01
1.603286818716971140e+01
1.481522042095408054e+01
1.281968669030713848e+01
2.405813475254841194e+01
1.160039147552159022e+01
2.097117541396699636e+01
3.535775495973230420e+01
1.248659072303052753e+01
3.141728041904232072e+01
3.318584512050882296e+01
1.823537612578300227e+01
4.529327733709638437e+01
3.434097840451105554e+01
2.194993496206220485e+01
2.104061845231248640e+01
1.734785597373912225e+01
1.464632020985155592e+01
1.831917813793246808e+01
2.067409677139409396e+01
3.734672996365688391e+01
2.211308936781289702e+01
1.521860746280395027e+01
1.573624249035553291e+01
3.633547144879760538e+01
2.157495689793703519e+01
1.121670662077975855e+01
2.778502967597414042e+01
3.401439527543701757e+01
1.711038770543345322e+01
2.246433497321999440e+01
8.102876510415979894e+00
1.493318423895362912e+01
3.202239532433669922e+01
7.115218695563079621e+00
1.512064137563253929e+01
1.862532660283631003e+01
3.492431032076066799e+01
1.918878774720950275e+01
7.322243655302421494e+00
4.521143647032840107e+00
1.440780790685963275e+01
9.270850702593664394e+00
5.586717579269997458e+00
9.271489737351695126e+00
1.311376337384637480e+01
2.733148244520223358e+01
2.648892247222424601e+01
1.855171105324225422e+01
2.019661063271449564e+01
1.176916770708650084e+01
1.313541501199107309e+01
2.969174874919998075e+01
1.842001776497397003e+01
2.195701807502176450e+01
5.596962895236452340e+01
1.559614239499831001e+01
3.192677112861662181e+01
3.734370007317198770e+01
2.790165063642930932e+01
1.336727622218137768e+01
1.519084435990060378e+01
3.292416785251435130e+01
5.615361673802992115e+00
6.720559416899575922e+01
2.566888802752125187e+01
1.237417615711422947e+01
2.737882390470254279e+01
3.943960238885384939e+01
1.729076495492677523e+01
3.832922945175149465e+01
2.038378918934280293e+01
1.307638165348316583e+01
1.641824029322199152e+01
2.492447386750892235e+01
2.921330401535590937e+01
1.049414276273395608e+01
5.102003145159158315e+00
1.197943887248168693e+01
2.660485813747037653e+01
1.688693630681128255e+01
7.363909915717267829e+00
1.671325864836196828e+01
2.463544627382677987e+01
1.229740385372268996e+01
1.168693366483394414e+01
1.040736995847506741e+01
3.313821713694127880e+01
2.791087812525797673e+01
1.511257271135855618e+01
2.409502048190462276e+01
2.648684070133672819e+01
1.380748960991504148e+01
2.041829547927044430e+01
1.542955166750245510e+01
2.734805225472915069e+01
3.933490597999703464e+00
1.961256452300857589e+01
3.197721228191410603e+01
3.433707649416308527e+01
2.425061566273061686e+01
1.904283560090770777e+01
1.696684100498748293e+01
1.538481715774991798e+01
1.993367789644491950e+01
2.266797973806245636e+01
2.139412601513654621e+01
1.243265391808343168e+01
1.921987627179968783e+01
2.288733677889076645e+01
3.404965432930328006e+01
2.242922021843410008e+01
1.073624978583787914e+01
1.834019699239684442e+01
1.323377770635905115e+01
2.617720586585651077e+01
1.191384172307526867e+01
7.248932229580584696e+00
2.124985662385520158e+01
1.773705504066749938e+01
1.533927681074396432e+01
2.432321654661776122e+01
1.565282381243021348e+01
2.034857049013759323e+01
1.292875724223490863e+01
4.016292792640540910e+01
1.921895726530574677e+01
1.433779902398760875e+01
1.919980633255405422e+01
1.580851394168310087e+01
3.536450522928073781e+01
2.719991701479708723e+01
2.312890459230742124e+01
1.983787512078121296e+01
8.821836757524572192e+00
2.791991361697088436e+01
3.298824665675021350e+01
2.563021450473948448e+01
1.188110675821682882e+01
1.171590992632923189e+01
1.195289137794140899e+01
3.413949979521654399e+01
1.926982370826097934e+01
3.661219342252721276e+01
1.489055381410501333e+01
1.748709697975262856e+01
1.004632011151375437e+01
