1.857130659705550784e+02
1.154655997806901269e+01
7.070412589300321571e+00
7.040658027539924646e+00
3.966692429852364921e+00
7.787612710872473087e+00
8.134095394996867512e+00
1.013574654204510317e+01
1.165481727363068529e+02
8.169002217194043070e+00
9.005242620489809724e+00
1.217789827310104656e+01
1.091477093569643841e+01
4.986888200870759569e+00
8.051743995301734458e+00
1.170664650081499403e+01
4.796108151173751111e+00
9.383758956298279941e+00
1.256552320391183031e+01
4.902226440789831052e+00
6.560666760331943514e+00
1.371419728385132863e+01
9.656337176883587503e+00
1.394721487243859670e+01
5.477599490681106964e+00
7.113874940947163772e+00
1.129475473480115610e+01
8.339902510895232268e+00
5.985105449623920215e+00
1.622284662253422827e+00
6.077298769213018481e+00
1.053816533735102468e+01
1.409258044361954987e+01
6.620127671332473263e+00
6.245536374936072832e+00
6.701793827425256644e+00
3.577107163056084893e+00
6.108227022093246639e+00
6.626555341415604872e+00
9.325785935676769611e+00
1.005859286822189880e+01
8.083814152943855191e+00
3.455461617648869943e+00
1.105719484814120612e+01
1.278321469700053648e+01
4.496937333049920937e+00
5.310686358964311182e+00
7.969146130172885201e+00
8.501015211612257261e+00
3.439472206958678946e+00
5.903321485603595598e+00
1.526678319919848725e+01
5.113062563492291268e+00
1.517091678957905287e+01
3.990175864524386551e+00
9.502930817729964730e+00
1.114698482700264215e+01
7.199606133967701993e+00
5.413629573175016141e+00
1.384771462719197821e+01
1.344215539874911869e+01
1.300560991819537193e+01
5.681061119191766373e+00
8.578874842515114452e+00
4.998797704113740359e+00
6.888489393474268141e+00
1.372697783355945056e+01
3.569382643767418983e+00
9.957653553523714507e+00
1.623321941178071626e+01
6.080915464886324173e+00
1.206303003666635298e+01
7.006536720571868493e+00
4.627219605008136227e+00
1.428672111997390104e+01
9.579401117327794424e+00
2.627662716677793853e+01
9.443820535286432616e+00
5.491020331511441199e+00
6.953805359245621709e+00
4.499331912948473899e+00
1.272716205382012689e+01
1.531531200864153419e+01
7.903212431822777440e+00
6.675933007722653301e+00
1.019023907615950897e+01
1.775860225394460201e+01
5.634856348460217212e+00
9.528450336446381286e+00
6.079386970550808122e+00
8.727284331670357886e+00
4.660274322370781874e+00
7.197732779942101615e+02
1.206565656409293474e+01
3.209528525596837323e+00
8.775201256613456735e+00
1.706891156150764388e+01
1.483970918963645325e+01
6.369715386275842661e+00
1.646281959381325777e+01
8.842963444527335071e+00
5.842953114789170677e+00
2.741306234510674678e+00
6.626713967149044038e+00
6.099160480892694025e+00
3.971024327849667301e+00
8.829028408799647565e+00
7.282599159360549024e+00
7.273764664800827617e+00
3.821035341391143092e+00
1.077939547274710463e+01
9.168492521181271115e+00
9.136020551876120166e+00
1.061083974636318139e+01
8.415152367611298700e+00
7.781325877064738883e+00
6.070957872013146961e+00
8.003294950739094915e+00
6.655630917970272620e+00
1.045840222817700393e+01
6.043721056754863596e+00
6.436915041330881770e+00
9.737371078515669964e+00
7.519622587177402728e+00
1.172758458221687228e+01
5.764041214192628715e+00
1.603001142317358330e+01
5.593264397026994850e+00
8.417900117704286700e+00
2.519643820973946902e+00
2.268752166453642971e+00
9.045839832721513929e+00
4.232624430921299918e+00
7.351882815192075427e+00
3.989975303227607295e+00
5.620787493209475905e+00
1.129291410542863972e+01
7.566739774830054444e+00
1.175394552129180603e+01
6.646429464746950622e+00
1.610918313740730667e+01
9.839882665637633252e+00
5.750208146274187193e+00
4.223768115138841317e+00
6.231924491428758373e+00
7.557902236610231306e+00
1.457041638825519136e+01
1.123611644269702659e+01
1.022151533266520396e+01
5.509785549155497897e+00
1.030519180236225907e+01
8.057310905151281233e+00
5.121109077092154571e+00
7.106677795094306305e+00
9.289864882599401241e+00
7.520545200173450517e+00
5.126848399016769697e+00
5.857825650115394467e+00
8.309233032897941129e+00
8.438848068734262853e+00
1.432664964408777841e+01
4.106199749455013759e+00
8.019218240551767352e+00
8.879934076806939913e+00
1.194512159730720846e+01
2.304287088513229165e+01
5.075531974396593426e+00
5.843959361484511561e+00
5.269479376137724103e+00
5.075718825247637511e+00
1.560287821547837694e+01
1.031219687571248400e+01
5.493918595001582972e+00
7.817105772188694068e+00
1.623676460235396846e+01
7.815152968861714733e+00
5.809283980779054168e+00
1.061253380412592939e+01
5.482959779574422043e+00
3.401024939352664589e+00
6.168900331258815761e+00
8.319834986255946419e+00
7.006589743996761932e+00
1.728459893340625797e+01
1.769134552808561267e+01
1.110586764087431355e+01
7.396267808957860623e+00
6.687746481310980151e+00
5.687243858564670518e+00
5.633084072068607284e+00
1.088927223112117026e+01
2.427422004448190762e+01
5.108750316084741172e+00
1.064038309992474929e+01
5.597031693411532061e+00
9.412094165885978470e+00
1.416489576519726512e+01
1.710511427192014722e+01
4.095302289449967326e+00
1.312561853841404336e+01
5.484522718696243082e+00
6.470848527212723411e+00
1.664984108172761168e+01
1.233914492568239574e+01
1.441501119760223659e+00
4.495134611313967632e+00
1.501280952680973435e+01
9.830941047246804843e+00
5.854667101723193490e+00
7.906820497020070171e+00
7.080252567908281947e+00
5.176647239980844084e+00
1.333400779796277824e+01
1.358142001718645453e+01
7.407528540378697457e+00
1.235633194881037156e+01
4.289460297179797266e+00
9.014722143330258675e+00
1.280897533374986352e+01
4.686710416441312255e+00
9.677885156473742256e+00
3.227124304125730703e+01
1.616305779042226121e+01
1.614474247724595468e+00
5.516527848238257370e+00
1.158520068625731270e+01
7.354457811493955610e+00
6.247758080770395850e+00
5.796796315981935344e+00
7.190784182852874906e+00
7.983948500569711726e+00
9.869228167465321278e+00
1.102231151054085423e+01
6.381904268524737134e+00
6.988770859017432713e+02
2.086683912689361264e+00
1.916214529897123597e+01
9.499013514137637060e+00
5.457546957927435827e+00
5.331058481492982004e+00
6.711280875347408248e+00
1.535854537023515576e+01
1.630191896186097367e+01
1.579480434871312688e+01
8.387393443572733531e+00
6.530522054928166398e+00
1.318089120935914238e+01
1.343999121920194106e+01
6.807222110815413174e+00
2.684347847290424305e+00
1.074376329940049324e+01
6.788490225551407242e+00
9.500570454932736553e+00
2.408988652494091554e+00
7.913567356173991207e+00
5.572398483719533502e+00
4.052502094536949429e+00
1.207027402649998393e+01
8.164976783504185320e+00
1.034773070433496542e+02
1.054819983866733324e+01
1.119077379419123019e+01
1.728428463158804362e+01
3.120864216701265015e+00
8.926014708333108061e+00
5.915613022092934159e+00
8.854762309282200761e+00
1.626406608008334942e+01
2.118061705416411034e+00
5.624261478905041578e+00
1.296570043011318418e+01
8.319848203735721981e+00
1.584253684208690593e+01
4.805204560424547466e+00
8.608341575355231257e+00
9.034532026902295954e+00
3.641912295778273290e+01
1.058627629019943051e+01
7.017318705743763303e+02
9.404878659559704701e+00
5.149879536277598646e+00
6.998941778606923236e+00
7.219193155571180576e+00
4.215709213282606171e+00
1.317652562078146339e+01
6.740426613159166358e+00
9.171253964998911101e+00
8.551864978885573620e+00
4.867517037278869196e+00
4.297351670767843643e+02
9.103988088704655368e+00
1.285138807442348607e+01
4.347424452458220401e+00
5.367415367586749753e+00
1.025562847749514930e+02
3.999905410128348215e+00
1.047050317947707399e+01
2.380588009697400143e+00
1.677102978793567445e+01
2.316557014914251145e+00
