6.260134812602850651e+00
1.500206021739256279e+01
1.214275910850080642e+01
6.359601515406992256e+00
2.519900639488354965e+00
1.283629140193187723e+01
7.045467607727319503e+00
2.540337657902365009e+01
9.952301834569404093e+00
4.386073142484717913e+00
1.019120156084993312e+01
9.283592308844724528e+00
5.724991205400987049e+00
1.699262470816142923e+01
1.771639901654183191e+01
2.094861102982521572e+01
6.413371882910610111e+00
1.825381843157634165e+01
3.503992774911021346e+00
6.828452769231557973e+00
1.741836467472938921e+01
4.483158223469827064e+00
4.254768196523421864e+00
6.456464769549589811e+00
1.283030867580634293e+01
8.472417205101075766e+00
1.479184821605366373e+01
1.217450703780635912e+01
1.862866845371926061e+01
4.415900829435842390e+00
1.042590513134247487e+01
1.337774369949908504e+01
8.792202234698894614e+00
8.503104822825974907e+00
4.985349815640590876e+00
9.823363736676981262e+00
1.727469078086581433e+01
7.734366805241494447e+00
1.113262814839697867e+01
1.343229988652328011e+01
1.286791785655164766e+01
9.100379037239832769e+00
1.554752328472682166e+01
7.963540602405275948e+00
4.050714755148772106e+00
1.855506675760828728e+01
1.262945883901905475e+01
9.916915056351323088e+00
3.030550665109640551e+00
9.724297698319766425e+00
1.532877139701641411e+01
9.515514162088228645e+00
1.011913566805346854e+01
1.714429206342915180e+01
9.199685036886377176e+00
1.491915547991443169e+01
8.661221256636990162e+00
6.398142040268002262e+00
7.942176316212465892e+00
1.179652482892593746e+01
6.399030181997760636e+00
4.214612627198121686e+00
1.673359749443664413e+01
9.940500495797852665e+00
1.071715959795671580e+01
9.539106412271713964e+00
1.144029044911422588e+01
1.334588857689370123e+01
9.012693984694818639e+00
1.239426966006318231e+01
9.664465686230929720e+00
2.102129127490293925e+01
6.531233416828730043e+00
6.635133827737107026e+00
1.207259455397405645e+01
6.587453947391100684e+00
4.876645337347059517e+00
8.935023865762319772e+00
2.056774627046064907e+01
1.667312011021081020e+01
1.076210990048577010e+01
5.161459793184737244e+00
9.125244818463787766e+00
7.703012421729402703e+00
1.076646359435950551e+01
7.278748771048940469e+00
5.467787867618892683e+00
7.124352140166129388e+00
8.769143150781747664e+00
9.105376030598289816e+00
2.075166075574079017e+01
1.757513207093326812e+01
3.056347090960515089e+01
6.681360327401649535e+00
1.472556147206623400e+01
1.466757483396756534e+01
1.289972178159879412e+01
1.202422010145621023e+01
1.070588815844462438e+01
1.305751722938029324e+01
9.813134935424274730e+00
1.472956116564919604e+01
8.453359505038694266e+00
1.680012659498439476e+01
1.041363053407968842e+01
9.383875277402021098e+00
1.638177450630155363e+01
9.301530737951170025e+00
1.246720979388937067e+01
9.726414722370437360e+00
1.311883723509055599e+01
1.430081003003794393e+01
6.001771539556988166e+00
1.985204912378901199e+01
7.982883074550178648e+00
1.092469374158797102e+01
6.321590769590795134e+00
9.793411041278957896e+00
1.073395580430969432e+01
7.730755770597140142e+00
2.245368195411047907e+01
1.063693633863442756e+01
7.464251059701922486e+00
2.118630779932584929e+01
1.868659960923524821e+00
1.129585504778307836e+01
8.264653719628823225e+00
1.399781862085364992e+01
1.579695399818738721e+01
5.395321077861610526e+00
1.503692977422563537e+01
1.299149047874865914e+02
6.841492788174111439e+00
1.246692992777925824e+01
6.214169803758037958e+00
6.454039448685061409e+00
5.050073012141925055e+00
8.328614514236198474e+00
1.079122237707106713e+01
9.045126443064793520e+00
1.480594079582729350e+01
1.769947576799365763e+01
1.036896544483758831e+01
8.345656660343461652e+00
1.985767411199627475e+01
2.015456079975137982e+01
1.390947572118721887e+01
7.769373304367740651e+00
1.825364707722910751e+01
5.667887786643371228e+00
3.060126557378120893e+00
7.354077065175422590e+00
6.151794473028242116e+00
8.643775148626710703e+00
1.022382605421767110e+01
1.525637964897640231e+01
8.942278819998989547e+00
2.058698268764154449e+01
2.657328904844144635e+00
1.938571590635569919e+01
1.331297682835953644e+01
4.724834979794705347e+00
5.112185834741952206e+00
1.413111673671673074e+01
8.147505890738575118e+00
7.753599549803363189e+00
1.684721390963639465e+01
1.582329882024038525e+01
4.305990044400404670e+00
5.159882727906035527e+00
2.910166077391434847e+00
4.772582879968347846e+00
7.369378913748910520e+00
1.361325518395253198e+01
1.005632410964496870e+01
4.301868472641371177e+00
6.623933709405707582e+00
2.583467001627806958e+00
8.763819786973112258e+00
5.008800169392127799e+00
8.645843225519854514e+00
6.777632793821467772e+00
8.707946691617586055e+00
1.090893398432814188e+01
6.025697436092959158e+00
1.178592084157743614e+01
2.716064893597143381e+01
9.016005035792201028e+00
1.008958105576845199e+01
1.128888080092747082e+01
2.563398976466361390e+01
1.351211009396093843e+01
1.095316979732321272e+01
1.749885762061070338e+01
4.866522181512744183e+00
5.121886268754280991e+00
1.271214405172006323e+01
7.097624870788377116e+00
9.839697345487891766e+00
2.508359415212788601e+00
1.009941804118981779e+01
1.204826430189391395e+01
5.920146242638115730e+00
1.675792912093565690e+01
9.427425052283863849e+00
5.237376813064997805e+00
6.317083587282089852e+00
2.045480004456150525e+01
1.010306382036704420e+01
5.735695931684958282e+00
8.568356503045022166e+00
3.419301250899686728e+00
1.018795758274840679e+01
8.610027481151332651e+00
1.587132396485454322e+01
1.599339495638885822e+01
1.216825462252147005e+01
3.962989897054147725e+00
1.205308460115303681e+01
2.086426024001794488e+01
1.074949869335506314e+01
6.619790453547228282e+00
8.866241049295391363e+00
7.741094656297450527e+00
5.825018808672647097e+00
1.389714129502546314e+01
1.157434155163044665e+01
1.076499322149885352e+01
3.729605600700152124e+00
3.638683425937802696e+00
1.399181415801630379e+01
8.914946257852902178e+00
6.955132192187434725e+00
9.627501882268621358e+00
1.244286629793235832e+01
1.831757616215847051e+01
8.614449714573405359e+00
3.601042565074116464e+00
4.731381167460200210e+00
7.503361203944933777e+00
8.858537203884949918e+00
5.158316404726563498e+00
4.857028696662599287e+00
1.852429062876202437e+01
1.776227929244240045e+01
8.448692638129095656e+00
1.298298394407323109e+01
7.081396528778245880e+00
4.118944431128492845e+00
7.102557006901091263e+00
6.634070523486050419e+00
1.065112996497914466e+01
1.691345074630295997e+01
1.764513122742256002e+01
3.584939079693102659e+00
8.739712818747189971e+00
7.433257900132242746e+00
3.964316951090131713e+00
1.610107967966758125e+01
5.927479488099232086e+00
1.768892048768384484e+01
1.004437223381998123e+01
4.138889086255183258e+00
5.429907414072706828e+00
6.232260177541192547e+00
7.328346986484051584e+00
7.929792106731268220e+00
1.325447768184928599e+01
1.167291102799551084e+01
3.622395607703936093e+00
1.117793895696596529e+01
8.541109013247407233e+00
1.891532057585601834e+01
1.169820738513131886e+01
6.980018387112369105e+00
1.541958999662550944e+01
1.095614815142636900e+01
8.651927143154894750e+00
8.386023973339588267e+00
1.109172115033260120e+01
7.805440776452473806e+00
7.498819331989800219e+00
1.014195245163863568e+01
2.169475757562572937e+01
9.506621450180135824e+00
1.410982798698165119e+01
9.802454197034220940e+00
1.204237561436284132e+01
8.820818817822868141e+00
5.808384792475153269e+00
7.097387557038715045e+00
1.109620375151953198e+01
5.931979502697524609e+00
1.667737302376206188e+01
9.062789712781386342e+00
1.176491376215111551e+01
1.057797801466710830e+01
1.045901826189100348e+01
4.785912277115437874e+00
1.022840836218916927e+01
