5.689589776746429806e+01
6.237061333168703925e+01
7.456736975527405775e+01
5.053142593946596151e+01
4.768152602011360131e+01
5.077304825143913547e+01
3.961295907282752182e+01
4.416932888854474726e+01
6.353949455016349646e+01
3.544525189364067330e+01
4.042283832070219063e+01
3.283746001406539960e+01
4.705351066707449803e+01
3.479740618051373957e+01
6.253956242872514082e+01
3.926759381390688475e+01
2.569144903391531543e+01
5.363967170984159338e+01
4.101442978473514245e+01
6.644295266939784028e+01
3.596583151583261184e+01
4.654087033904263393e+01
5.786386994594882083e+01
8.499464765664848187e+01
4.212130062950210174e+01
5.593780827035725878e+01
5.917257018893923259e+01
5.710278712181060001e+01
3.075624781459422508e+01
6.295382191272206995e+01
4.937113165807286919e+01
5.607891561414184878e+01
5.355973590422427577e+01
8.891386321499035716e+01
7.584685466581849766e+01
7.260772311996960582e+01
5.763925206792696088e+01
7.524724505150494736e+01
4.176787238353834653e+01
4.704749134152021384e+01
4.486238217418686958e+01
3.332225519400542169e+01
5.805612942478521887e+01
2.996386503561578252e+01
6.662334711891178074e+01
6.852723870574646980e+01
4.289246082860660181e+01
3.941039331405733748e+01
7.340296458754926334e+01
5.648630362317742737e+01
5.220050368146215192e+01
4.003556348310985413e+01
3.307372987927013952e+01
5.542791795546475697e+01
4.390454865350020697e+01
5.289362191898900534e+01
7.158666640854285390e+01
4.422560873894527589e+01
5.322585546659345823e+01
7.525294226523139685e+01
6.590174383635385880e+01
4.300470292475008449e+01
3.272927523713146059e+01
3.608489060749135291e+01
4.557080353694396990e+01
4.767169310668095505e+01
5.986214598240893991e+01
7.431652679289696550e+01
5.668672699019634109e+01
4.294885840721083525e+01
4.243677830241022519e+01
7.939499281773935024e+01
5.653455167295941663e+01
3.098933254254223257e+01
5.968112003493877893e+01
4.557390675101322586e+01
2.911450809154515440e+01
5.044381049729968680e+01
5.294562685718759809e+01
3.391358549839434033e+01
8.570489092318371149e+01
4.511365486527075319e+01
4.239118991272189163e+01
4.776110797905720773e+01
5.284926171457964728e+01
4.476418963891316594e+01
4.631716730960030759e+01
7.030414212747797365e+01
3.679313196872234215e+01
4.502060416142956711e+01
4.521289529262556073e+01
4.079453460056056713e+01
5.924881485308717544e+01
5.265463526594579236e+01
3.219779352626798641e+01
5.224521638533089174e+01
4.952701911097920373e+01
4.278261829875977895e+01
5.413118504269385056e+01
2.755171702001191747e+01
3.085733780668419968e+01
4.090509215178676072e+01
4.310562838693690679e+01
7.350891512666605365e+01
2.907334773064046018e+01
3.340514666878806338e+01
5.169085982552479663e+01
3.916676967883049798e+01
6.102374219620616458e+01
5.239783432985686318e+01
5.260390542188207519e+01
6.469402163926334026e+01
4.671061683956520483e+01
5.024816555655562667e+01
3.605774935700010531e+01
6.017971414694635257e+01
5.087632270781507771e+01
2.967295060518040373e+01
4.298371264873321707e+01
3.878006380931269348e+01
3.904343794282414848e+01
3.883096149621023585e+01
6.031821363951736714e+01
3.464936885049199589e+01
2.465462380949722387e+01
3.980901678521327369e+01
3.937440667111723513e+01
7.058135084531933501e+01
3.712414613046549761e+01
3.516646103583499183e+01
3.697742697237222842e+01
4.628492960360870967e+01
5.819207314891150418e+01
3.501751432162606648e+01
5.950902270138769978e+01
4.805401403342342803e+01
4.519337485843939817e+01
4.467676371696032334e+01
5.766226184225041607e+01
3.983539373374485137e+01
3.644231547752319500e+01
7.384890159429544099e+01
3.236016463497867335e+01
4.273503073477871794e+01
6.100923925416720550e+01
4.138841820251385428e+01
2.536707557881182140e+01
5.500770746085179752e+01
4.298924782260333899e+01
5.771757958962842849e+01
1.874963898257601329e+02
3.759513453104802494e+01
3.272442699335082494e+01
4.674814736739439525e+01
4.578594440578758906e+01
4.750985443709443956e+01
4.135270432229642523e+01
3.659961853931619657e+01
4.890885042558570461e+01
6.512263010595050616e+01
2.917429599191485678e+01
5.792845690699505212e+01
7.032247450423209045e+01
5.563739080103398749e+01
4.655363498048136250e+01
3.406078133288142595e+01
5.333238077072670080e+01
3.154212183606162156e+01
4.951737714353097175e+01
4.693656152754327593e+01
6.302913542811118930e+01
4.976208799439479691e+01
4.733172451717324236e+01
9.466770587343336274e+02
8.275066654290235135e+01
7.142508010863154766e+01
3.474298052472927623e+01
5.064791839860649247e+01
4.431384040715800410e+01
5.970847549178471070e+01
4.870576646079016570e+01
3.928739527825212008e+01
3.598371202275517788e+01
4.590434818965839980e+01
5.462534163506259688e+01
4.673726510173877102e+01
4.364824256455987239e+01
6.782606285595001339e+01
5.530020492670055177e+01
3.982866273751898945e+01
3.650009317795428387e+01
7.229643699223311160e+01
5.660632478288294323e+01
6.416813003069574961e+01
3.368081696910503808e+01
4.231728653598479184e+01
5.250702778158773043e+01
2.513346379405551900e+01
4.719475144207898865e+01
3.628525090817839072e+01
6.425017628201587172e+01
4.959579987948481516e+01
3.561151764666553277e+01
3.445697905975879394e+01
4.786735855863641831e+01
5.616488378619185795e+01
5.469983581112266791e+01
5.215422192242291288e+01
2.760561219421511225e+01
6.554393345004498883e+01
3.327268238986469129e+01
3.824037034569224147e+01
5.680630133233814405e+01
5.197343514382719576e+01
3.630906262088031866e+01
4.819843086955309275e+01
4.866903677695545838e+01
3.651413290527150934e+01
5.957199562887446120e+01
5.853599947261613323e+01
6.146416676148941605e+01
3.012459488196367019e+01
4.999516693793410127e+01
4.546707215317071160e+01
3.185937818374526032e+01
3.578126944605062221e+01
4.065915711383549080e+01
3.832296126981837858e+01
5.175394582993242665e+01
3.445833944260127879e+01
5.589156060453531438e+01
3.203185177678052753e+01
3.011555270452750221e+01
6.048556529587359876e+01
5.085678143010865426e+01
4.245052069378731829e+01
4.668606193052186626e+01
4.292133966094872477e+01
7.063066906222977082e+01
4.321040856351542914e+01
4.006763087773762066e+01
4.341145757815430528e+01
5.056229994526832883e+01
2.634184480050152644e+01
3.539633697535740708e+01
5.843639102882725211e+01
3.516121283883240523e+01
5.079437797049767056e+01
4.201369827108241850e+01
2.868612592472013390e+01
4.361902006978506563e+01
6.746930685545500239e+01
5.591088804970704729e+01
1.022850485512955458e+02
4.157370155983558391e+01
4.266438722421982987e+01
5.653863950188865317e+01
4.384762841897270391e+01
6.802583051408767290e+01
4.256022904118641748e+01
5.269950709049094684e+01
4.111434951339136035e+01
7.613335408669118465e+01
4.623585395241077123e+01
5.229576880590437327e+01
6.411585305485469632e+01
7.072439726807745330e+01
5.486689330533248921e+01
2.835462425510522877e+01
5.539009981031135510e+01
6.703956204681803399e+01
3.808157998849646475e+01
5.966040700679607056e+01
5.347223446629536170e+01
3.015360656638198833e+01
5.266121009286907650e+01
4.855520494169469714e+01
3.285020257239437314e+01
4.266127878860946510e+01
4.725146261255726898e+01
5.954760727482054250e+01
4.612037619556288348e+01
8.154470066815051155e+01
5.664770207102834121e+01
3.961705260199717316e+01
6.755223673094846504e+01
8.590425734738506947e+01
4.606883509298181423e+01
4.248259135655520424e+01
5.072435901371630962e+01
3.806145443141032558e+01
7.983116261814042502e+01
4.131897440762351437e+01
4.961910723662171563e+01
7.274924089178830400e+01
5.108109339680497385e+01
4.272238894829897760e+01
5.214942235153429095e+01
4.794049137383792925e+01
5.527256892166296609e+01
