1.711160284520346408e+01
1.239189618059050169e+01
5.166132100603044286e+00
9.094714123114629345e+00
4.916295769318971054e+00
1.080241469188875492e+01
3.819986735687746826e+00
9.767120469990052811e+01
5.252383053575908178e+00
1.070556259962919299e+01
5.561666530269861575e+00
5.311216910212683828e+00
1.455108455124213407e+01
3.769079019349055759e+00
9.554573887181355474e+00
1.247969190372960391e+01
8.204499545498091351e+00
2.007108711959430636e+01
4.169701960078155523e+00
1.220394210691629944e+01
1.010850139716784746e+01
4.114939793078359997e+00
8.803165605883204847e+00
9.459164357841249426e+00
5.946339230490872652e+00
6.619203774308084043e+00
1.019683108214647405e+01
1.244730664914228235e+01
9.895723639162406826e+00
4.055766362299684680e+00
6.700091214405134998e+00
1.604388610327453790e+01
1.322798035048668019e+01
1.504884654322173887e+01
1.044093596816347258e+01
1.409615883266720893e+01
1.060602205172820867e+01
1.640710503644050178e+01
1.096138885489790837e+01
9.113326278474724873e+00
1.078418697939065929e+01
9.503563870604150310e+00
1.176599517455388089e+01
7.855235034448597276e+00
1.855914108222003733e+01
1.090345870164425079e+01
1.451262124829231759e+01
5.403433613998492646e+00
1.011549612567003109e+01
1.082387911470980590e+01
6.202940392267155545e+00
1.117747169992600220e+01
1.411706140549947008e+01
7.457712863532687919e+00
1.219624016387296095e+01
7.906327663830263752e+00
3.142378805308707612e+00
1.003365336947412878e+01
9.235779865524015975e+00
1.023864649374984737e+01
6.027998037122749508e+00
2.029173748818418233e+01
3.019188818886784365e+00
1.037049802721851499e+01
2.857355436721256581e+00
5.200881287922016760e+00
3.019729886263732510e+01
1.452493908258113819e+01
9.535610799590394038e+00
1.007845459175978320e+01
4.913684696709219146e+00
1.049094351432341909e+01
1.280655592001045306e+01
1.620626868638549567e+01
1.911015454768167032e+01
1.279105768830631717e+01
6.288288183881845406e+00
6.141219364002074244e+00
8.641986890269159005e+00
1.115789816704498882e+01
1.149154917920935048e+01
1.073910870081681601e+01
4.326311437943777705e+00
7.884645711779194599e+00
3.689910037033539147e+00
8.533130802245230129e+00
6.614382001617602924e+00
5.619126650255398481e+00
1.822780453954344182e+01
1.482553572236949080e+01
5.010273211829937345e+00
1.323850795241365397e+01
6.336717733251492568e+00
6.052738241201076619e+00
1.113194394250867703e+01
6.422670729187740513e+00
1.045752903902620901e+01
1.119349772396093812e+01
9.631888689927951219e+00
5.689580990912883607e+00
7.518305680679431724e+00
5.918559710648522376e+00
5.334980373993153613e+00
9.397019280023561905e+00
5.991335697091986212e+00
1.015780450592343342e+01
1.660871695332795994e+01
1.191343633411191760e+01
6.810534300612767211e+00
1.081099593963196170e+01
1.496187618496187888e+01
2.353323616970762089e+00
1.670426286328045862e+01
1.920918122460365396e+01
1.035989191925621711e+01
1.109109892648033657e+01
7.051507256202900642e+00
5.852235112753620960e+00
3.605533729131247700e+00
7.445404672364816179e+00
1.946264859995921270e+01
1.453086149154865225e+01
1.773658511404595828e+01
7.557843612661780952e+00
6.307170306696693096e+00
9.225723678625163515e+00
9.951160638872924125e+00
7.461296527844031523e+00
9.797846380847387238e+00
2.065051604243037886e+01
1.136483763991251372e+01
8.396309350602683352e+00
1.276539505512377914e+01
1.605817364290814453e+01
9.201807721600985701e+00
9.844895801329334617e+00
8.824458226123640614e+00
6.261774490305088925e+00
8.259468957472757111e+00
1.884605254253210305e+01
1.281614876575819473e+01
1.584572752696846010e+01
2.340824359273527833e+01
2.321292701651891477e+01
1.456150980764703995e+01
1.643646930662815109e+01
1.416079824791670561e+01
1.081644788318550710e+01
1.000787956389737587e+01
1.296729347043035041e+01
6.097895514656802796e+00
7.754307768042959736e+00
1.119973267136895068e+01
4.651064712148660796e+00
1.643629634872515410e+01
7.895381972105528945e+00
1.016944102244248960e+01
1.609581116528107358e+01
1.135308375133015524e+01
1.101314516911947194e+01
1.463246231696506783e+01
1.359940057045012196e+01
1.122178536019820072e+01
2.305758718180615574e+01
7.115497078509531725e+00
6.342401730183195419e+00
1.522180521607869785e+01
7.678688588714059016e+00
3.310836507368363879e+00
6.446868393894397364e+00
1.838317561630007191e+01
9.284479467497334326e+00
8.937396952060499444e+00
9.377236603626252887e+00
1.626989186208257010e+01
2.805384679347355359e+01
1.297933720322497742e+01
7.774142076368717014e+00
2.653682266010809343e+01
1.090668577763571179e+01
1.280277001249440438e+01
9.058889962478110291e+00
4.590422173624059354e+00
5.146091329224147692e+00
4.479066513028111096e+00
1.340675117973274411e+01
1.041557241121373067e+01
7.339022914065489012e+00
6.260171584467250305e+00
1.655864174176613091e+01
5.615087910097826374e+00
6.339572775239186164e+00
8.875828927576277394e+00
5.123532399762122935e+00
1.290596097945730136e+01
4.631396123826828415e+00
1.451137227118374362e+01
8.589313496675138992e+00
6.161215433947211828e+00
8.296030955223644199e+00
1.141703204136971017e+01
4.817595416048452428e+00
9.495252840688436891e+00
5.190039345802207826e+00
1.104878118238098139e+01
1.418856698884608569e+01
6.294493407044749134e+00
5.221441854058804566e+00
8.823889595144290610e+00
9.964494152346594191e+00
1.555570162780089305e+01
2.046567282676824107e+01
1.812644175405857894e+01
1.077453833243955295e+01
2.245060083638840798e+00
9.935536326734961676e+00
1.704067632359915763e+01
9.550251832775780159e+00
2.372945249295806747e+01
9.044136081238804081e+00
8.469383244234354180e+00
7.511596431357175696e+00
1.088912179359246402e+01
5.398640974601330633e+00
1.631125764897645780e+01
1.156301805772191038e+01
5.069914465510771961e-01
2.350814880935956097e+01
2.100540343743426241e+00
5.735681597663818465e+00
1.209537667466522137e+01
9.889872715285063620e+00
8.573777918221027861e+00
9.180733219144826762e+00
1.001013347288465738e+01
1.737493814203779863e+01
6.796640893154220819e+00
1.305631154604790112e+01
9.045896979198452925e+00
1.107461991360036357e+01
1.023670976790247700e+01
8.412817859454134961e+00
5.965352279918284317e+00
8.550831175060926270e+00
1.229762752448249330e+01
1.428270104633931403e+01
1.352535899113486551e+01
1.305478777967648085e+01
6.276676122656189349e+00
1.044406812860629685e+01
3.520905938029741122e+01
9.902238065587075866e+00
1.105873493639556493e+01
1.359486202323557968e+01
2.062865552672865732e+01
6.366113798726784623e+00
6.844171381806179788e+00
2.443811160237160607e+00
9.490555110247928639e+00
1.281089671709979783e+01
1.478384443572525520e+01
9.200280313852218228e+00
1.608119152583037703e+01
1.379648945686108696e+01
3.849079605355951283e+00
1.112101165599010066e+01
2.729609167039353324e+01
8.862706807064320458e+01
7.490165823769355136e+00
2.457500460481023907e+01
1.233463610811270250e+01
7.807842739172536461e+00
9.402567311509363535e+00
4.943358361922452815e+00
1.188173542893516910e+01
6.066756727385518744e+00
1.804938125427773343e+01
1.068579288865762145e+01
3.107062924074964538e+00
1.682070088343726155e+01
1.164888267467214433e+01
5.721647060908932048e+00
4.085815259122590248e+00
5.954477490447539267e+00
7.425055102778850724e+00
1.021860082567367556e+01
1.055487571240885103e+01
1.395500623152414121e+01
9.715464948102228604e+00
5.302275862566902198e+00
7.002323378471388082e+00
1.610422968438661329e+01
2.939612359700645605e+00
9.807534189587284956e+00
1.107756573352555662e+01
1.812811741754813966e+01
1.674417110329915204e+01
3.168813855894738296e+00
8.145122901317154884e+00
1.752230647820015719e+01
