1.189067883791206555e+02
5.698786839023029671e+01
7.136504474592419456e+01
9.820949856207951711e+01
9.654741044623811774e+01
4.078325661797295965e+01
1.046962647507503021e+02
7.431695526915177652e+01
1.015175503855819557e+02
1.269725391467150786e+02
1.022109419793271172e+02
1.150552846539626728e+02
9.433422654169898180e+01
1.127383134016491795e+02
9.319964270988859312e+01
8.105079581406346279e+01
1.075965918071868117e+02
8.946589340367209786e+01
1.196436865532511007e+02
1.024827121548122761e+02
7.820836329974557088e+01
1.056954743940244299e+02
7.243954389734881261e+01
1.005840567964704633e+02
1.375931655059440573e+02
1.120838038325110944e+02
5.694599104095227915e+01
8.417568776801579133e+01
1.493759360321385259e+02
1.115539611524921355e+02
1.033883168373127006e+02
7.951976501767272509e+01
7.781790421229388244e+01
9.738319038203802336e+01
1.034776669478073927e+02
6.978645869245599442e+01
8.034604469099339497e+01
1.231091244434685592e+02
9.552441864046566877e+01
7.565074907011941718e+01
9.565334337520418728e+01
6.603826078371881181e+01
7.183032781326789973e+01
9.521889432156856969e+01
1.008401744332611827e+02
1.275653430405732820e+02
5.040211849076193573e+01
7.791320669152619871e+01
7.959801279949984121e+01
5.456531151724810513e+01
1.134526525988263614e+02
1.012688030265034485e+02
1.260592220794533347e+02
9.395486165780593524e+01
1.338024943763066403e+02
6.811118964369877915e+01
6.688629382384527844e+01
9.587017772918923697e+01
8.377945250361234741e+01
8.540573207761046604e+01
9.713823665410185981e+01
5.657799473067500173e+01
8.566632711013235735e+01
7.389942561688077660e+01
9.231312880226988682e+01
6.202850401694205118e+01
6.853474357838364028e+01
1.027015975183291943e+02
8.569483116811737489e+01
7.931874580852309009e+01
6.093473704664410917e+01
9.493737581220503330e+01
7.165331776825007637e+01
1.019820215118731710e+02
5.313375600692464928e+01
7.220549719688071377e+01
1.093517889619741936e+02
1.116523389191974189e+02
8.770987151618022892e+01
7.655265041150674676e+01
1.030618584484998195e+02
1.051639499941503857e+02
8.219719521957136976e+01
1.008091443157847067e+02
7.093279499213250006e+01
5.561385458299543672e+01
1.120869122359285655e+02
9.892062044004033794e+01
6.200767911221560524e+01
8.613818828357003099e+01
1.033942739975762777e+02
6.284936045682123762e+01
8.611289439280133706e+01
8.755049520030142673e+01
8.924678162426972960e+01
1.553814834292871296e+02
6.581541470121511850e+01
1.510085466829100369e+02
7.427926028524041158e+01
1.008011503664035899e+02
8.951082288843389279e+01
7.676179028168117213e+01
8.580475847795054278e+01
8.105310563567432780e+01
9.470934029102993179e+01
8.085226630915946089e+01
1.629573780589231831e+02
7.510383557089569706e+01
1.320467579434861420e+02
6.799284222898754138e+01
7.183732026070548216e+01
5.897223219429040597e+01
5.329061571279984122e+01
6.189366311430639911e+01
6.923291539242264037e+01
7.625967337207721641e+01
5.414539560898511894e+01
7.286447885818031978e+01
8.768323954459569336e+01
3.124974903374898361e+01
7.620444557164653077e+01
1.045791114060092184e+02
1.065536437049223082e+02
5.551144981047073657e+01
6.795448918553960027e+01
6.978317509945988206e+01
1.236110183372314424e+02
1.168375135533942881e+02
8.652191243817897259e+01
1.245349798824397141e+02
4.956890664674617852e+01
8.276204142286540844e+01
1.060087672497481890e+02
1.022630189567182555e+02
8.559550315431226863e+01
5.963386685336438120e+01
7.210962077317216767e+01
1.007572115523420280e+02
1.002512132689944053e+02
7.274970611666802256e+01
8.660993376078474171e+01
7.244688073852627497e+01
7.898503843318025019e+01
6.220279479052169336e+01
9.405609055450931066e+01
1.049380399745129893e+02
6.593364282504273888e+01
1.286793202272301642e+02
9.882028104875963948e+01
1.366397815127039621e+02
8.871879591417052779e+01
1.188606742238144562e+02
6.782596278998711625e+01
1.052894280409129948e+02
8.711583471766881814e+01
7.961451059279107767e+01
1.332156525128671092e+02
1.363005354844202941e+02
9.288451234671913426e+01
3.976674074352032306e+01
7.439316439557863703e+01
1.071086029984921737e+02
9.158884469670927331e+01
9.891687227742757216e+01
6.759272612903450295e+01
5.113000275405982364e+01
6.349829991125223927e+01
8.697472787804639438e+01
1.130853734657849543e+02
8.783283080980845625e+01
6.312972508961050266e+01
1.225934168884710260e+02
7.516063238562519189e+01
8.399445984340233906e+01
8.163499818790643303e+01
1.105800128548929706e+02
8.219572933867902975e+01
9.060688738702091882e+01
1.148656492347723059e+02
7.729093107701982035e+01
7.161316703141530127e+01
7.786950678893843758e+01
9.879327590309483753e+01
9.937459158078576138e+01
9.065643619841006284e+01
6.300523551344085860e+01
1.032378259443922417e+02
1.361003608661353894e+02
1.022386131347495137e+02
1.152405251233713415e+02
9.767274486999740191e+01
1.052153270957874156e+02
9.466897931642139952e+01
1.154238639684279804e+02
5.436579496676841217e+01
8.608224671590325272e+01
1.204005896943493639e+02
8.716465633792277856e+01
7.441177702569444818e+01
7.649180972494582420e+01
7.306074907857164646e+01
9.507333843067584667e+01
8.253059095185420801e+01
8.244893548835568708e+01
9.433287109987787744e+01
5.597414007542301562e+01
9.031099615522774116e+01
8.522968088674913645e+01
1.354727863251349333e+02
4.987373247993757985e+01
1.189656829699624296e+02
1.018643856495254880e+02
7.518569712237662372e+01
6.825277529832568746e+01
8.141103058881552101e+01
1.014257702052091332e+02
1.134097666765239012e+02
8.722114490148878474e+01
1.046849224473374562e+02
1.426274416479372462e+02
7.933746541126451746e+01
8.723413146808805152e+01
9.419563527292788763e+01
9.412658660615628037e+01
1.001879731501308441e+02
8.186913756309242274e+01
9.243816499525895836e+01
8.026630180581074114e+01
9.974651864709608162e+01
7.987744905255149774e+01
6.024951704799998708e+01
8.002108739924273095e+01
7.393840801719886713e+01
8.162599493012963592e+01
9.054375119834173802e+01
2.028303712246131738e+02
8.737399066112713797e+01
8.029483352757569037e+01
1.027294976960038326e+02
8.411758028619243532e+01
8.361167982057236259e+01
7.668393503480677964e+01
8.012426383178062395e+01
6.508235134728371918e+01
6.514704868215289935e+01
8.586470416887368629e+01
9.684819773323582126e+01
5.655688835870378739e+01
1.008510318091102818e+02
1.453218716081580624e+02
4.731527156973555748e+01
7.893757705452956941e+01
8.865902741366869577e+01
9.027593345747770570e+01
7.721799358145412384e+01
1.014300886562679125e+02
1.669586719909780754e+02
5.558773650090647322e+01
7.422575326021068065e+01
8.089902629941576606e+01
1.048969753416999424e+02
9.690433745596652670e+01
1.037159625498922111e+02
6.545067745813734916e+01
1.167933059115405854e+02
7.406739893476867564e+01
9.842822881425547621e+01
8.754872914168701925e+01
6.981225519960518966e+01
7.293978225090980061e+01
1.025349103467638088e+02
9.018909307462604374e+01
8.660574607052089391e+01
8.357964795207197994e+01
6.593626954312992439e+01
6.652226756105663696e+01
1.046801449823719423e+02
7.679696578709837240e+01
7.080802845223226427e+01
4.868453568560210698e+01
1.141297720478667088e+02
8.720355378237755417e+01
8.115818531975109806e+01
1.175804846832343031e+02
7.024417031658552446e+01
8.256663902522493004e+01
8.150701571909853271e+01
7.565205403054247313e+01
8.147386611998284422e+01
1.334988405971864154e+02
8.864652488891078974e+01
1.141897750218467422e+02
9.938636246257820517e+01
6.565647158937342454e+01
7.178205037386798892e+01
1.317028639380401103e+02
9.316602052883378349e+01
8.171445860921436122e+01
1.331885260646875224e+02
7.404226409042220780e+01
