7.701883045168403896e+01
9.632206413138578682e+01
8.762271669665589968e+01
7.222101710639097405e+01
9.699350494104442078e+01
8.331525544797656835e+01
9.471937251257904222e+01
6.516619093325617484e+01
6.676898673687810515e+01
8.580626437414760233e+01
1.012779084406370771e+02
9.948948458820348151e+01
1.156360506357906672e+02
9.622311271451997072e+01
7.475503809486011164e+01
1.382282056801467434e+02
8.678306638073644308e+01
8.369642542503602556e+01
7.666352350803967397e+01
8.905340956473813208e+01
7.256879208966380190e+01
1.334774810320161293e+02
8.487998277305254646e+01
8.304337993105880855e+01
7.377174776969314962e+02
8.081891882924419690e+01
8.691958514872651165e+01
8.885977845998836244e+01
3.395968388012153838e+01
1.105146670145138472e+02
5.306252296460075968e+01
1.036447880626058122e+02
6.710832886894144167e+01
7.522622671339492229e+01
9.518465911944406344e+01
7.493010326332637305e+01
7.865041374417296538e+01
1.026043128807712179e+02
1.241702474004833334e+02
1.480059946585268733e+02
1.111123177053631110e+02
7.455205066984503048e+01
8.669196093971220307e+01
7.849061827196173624e+01
7.965483784862810523e+01
1.127361821521914180e+02
1.052927193574917908e+02
9.694886033360930355e+01
1.004200569899586668e+02
1.195102222871660018e+02
8.182774295584060553e+01
8.345204780916029108e+01
8.277045107219711895e+01
7.017594546850628490e+01
1.012706272348083729e+02
6.493190903684674709e+01
9.822621349244872135e+01
4.755245646351934141e+01
7.880980592780450422e+01
8.419024197195254544e+01
1.185231967074089425e+02
9.666697191190964134e+01
1.044613625037796254e+02
8.863800351886392548e+01
8.088619612010330684e+01
1.044442926166841232e+02
1.163838395513500643e+02
7.277832583984903181e+01
8.437440820681784714e+01
6.734733138649056627e+01
5.537951037806274712e+01
9.685441026799696829e+01
1.069861288973527849e+02
9.307045170601352879e+01
7.605819605716850162e+01
1.024492100311626928e+02
1.188636455689054117e+02
1.019245196270894240e+02
9.072683474367177325e+01
6.984013506988227959e+01
1.144810779870646797e+02
9.209289467165596932e+01
1.094883341337072125e+02
7.510954028798829540e+01
9.834356704523341364e+01
7.889660927204721474e+01
1.281084535204037138e+02
8.101252145585867481e+01
8.805606164825610449e+01
1.287569920212955310e+02
8.450102068815786538e+01
8.944990999113979058e+01
8.504298183100473807e+01
9.603759126207104657e+01
8.600456125477968783e+01
9.365323667671017915e+01
1.136058669492644640e+03
1.155608251165587603e+02
9.130306378098812559e+01
6.877871683491991917e+01
8.765249453082319064e+01
1.211743057658585769e+02
1.094094020192359125e+02
1.318649727854296145e+02
4.843522399331830997e+01
1.089601825620540581e+02
9.686577066020795712e+01
1.114261427258049366e+02
8.310616978864716486e+01
7.883872157304000439e+01
6.188265301343664504e+01
1.040074599920624934e+02
8.061034945210074909e+01
1.022779350202078348e+02
8.435409388511766338e+01
6.510264882870581005e+01
9.152277812601259654e+01
6.708681072108909405e+01
7.845531804433416312e+01
9.332758029593733795e+01
1.111014798748696109e+02
6.574864873804827425e+01
8.549872016119928730e+01
5.829490779685286128e+01
7.365157948382031350e+01
9.585925297294355119e+01
8.765893905280677245e+01
9.499159047076554430e+01
1.135382580379901754e+02
8.222415268230247420e+01
9.388171870832078980e+01
1.099381253814150625e+02
9.676595211383035178e+01
8.652404638505279877e+01
7.688588855769326358e+01
1.296235021577158193e+02
1.168725461086552571e+02
7.792203202034140475e+01
8.175517027510547052e+01
6.960346261682968816e+01
1.009166990334889817e+02
6.739285742479209773e+01
1.199702939447447676e+02
1.160833698408854104e+02
9.727754040236564492e+01
1.111883418770545973e+02
9.881646298710930409e+01
7.749192254113454226e+01
1.135194907891595051e+02
1.225498748659018702e+02
8.633483936344892129e+01
8.306522401497211661e+01
2.005046052039712947e+02
6.436581760859088774e+01
9.862302065217053837e+01
9.966707658670480896e+01
9.860682189279030752e+01
9.265930292334149954e+01
1.107451808366691637e+02
7.648450165548975122e+01
1.179831954821354287e+02
6.589627570922721134e+01
1.145121231986136650e+02
7.536731841437814694e+01
1.013370249790503834e+02
1.781366519087475240e+02
1.052635068703788050e+02
1.002545375538780661e+02
6.769113497813563640e+01
8.597765581997965967e+01
1.062426029827477265e+02
7.251451141769437925e+01
7.969424299493068986e+01
9.737247030792627811e+01
9.301937046534131071e+01
1.307768313992440028e+02
8.647950343531981332e+01
8.399073650225008691e+01
1.361407958736028263e+02
8.275990961701587878e+01
5.674853442366098477e+01
9.974381133797261612e+01
7.410613386485962906e+01
8.166530162124993808e+01
1.254339639968263640e+02
9.943811635376293623e+01
8.096560806733516813e+01
6.641370437446585129e+01
7.783897953604230224e+01
8.901782702892801069e+01
1.056837533159743714e+02
8.432492042216487960e+01
1.078751870083195712e+02
1.071893854498042771e+02
8.105516301071767771e+01
1.264699784391300312e+02
9.444582033330094362e+01
8.841594101455724797e+01
3.680983038060779222e+01
9.038092441951241085e+01
7.110189361973777977e+01
1.022454701110157060e+02
9.977809910595289011e+01
9.007544661682277365e+01
6.899944331469947656e+01
8.145003487866884484e+01
1.058643686741379497e+02
1.238250684136721276e+02
6.893716808037629562e+01
1.195940194181358294e+02
8.245938331354165030e+01
7.111048071193947351e+01
9.957624330329178974e+01
6.018528174479214954e+01
7.386390294144993618e+01
7.754373681916052874e+01
8.621583441138558612e+01
8.894911604387722548e+01
8.413439652635460675e+01
7.419872264093059755e+01
1.115735895885293729e+02
5.924157378577976374e+01
9.096284243685040849e+01
8.538896921975121757e+01
7.084359505687692149e+01
8.016504983268515616e+01
7.624810817347217551e+01
9.639250288251463417e+01
6.832740797479449668e+01
9.038807025364097569e+01
7.388293141990843083e+01
8.916519627610585985e+01
1.198648843962719894e+02
9.364919078102744265e+01
8.628122705235793433e+01
7.763534382880342832e+01
1.219654202074213885e+02
6.662805353698843192e+01
1.042178112136920447e+02
7.732841014813101310e+01
8.429586808471479742e+01
1.129990441448949809e+02
8.882271888156761008e+01
1.065578723826481280e+02
6.089583209389122231e+01
1.030517910652344256e+02
9.170124951860786666e+01
8.638383121029706047e+01
1.025851486915860420e+02
7.599327093626440899e+01
8.081461793228464785e+01
5.839524369886130728e+01
1.120036013739994587e+02
9.302901933605039630e+01
1.164571616718185538e+02
8.173694040264670946e+01
8.010727326203517862e+01
9.660759868134282158e+01
1.224303045252552522e+02
7.615084558339482612e+01
4.895313414693070797e+01
1.076172786796295640e+02
6.659525396889927151e+01
1.179194496533604593e+02
1.107029616931972953e+02
1.112320234977743212e+02
8.219500484114101369e+01
1.053806872108552994e+02
6.748742135096406969e+01
6.994456470398893089e+01
9.961984970502723513e+01
9.272686686865344541e+01
1.008440186094316857e+02
1.070007832586190091e+02
9.552916107553376435e+01
7.851880610589306286e+01
1.052793307020079396e+02
1.126301187779643698e+02
1.011654404377096768e+02
7.640639815829734971e+01
9.850749615911877299e+01
9.904199656381126715e+01
1.045354140193078933e+02
1.084768079231298117e+02
8.157998462383083904e+01
6.132678841633969569e+01
7.709137813664382577e+01
7.335841759322994449e+01
1.051944153174005123e+02
1.218534930689199030e+02
8.314896281014453905e+01
6.172923103636157549e+01
8.417674557159340054e+01
1.150225781680374979e+02
1.199537580863867277e+02
8.303810068188317928e+01
9.338735709778430305e+01
9.896595972030296195e+01
4.708536074853986264e+01
6.858437092864257068e+01
