1.377882180077162673e+02
1.148707827769621161e+02
1.308556408244151328e+02
1.420792521096705343e+02
8.642553597150289590e+01
1.389726044826173847e+02
1.325012422495466069e+02
1.035132874397661027e+02
1.388093708100391837e+02
1.244270922394641730e+02
9.699390537782525712e+01
1.033939763176964988e+02
9.377299468520966741e+01
1.455930931809242281e+02
1.095987116360674491e+02
1.346115003724017072e+02
1.112815290987541914e+02
1.341783735238498707e+02
1.182697922766561476e+02
7.923981279921474652e+01
5.748443407133071048e+01
1.509654671646739530e+02
1.244378901907332420e+02
1.103234077485749083e+02
1.368013428321990546e+02
1.150700316524933271e+02
1.562133997287658929e+02
1.119127828083947804e+02
1.133533261802498799e+02
1.136946361941152333e+02
1.093674916207721282e+02
8.751355578819949699e+01
1.033990430960330684e+02
1.147179948795576081e+02
1.846583769961684425e+02
1.643800519905172166e+02
1.564635530311718128e+02
8.651605726059676726e+01
1.463784892721837991e+02
1.315065354794752750e+02
1.245313375591770608e+02
1.145476221081600130e+02
1.123414268895782868e+02
1.150632698047103730e+02
9.915173749550760363e+01
8.534932147664301283e+01
1.445942140054000333e+02
1.370574220480397969e+02
8.146881033996477584e+01
8.285918229987986194e+01
7.377746947650858544e+01
1.235189699988123522e+02
8.258951633456761954e+01
1.019904077333543171e+02
1.512114700840957937e+02
1.073789856698869869e+02
1.306216574576215521e+02
9.771203901015749693e+01
7.726475843674127475e+01
1.453692052229311571e+02
2.318079043310001168e+02
1.618768808795840926e+02
1.439376372637816530e+02
6.346364662114081767e+01
7.843961571007322675e+01
1.017987130110869458e+02
1.802066418671202825e+02
1.407581378344451934e+02
7.054529892187163398e+01
1.150607757384043026e+02
8.924807845952339846e+01
1.052558259390460051e+02
1.244185569735713557e+02
1.367056801909863566e+02
1.215917900505351099e+02
1.553598117808734287e+02
1.187878342438095842e+02
1.240932854812646866e+02
7.632597859732290146e+01
1.032781756459500144e+02
1.437358660121227842e+02
9.761395719105591695e+01
8.849698971969641548e+01
7.968768969137924785e+01
1.334284989498557934e+02
1.609485322222891455e+02
1.118822795301993551e+02
1.138708456030814631e+02
1.223554877189608590e+02
8.390338063346547415e+01
1.062540448629663814e+02
1.341465691617454183e+02
1.170223276980711518e+02
1.138512043263004472e+02
7.694675332701100956e+01
1.145974668386931228e+02
1.256713678894152366e+02
1.305672934000094472e+02
1.800353793368338984e+02
9.950926834555897926e+01
1.588756844794858125e+02
9.760398197890876304e+01
1.103703518408954238e+02
1.380037855853375959e+02
7.618008784710923464e+01
1.339360604001404624e+02
1.044138613466005836e+02
9.900361746295142495e+01
1.539513171409255108e+02
1.971335339492781600e+02
1.328293487002637505e+02
1.101237678137463263e+02
9.546911732651064142e+01
1.274493600626556429e+02
6.794314700534812346e+01
1.174383204602012682e+02
1.292262902159908720e+02
7.568344755064427432e+01
3.328392526866239791e+02
1.340983293972865624e+02
1.609407763771097279e+02
7.042001315409146400e+01
1.527810089321764337e+02
1.140772861162759710e+02
1.285621904352717877e+02
1.034616786064518692e+02
1.722703538361141398e+02
1.505930823686522899e+02
1.243330715176844734e+02
1.167700362655520365e+02
2.454261921507855106e+02
1.205221343679872206e+02
7.884619907545075534e+01
1.882421293815994545e+02
1.011350187188915726e+02
9.709552475071606636e+01
1.246247459362302550e+02
1.420558802637499127e+02
7.934640144767699610e+01
8.581676439448341398e+01
7.124695212419510426e+01
9.934866243775974226e+01
6.945625430666925126e+01
8.274299728134697318e+01
9.992423318584916103e+01
1.465053317546441747e+02
9.524214277144584173e+01
7.700118519303381959e+01
1.225354003584380536e+02
1.077320868650854777e+02
1.206960250596990534e+02
1.037090162831472639e+02
1.367692084210175381e+02
1.103926760790752297e+02
1.487612089407540736e+02
1.481649972944057367e+02
1.628054171097008123e+02
1.249022761718130283e+02
1.272205088937951132e+02
1.469215902811133674e+02
1.207543115756474634e+02
1.348607324975159258e+02
1.224616300125491790e+02
1.020197530943651856e+02
1.976994908165853815e+02
1.012709246088305832e+02
1.355417979276652716e+02
8.307178958218013065e+01
1.148128928489004181e+02
9.519547979135616345e+01
1.421066079254430576e+02
1.146328556222268134e+02
7.660811198850650783e+01
8.490203699054555386e+01
9.355799857145395038e+01
1.312955442749263000e+02
1.081404188813317688e+02
1.114495964910118175e+02
1.525592084375078343e+02
1.205448009423348736e+02
1.896731236340145585e+02
1.047979617393355198e+02
1.150441920560860467e+02
1.754355956364413203e+02
1.247159509266818276e+02
9.994708349590533203e+01
1.077160629885582495e+02
9.268726327215316019e+01
1.759364877126280362e+02
1.105464345472058483e+02
1.189642219052814767e+02
1.055192488090620628e+02
1.240773381528097872e+02
9.669924597587527160e+01
1.143983690318407582e+02
1.158784451643685003e+02
8.793526649581326637e+01
1.709865992340776870e+02
8.260348870420547485e+01
1.610258256449148462e+02
1.306504928635124259e+02
1.266741224923940763e+02
1.111173812571739319e+02
1.405952307491002102e+02
1.048079868479261592e+02
9.149321772694101185e+01
1.162729850516492291e+02
7.139651854910836448e+01
9.354530409798056212e+01
1.450403182442330490e+02
1.331562355987415458e+02
1.120408698749956926e+02
1.151366165916607827e+02
1.635680162656408640e+02
7.536374667086843715e+01
1.074426261392803781e+02
1.260782160259839628e+02
1.316150195042231985e+02
8.829314369690342801e+01
1.655785821705503622e+02
1.364536370656687438e+02
1.198626490321238407e+02
1.275040697125217690e+02
9.905541663274918562e+01
1.179041644712966672e+02
1.039570428529810613e+02
1.373139688780270831e+02
9.494193763814594433e+01
1.131043279513964563e+02
1.681704664282612782e+02
1.264713911756028466e+02
1.084198355413964237e+02
8.080450232060228188e+01
1.122960358182848779e+02
1.051061394624022967e+02
1.481585653613392424e+02
1.227227650504065792e+02
1.109275059352850974e+02
1.435722921782257231e+02
1.034122293234514416e+02
8.386680125734754654e+01
1.075247254786376061e+02
1.003156257839755767e+02
1.075474616766049962e+02
1.302302840436132101e+02
1.121521966445492211e+02
7.542190301877485581e+01
1.240075509933600131e+02
1.335596683595935872e+02
1.166149684880099642e+02
1.328284873231545191e+02
1.069121522189797417e+02
1.372489653596349797e+02
7.805094328461790099e+01
1.015055306452115502e+02
1.199303414743743303e+02
1.433846641405274340e+02
1.228285953066069567e+02
8.496509200564750586e+01
1.162633450801634183e+02
1.128313432603195281e+02
1.088075808614858317e+02
1.377844996768385784e+02
1.294881549090199826e+02
1.267845665771825736e+02
7.161769569500960131e+01
1.750402234675552506e+02
9.628648136012103009e+01
1.405862105087145153e+02
9.044255530900782958e+01
1.077826867076203996e+02
6.326131763688741216e+01
1.032263171790232832e+02
1.133882657845016411e+02
1.346383591713115777e+02
7.634601222373419205e+01
1.968402318531369986e+02
1.345923912446226609e+02
1.212821053138595886e+02
7.503389847581213701e+01
9.997357260001248846e+01
1.086965250662006639e+02
1.049005759877890824e+02
1.246635194366469506e+02
9.908490835797699958e+01
1.742128046442140601e+02
1.724485414880614371e+02
1.671249018889708111e+02
1.188781933772265518e+02
1.633039429386841164e+02
1.081057320467423466e+02
1.219246274526701939e+02
8.607727286371623165e+01
1.175765081071171636e+02
1.713473443386742190e+02
1.194038955888954661e+02
1.071635915183712910e+02
1.193651117365681813e+02
8.584142979397738316e+01
1.615365010436704836e+02
