3.435998086617486115e+04
1.018576075536964163e+04
1.093557496501365495e+04
2.747141171439424943e+04
5.349100949379548547e+04
1.357301398701322250e+04
2.779260005536984318e+04
1.493310786638122408e+04
1.086398024493489720e+04
1.114587685152195627e+04
2.685937766101222951e+04
2.877290725103871227e+04
4.363400183319806092e+04
2.335707456879748497e+04
2.947895840906377271e+04
1.247251914943548582e+04
3.609114224904735602e+04
1.156741891585507801e+04
2.351818179000287637e+04
5.563800656102619541e+04
1.170341955884893287e+04
1.315500315521150878e+04
3.216786736621848831e+04
1.496553896203643126e+04
2.417511069326162760e+04
3.303714374673031125e+04
9.392609508740255478e+03
1.340071598358516167e+04
2.989549309177101168e+04
8.906463963147678442e+03
2.860299921796078706e+04
2.828813893332009684e+04
4.968527600476145744e+04
3.028102339730443055e+04
2.492354592739262080e+04
2.440374699767523634e+04
3.115365889546646576e+04
8.352728273965858534e+03
2.698774632100834788e+04
4.500190655950499786e+04
5.031474252460490243e+04
5.077154836099238310e+04
1.012782978614789681e+04
1.043910251571987828e+04
7.925134885700362247e+03
2.197258288957230252e+04
3.015820377586931863e+04
9.155932992250127427e+03
3.365528487619436055e+04
2.999453935872922375e+04
2.717025619722836927e+04
3.099508009911846602e+04
2.572881743976921280e+04
2.746233336389272517e+04
2.933642678373541639e+04
1.746827876640722025e+04
1.662616361517077894e+04
2.756632239993799521e+04
7.567544054058665097e+03
1.457930591727115097e+04
1.332071438152621158e+04
2.172449094750734730e+04
2.772525919597987740e+04
1.181948076875771767e+04
5.365919650243248907e+04
2.265031386181100606e+04
2.161453777445195374e+04
1.175736643309426472e+04
2.833331923238893432e+04
2.771556718210206964e+04
3.119411778076192059e+04
3.478209351649534801e+04
1.346619348488785727e+04
9.141140314171228965e+03
5.242358625455516449e+04
2.767712169340797482e+04
3.703079128537540964e+04
3.410808526348542364e+04
2.303520784191296843e+04
2.969235247238391094e+04
1.972194124550878041e+04
5.278334524675219291e+04
2.824504920209916600e+04
3.196788518298188501e+04
2.899081912062865376e+04
3.423812812872258655e+04
2.224422213143911358e+04
1.185141027473534814e+04
2.749490935593907852e+04
1.581083024018579090e+04
3.130964453398542901e+04
4.632229006960265542e+04
9.215963834797745221e+03
9.469177711753713083e+03
1.391737955787805549e+04
1.379686951776921705e+04
9.443722543497657171e+03
2.670440894370442038e+04
9.366886327980128044e+03
9.360711192839573414e+03
9.871698650377958984e+03
5.269578880417582695e+04
1.225151089338442580e+04
2.954425151174771599e+04
3.120555093921415028e+04
1.326403362956970705e+04
3.240215193126103622e+04
1.213208878860547702e+04
8.444053493302226343e+03
3.124714491283980533e+04
2.675398004329710238e+04
8.892974855736712925e+03
3.116290099788789666e+04
3.055114289301528333e+04
9.056844470840593203e+03
2.361408229770140679e+04
3.006549464407258711e+04
1.006639249690590805e+04
4.623561792160814366e+04
9.599339030118215305e+03
5.486151954779373045e+04
2.943841947516464279e+04
1.168129949864662922e+04
3.495386371930220048e+04
2.896954835005015775e+04
3.096736959391173514e+04
3.401288677081383503e+04
5.344239892073576630e+04
9.381445622660146910e+03
3.232650426458666698e+04
4.265346565144197666e+04
2.329134415345162051e+04
1.700275491857266024e+04
1.062268830334262384e+04
1.057022828449766894e+04
1.065974631063782181e+04
3.115290155847697679e+04
1.075962163388886256e+04
1.450771317641652968e+04
1.245856727080935707e+04
5.343528710612862051e+04
1.142785045886653279e+04
2.732234833454468026e+04
3.270310585767561497e+04
2.569871867718724025e+04
1.323469482027748745e+04
4.368363383267327299e+04
5.021022769810139289e+04
2.957711607575591552e+04
1.170634000682978876e+04
1.269528206684073666e+04
3.266657673210673602e+04
1.098591637597856970e+04
2.991956136660639822e+04
2.814627700472080323e+04
1.254774903157057452e+04
5.057531626550282090e+04
2.800383169754144546e+04
1.229918092064548364e+04
3.189265434868865850e+04
1.793656120271972031e+04
2.460182790997987831e+04
3.960814217187827307e+04
3.168085402041213456e+04
5.606417595154366427e+04
2.841550814405263372e+04
8.789809319856536604e+03
1.303676152488468688e+04
1.295279285740559135e+04
1.402075377735929214e+04
3.293404826753152884e+04
3.131829755858931458e+04
1.174805531543929283e+04
1.144432868634251099e+04
4.840549929390921170e+04
2.884131413333260207e+04
2.797977181790794566e+04
2.145904386102661738e+04
5.292885773081286607e+04
3.185737974691213094e+04
2.886805564469019373e+04
4.788554917501673481e+04
2.454904582918233064e+04
5.494880789562997234e+04
2.725042218355170917e+04
9.165305821193938755e+03
2.347602647322548364e+04
3.301539504048191156e+04
5.537216947365599481e+04
3.662127569625301840e+04
5.919787498316719575e+04
2.245374183843937499e+04
1.028387540659510159e+04
1.161488687139691137e+04
5.392848446365020209e+04
1.241884984869417349e+04
1.033855688125979032e+04
8.353080830552520638e+03
1.196487573901285577e+04
5.260955265866684204e+04
2.514574697448394727e+04
1.281814163997769174e+04
2.908686661201982497e+04
1.353188576388221190e+04
1.478226457965638656e+04
4.993528003811376402e+04
2.936951498542411719e+04
2.533011095294706683e+04
1.659635995801344325e+04
1.100289458701378135e+04
1.078844108341293213e+04
7.073210601494017283e+03
1.195964563568926496e+04
1.379067624652111590e+04
2.075767151593690869e+04
4.792561059735906747e+04
5.028838184463513608e+04
2.623163009879674064e+04
2.697063351547114507e+04
3.182472398847181830e+04
4.937065957934539620e+04
9.073563562610386725e+03
1.052347865588770946e+04
4.809466489592651487e+04
5.522931355232672649e+04
2.750376012926592375e+04
1.704835969878839023e+04
1.400289205899364424e+04
1.295262957490820372e+04
1.602995802107380587e+04
3.118465565389397307e+04
1.072630900798449147e+04
1.465017806001918143e+04
2.681594911381721977e+04
1.063568143424658228e+04
1.040692814307302979e+04
5.083872461334254331e+04
4.678368661984449136e+04
2.851283948861884346e+04
1.251566209968516523e+04
2.528911726163183266e+04
3.274531189530494885e+04
3.242479501537323085e+04
3.263751977538743449e+04
2.764079541277429962e+04
1.207432862564405877e+04
3.357468603431838710e+04
9.825538778965385063e+03
3.126489224658172316e+04
1.284171733775690154e+04
1.114226691161825329e+04
2.748704456046648920e+04
2.801455265507450531e+04
1.570644668900384022e+04
2.495753700312755609e+04
2.791790294414263553e+04
1.125508976745913242e+04
8.942724062982044416e+03
8.789647175221412908e+03
5.270001474797970150e+04
2.901715060158014603e+04
1.184476263899017795e+04
1.364974167036990730e+04
2.234809073399584668e+04
1.509230738459162421e+04
1.126626646228353638e+04
2.643928889217388860e+04
2.383917683153741018e+04
2.659289209972458048e+04
1.125295157548603675e+04
1.886955119777310756e+04
2.400045023110132388e+04
1.321965380111535160e+04
2.771605734698175002e+04
4.313692334014301741e+04
1.462932553942976483e+04
1.290056294735118718e+04
2.361759987490613275e+04
5.291796764033036743e+04
1.026123963245537198e+04
2.761906384648726817e+04
2.302280817353862585e+04
2.222942901369804895e+04
3.061993149517932761e+04
3.307957990415523091e+04
3.035799429930419865e+04
1.431388989394241435e+04
2.552475506322349611e+04
1.129422965717799525e+04
3.161078073670060257e+04
5.017749934700490121e+04
8.173054729282296648e+03
2.448507674539611980e+04
5.132935429682282847e+04
8.108258169933676982e+03
1.127207750249347373e+04
2.498610373426824299e+04
1.156788484398086257e+04
2.698842002968098313e+04
1.069696047387052749e+04
