4.037493906959082324e+01
2.983340654327552244e+01
5.023417131306632655e+01
1.774445204738375992e+01
3.897980372021049078e+01
3.834964655927575450e+01
4.362348190520397395e+01
4.250180399598013992e+01
1.805545958443902776e+01
2.480213692935756598e+01
2.578491034025377004e+01
2.745800567634366374e+01
4.656340383526789140e+01
1.579695641144546236e+01
2.939335538915065626e+01
3.408103834440424862e+01
3.925659376080818674e+01
3.542897932516515880e+01
5.131402376509980456e+01
3.651211102334476521e+01
3.565836995966957090e+01
4.921539859524919791e+01
3.794891952297290771e+01
4.905474732092415735e+01
4.576570535125616601e+01
3.448099933910697246e+01
7.038028678646158198e+01
3.974957292409722243e+01
5.651014540522150753e+01
6.662125884012863253e+01
1.777309940217048023e+01
4.659669420570218534e+01
3.597679679553378662e+01
5.966073035561942817e+01
4.236157281058378743e+01
5.547050807204556122e+01
3.662802098900945680e+01
4.964781149314893582e+01
3.386428729996956122e+01
3.775947852682385530e+01
5.489300970533209778e+01
5.282836920445526374e+01
2.372129313769182701e+01
4.570293044410895789e+01
2.371015813062157562e+01
3.531305356746795354e+01
3.262338530132539915e+01
2.486365554646348031e+01
4.177000995487559720e+01
5.365311213654124600e+01
3.282934828258437676e+01
1.692553185586233511e+01
2.780148906195777769e+01
4.262575261445950048e+01
2.949577880214180325e+01
5.494472237527990899e+01
4.145665037650299922e+01
4.487520898821657056e+01
2.665827504680273918e+01
2.128097876391204579e+01
2.921717100402345579e+01
3.021502701898553767e+01
3.052042072389025051e+01
4.716553449095348327e+01
3.267344066193847851e+01
1.674938208183324662e+01
8.120295143640359470e+01
3.682233029220805065e+01
5.245164866171050733e+01
3.752521545876018649e+01
7.264437651401640039e+01
5.334962120144708564e+01
4.134987671140035559e+01
8.924342646392082656e+01
1.420127459303067319e+01
3.161637064915763062e+01
4.953930282504987304e+01
3.079680903487396293e+01
3.888846011400811875e+01
1.866925028009641707e+01
2.981620347185586795e+01
3.644739582623531504e+01
2.305897429533482068e+01
3.077193634386294363e+01
4.780045201728874815e+01
3.654397596520660585e+01
3.253098798978957973e+01
5.308829895624140249e+01
2.005673601597548483e+01
5.225436742831823977e+01
3.410775412570632881e+01
3.218449133010759766e+01
2.985556112879809021e+01
3.668988509190134550e+01
4.755575541407192475e+01
3.679966349736407238e+01
1.897990531092115418e+01
3.606181625524147449e+01
5.332709738932846477e+01
4.830635219288054572e+01
2.125244128531813814e+01
5.453814025657030129e+01
2.647459675158947690e+01
3.086015088609897816e+01
3.849028476815956878e+01
2.094993369813290940e+01
5.298536088868002736e+01
3.659429959026216750e+01
3.221019842333252114e+01
2.184877144120461168e+01
2.965630718904376550e+01
3.174336289968784541e+01
4.448575337600311030e+01
6.900520058854831973e+01
3.847566598193942156e+01
5.011032902529790078e+01
2.690832904891439270e+01
2.102348286443167069e+01
4.311474143421219907e+01
4.615952379071119793e+01
3.927075981667820770e+01
3.560936153351018874e+01
4.133784361042985012e+01
3.830543788533863392e+01
2.797242622112647936e+01
4.466751800362104063e+01
3.644051331587992593e+01
4.411664016719599601e+01
3.392560171460105067e+01
3.109321545451470570e+01
3.364594392201129125e+01
3.919221899052863023e+01
1.752223523987771969e+01
2.389462500135724454e+01
2.965195407746421807e+01
7.098169774163095269e+01
4.432582593420313088e+01
4.858848235659647230e+01
2.087157435383140225e+01
3.630737936305770575e+01
5.902244656089708741e+01
4.861701342481808297e+01
3.400100360691282475e+01
1.853257892188950606e+01
4.479019180519399868e+01
1.516029033625304301e+01
2.699777684235579756e+01
3.173119106846792192e+01
1.645098300443611450e+01
4.068305861636908816e+01
5.171972410903318007e+01
1.971114338256980503e+01
3.700127582352086364e+01
5.633752753141244085e+01
5.425713666098961596e+01
3.595080779633414636e+01
2.658103307063492693e+01
5.326322445781414672e+01
3.911752452253180223e+01
5.474389036928662478e+01
4.180013216866103676e+01
4.920123119314233406e+01
4.928836434634420272e+01
4.631830445583944567e+01
1.897435988544154384e+01
2.798808460621003746e+01
2.376366916874254187e+01
2.822200489508108134e+01
1.391745937107853237e+01
3.778802489655819841e+01
3.892613533456284358e+01
2.046905268735962480e+01
3.934214075140764777e+01
5.536082716857011832e+01
1.850016581252014802e+01
2.553436034031652824e+01
7.871824103465583278e+01
4.891623224477930876e+01
5.310261493046058945e+01
4.280701152826159017e+01
5.652994250255058972e+01
5.578788113056682363e+01
4.264773868803323609e+01
2.621092911633559197e+01
3.337203222717586470e+01
2.875809757432475422e+01
4.633877955870098475e+01
2.780110910220258091e+01
3.304866356506383340e+01
3.329206825796563862e+01
4.931204336034860347e+01
4.664710217347558796e+01
4.906908413790737455e+01
4.404703744984365699e+01
1.401691201019914423e+01
3.749844808286277242e+01
4.611869475127672047e+01
2.456045200714554255e+01
3.777349378651340572e+01
3.406761364362609612e+01
3.121139683777846585e+01
2.520362199743431830e+01
3.180585282161126770e+01
4.727849003597935962e+01
4.837547850220546053e+01
2.181731315990905529e+01
4.351978138411965347e+01
4.553360640623328237e+01
2.949643188242005110e+01
3.718244381961486056e+01
3.405855706918087833e+01
2.037285401978942545e+01
3.865229375697705194e+01
7.452373567772409046e+01
3.402241764725882689e+01
2.951243403804251031e+01
3.937320669149486463e+01
2.435906783471369508e+01
3.055056442232310232e+01
4.441185074780665332e+01
5.771078921344496138e+01
2.447432767444516699e+01
4.330583430420038127e+01
3.257489125466282331e+01
3.702915045625283597e+01
2.832232058411601017e+01
6.919844434453530369e+01
4.184430988538388618e+01
4.582200721158318402e+01
3.088362149296424874e+01
2.304774270340419307e+01
3.641347728030461184e+01
5.280953834518737722e+01
4.846784083809776433e+01
6.460104278649946252e+01
3.710066079017062890e+01
3.477733804173913512e+01
3.112572591110332709e+01
2.608691527924765907e+01
4.547381898633356201e+01
4.967894035835330158e+01
5.434452806343688280e+01
4.027289061689161542e+01
2.359714503855378354e+01
2.999354373999576140e+01
3.124143583085124476e+01
3.554090191473710547e+01
4.654311173236965260e+01
2.569769292648887316e+01
4.522498046769579361e+01
4.475751799392028119e+01
3.443921041514742143e+01
4.280740463967071463e+01
1.362334862333826102e+01
3.432990580037530748e+01
1.992078579870970501e+01
3.267069802934411626e+01
2.689719408420278057e+01
5.118557920427608821e+01
3.255646320670004457e+01
5.804579137157706015e+01
1.945444158102257504e+01
4.262411823034042158e+01
2.454358380393484396e+01
3.100853017827455460e+01
4.204727920465857238e+01
5.333683388735935438e+01
2.242463070724201302e+01
2.935990096981660358e+01
3.802521226770423368e+01
2.392834227758968169e+01
4.194158753379737448e+01
3.194192763223751186e+01
2.711785874780876782e+01
1.893764560555780463e+01
1.770424631473116861e+01
3.917201595998800201e+01
7.019769770974498613e+01
4.643924423082011543e+01
3.414126002660751169e+01
2.844029828423203909e+01
2.134581930569166630e+01
4.316386513092232491e+01
2.044751635735038420e+01
2.503284409419061163e+01
2.374713429220792449e+01
4.024634333590022806e+01
4.166095000401156057e+01
2.674824133481988397e+01
1.888163085412647391e+01
5.173706189560844138e+01
4.475165488785105339e+01
3.545477526502696719e+01
3.773591178281097314e+01
3.851067488954809903e+01
4.003589514879291045e+01
3.222699719588857192e+01
3.472799051696088668e+01
2.254522864728826903e+01
3.729140929247415670e+01
