1.019238970857249029e+02
7.534115276323944954e+01
7.220238476725263865e+01
1.233323277960520699e+02
1.174364187855624522e+02
7.681120845143441045e+01
6.932449698707758046e+01
1.395002585141424163e+02
9.040329339005872100e+01
1.496386918740462590e+02
1.244947939594544692e+02
1.315382667358620381e+02
1.521743682957187502e+02
1.230027288142023139e+02
6.476090017797905318e+01
1.141487115561784549e+02
1.251459596691437923e+02
1.236831657570877354e+02
1.185410316623174509e+02
1.063488036120085241e+02
8.205993355689905400e+01
9.994736587116925364e+01
3.555317000348921397e+01
1.075077818493748794e+02
1.081630030912999842e+02
9.362854490105726768e+01
1.092874118407094954e+02
1.569007176919915310e+02
1.134769707907724268e+02
9.995021309820782562e+01
9.566719762241376657e+01
1.226881880728009833e+02
1.135790396024978435e+02
6.454881683960213934e+01
1.120932002940655252e+02
9.776809424615603916e+01
1.116902952483990390e+02
1.742011640809208188e+02
1.419506977502754808e+02
1.048892053529536526e+02
1.106808987572650409e+02
9.721592739076825751e+01
1.232123633821473732e+02
1.002731174618501058e+02
7.998354579922440166e+01
1.426331285614854778e+02
9.801600136778475303e+01
8.793876855848399998e+01
8.965002938253905995e+01
1.100461116833662629e+02
1.510082032486851631e+02
1.438930250777734443e+02
1.207084781511866538e+02
1.295628241668059673e+02
8.989840304895318468e+01
1.134387761961735919e+02
1.338043648207887486e+02
1.279135701809979082e+02
1.017347798744725367e+02
1.114978460679267442e+02
7.941730282478739866e+01
1.011309566467417369e+02
1.132188618503663236e+02
7.423052208948281816e+01
1.302431862169213161e+02
1.327324087316554539e+02
1.170485913598899401e+02
1.003755681622641447e+02
9.409287957859345397e+01
1.685976172317886608e+02
9.268299646258201108e+01
1.451597873792875362e+02
1.004678145030679133e+02
6.112386914816071481e+01
1.005923510575185702e+02
6.974439563301308453e+01
1.040779792133938173e+02
1.113370114994097122e+02
1.035093157761521638e+02
1.118304104226122178e+02
9.147613066698787065e+01
1.188369742551556669e+02
1.052606831723829970e+02
1.163065669155482311e+02
1.061322514164798179e+02
6.109947896295975767e+01
1.147276586555056355e+02
1.235202625020777703e+02
7.375422483468106805e+01
1.104567794840397994e+02
1.220989084055169513e+02
6.002903112885731218e+01
8.975244140190883968e+01
9.951903566158016190e+01
1.367298048770182675e+02
1.137516388242260632e+02
9.255022924984382371e+01
1.220751091154732819e+02
9.222562574912625166e+01
1.150405581433052618e+02
9.115364360588831971e+01
8.474927867761383027e+01
1.386605408196186318e+02
1.324325615195570833e+02
7.427506482426852585e+01
1.239584244069237968e+02
1.370104065168726208e+02
1.107945337528249325e+02
1.236660694452408649e+02
1.354654813575236005e+02
9.046719848647481399e+01
7.336693174037488063e+01
1.359604479221758595e+02
7.491586794002743943e+01
1.157120442278708481e+02
1.494522962986328594e+02
9.359513194475459841e+01
9.658323823483509329e+01
1.240815238218595482e+02
8.317701895933852541e+01
1.098912592422152557e+02
6.500748060398808548e+01
1.165971413144580424e+02
9.317667313030548826e+01
1.278934028799492069e+02
1.000559530443782847e+02
1.015411242648164318e+02
1.097789911680121691e+02
1.104752743942028559e+02
1.199350706114901470e+02
1.252859597989405245e+02
1.282246844219010313e+02
1.529449942853425455e+02
1.113707569676441125e+02
1.067162785116704100e+02
8.683380887337268916e+01
1.120989324465210331e+02
1.370895456028798378e+02
1.066211136885104338e+02
1.502085609574391754e+02
1.297553961061569225e+02
1.141188511931121496e+02
9.567503891283269013e+01
1.080004272395899818e+02
1.089667188952424368e+02
8.378368147319123693e+01
8.599696233985748961e+01
8.427678734335911770e+01
1.344490243249981631e+02
1.019548199374661550e+02
1.419002302010786138e+02
1.346517084489292131e+02
9.221241977374747023e+01
1.245407133875426808e+02
1.270850722544102496e+02
9.280952437815852818e+01
1.166265651787451105e+02
1.364629048173868853e+02
1.076183767227270494e+02
9.758712460015591716e+01
1.632416629956099996e+02
9.503084163591481115e+01
7.969383146242627447e+01
5.653202985566343841e+01
6.438533480733786973e+01
1.072857735893808524e+02
9.245645874076015502e+01
7.719673149354123609e+01
1.329567045012735491e+02
9.833642623237756197e+01
1.359184563052281476e+02
1.514858067520463862e+02
1.372162886779614723e+02
8.703175149410607503e+01
1.311350848291642137e+02
1.250020371779370407e+02
8.447884029031447994e+01
9.798961465850466368e+01
1.673428615549756273e+02
7.184762789413437645e+01
1.075517373668165533e+02
1.393162013640580881e+02
8.656966408856509076e+01
1.220911612616745430e+02
1.014280480110320610e+02
1.049385959712669489e+02
1.121581121092173845e+02
1.370248051033779575e+02
4.287635296653706973e+01
1.219771862340641349e+02
1.304426580812376812e+02
8.462974292419346511e+01
6.177668077067269081e+01
8.359654707219115721e+01
1.044197232459708715e+02
1.072742850969722781e+02
1.027381759673839952e+02
1.113520050901640985e+02
1.391288708971903247e+02
1.184388590060549546e+02
1.406074538836499642e+03
1.066060181730315151e+02
8.537740206348634331e+01
8.728032157062077090e+01
1.085782671690148646e+02
8.361573349354593176e+01
1.068208240204828172e+02
1.825865928923509784e+02
9.865330991233678049e+01
1.562816235952947750e+02
7.204294697261295255e+01
1.442078688836004119e+02
1.189398689907049231e+02
1.279018976427865510e+02
1.236034131056653962e+02
1.174998234366760812e+02
8.131050094492755420e+01
1.271928303514150400e+02
1.368631365345184179e+02
8.761265012214694536e+01
1.334149923525797306e+02
1.240011813185101488e+02
7.803124878619374272e+01
8.823897279978849895e+01
1.107174193779645179e+02
7.782920140347077620e+01
8.108380905992781607e+01
1.510764954115542764e+02
1.109476388637012150e+02
1.141639559960319446e+02
1.172803162935924490e+02
6.477805502308004293e+01
1.253249707418023746e+02
6.684168142259252932e+01
1.292291850671088298e+02
9.914182271985269779e+01
1.161074757630999841e+02
9.713597176156953594e+01
8.705820307259347146e+01
8.491894106709381163e+01
1.308059657768298223e+02
1.013916213102571220e+02
1.587953698946171812e+02
7.973688064776979445e+01
1.174833516773405648e+02
1.207276303606536061e+02
7.284973669762125326e+01
1.214962174466581644e+02
7.573285346231008930e+01
9.052998697733247013e+01
1.058398169412075305e+02
9.262411406544288184e+01
1.800942209851629343e+02
1.599121046449247956e+02
1.178920513452164727e+02
8.305859268699039433e+01
1.418405454617001453e+02
1.151085627544664334e+02
8.629967511350450593e+01
1.083322540266415785e+02
1.390685511213590360e+02
9.889377184438291124e+01
1.031761487393558951e+02
8.277445609678488836e+01
7.653208263430893510e+01
8.225182982407099530e+01
1.479461416833255782e+02
6.326999491867018577e+01
1.607921633472523411e+02
1.209603999137029149e+02
9.987361317900294466e+01
1.004500415851831576e+02
9.732551265289869491e+01
1.055854431907299329e+02
9.659995334348008100e+01
7.606938945177962808e+01
1.211928126848427780e+02
8.883043830390622020e+01
6.329299850052328935e+01
7.321925805394657516e+01
7.023685250876039277e+01
9.767256413963826844e+01
1.529010060096856023e+02
9.844685887244931166e+01
1.324836801902114587e+02
1.025971282866289869e+02
1.035931306656829349e+02
7.144883270083607840e+01
9.165028841780666369e+01
1.031795409535670842e+02
1.192199635677638270e+02
6.685692927518934994e+02
1.229450215850246906e+02
1.077399535920883693e+02
1.120151725905606384e+02
1.175924179392128650e+02
1.314888840142335766e+02
1.286775620369649005e+02
1.085093952515518225e+02
9.879501308588504571e+01
