3.531799788651323411e+02
2.321325463458913987e+02
2.620063455626304290e+02
2.913669124401849899e+02
3.791069584615668759e+02
3.636184040134530164e+02
3.211604011031957953e+02
3.639831124007987455e+02
2.561398453125291894e+02
3.834804047527860007e+02
2.956387981181696318e+02
4.151376504633495870e+02
2.988079970522721283e+02
2.494370248479060308e+02
3.458356221646423592e+02
3.565612179733117273e+02
3.449353587152793352e+02
2.648099844356525523e+02
2.859970504506275120e+02
2.394710787658809181e+02
3.635594176375774396e+02
2.716534217566891698e+02
2.749017296778542345e+02
2.972401506483084859e+02
4.818551843880218826e+02
2.738917545712604920e+02
3.828289285132017881e+02
3.564662285750453634e+02
3.322629324863483475e+02
3.197916195272321147e+02
3.183894179611996833e+02
3.288871991284800629e+02
2.964840493079712473e+02
2.966747281340920495e+02
3.449930656495733956e+02
3.435876758022442914e+02
2.880801810643999374e+02
2.881301341606960023e+02
2.662166558333615853e+02
2.895855831494613994e+02
3.556788528674533154e+02
3.140524639118497134e+02
2.675802160881040663e+02
3.437930243981517719e+02
3.152064927655449651e+02
3.687547700493047387e+02
3.047687756385810758e+02
2.731638814325833096e+02
4.376797424051069356e+02
3.133338690719871238e+02
2.836930686535471864e+02
2.822588944615107494e+02
3.775682749312445026e+02
3.030608018211016770e+02
3.575208751255079846e+02
2.785925770996960864e+02
3.123401592725360274e+02
2.726871235305099503e+02
2.616458182088649096e+02
2.513036042351770334e+02
2.841253260880704374e+02
3.951755113596075830e+02
3.540034955061315713e+02
3.489933894545292219e+02
3.392848516503939891e+02
2.939549080521620681e+02
2.791020510596792974e+02
2.954102457799805279e+02
3.752943708781963323e+02
4.218315254547745781e+02
2.809663832665619339e+02
3.515314962812369686e+02
2.957971398940488825e+02
3.173786506488672217e+02
2.994093243425745072e+02
2.982620911190745119e+02
2.762290241355873945e+02
3.580507110190292224e+02
3.078424265369751538e+02
2.570822043162364139e+02
3.114537151350708086e+02
3.154046654721661866e+02
3.533059785458841588e+02
2.722316007965334279e+02
2.709824576881554776e+02
3.334214925563384213e+02
3.222925962115739935e+02
2.676365205261561186e+02
3.194805872628364796e+02
3.115668651841428414e+02
2.897698224582945272e+02
3.180281710966455648e+02
2.924938748686362828e+02
3.053597787024328909e+02
3.249841109263152248e+02
2.548345079031747105e+02
3.670444866180194481e+02
3.191991017084239957e+02
3.823710917725246077e+02
3.016993109763591860e+02
2.766463630953015240e+02
3.112842906128843197e+02
2.788297416865582932e+02
3.701422086205226378e+02
2.740762320404945172e+02
2.588332884446118669e+02
2.604601837525270298e+02
3.453429620908578386e+02
4.289730328187390569e+02
3.359454265739685184e+02
3.287929488512120315e+02
3.080575067667205076e+02
3.656678410288337204e+02
3.567175463288036212e+02
3.623166603554013250e+02
3.649848910257164221e+02
3.142730114229084393e+02
2.303655150589823677e+02
3.861377869975112276e+02
2.839838548059681216e+02
2.404108325494664200e+02
2.911177881650346535e+02
3.159496331145973045e+02
3.215899735503037959e+02
2.650481468975766006e+02
4.184086570279313264e+02
3.436966690793863677e+02
3.408739419988585269e+02
3.758282875590927006e+02
3.373930262896241743e+02
3.985395852922143263e+02
2.829334266635421500e+02
3.035246491303326479e+02
3.470812582981460537e+02
3.266492516794758103e+02
3.443759265499231788e+02
2.870390901345428460e+02
3.704084490173115114e+02
3.121826791505243932e+02
3.419696168408641483e+02
2.337382791423132460e+02
2.737292779188518921e+02
2.211919146746230922e+02
3.702427274436968219e+02
2.715104185171836093e+02
4.571270714863571243e+02
3.357499678883742718e+02
3.060982702839067429e+02
3.128869011199711281e+02
2.931437274282529870e+02
2.868195135004286271e+02
3.052785325366989468e+02
2.190162609321250784e+02
3.120458423140319724e+02
3.156779444847983882e+02
2.971458194477065717e+02
3.106483797740452246e+02
2.764500188650293353e+02
3.302118407644555305e+02
3.875040786116853155e+02
2.688006828696524622e+02
4.455014746477230574e+02
1.933952936592933440e+02
3.472829136413833453e+02
2.821257734046512837e+02
3.384674667643776615e+02
3.001939057587779871e+02
3.320577897265321781e+02
2.568263613793515674e+02
4.018544280758524110e+02
4.299492086813026503e+02
3.471027370791691169e+02
3.406639231321001944e+02
2.839357480625472476e+02
3.101651955475979889e+02
2.978935937012973909e+02
3.439769054292820556e+02
3.579137047824467004e+02
2.481206901232498296e+02
2.945708764051353796e+02
3.284660483068758481e+02
3.619553694631557050e+02
3.269560789496268853e+02
3.078208827475878593e+02
2.658150516786825506e+02
3.070981087079724148e+02
2.902381307213340165e+02
2.200290955374541682e+02
2.919975289731313524e+02
2.310048863072248366e+02
3.285836906711185179e+02
3.327230773793116327e+02
3.249293066282322116e+02
2.816295577621394273e+02
2.759418511517356478e+02
2.395885470901008887e+02
3.165881423374234487e+02
3.071378686371315894e+02
2.760729710336852349e+02
4.370002164781856777e+02
3.019587707139956478e+02
3.783908537174330036e+02
3.171717571985749373e+02
2.987599356962460320e+02
2.599083551839731854e+02
3.602242739097324602e+02
2.996119647759934992e+02
3.166348059372005537e+02
3.546587206124032718e+02
3.243207919971469551e+02
3.091383985608293301e+02
3.077224513675778894e+02
2.936824655936741806e+02
3.010920736744660644e+02
4.067108783013917446e+02
3.690568781699493570e+02
2.778603219636240169e+02
3.021378346899013536e+02
3.942537548404666836e+02
4.240958513778994643e+02
2.961512637310856917e+02
3.700513153665943946e+02
3.109138261437008168e+02
3.402730354238086079e+02
3.828787088110591981e+02
2.562160131190921106e+02
3.003242926026159694e+02
2.543201891479075982e+02
2.723216064147077304e+02
2.684147026938808267e+02
2.596508724144038069e+02
3.743767006345810842e+02
3.121942599369145341e+02
3.596096020767304822e+02
3.149550462803250639e+02
2.486669011919350112e+02
2.933941124637417488e+02
2.490743750104630578e+02
3.497204822753253666e+02
3.372579298360454345e+02
3.087963299944100299e+02
3.529607806051369607e+02
2.288928100827789365e+02
3.000335358946819042e+02
2.818459089679155340e+02
2.746541979484856029e+02
3.119829505623474688e+02
2.670385754136655123e+02
2.698359105747445028e+02
2.851293331320716220e+02
3.092132490675979284e+02
3.212417337274792430e+02
2.365414233441584599e+02
3.777922096356740553e+02
3.949433347311577904e+02
2.580221580584567960e+02
2.498383296704068073e+02
3.052420409701533686e+02
3.251700023539425501e+02
3.112828445868688050e+02
3.654833866002326204e+02
3.229260967473204573e+02
2.673816835650098369e+02
3.284528735294018134e+02
3.324387352951919752e+02
3.048864744140914809e+02
3.153483322347299236e+02
2.703238742944285491e+02
3.384175792421552842e+02
2.600787898328333654e+02
2.416491182847383072e+02
2.903654335033806433e+02
2.914435461496709650e+02
3.033387317937516627e+02
2.280705372222330993e+02
2.961764629080571467e+02
4.139591128596101726e+02
3.069042936016296039e+02
3.671668565250795382e+02
3.323265724153066571e+02
2.818769044290332886e+02
2.978626814003978325e+02
2.694687897168549853e+02
2.553522397565535300e+02
2.775332510429318518e+02
3.611617402650371105e+02
3.614421461434810681e+02
2.243620483167389352e+02
2.864326655787714913e+02
2.969765338424421657e+02
2.890811866186098769e+02
2.767466216402307850e+02
2.389451730431612191e+02
3.050153395574939168e+02
3.537677132702611402e+02
2.770278026997925167e+02
2.528215721251186778e+02
2.625986563422989661e+02
2.022410139905449000e+02
4.283797316970412794e+02
