3.670931848246825524e+01
3.904863589555367298e+01
3.347752904399199281e+01
3.266639448493284448e+01
6.038770709658789571e+01
5.165704771801744499e+01
3.503124622692567414e+01
2.552139771097357368e+01
4.326778835202862439e+01
2.012478222990542065e+01
3.382790852010852944e+01
1.905021694189388981e+01
2.888730658602372614e+01
3.289415283995117534e+01
2.751505614562937652e+01
2.738355966732915903e+01
5.433056154864370768e+01
3.434820841496291166e+01
5.546514949800744176e+01
3.352286183523830942e+01
2.392108996190771109e+01
4.086640188577636223e+01
3.616614260373373213e+01
2.610855827543056051e+01
3.110138327845857731e+01
4.226202211517162510e+01
1.120894371743899001e+02
3.119939974201009747e+01
5.112601964621008932e+01
5.404953134642592261e+01
3.992415845728339718e+01
4.951701327234442118e+01
4.827847536062048306e+01
2.262478541160426815e+01
4.007386597939191120e+01
2.704460996736702327e+01
3.916850997968132475e+01
5.218089341770873091e+01
4.721638246896596058e+01
3.975541813069615671e+01
4.614873830975918878e+01
5.805760648934622736e+01
2.054696288866347587e+01
2.972612392166211848e+01
2.747245612566722173e+01
1.941150782631993366e+01
5.474939823439975584e+01
1.576779041543314186e+01
3.561127069560713920e+01
1.577626326825060588e+01
2.471431704325487644e+01
3.966677005625098928e+01
3.667552206089667521e+01
1.781007933565777890e+01
3.102167419884064969e+01
6.107823502406233729e+01
3.809520971257188648e+01
3.082157807511946146e+01
4.248715193338468765e+01
4.728742244315765930e+01
2.585254549426036874e+01
5.253918097783548546e+01
2.918406700046115532e+01
5.621162190663941516e+01
3.655490511443164081e+01
2.739095201149307002e+01
4.730152518113776949e+01
2.104204243833709143e+01
2.601783704112866502e+01
5.128133708080530084e+01
3.185303466825664032e+01
3.700180680752367124e+01
5.830089773803029374e+01
2.465784306710326490e+01
1.564147843848344976e+01
3.557740797977302805e+01
5.195355365268462577e+01
3.291846989951172020e+01
3.172932375947540606e+01
4.279184991287770856e+01
4.182317183287492668e+01
4.759475080851179030e+01
3.153595832320367975e+01
2.980346677570464919e+01
7.449504193841856647e+01
3.551292757930715283e+01
5.965808237446083240e+01
4.611051397686078701e+01
4.395159533391227313e+01
3.065520587666270202e+01
5.871202471070487405e+01
1.160464891469241167e+01
3.280825157849727702e+01
5.612929784654249232e+01
3.868428935226640419e+01
2.985097673083454950e+01
2.423442884562515687e+01
4.310093682631669765e+01
3.288872198861217555e+01
4.960122887625494315e+01
2.000612182650808890e+01
2.902435251029903540e+01
5.975563683138442173e+01
3.857098686871871251e+01
3.350886658366103177e+01
3.133034873609117454e+01
2.539332595154962391e+01
4.061117684726207955e+01
2.737791577607963944e+01
2.659203983703681473e+01
2.806927968351002534e+01
3.399414626743195100e+01
3.415247280160961196e+01
4.033509042126614474e+01
4.019054367100359570e+01
3.168186320306564951e+01
4.836539456732012354e+01
3.074816762735108711e+01
4.429198418748750754e+01
3.424754038829334490e+01
3.460102222444721320e+01
4.570495949415208514e+01
3.064741832860352488e+01
4.886231337787136653e+01
4.131235288493690661e+01
3.931232787557274833e+01
4.325822969561397713e+01
3.851131525238766073e+01
3.851528568285933574e+01
2.633668249922594384e+01
1.891600255434867250e+01
6.269474092695475065e+01
3.118012698377771486e+01
1.248612954712499459e+02
4.095422903653398805e+01
3.366901270452199668e+01
3.887315781495438927e+01
2.164834758765902478e+01
4.216490008570341530e+01
4.782871563348471966e+01
3.302171782357989969e+02
4.839997862651485150e+01
4.072756543727876988e+01
2.655443959859087499e+01
3.309737059932081849e+01
4.780460695513508540e+01
2.806059004790170874e+01
4.314476179204060458e+01
4.732451257079466700e+01
5.017134057499003319e+01
2.163876706635177527e+01
3.310212615868056218e+01
2.943179620406336383e+01
5.430213824868916106e+01
4.234224857522784902e+01
4.109897888058576143e+01
4.206066197736340939e+01
4.535521218132946331e+01
3.221493803899619479e+01
2.906712651758186183e+01
4.134565961426361014e+01
3.593833482670667223e+01
3.662984118876205031e+01
4.672493337336376840e+01
5.993784654200414508e+01
2.428931491409688093e+01
4.707030239139781713e+01
3.816325189773478144e+01
2.759303284470016493e+01
3.831122992413340000e+01
5.085839029964677138e+01
4.694591108883303576e+01
4.528789473349672789e+01
4.078921842055334679e+01
2.848676124849917812e+01
4.544104779243253489e+01
1.003929742176592868e+02
2.911510583322763424e+01
3.291731830844441475e+01
3.533334532601666211e+01
3.535717721805151115e+01
5.183493341043962488e+01
4.082391871938927608e+01
3.383388664150832170e+01
3.729998561753495068e+01
6.628914861998600827e+01
5.675384207664200886e+01
1.725063457872961692e+01
2.498835457025032625e+01
6.170411250684877302e+01
6.310671027488815099e+01
3.149741144579313001e+01
1.675136419701187762e+01
4.738403875578158875e+01
3.207717944545382238e+01
2.315705575851762887e+01
4.657977888886938445e+01
4.881146829776120910e+01
5.018775595547103308e+01
2.594145155119938906e+01
3.127634719399844698e+01
3.320805936734738850e+01
3.569170429204194761e+01
5.032134735121083935e+01
4.013396515866659087e+01
5.040064261509800048e+01
2.946970533939980541e+01
3.113149804467131432e+01
2.841288524385313252e+01
3.517023963464182401e+01
3.359209170879529438e+01
2.193041742304814790e+01
3.598547452143390757e+01
4.415501242427081507e+01
3.131346731999306243e+01
4.186007776557384119e+01
4.356449878631679695e+01
6.135326237724456888e+01
1.974528671117309386e+02
3.573529969522995486e+01
5.375596306504833422e+01
2.367287245442056332e+01
8.065805109216958613e+01
2.506346658364722302e+01
5.000408733519312676e+01
5.512120057807651818e+01
4.740459136824624409e+01
4.355214347768801986e+01
4.532741301796662015e+01
1.457686992484755351e+01
3.792139049490567970e+01
3.794190924878207483e+01
2.256585356423346056e+01
3.320522848204033295e+01
4.756256640017445392e+01
2.771160203899621521e+01
2.674009758223527555e+01
3.738711658372909596e+01
4.872051879871452229e+01
2.785747474702236204e+01
3.710753461766077521e+01
2.602155145394615587e+01
3.807282316447426496e+01
4.465396924892898056e+01
3.283860834154297237e+01
3.067605592395085523e+01
3.681854707787358905e+01
2.490916883805252979e+01
2.993093889449583500e+01
5.004791938857675149e+01
3.324825630145113564e+01
2.689335553403230605e+01
2.737326662071471617e+01
4.242497338829002018e+01
2.579045146743026962e+01
1.232188123333520302e+01
4.352063830944290856e+01
2.530705325981475795e+01
3.380359765698521812e+01
2.837589078679550525e+01
3.174628040371067428e+01
3.912600462297498183e+01
5.513556872033895928e+01
4.371962255209270864e+01
5.724600907685939433e+01
3.642217043002933963e+01
2.138338486650539494e+01
3.086705527734497068e+01
3.951609578986241189e+01
3.685806017609178298e+01
5.914804870838950279e+01
2.666501371300993029e+01
3.315308305913575992e+01
3.381339654038629305e+01
3.259862501934676970e+01
5.735957600289425784e+01
6.433482797727310754e+01
4.049285395592637116e+01
2.897817655073816212e+01
4.661130977784993945e+01
4.789871514648088180e+01
4.058084218830678225e+01
2.750347473680510646e+01
3.917325921107035924e+01
2.289995475114293555e+01
3.833429037183714172e+01
3.412609940460177427e+01
3.750370152464213902e+01
3.474824579115222178e+01
2.418816751306904322e+01
3.490320219604191010e+01
2.623997767465906250e+01
2.550812258098654084e+01
4.491595542558857801e+01
7.289940868719266120e+01
3.184393741190588401e+01
4.323126763543299944e+01
3.879673448876753383e+01
3.890781153793712122e+01
2.485810977949223854e+01
