5.344225528960523519e+01
7.569171460030516130e+01
5.627427053898630049e+01
4.251989923749997047e+01
5.104613953409398164e+01
1.134978354392931124e+02
6.574756762738262239e+01
6.425318035456209032e+01
4.679076327052359119e+01
6.330316844517504649e+01
9.372118605424621762e+01
8.555172812854758035e+01
6.452622057446528459e+01
6.872508220179119576e+01
7.739512484427061167e+01
5.992980603879266255e+01
4.824563520820569096e+01
6.379763743930466546e+01
1.002206485104488110e+02
7.609534054262343261e+01
5.307370534153816521e+01
7.019755805671714199e+01
4.414351649726012283e+01
6.014115723349556220e+01
1.015434084545851192e+02
6.605847846039763738e+01
7.828240833971224788e+01
9.579496160428062979e+01
6.983662455366321353e+01
6.836996549049767680e+01
7.883689248944696715e+01
6.448830446701526853e+01
6.957752236229066511e+01
8.949090398007463421e+01
5.459913583046149910e+01
5.255835432657440975e+01
6.098048061824436417e+01
9.530743497254815111e+01
6.883780142649123945e+01
5.300106932369124735e+01
8.149338825232878492e+01
7.483952206963472520e+01
4.397545670660472439e+01
4.867855936026592900e+01
7.604058640980096584e+01
6.503340198449798493e+01
8.059884391134490045e+01
9.724510256248808560e+01
5.111348251851803326e+01
8.732804538153864371e+01
6.827246779809667032e+01
7.944200157020318898e+01
3.309343071026692940e+01
3.717381924579199648e+01
6.516340688304812545e+01
2.410993849326373777e+02
4.002732467379590275e+01
8.285948935440308105e+01
3.931885090183055098e+01
6.996272218110598828e+01
4.893932158548886235e+01
5.466086713966723210e+01
7.615736709610956723e+01
8.002073891667613736e+01
5.692796332014142280e+01
1.054773782124224795e+02
6.054873113760888259e+01
7.982322409626833348e+01
6.064062808497568824e+01
7.045814906379948184e+01
7.935721708947846764e+01
5.478697261976846278e+01
4.574172457611162912e+01
9.245667560794279893e+01
7.365305749580275574e+01
5.618830446713040772e+01
3.411422947999150779e+01
6.704041807302678535e+01
7.220075418553422253e+01
7.897760871543385974e+01
8.192502186777383599e+01
6.217565856178254791e+01
7.137778319292822005e+01
4.928400747234531565e+01
6.928709696185393341e+01
5.215472621152635924e+01
5.037385878184076660e+01
5.953271414672591533e+01
6.461744468434747546e+01
5.968264857537261037e+01
6.295260675928686567e+01
3.540583441307413892e+01
6.352340969500689738e+01
8.337780620242818941e+01
8.352783333169995217e+01
9.585812803745469068e+01
5.751858103740347872e+01
8.605985159279909169e+01
5.571335313988591764e+01
8.498750269720933659e+01
8.329508470828051259e+01
6.979412698230095202e+01
5.591831652007034137e+01
1.088470772709793835e+02
6.559826213400252470e+01
8.965403748931663586e+01
7.330167079249882534e+01
6.322583261671959320e+01
6.772517729845048962e+01
7.784790399450817233e+01
5.504006486770987294e+01
6.707359723307007471e+01
6.156711502342592013e+01
5.283422141485245760e+01
5.841141194586126772e+01
6.909353824184189818e+01
7.499097389550622950e+01
6.295178094555704718e+01
5.693361679748042548e+01
4.587408835595992684e+01
4.294493608403595175e+01
8.688544560176750053e+01
7.141670946021653776e+01
6.565247572370317641e+01
7.858258701615017117e+01
5.478786496903453695e+01
8.162230934427253715e+01
4.856388090015418157e+01
6.953305365017332917e+01
4.811685020489100140e+01
4.424366257900670263e+01
9.732656603662537975e+01
4.904503464452537287e+01
6.111107019207506141e+01
9.218215754256907246e+01
6.416718930955444478e+01
6.161322643077107131e+01
4.809253237264390179e+01
6.218334723187536639e+01
7.060267859761923148e+01
6.937506493978223432e+01
9.585700997080162722e+01
6.357637767568628817e+01
6.473053216662709985e+01
6.896954443247142308e+01
7.639802614983912576e+01
6.268590422394387929e+01
8.885246054239736679e+01
8.819077303287997438e+01
8.971804574895304540e+01
6.181754362217241550e+01
6.204148877330720069e+01
8.404162706128518323e+01
4.961982536170900460e+01
4.085009385547358107e+01
7.419948855341488070e+01
1.026025004511807595e+02
4.859339142149488566e+01
8.667455861073163703e+01
4.324950347743671841e+01
5.742082171833673954e+01
7.580835914316655533e+01
5.705903801644325313e+01
7.237570311533127665e+01
5.853120069253924385e+01
8.446917392775111466e+01
6.628653449406887432e+01
6.349206723416708087e+01
8.000978707979616900e+01
5.223728757919765542e+01
5.190901510969435861e+01
4.034635366122257238e+01
7.533052843459965686e+01
5.049930201359664750e+01
7.744411144205679420e+01
4.640048261591938683e+01
5.791591425138457794e+01
8.281742418468212463e+01
7.928611134534057214e+01
5.332809384082540305e+01
9.091384584758338860e+01
8.331790674449597134e+01
6.098214221856341766e+01
6.967917488048094299e+01
7.985413087766059448e+01
7.183908943800784641e+01
8.703529789233164138e+01
6.254588561427308946e+01
6.339067944229842766e+01
1.029101043076725119e+02
8.286049923089537117e+01
9.372197642567515175e+01
3.791948722663349258e+01
7.423076128594193790e+01
7.529826582886801134e+01
6.434272179364818101e+01
8.660971496679684378e+01
5.258225139754532762e+01
6.958260808183536028e+01
4.319011021029825059e+01
8.075845659168504653e+01
8.361554974889232028e+01
8.354315159238279875e+01
7.482744093457331758e+01
6.145976729185273513e+01
4.342431140892320229e+01
3.565658941986843189e+01
4.402991315537753536e+01
7.689469735403793038e+01
8.290940720131796127e+01
5.001864675282651973e+01
5.662417212614417394e+01
4.325574804073798418e+01
5.174462187713339745e+01
5.686534755576651179e+01
6.541110690046893694e+01
5.370975645157089673e+01
5.666376322019973344e+01
5.611842287926577200e+01
6.606586414235151494e+01
3.854582837607672019e+01
5.760930026217577193e+01
4.994209671270282058e+01
5.724142362299427589e+01
5.896715893589912838e+01
1.029417832752479995e+02
4.920020981241293612e+01
4.662915157372685115e+01
8.216380839523147017e+01
5.999334959724383509e+01
1.098202459485299158e+02
5.331726803007661886e+01
7.171956312251339227e+01
5.317291554511673013e+01
7.337931551141657849e+01
7.725645865408988300e+01
5.581687549252800551e+01
5.109213827467208091e+01
6.554119320151342265e+01
4.733286715523104249e+01
6.827504639063475622e+01
1.160003910687099875e+02
6.253259217843909568e+01
8.042397253782264954e+01
5.646181100722364476e+01
6.790399298645712634e+01
6.344955678817854050e+01
8.785250240460867133e+01
6.144453203495984184e+01
8.427759505642779914e+01
4.106902618158216711e+01
6.434712474262747151e+01
7.803662520952575221e+01
7.185936439595873537e+01
9.062485515334162756e+01
6.357789067913503089e+01
5.515698858213807654e+01
7.543313697244076366e+01
7.692464700216847007e+01
4.547823792727821512e+01
6.485860798302792318e+01
5.213999188152094888e+01
8.629956055073103016e+01
5.313073644683289842e+01
9.251144756461110319e+01
6.108858252654092524e+01
6.959086288420284916e+01
7.588551540928347094e+01
6.349870156489220818e+01
6.062833485497578323e+01
6.183936631928560246e+01
5.700717361880678169e+01
6.789143707573808229e+01
6.110621956009395461e+01
5.402382203562434881e+01
3.672767398057074217e+01
4.951107998756196338e+01
7.380695617464627389e+01
5.859904596806729415e+01
7.431715949021214840e+01
5.437126162106196148e+01
6.589241410419066369e+01
6.815183781681103881e+01
9.880246679960717415e+01
8.137123929838166703e+01
5.080166833487623990e+01
7.285347111658811059e+01
6.087309559600986120e+01
6.312348028051245308e+01
1.151451975670627803e+02
6.219036060102266816e+01
8.137952060549444866e+01
8.705043024734420953e+01
7.144454632521771487e+01
6.857273332222919748e+01
6.919097487271457680e+01
5.467956895723521882e+01
5.226294991845300331e+01
5.562701735381035917e+01
5.451379307806808328e+01
