1.416693036982427998e+02
1.545857376467151880e+02
1.396158733243281347e+02
1.275872302993064409e+02
1.120160785329904769e+02
9.068207006300548301e+01
1.511189658975424948e+02
1.107760924442142851e+02
1.470200664659752761e+02
1.348264606164522093e+02
1.462563142991783138e+02
1.195193213411950808e+02
1.189794066321043573e+02
1.622181243879033161e+02
1.227964026564300895e+02
1.395903574404655956e+02
1.238199311605927875e+02
1.403530295550073390e+02
1.204224666627553120e+02
1.042919880822424830e+02
9.266563879834319550e+01
1.104927442978233927e+02
1.405248949008923205e+02
8.409345138012608345e+01
1.144722191174986961e+02
1.409195204151205587e+02
1.318809361662946174e+02
8.745531676391644282e+01
1.164161693851452952e+02
1.098977685581239001e+02
1.752533959525716512e+02
1.217119631960699166e+02
1.396060342279708379e+02
1.262364237262143121e+02
8.520437659997952551e+01
9.863775181684053450e+01
1.194488405016443551e+02
1.036467965998499778e+02
1.324268654170417108e+02
1.357997055468899532e+02
1.265338667796491166e+02
1.016264913506775258e+02
1.512318454626486925e+02
1.676245707227060109e+02
3.653246932078388909e+03
1.454387325639303015e+02
1.219857350248490206e+02
1.082318586590921399e+02
9.130529268134094423e+01
1.524625734566317306e+02
1.428976081808666265e+02
1.036540316484786501e+02
9.157459389026161034e+01
1.313610999226726221e+02
9.140891344974406252e+01
1.450150177348245393e+02
8.577514663424557284e+01
1.201018578375882839e+02
1.024744323052807857e+02
1.132459602727288797e+02
1.256736716066580186e+02
1.157840042202441708e+02
1.535390517722278787e+02
1.255441527187640389e+02
1.383976255322869235e+02
1.152627569214927945e+02
1.093496847495899402e+02
7.506458625682256525e+01
1.236766735123017185e+02
1.357424197198562297e+02
9.929586120416435335e+01
1.155340165450794530e+02
1.173657135072902236e+02
1.135743227534417770e+02
9.833513953126418983e+01
1.166603931942786545e+02
1.130045963471545463e+02
1.052165316337818979e+02
1.073706046432309478e+02
1.427801934274150142e+02
1.258071352047586373e+02
9.245459015015997295e+01
9.736594862921575100e+01
1.344000656595495968e+02
1.417122552696019966e+02
1.554132503948674753e+02
9.661676613580364403e+01
1.287451006511812466e+02
8.702107568956003547e+01
1.712531207702549523e+02
1.123717506758237903e+02
1.232314642992088380e+02
1.591814176315651252e+02
1.241327301225272635e+02
1.176987913875550049e+02
1.376085811773067746e+02
1.115494742379568578e+02
9.391784506299711666e+01
8.315666747958401572e+01
9.496467179119505886e+01
1.299661807363951027e+02
1.014608973088094217e+02
1.282501863565311169e+02
8.537146976987668268e+01
1.298466934145468485e+02
9.718511375891401372e+01
8.017244924558038122e+01
1.304286824045430819e+02
1.648246042000776583e+02
1.281160168859770181e+02
1.323601232572893309e+02
7.253673293440355963e+01
8.539122413887278640e+01
1.091213240876161734e+02
1.107993351167964846e+02
1.256411484902347127e+02
1.491440921974345599e+02
1.003424808901034453e+02
1.175996333187655694e+02
1.293727548805256902e+02
1.351014097322104135e+02
1.208530583503570597e+02
1.177932290144606213e+02
1.388915930914391481e+02
9.920087580477969880e+01
1.248236527792466859e+02
1.160225712274964138e+02
1.050975805687196072e+02
8.768437529094227045e+01
8.766893699339823343e+01
1.112725686160171676e+02
1.280082014367325201e+02
1.062612349902286581e+02
1.105258633976363711e+02
1.261868566263770219e+02
1.539367929833471749e+02
1.169734995378244946e+02
1.354607559977244478e+02
1.166963876537515858e+02
1.156839896840716051e+02
1.127150178895393964e+02
9.679061303366171387e+01
1.279395913544024808e+02
1.012873562419132298e+02
1.018904862933929252e+02
1.041422881385206693e+02
1.099624179009521754e+02
1.442921334613366184e+02
7.070716664782895577e+01
1.139452683701538120e+02
1.140837138604016019e+02
8.778130391530844179e+01
1.388177217475225689e+02
8.667130334271608660e+01
1.269482038887710615e+02
1.580958123889334956e+02
1.021239883648595566e+02
1.016291056211552757e+02
1.350117857859374624e+02
1.299917072321649414e+02
1.178967138636117085e+02
1.364853264162807989e+02
9.863861116179035093e+01
1.145215151855703652e+02
7.599161834465529353e+01
1.530894759406615151e+02
7.791244979547062144e+01
1.184182468624115074e+02
1.076001515764324097e+02
1.887676416550010003e+02
1.068667090490322664e+02
9.769261872933692814e+01
1.087092350099279656e+02
1.189538257965367194e+02
1.262725376466902958e+02
1.199281845018647346e+02
9.955289418600465012e+01
1.174670898858137349e+02
1.123154772171578628e+02
1.027302644156335560e+02
1.123706799858038750e+02
1.146971402663378115e+02
1.065227835276292012e+02
1.863307189687735388e+02
1.526004183634099434e+02
1.187132325481010753e+02
1.467873916061000159e+02
1.392226485007359997e+02
1.084736019791256467e+02
9.988883807584203112e+01
1.633267464467453465e+02
9.088816312455251989e+01
1.316905211719269460e+02
1.299569987054979094e+02
1.567084225632924301e+02
1.203783360850650723e+02
2.634033885871243115e+02
8.366764699086073165e+01
1.368825789325805147e+02
1.667962019722374691e+02
1.038730692417825452e+02
1.315741282662785352e+02
9.320353947536304418e+01
1.511594854141290796e+02
1.115881485288778663e+02
9.489434152886960305e+01
1.319515860153791209e+02
9.764615091198228924e+01
1.023793934913843060e+02
1.031197370130130651e+02
8.333204166374780186e+01
1.130607300722418387e+02
1.271321878136419627e+02
1.298739841903298213e+02
1.356307923674264941e+02
1.147556259641550724e+02
1.021383098272033436e+02
9.338978099691742329e+01
1.505015277824300028e+02
1.260375189149601169e+02
8.673685448707334444e+01
1.155459996837138732e+02
1.501024310072320418e+02
1.323824141654947084e+02
1.394876036147093430e+02
1.165088997300955356e+02
1.050074008856378782e+02
1.013769092181975395e+02
1.322919628305901938e+02
1.380218689977376130e+02
1.293727049006501773e+02
1.263732044074348124e+02
8.054827299412852426e+01
1.000515962684818163e+02
1.068489659031433803e+02
1.142101602410589578e+02
1.094927105352304153e+02
1.095536248511573092e+02
1.113862243800998186e+02
2.262712683191290068e+02
9.628632506224116128e+01
1.052031817453897844e+02
1.360534243610937608e+02
1.104324339827003314e+02
7.945065045068916731e+01
1.084113399913921967e+02
1.784559711359876530e+02
7.887468864312310757e+01
1.223844837281246782e+02
1.276311959789008625e+02
1.241928150050063806e+02
1.411452783191631113e+02
1.220140215449212917e+02
1.268073642031940693e+02
1.201949918225544991e+02
1.191354587280450943e+02
1.158653946684611924e+02
1.012084300185526047e+02
9.677371383112091507e+01
1.371935103533998586e+02
1.069922325146348356e+02
1.061687032386092540e+02
1.178736107317148054e+02
1.036547465338580167e+02
1.254103669107295502e+02
8.256633368576356702e+01
1.000968445690545963e+02
7.675362644560388503e+01
9.547567467787679618e+01
9.569468363831451541e+01
1.670745197340496304e+02
1.146419002533804843e+02
1.398237341587392848e+02
1.009285469472827970e+02
9.386829103453217726e+01
1.145182819152708333e+02
1.331869227801412592e+02
1.146680291699738490e+02
1.139834538007307287e+02
1.961271724059942301e+02
1.547449965383276549e+02
1.213473155035818536e+02
1.170107840951057199e+02
7.708113334305610920e+01
7.676466186872792719e+01
1.058617142418897146e+02
1.398373533648391174e+02
9.246326272193091711e+01
1.107036905694942845e+02
1.642712787552802638e+02
7.976375096396563436e+01
9.429930039451222967e+01
1.153749780835485410e+02
7.893940134978288370e+01
1.114219464134213098e+02
1.052464295706178348e+02
1.061453541719905473e+02
1.054472405914536495e+02
1.294672445680051851e+02
1.397664653942538848e+02
