1.940832911801329175e+01
4.711931514381743824e+01
5.218531016756798380e+01
2.417932957810621986e+01
2.637499206413706077e+01
1.833003537964997065e+01
3.098085227279561948e+01
3.466582231549351434e+01
2.359876155129739317e+01
5.019728769104167299e+01
3.228031382894567969e+01
2.804613393171436186e+01
3.341713064792077859e+01
2.973319453061071727e+01
5.290218523420868735e+01
2.760147709895834467e+01
2.826823101649430470e+01
4.307475290433422543e+01
2.151294949194473105e+01
1.044229370289484038e+01
2.894978620125657898e+01
3.307858634356254868e+01
5.147011476906606475e+01
6.034188338358588766e+01
2.003291090463661561e+01
3.932311400455147776e+01
3.411213969193994444e+01
4.561879941865046106e+01
3.647473485791036296e+01
2.458099112146033605e+01
2.203943245462398437e+01
4.028286383544784144e+01
2.891933827691208592e+01
4.783701230322908060e+01
3.800085880039672759e+01
4.072824652651346611e+01
3.495477245975553160e+01
1.723429298618891536e+01
4.520617906806977970e+01
3.973746304000296448e+01
4.364365823928311272e+01
1.962213577512733309e+01
3.618904361546580617e+01
2.697733951409016484e+01
4.103639433681556170e+01
3.825667493396823460e+01
3.611030466308362463e+01
3.240164468160109124e+01
1.407494437770602680e+01
3.395882282663431795e+01
2.763408446120192252e+01
1.003317420966198092e+01
3.338341507066417790e+01
1.185895367445878534e+01
1.997825910968448326e+01
2.248003059629690625e+01
2.635345722750197339e+01
2.327962183789658468e+01
2.491386474522348848e+01
3.152610661649143964e+01
3.495494031369035071e+01
2.383080980313138753e+01
3.895260994873427052e+01
1.318152203813717094e+01
1.987079456719642678e+01
2.881615189279030176e+01
3.066918954707761102e+01
1.458876781511473908e+01
4.286584939732193789e+01
4.905508020358049492e+01
2.904403320100278663e+01
2.967706076287486994e+01
3.050053372896624637e+01
5.044893081825820502e+01
5.338163954335639261e+01
2.444578258396791171e+01
3.626173925365144157e+01
2.064630497156018052e+01
4.170127285811793172e+01
3.122252974647940960e+01
1.416030370242139824e+01
4.817487666977233118e+01
3.986884483898264619e+01
5.105800629251250911e+01
2.602840466854067714e+01
2.651262209708546891e+01
1.992092141791734861e+01
3.572429496725325038e+01
1.960488270045586034e+01
5.751442155964880243e+01
2.577199261558780918e+01
2.774135807129550813e+01
1.623125140061609528e+01
3.765553737356170672e+01
2.905771748470528237e+01
2.844206931917999626e+01
2.302820607786081197e+01
3.153174272032226710e+01
3.064623324922651904e+01
2.073003684101280442e+01
3.432925384500188670e+01
1.473335170192648391e+01
3.093891888310832528e+01
4.804653036728629445e+01
2.111985296743982943e+01
4.613166568754273555e+01
2.182048105951680128e+01
2.924331260078607997e+01
3.217965764222199709e+01
2.062114010624307880e+01
1.739017143030986290e+01
2.014637918410915773e+01
3.190229705123655535e+01
2.282766627524137348e+01
3.432180424447470557e+01
1.270280001014167048e+01
1.313409133796395878e+01
1.100619654873052333e+01
2.714072760022489561e+01
1.807804375138989528e+01
3.690710603731250217e+01
2.218597549704286820e+01
3.450851660698797474e+01
3.845029360436151222e+01
1.498329912073152492e+01
3.541362563140332753e+01
6.491831963756615664e+01
2.621153829328876128e+01
2.129053598785834822e+01
3.029036830139342129e+01
1.656335877027837356e+01
4.418635600052639489e+01
2.083547410315204829e+01
2.383672904600275899e+01
2.757561126400682383e+01
2.513432897610627137e+01
7.750209176397345523e+00
1.121383688353314945e+01
1.760991395246875513e+01
7.102096931629388621e+01
2.799603886159047761e+01
3.121400246932497780e+01
2.601513906222835359e+01
2.526699021124462874e+01
3.870286539307575424e+01
1.306844563397596026e+01
2.530165718990183521e+01
2.486697966184761910e+01
3.336445580907088981e+01
1.631763350384359867e+01
2.364139885889060722e+01
1.896231816500946010e+01
4.247513273800490907e+01
2.701157851140997934e+01
3.278066686937235374e+01
3.308740859496665365e+01
1.971846852317684196e+01
3.615447876192624221e+01
1.732825667067026387e+01
2.765208068343665815e+01
2.508728130625120301e+01
2.645689128398426249e+01
2.203294480260586141e+01
1.754522835355112420e+01
1.451331300575395211e+01
2.187159093967580858e+01
3.476761717067121538e+01
5.101381994437164025e+01
1.712305842901720965e+01
2.248653294225325183e+01
1.460519845056708910e+01
4.228241167605335704e+01
5.292455262563594687e+01
1.664539656964518244e+01
1.806704619093670416e+01
2.621808941971452711e+01
3.028500063634050932e+01
2.518573973930431720e+01
2.894438502712486638e+01
3.080113426782342856e+01
3.618372930578002666e+01
1.717991174319047332e+01
4.168083731354557386e+01
5.039002014276795194e+01
4.713254568053393001e+01
3.098102297076584222e+01
2.215338816669441613e+01
1.754792920847992832e+01
3.749454599862674087e+01
2.955546151409522082e+01
3.672552375926045443e+01
2.013983661783521839e+01
3.615948402629511094e+01
2.828356623637571943e+01
1.960222264155654415e+01
1.253171955825174777e+01
4.356571721177540724e+01
2.286674060348894599e+01
2.958876720863034393e+01
2.738612890646270515e+01
1.364350412378212951e+01
3.986408096930554734e+01
2.116047381351733847e+01
3.261943069893806779e+01
3.907677324762759241e+01
3.841658258216875765e+01
2.758516330552112805e+01
4.746908492601514951e+01
1.955334367179530730e+01
3.845345194600998440e+01
3.906598353778941402e+01
3.559918882497906623e+01
2.201220380854069347e+01
1.971733103084297767e+01
2.451096059077794820e+01
2.005003996194382410e+01
2.373369087353944451e+01
2.093518506931129863e+01
2.139201329703445609e+01
3.495243847575888196e+01
2.950775109477563873e+01
2.178585762606804366e+01
2.775179544996129266e+01
3.749856392610332989e+01
4.998813235234228358e+01
2.120189945706514933e+01
2.397155355688569145e+01
3.381354118666141773e+01
3.336814770550707721e+01
2.746030678872221742e+01
1.055069754706321028e+01
1.486615180178701401e+01
3.638486970254894715e+01
2.372309851738797093e+01
2.812444420410517409e+01
3.032070863250394765e+01
2.262378203362566609e+01
2.016091278507322926e+01
4.211115330009583602e+01
3.228555266228019605e+01
1.557164716730930820e+01
2.084072879228769537e+01
5.750025067603158391e+01
2.093564001838386446e+01
3.773906362712709495e+01
4.318816515570627246e+01
4.346180648592526552e+01
3.001562816717873261e+01
1.637123569850274052e+01
2.353574488274403009e+01
2.911279694667222628e+01
1.924066850300294007e+01
2.579029961363474399e+01
1.863737288811258352e+01
3.804340074800399663e+01
4.271095732384492294e+01
3.097215229600139708e+01
2.214149269827003152e+01
3.003071321418516604e+01
2.173811159814652072e+01
3.130429648863913883e+01
2.457902245651429851e+01
4.926294152072943433e+01
1.290077472986305906e+01
1.848460702977173042e+01
3.507112134697369044e+01
3.241443139708224663e+01
2.786808564715889958e+01
4.085336445601306821e+01
3.624945957565663690e+01
4.135850375157044567e+01
1.695231945312290023e+01
1.888119874507256668e+01
4.544461900332430560e+01
2.401197144357752933e+01
2.228410604310281684e+01
2.615586440610837826e+01
2.912944881783862527e+01
2.933316623131558742e+01
2.381437439014873192e+01
2.868660633218246758e+01
3.185505436525464162e+01
3.094226066481263260e+01
2.045896175653679805e+01
2.878823238259296957e+01
3.455219534244248791e+01
3.559297036026732286e+01
1.646574301857817346e+01
4.406139915946108232e+01
1.887081188533883847e+01
2.407684154808521271e+01
2.364044757267192409e+01
5.019809291473542601e+01
1.004281375355710004e+01
3.260133676531927449e+01
3.996032466992451049e+01
2.015300397665486543e+01
3.093246546626541615e+01
3.115693706094348059e+01
4.502990842811402672e+01
