4.351627896440970034e+01
7.663877363319805625e+01
5.132639993867910277e+01
1.412993965102652361e+01
5.039653099007058756e+01
4.078297052868178696e+01
5.191979932757264748e+01
5.633237434094613150e+01
6.151876092175324828e+01
3.963835899112076788e+01
4.320487354927062285e+01
5.210881680145975281e+01
4.760157679365278938e+01
6.474159355742806099e+01
6.252191784264646657e+01
2.585350249184524785e+01
3.745528329984269078e+01
8.495963202149218318e+01
5.486826567511842967e+01
3.369351461444999529e+01
3.301231921958245152e+01
4.943362421990673994e+01
4.831730770292745802e+01
3.831289711407804077e+01
4.678877640386247094e+01
7.341867028224130820e+01
5.470966676181159727e+01
5.629637580621938753e+01
5.444258474368272971e+01
8.074268501773616435e+01
5.446666140407904066e+01
5.468366275561747614e+01
3.705131801554672677e+01
5.993853439532782090e+01
6.538913708824945559e+01
4.754819333672315906e+01
2.890195163402929168e+01
3.131372040474747109e+01
5.049467840561924703e+01
4.464904336553102127e+01
7.775414278862585604e+01
4.028482544205251514e+01
5.997832731720739474e+01
3.967549949607412429e+01
5.951388946866016738e+01
3.975759964118461198e+01
4.995707755870135003e+01
5.650730999831152701e+01
5.860462248853881562e+01
5.035445282517854793e+01
5.300549556665227158e+01
2.796160035140227151e+01
5.269821793849454394e+01
5.713594604872990601e+01
4.301702226339133972e+01
4.298549183747183378e+01
5.977693145816607512e+01
4.634549355158723216e+01
3.705904785031700044e+01
3.119553733436719156e+01
2.434280395496064742e+01
3.493586327881298814e+01
5.578234341732849799e+01
3.833137449231303862e+01
4.021051208322935366e+01
5.414931029857797995e+01
3.479904999782128527e+01
3.795274101180572757e+01
4.014258079252098810e+01
4.115601570553282329e+01
5.609492435856464709e+01
5.279326601845338018e+01
3.075506555780998141e+01
5.073078617560457104e+01
6.156449838982662470e+01
3.250779499405521733e+01
4.708232903194131325e+01
4.263170185234297094e+01
2.707659496758155626e+01
3.530755124724058902e+01
4.705109810452596264e+01
2.859304967062695368e+01
1.953637560566603426e+01
3.063786499622056780e+01
4.136063348547224194e+01
2.876413075622572180e+01
3.379846539539549610e+01
3.680217327904350810e+01
4.445904689822226175e+01
4.546740173729666878e+01
2.980330382742879181e+01
4.922412280237804083e+01
2.832323514960012290e+01
2.339372912517639946e+01
4.544867168053526285e+01
2.929819050057427532e+01
3.119893891621182647e+01
2.422064192719055953e+01
3.913341064544349024e+01
3.275580819904980245e+01
4.017396547770333370e+01
5.696568811641851227e+01
5.228258087456963210e+01
2.079771659683605023e+01
7.416175245774822145e+01
5.317497904725644986e+01
1.347487849399791173e+02
4.654214004391160842e+01
5.177738645785333205e+01
7.680389463766231017e+01
2.668629862164936029e+01
4.196346567221193880e+01
4.065119142535814944e+01
1.979966570601845177e+01
3.006793486521890557e+01
6.132609383421637972e+01
2.174886686629908894e+01
3.008567574402380984e+01
3.506725261613943445e+01
4.303167224576009886e+01
5.191063979304573195e+01
6.832592062478138928e+01
3.504285156498347931e+01
2.467269305731975493e+01
2.505672809987829908e+01
5.279484283327389704e+01
4.544856842176785960e+01
3.993097284475597775e+01
2.117028966249912614e+01
3.157802027709397663e+01
5.955212365022765653e+01
2.653223952150437626e+01
6.710047618692861704e+01
3.514549434216783652e+01
5.766433300308489862e+01
4.137575541816223534e+01
3.248289983328619002e+01
5.861607377999163759e+01
4.491562222273122984e+01
2.796609998113902407e+01
2.993897595134916045e+01
5.627571226460583631e+01
5.787144176496960313e+01
8.012209587306303149e+01
4.582986421518619835e+01
4.000811446521780823e+01
5.023227081394318105e+01
4.051909522682406362e+01
6.124967467137608423e+01
5.968667910078782768e+01
6.110796478112558106e+01
3.324459029273880617e+01
1.828615789068046737e+01
5.200471592273771648e+01
3.482216196908674277e+01
2.160608782200128175e+01
2.976798158943203276e+01
4.172462075359492673e+01
3.845318500066005640e+01
8.303545743618424524e+01
2.451963311614652241e+01
5.223994814571391032e+01
4.860774701617884119e+01
4.333636983460412040e+01
4.657569970462237308e+01
4.665208320354282279e+01
8.641988574194313344e+01
3.876103658010407571e+01
1.904035055315351954e+01
3.713068348807473029e+01
6.080623920077168520e+01
8.073493192121162565e+01
1.854229888724865205e+01
4.366234128575468532e+01
2.881054562369907757e+01
5.604467026355142423e+01
3.482620677626002248e+01
4.511684060481332637e+01
5.859999667045861571e+01
3.664001907238328215e+01
4.945771312857038282e+01
3.566105105403690345e+01
6.620799478549284345e+01
4.260840262818776125e+01
5.725539592356110319e+01
2.716158047647349250e+01
3.073253984258284888e+01
3.517803341021689789e+01
4.879277640094316837e+01
4.589358966404196138e+01
5.424109534713468861e+01
3.262327816332037855e+01
5.746305127468881579e+01
5.532540057558009039e+01
3.915798322925994768e+01
3.886927567929352278e+01
5.208052557867250698e+01
3.891224745655608075e+01
2.623466192240072914e+01
5.294330399693834011e+01
4.877317766461750637e+01
5.588003791377001761e+01
2.791102464080081802e+01
3.507898950481939693e+01
4.640662987348945734e+01
6.148473110755002580e+01
2.526940225923420158e+01
2.560841271734107494e+01
6.278276697289933850e+01
2.540723446021610243e+01
4.900393146115954579e+01
4.174098740376283700e+01
2.751016775835539008e+01
7.192454703807268857e+01
3.103192184987226554e+01
6.358356993011210534e+01
7.290996230481636076e+01
3.971134347648277441e+01
4.098394533401613415e+01
5.708864332265570596e+01
2.706083780306375530e+01
4.694465908103909868e+01
5.398533188560956830e+01
5.842601541821524336e+01
5.865681056498144841e+01
5.510565842962106586e+01
4.220448033387496878e+01
5.638215375663276774e+01
5.454753769004121722e+01
2.476306715742838094e+01
3.579067866773678475e+01
3.234539829674669420e+01
5.000888572756282713e+01
4.688635888198400892e+01
4.938169100591886007e+01
5.323708899950109696e+01
6.787495905802791185e+01
3.535014452247146721e+01
7.570422735487764498e+01
6.801006617125322862e+01
4.363623356288741206e+01
3.967494949634237855e+01
5.803931365221161087e+01
8.647835634454210663e+01
4.587570304011228473e+01
4.997458962521620407e+01
5.484258987009414454e+01
6.001150654351491909e+01
3.169159891840554621e+01
4.040729994291901050e+01
4.885104669190517512e+01
4.137425219655109032e+01
7.857953870801652840e+01
3.650583372686280370e+01
4.553155051097649419e+01
4.093601270915858947e+01
4.896157150689977300e+01
5.092653187348862787e+01
4.300270000740012932e+01
6.981621938998854660e+01
6.335484044961106065e+01
4.644631186713742466e+01
2.542583287742590770e+01
6.406076732970767296e+01
4.265523733061282741e+01
3.957824843327676945e+01
4.802083108181615501e+01
4.686630362629193769e+01
3.161927657172875783e+01
3.448187769705079120e+01
4.655464458361115021e+01
3.625109496538863141e+01
6.391570692446482127e+01
3.204535196526963858e+01
6.812329249478848681e+01
2.567937289963770908e+01
3.398272615035319433e+01
3.465606973283275494e+01
3.733664021386886134e+01
3.822729822644680553e+01
6.934452742759897603e+01
4.724526843286434286e+01
4.474827719004655080e+01
7.458650517969174132e+01
3.603639416374379323e+01
1.528206769069060478e+01
3.851172176499224520e+01
3.122399311512104347e+01
6.771908736040914789e+01
3.801573514510737084e+01
3.278926714961868782e+01
2.986157623014652529e+01
3.160150151851499700e+01
6.262696042161722687e+01
5.919626389473889816e+01
5.442086342475614913e+01
4.828996676634967855e+01
4.126340716291343114e+01
3.609943569980640632e+01
3.944041593054272710e+01
