2.308288040069444946e+01
1.957752534153951984e+01
3.814840001743225173e+01
1.794618789270495540e+01
4.160508492674644287e+01
2.156562258667666754e+01
4.181403643695810501e+01
3.207270545011221685e+01
3.280294836448985052e+01
2.658591193908621975e+01
4.593946698813012830e+01
2.062621469994707724e+01
2.851699389987872024e+01
3.300613328494517873e+01
2.411718152666511017e+01
1.777262095480677218e+01
3.163415029496768582e+01
4.194429163901676816e+01
4.063457096317650752e+01
2.062496966902879336e+01
2.584507244982359353e+01
3.125373594865189020e+01
4.012373653984320043e+01
3.790144410503985029e+01
1.480495265634911739e+01
2.891280544025179466e+01
3.205722279641587136e+01
3.353528903900730285e+01
5.113443426559702942e+01
5.118227499674598135e+01
4.094166438847717870e+01
3.687831883967545110e+01
3.646828513949855477e+01
3.024404126577888263e+01
3.405347265168672521e+01
4.145531760469042837e+01
1.492323806014336895e+01
3.145320537516218096e+01
3.546620125982749983e+01
2.738235519000769713e+01
3.402114712216657466e+01
1.769851869984835702e+01
3.904571884865262632e+01
6.411019037964857148e+01
2.864245647734570710e+01
2.675258218277220834e+01
3.885253443754210423e+01
1.090507406377895983e+01
1.720344200293400760e+01
2.684220049551178278e+01
3.013166149376267455e+01
4.149492199795266600e+01
2.601663979478746924e+01
3.585994903441732617e+01
3.566642576641550022e+01
4.982240465265999774e+01
1.987686743149335911e+01
2.983068334240641306e+01
2.911289566966296860e+01
2.903592558508099941e+01
2.148204563662258337e+01
2.757727914064443908e+01
5.038802455306043981e+01
3.248077298318968076e+01
1.832671726277241220e+01
5.282763988009104139e+01
5.395561469965285539e+01
2.250546340983976634e+01
4.123301502837480825e+01
3.294242309962554316e+01
3.995872484958420046e+01
2.961334491388242185e+01
1.885764051436242283e+01
3.499249967253811633e+01
4.791679799681084972e+01
3.041000200821854094e+01
1.566220459973219548e+01
2.429359162250502990e+01
4.030039679219052573e+01
1.932057980478175452e+01
2.626654794514426072e+01
2.129527240880034711e+01
1.580815858807959273e+01
2.711601443798116051e+01
2.447914492279207010e+01
1.721101759304336198e+01
3.257659968849005594e+01
4.311805156444804510e+01
2.438200601377183219e+01
3.794300647632053369e+01
2.894277617380161516e+01
2.544411268124181547e+01
1.910087943020477752e+01
2.494532216377022849e+01
2.742224140477504690e+01
3.774051837734772619e+01
3.644632007803158302e+01
4.224795074881811985e+01
1.057833448734690407e+01
5.803930725769337329e+01
2.506935506059891594e+01
4.318442546646808466e+01
2.486020667900068659e+01
4.009364507994158799e+01
2.597754730672884804e+01
3.162331038090316682e+01
3.125578603591008786e+01
1.619426274834937018e+01
5.294824767631617846e+01
2.620680746864197275e+01
2.991994054715773999e+01
3.875058227378004005e+01
2.818014536656897207e+01
8.813363395055779037e+00
3.754774541254348463e+01
5.452836156090948094e+01
5.047816993672907415e+01
3.589445216540076444e+01
2.659593992563110376e+01
2.557325572902608357e+01
3.715036166982235244e+01
3.164569291476644608e+01
1.601108900380810596e+01
2.254448154809131921e+01
4.634681970917704774e+01
2.967032907051444823e+01
1.736168568486677444e+01
4.482305720787488923e+01
1.924485986073868915e+01
3.628999024102739668e+01
3.068652785915399761e+01
3.504885394859969239e+01
3.659737796350574257e+01
3.594005790789776000e+01
3.816597177064277702e+01
4.136493316605503168e+01
3.499199908975578666e+01
3.341402923884957943e+01
2.283653067311589879e+01
1.588131261948130302e+01
7.984308192226079903e+00
2.651344134627960258e+01
5.057161617510291052e+01
1.919677407271899838e+01
3.644646367425149691e+01
2.303838108530840501e+01
2.746522513795211395e+01
3.346411733825714663e+01
1.450484548969564713e+01
2.779380387501094063e+01
2.653397754392873864e+01
1.494446115675701492e+01
3.493001096730472455e+01
3.754498492154220202e+01
2.029553706998409979e+01
2.015876350510833603e+01
2.072831234005751710e+01
4.091876987184301839e+01
2.422612312610887741e+01
2.363038310326380298e+01
4.442804992138702858e+01
1.967303739292467313e+01
2.732814431848685999e+01
2.304716664380087110e+01
2.624778516725939781e+01
1.239030676425231725e+01
1.884527333108838221e+01
2.968245125960611119e+01
2.093921567923214866e+01
3.095979532576271609e+01
1.330015822313995244e+01
2.677574881208615309e+01
6.419626767457705796e+01
2.096304684538341334e+01
1.726887505440107162e+01
1.880067730796021763e+01
3.438039641391385004e+01
3.088239161605046945e+01
9.873328920280998844e+00
3.130234749201348166e+01
3.695745119111194299e+01
1.569988405134721532e+01
2.979875023284337772e+02
3.146381353230739109e+01
6.558806838346757040e+00
1.524970843826061717e+01
1.887862938774112820e+01
2.049333196796503032e+01
2.687185768829798960e+01
1.265690455282687488e+01
3.702929009503039737e+01
2.960501865223426421e+01
3.680496868483984940e+01
2.056437966167461084e+01
2.447001119593155138e+01
1.221244118207778406e+01
1.612487207568761249e+01
2.278284055505658401e+01
6.499115910166771926e+00
3.683331853947567680e+01
8.437485840329648212e+00
1.774135372778463449e+01
5.882270773157866728e+01
2.289282422205130629e+01
2.652617981885455123e+01
1.834223161708240823e+01
1.611347042411487962e+01
4.579060544649696141e+01
4.063473350748149926e+01
3.517769499641920561e+01
3.317561883455169180e+01
2.161383963019730103e+01
4.623140452942134004e+01
1.422116013153430636e+01
2.971617489796139111e+01
2.631870396067214557e+01
3.686188824091799177e+01
4.188044636830898071e+01
3.106609904805290512e+01
2.446067081212453687e+01
3.806216613731798759e+01
4.925995816327849752e+01
1.555210834609335713e+01
3.845257496087710081e+01
3.478935195126442892e+01
3.375598786192725953e+01
2.125707306834850030e+01
4.114752695594326326e+01
2.031279922297639118e+01
1.972354803741511731e+01
3.057949273789283851e+01
3.339934218844938840e+01
3.497427368188211716e+01
3.105197549616858410e+01
9.147295511705719306e+00
2.017393530963616399e+01
3.022931160758982827e+01
4.817100895985087305e+01
3.062275683329622922e+01
1.344009110599455603e+01
2.476454890938774511e+01
3.438114919670240965e+01
3.874112579276750523e+01
2.980089163484663928e+01
3.169017318232628000e+01
1.489891271645794468e+01
2.332673149632734777e+01
2.426814756926945904e+01
2.006985485299258798e+01
1.192175543138550076e+01
1.955761259405116093e+01
4.390357761951423754e+01
3.105364902650182302e+01
3.329731820385517693e+01
4.551576333388497630e+01
2.393248851520266385e+01
2.384745541743805219e+01
1.898196080320211010e+01
4.369549249815884195e+01
2.924463310275915617e+01
2.840492517253994365e+01
3.312467156400645507e+01
2.349167385104365025e+01
3.662857991429880400e+01
1.957922880311193481e+01
3.148592901511861086e+01
2.119337095104796731e+01
4.061918302669134562e+01
4.309957389521426308e+01
1.549394042567860907e+01
2.950297895607565835e+01
2.507224731370567383e+01
3.988377808706158589e+01
3.313428776072240822e+01
2.445832180082301832e+01
2.821892517684564439e+01
1.806848675930129744e+01
2.906211270027957383e+01
2.887321159583397900e+01
1.479762927080926538e+01
9.966567334375424636e+00
2.264397131743461955e+01
2.474364498108529631e+01
3.697739877077489723e+01
2.932549951167491997e+01
2.131397511796579280e+01
2.177506221791411178e+01
2.921925639808183206e+01
7.262740615436268854e+01
4.185613237520674090e+01
2.279738291331281630e+01
3.855012969740185014e+01
2.079766149725772095e+01
4.685619216528338882e+01
3.180492231511599499e+01
3.216019554893252064e+01
3.621651268401842572e+01
2.168859484377445668e+01
3.721105873184822599e+01
2.067399603925681362e+01
