1.151020318027266320e+01
1.129134979469051459e+01
3.228860751593417788e+00
2.095786994237411882e+00
6.053830734320166940e+00
4.526505594877335170e+00
6.892901717764785552e+00
1.132231861036544096e+01
1.060464989516946410e+01
2.399639800384538546e+01
1.335089266100828276e+01
5.571621461490884109e+00
1.046503942878266180e+01
1.051293030522567129e+01
7.590768772495268379e+00
4.883274229643403963e+00
1.126734159373837052e+01
5.790202821966663471e+00
4.527499926537729813e+00
1.278595734211812918e+01
3.211202686031727538e+00
7.770190410121483815e+00
8.864598568280310786e+00
2.638226891627690307e+00
6.884209105011434460e+00
1.004483491319667543e+01
2.348300214878306758e+00
7.255199337705164453e+00
1.322199760325453788e+01
5.681152395792818943e+00
3.887126266693998744e+00
5.768287731068995505e+00
2.453903194754139427e+00
9.670448845500272839e+00
1.906255049555846526e+01
1.084127207006687854e+01
6.161013381137802725e+00
1.070744532885032640e+01
8.267803951689883135e+00
6.926320846181296176e+00
1.135598718452190603e+01
2.523739234556567901e+00
1.325610866231582641e+01
1.583854844313072263e+01
8.605192822865236124e+00
1.108563345217913465e+01
1.334746344848483091e+01
7.973120730446265014e+00
1.219511355520397977e+01
1.018313269411073385e+01
6.456116491376838518e+00
5.789927716782924172e+00
3.338792239212926560e+00
7.180121093299901780e+00
3.204188361606345570e+00
1.407197455047044166e+01
1.209667374801756523e+01
5.555692693581542940e+00
7.668354194066449026e+00
9.178525210284425029e+00
4.802567080576801040e+00
5.187884440232254590e+00
1.244785259009736755e+01
1.640506924116587584e+01
1.326086050930315530e+01
9.633664505892852503e+00
1.110883527313325381e+01
1.017648531823945035e+01
1.192957546941575764e+01
9.666286443757849511e+00
1.207152401259698138e+01
4.443785692285730171e+00
6.529511989744347211e+00
3.124548538089656713e+00
1.657864499388013257e+01
4.520895028976705809e+00
1.222557671384097411e+01
7.681310323817129415e+00
4.089752707977035939e+00
1.283588771353369573e+01
8.330583633625780138e+00
1.500742897495170425e+00
8.184766566053754744e+00
2.469978775750655942e+01
6.347137031809174879e+00
6.168463508580861010e+00
1.539894944794079734e+01
1.023350114775343833e+01
6.663498724900340342e+00
6.427536586197590829e+00
6.889574928682585586e+00
4.393031041064221043e+00
4.733468104814129163e+00
1.062133196853832295e+01
6.313371812165168961e+00
4.408563814535441772e+00
1.772157676830372708e+01
9.271952352538807673e+00
4.221269738745884403e+00
3.561401397193593166e+00
7.768402437524922988e+00
1.250042160937994140e+00
7.461198848812389706e+00
9.677784643327241199e+00
1.307482750103246794e+01
6.255777359353285050e+00
7.625549487889159650e+00
5.394269817789480115e+00
1.581791391557636040e+01
9.300029396871675402e+00
9.497049409106173457e+00
5.081283380172616049e+00
7.955193020763784872e+00
8.629983348294116396e+00
1.535875309935187794e+01
9.533120280866153706e+00
7.467810780691443995e+00
8.785851729096359364e+00
3.686703823097107424e+00
1.382729801670541825e+01
6.033512771921242468e+00
1.304958105384881684e+01
1.200875458873930413e+01
1.689227311380831509e+01
3.632394475025735314e+00
9.205881944204614697e+00
4.307332776909537309e+00
6.554599387494704388e+00
5.909507530768269845e+00
6.340470723768746986e+00
6.051953223199745935e+00
1.240832851422333150e+01
1.292963554470866860e+01
1.311027031095561135e+01
9.873371226163831338e+00
7.974588073259409882e+00
1.118966276070291421e+01
6.042316048726830147e+00
4.688195541239514874e+00
8.833953660128623042e+00
8.316204098600223915e+00
4.690326178938851953e+00
7.482078604960348933e+00
1.064383206639352863e+01
9.118445598125356710e+00
1.800791249492734991e+01
8.945986374002874442e+00
8.546423970457993846e+00
1.157054643141836081e+01
1.018628165066637514e+01
9.320944572390750693e+00
8.648371759700006933e+00
7.075421210339194467e+00
1.452164686634958990e+01
5.657598677684765320e+00
9.600714512463902395e+00
8.065383962549990571e+00
2.159076491197843239e+01
5.918954315035712677e-01
3.731526647799829455e+00
8.755826582002308456e+00
7.857192411176338709e+00
3.994950548241544386e+00
1.368273338548982565e+01
1.490061044004551327e+01
1.069971763206770810e+01
1.447024298445422019e+01
5.406147308218615777e+00
1.259027839997662390e+01
6.268434115986655897e+00
1.201859395325904778e+01
7.541259766546085430e+00
6.952591873546722923e+00
1.267009672847124513e+01
8.539348266950472777e+00
1.312771170021005140e+01
7.817596908997145988e+00
1.348251352603383957e+01
8.557692620815043227e+00
7.997742893669881781e+00
1.113036551618635173e+01
5.218411609243476690e+00
3.484774969626058372e+00
4.876871810043319044e+00
8.685269242571051151e+00
9.053035143876453361e+00
1.756265570813397403e+00
6.530787169259538061e+00
1.775388062789316734e+01
1.001315943119371710e+01
3.650437672184417170e+00
1.037791088895054337e+01
1.090895444027745320e+01
7.807400662997233454e+00
8.184362322070342088e+00
3.085939384541029451e+00
4.908838361136959705e+00
4.922845285350253342e+00
8.555554343611373014e+00
1.692561831503250858e+01
1.042134024912115464e+01
1.560575974129262633e+01
1.837842825152538495e+01
4.248007402347879768e+00
1.268754144408197782e+01
1.136045366081860131e+01
5.783065651587580902e+00
1.977541073254162640e+01
1.091280214864089970e+01
1.371665771910212506e+01
3.114056603539348878e+00
1.085969713229685496e+01
7.113651196746989314e+00
9.742875002267766149e+00
7.930394122288372927e+00
9.532467339959246999e+00
1.129429002414677807e+00
6.014271412380070458e+00
8.469960097654137599e+00
8.771384517667963010e+00
7.424321547720183823e+00
3.978991771449940096e+00
1.118614399374603430e+01
1.396188895301150801e+01
9.945996994931970647e+00
6.139549434506673009e+00
4.071900582812486569e+00
5.283231616622058979e+00
4.892284773284526267e+00
9.978090348025446588e+00
7.523788165402057082e+00
6.001659384323001944e+00
7.339840816839253712e+00
1.209175931398244686e+01
4.603878306436156365e+00
1.431697474712120055e+01
9.238250415020711159e+01
1.022711432593193237e+01
9.120470672058241135e+00
2.862698513838750358e+01
1.196303124951183783e+01
1.001938323241910211e+01
6.016925870144607558e+00
5.017172760479255977e+00
5.863524727900532696e+00
4.766794159179790213e+00
3.536690891504222556e+00
1.191086662344033975e+01
1.389601544124331234e+01
4.878431226619071914e+00
4.739297265038271867e+00
7.223161343120174216e+00
1.473962011739931377e+01
8.033665983325752435e+00
1.122118228178890220e+01
5.187598767685225098e+00
4.619815274693348961e+00
1.013928565087245914e+01
4.999252624368582865e+00
4.605099253378198476e+00
6.693074818079792543e+00
9.751682473827818498e+00
6.941389619752404094e+00
1.315861774808842632e+01
1.254627686434387934e+00
1.226151626803292061e+01
5.103787152978335406e+00
1.426952478666225588e+01
7.230946284691655457e+00
5.636369721552319412e+00
1.179072052598259646e+01
6.803304434285144531e+00
5.756408249630137419e+00
9.288953984665393904e+00
8.490834157961920425e+00
1.006118224614940893e+01
1.059771268330332994e+01
1.261745174598447150e+01
8.695866911199322757e+00
1.716835689007916699e+01
4.762944360699353119e+00
5.691970403603331619e+00
3.818809126574853607e+00
1.113883965752769178e+01
9.051880084642347057e+00
6.900993353332514069e+00
1.254838325997793547e+01
1.110243307818869063e+01
1.632760794509703350e+00
8.378270633839552062e+00
6.188463098339963331e+00
1.385750775509279364e+01
1.745326029068229090e+01
7.182368954008306439e+00
1.073219063750184965e+01
1.155317910266286852e+01
4.613163239407317207e+00
1.075507237742479738e+01
2.266938848750975311e+01
1.528248339718193094e+01
