6.067454819828394363e+01
5.649665441718227044e+01
5.668672377721185995e+01
7.797879741120436847e+01
5.437738904334543832e+01
7.658812896616910848e+01
6.259455233583437206e+01
6.176319365885205315e+01
8.412256191548549111e+01
6.088194171038225022e+01
2.109198048738284825e+01
6.759743063643209382e+01
5.320993254342835854e+01
6.940304537005644647e+01
4.693651904215673909e+01
6.337389549730891503e+01
6.443322919778820790e+01
7.134570751785969378e+01
6.612301395802072079e+01
6.895972270019059636e+01
6.182525027446467192e+01
5.546407365351248586e+01
8.754666639502657688e+01
7.037872497105006175e+01
7.398395142575647299e+01
5.502180907761222528e+01
7.223156769286784140e+01
5.446683998394342296e+01
6.618571472492257612e+01
5.904838700150596509e+01
5.890625525761991810e+01
5.891402519792562487e+01
6.450485811711941153e+01
3.696710812568177573e+01
9.124682491001918550e+01
7.220643442524357170e+01
2.780032699859207312e+01
6.930465095793420005e+01
6.109157175823960984e+01
7.375790009892610044e+01
5.826057968380937524e+01
6.713679736898183137e+01
8.026795060537460813e+01
4.997767576773998854e+01
7.076659436077723342e+01
6.454827241994696863e+01
5.298287760467670182e+01
7.504466016572744991e+01
7.574297895497873867e+01
6.488040924887276617e+01
6.176726489856817892e+01
3.366067406508829407e+01
4.879245700799877739e+01
7.592872256364569239e+01
7.256415038853594979e+01
4.697704047312355158e+01
6.599059029230562601e+01
4.412207680197369086e+01
8.238299200754184426e+01
6.757974853713473351e+01
5.692186659206857513e+01
5.906103858877946067e+01
5.986061267193426971e+01
9.623382845342591452e+01
6.706506099377246244e+01
5.411926469846971344e+01
6.793078217123576223e+01
6.075718061053153463e+01
3.251340097127120998e+01
8.858982306626931802e+01
5.612685585159061930e+01
6.407601871250804493e+01
3.641839849590293454e+01
7.320727734570809275e+01
3.817856845753368589e+01
7.125723403472368034e+01
9.033326697636785241e+01
8.051414720045266904e+01
7.030016764037340238e+01
8.264949731435936542e+01
5.661792762301221416e+01
4.857358985443829624e+01
6.651112966283068317e+01
4.604267557512798703e+01
6.000966205305733325e+01
6.512508710244230770e+01
5.705036737031396399e+01
8.190491156435916764e+01
3.767070294924090490e+01
5.411402883445377654e+01
4.888633157984366306e+01
4.090164439595613288e+01
5.805370691338534073e+01
7.070701984346563052e+01
7.829411668219316311e+01
4.193381626852578279e+02
4.991685704093577414e+01
6.614038644861929583e+01
6.839119309945245107e+01
6.376120685653116027e+01
3.600887776304409726e+01
8.499175586840209462e+01
5.731245645754023599e+01
6.545418823523274909e+01
3.220996665237088763e+01
8.528226128482023682e+01
7.854263713654559353e+01
4.452026356204393664e+01
6.324239800304858505e+01
5.412605427285176063e+01
3.172001257534872920e+01
1.075767399119711598e+02
6.907100166678111464e+01
6.803132243281970659e+01
5.977856232877979892e+01
7.396392672564337545e+01
7.339875137892639145e+01
5.703862772658107616e+01
4.279720948060999035e+02
6.866146310089548876e+01
4.728919666729823490e+01
3.454554582029740573e+01
6.186907372695774399e+01
4.642162327264603761e+01
5.217517078566896060e+01
7.952384391296511978e+01
6.599172324172074866e+01
3.924958800178055895e+01
7.680807481367435230e+01
5.315266768057644953e+01
5.947583349584108703e+01
7.663590497267276191e+01
6.584349739671246482e+01
6.903378894158907997e+01
5.380561115657835103e+01
7.307684637247740511e+01
4.299923412998860783e+01
4.045959357948147783e+01
5.885349599963650036e+01
3.463950247554483042e+01
8.795984454898565730e+01
5.418234305148092744e+01
8.483047423360956429e+01
7.722380533109819112e+01
6.405936482049743574e+01
6.560626941121698508e+01
6.740593871743733700e+01
6.263964722198209500e+01
7.535096794900232453e+01
3.936301342524576086e+01
7.997240780846024677e+01
6.380062088892086081e+01
1.028638874542221657e+02
6.346865917968632687e+01
7.222633202468381342e+01
4.707123773528695665e+01
7.217844254297953910e+01
7.600203493151332168e+01
6.099788203180662549e+01
3.247409531712632003e+01
6.123743480795837257e+01
4.612636298117481459e+01
5.167634826656565394e+01
5.945441907792140768e+01
7.712815542611841124e+01
6.896396789134695382e+01
8.731859594869776231e+01
6.882275993692930172e+01
4.080513532462725834e+01
7.699801584305329527e+01
6.060607963926236863e+01
6.582987645565440005e+01
6.989589136521301782e+01
5.705441935376228457e+01
4.200042505329782472e+01
4.030380669230193291e+01
4.588621427525006169e+01
5.197093977356635719e+01
6.648161356651536380e+01
7.163774161970661680e+01
5.450883729376688791e+01
4.771998459595649678e+01
6.622274042135873628e+01
5.645716414702533115e+01
8.108150261088924537e+01
4.067511208979593107e+01
8.950880928095760680e+01
5.059196439011057578e+01
7.158335559097430689e+01
3.821425781383516096e+01
8.141295861719477500e+01
5.210585123228393201e+01
9.479891001412104856e+01
1.007001570136183943e+02
5.795481727868639865e+01
2.935918919429817819e+01
8.136346384644406271e+01
3.908931675408439332e+01
8.222306557093953927e+01
5.992883270713107891e+01
7.135002448340019043e+01
6.420247707915706314e+01
4.984647701485806692e+01
5.806976692610508195e+01
5.497906640937887346e+01
8.511734453870441541e+01
6.080036760081222269e+01
7.362575153593624577e+01
5.475274579333676428e+01
5.617416442886072048e+01
4.991547888104300768e+01
5.551219364354599151e+01
7.742460576705593667e+01
5.214865119338799104e+01
8.644535402126213341e+01
6.502228134083705413e+01
4.413369635556795600e+01
5.974680631007957743e+01
5.363111291623809507e+01
6.815546230872108424e+01
7.497113431304332209e+01
6.263649680047264212e+01
9.913601990878966319e+01
5.484919443377377490e+01
6.435289139785967905e+01
4.524060766241281328e+01
7.579856253457266746e+01
4.647357465248600050e+01
7.650943093509208381e+01
3.863625641383642062e+01
6.432839196446153096e+01
7.951497062100213498e+01
5.484891607513332445e+01
8.969087103064353528e+01
5.215207325860857424e+01
5.860436077744753902e+01
7.917868507036325809e+01
6.835015197140717191e+01
8.493992620600086241e+01
7.009660788291924405e+01
6.667714027712067093e+01
6.377868838819330222e+01
5.637540991604112861e+01
7.944787726108741310e+01
5.096590107250252544e+01
6.626937823737220867e+01
7.176830795512458394e+01
4.188988021909572979e+01
3.065018605481887448e+01
6.221658801736690236e+01
4.283565351994447212e+01
3.570693471967069854e+01
5.611151029715314564e+01
6.066981737324003632e+01
3.033816476717832700e+01
5.077188726510141237e+01
6.996910227141175653e+01
7.154994588635072716e+01
6.253870027899390749e+01
5.378001561446924228e+01
6.957003282549527512e+01
7.139845264067903940e+01
6.967250644726233588e+01
8.242108430951142850e+01
7.591993146113522073e+01
7.819139274427701025e+01
5.729029413344845523e+01
7.141910694685768135e+01
3.856388516351191953e+01
5.232459486732214771e+01
5.066245632228081774e+01
5.520177796767642064e+01
9.998576413641505667e+01
4.617576274281257298e+01
6.668926255675820869e+01
3.264784483947968141e+01
3.660294054845141432e+01
5.278392756898988836e+01
4.367495505236038156e+01
6.039474522447351745e+01
6.697661869095175291e+01
5.114339574286675827e+01
7.436773905141099306e+01
8.385843037362046459e+01
7.327980489640292205e+01
5.968928271164768518e+01
6.469283602453596416e+01
8.856269199907582390e+01
4.631972473377000199e+01
6.274012979932388134e+01
5.050852406504309045e+01
7.958293188099989379e+01
9.140635779146528250e+01
3.437092344003555411e+01
9.633662905940428800e+01
4.613049786707000521e+01
5.885073474625015422e+01
4.774319593073899171e+01
7.541341603691350315e+01
4.594157540056144740e+01
