2.942749502087420410e+01
1.800067662675125746e+01
2.149620135105788421e+01
2.535892528949797509e+01
1.674967618949162329e+01
2.219037042575958552e+01
2.766664973213768164e+01
2.624371778009509981e+01
1.592465672629394824e+01
1.054419196849938523e+01
1.634928735321476623e+01
3.861565386145225887e+01
2.295490727178820833e+01
1.469847914015308454e+01
3.213587069799614682e+01
1.058237610956400587e+01
1.340263632775598879e+01
1.702632353497190465e+01
1.820209910827694699e+01
1.667282930562543442e+01
1.018873908346267321e+01
3.951121438465886371e+01
1.849021321020230602e+01
1.965642638065867587e+01
3.396736735221433179e+01
9.897669157206365753e+00
1.037000272991100758e+01
2.000670449307989429e+01
8.977771365773371315e+00
9.229361647297459115e+00
1.534621278418548407e+01
3.170222432044054628e+01
8.038240957540468301e+00
1.541683716475450971e+01
1.471469391049734377e+01
1.195638456496136470e+01
1.180743114414536876e+01
1.404084531903927235e+01
8.054322212551854321e+00
1.341832861079221928e+01
2.114489637693103319e+01
7.491336382824039575e+00
1.187569253264696734e+01
6.610942567901008537e+00
2.849332285073157678e+01
2.823209215414657081e+01
3.742655943878315838e+01
8.772115427420768441e+00
2.402209607837447081e+01
2.596159382020876549e+01
4.939650438802276966e+01
1.641204223928567174e+01
1.250250090820234838e+01
2.166197034508412500e+01
1.095128401385428951e+01
1.636469551699588720e+01
1.527185303725706689e+01
2.830449214376780986e+01
3.725274152871082123e+01
3.403419164300574806e+01
1.895663345934064026e+01
1.502167463297355177e+01
7.430229693016677572e+00
2.395092796436024329e+01
2.157775649993546097e+01
1.593778364962360605e+01
1.970812508043945499e+01
1.324155612093216305e+01
8.922649307874618074e+00
1.997449682754887945e+01
2.543251341346058680e+01
6.510449221999325076e+00
1.899336342633196750e+01
1.702261919056100936e+01
2.389705505540100461e+01
2.552296467502569399e+01
3.035881926158720745e+01
1.392296604466687704e+01
2.244476349700737217e+01
1.117549611983465674e+01
1.074770438013355012e+01
3.213239876092460179e+01
3.514166940707709585e+01
1.997237696218111225e+01
9.003997671473682018e+00
7.241710501210273598e+00
2.359619193115113234e+01
1.305353548293479626e+01
9.547557273140503398e+00
1.708659326172282533e+01
3.206319193857027727e+01
2.532590884318008051e+01
1.884711242088880567e+01
3.005938799060398736e+01
1.828724985002823900e+01
2.202495237667926986e+01
1.551834752097541248e+01
7.426830334616833618e+00
5.654668759069708450e+00
1.551818000366576555e+01
1.440018921017505349e+01
2.918115887244203677e+01
1.897607088367575656e+01
1.581665695372544356e+01
2.307671088178684826e+01
3.427488165257651787e+01
1.873183373569096588e+01
3.107718200620658422e+02
3.243211994283956301e+01
1.641803227310989044e+01
1.768258463598029451e+01
1.558252167620778472e+01
1.316390958165565905e+01
1.903660408008536109e+01
3.241525636476712435e+01
2.099789262665530742e+01
1.277944410958363264e+01
1.246613218370850973e+01
1.270454804971047480e+01
1.295781942257099395e+01
1.118895743865557257e+01
2.469804739370536240e+01
1.496701954303171966e+01
1.318574408717684499e+01
1.615541362806045811e+01
1.724227240281375018e+01
2.531338756704269244e+01
2.246909797620999782e+01
1.993865551702462469e+01
2.501094286268548572e+01
1.593684502866719299e+01
6.949094775852560133e+02
1.299816416453285228e+01
1.851540991216240073e+01
2.460344108150262699e+01
9.032828106228677711e+00
1.107793363620088556e+01
2.199535002937122741e+01
1.799098882397566257e+01
1.069586014850399636e+01
2.544819695078063049e+01
1.734345163036309501e+01
1.106412151174553493e+01
2.285134320747829051e+01
1.745687814452536912e+01
1.018418846870462957e+01
2.094653884687965828e+01
2.004112084622958534e+01
2.866157481648479077e+01
2.007146418080177952e+01
1.549526556501146679e+01
2.875491581623111159e+01
2.866125999876968322e+01
1.311116861580311088e+01
2.029373020747696899e+01
1.279618400475704476e+01
1.981195297538582167e+01
2.271287627257439823e+01
2.201885931107967309e+01
1.272015743572178970e+01
2.787472007747221880e+01
2.912781553249883970e+01
3.189376694828717262e+01
1.304442520180096565e+01
1.885236179796724798e+01
1.626407961249228151e+01
1.173573101448148215e+01
1.463690346053246927e+01
2.440152700871746205e+01
1.460882574351673036e+01
1.323852356494689175e+01
1.249496315034869376e+01
1.221882992019795822e+01
1.598919665866804429e+01
1.690848488920669723e+01
2.463791882603491956e+01
2.319032333335552210e+01
1.263133490311571450e+01
6.807939363907747676e+00
2.213523325931355501e+01
2.777777972566345355e+01
7.405093585426435254e+00
2.029325281287463056e+01
1.002467643829520227e+01
2.361789574945553127e+01
8.803986511159216377e+00
1.618500413106599467e+01
2.548497073391555645e+01
3.277301849293159108e+01
1.391064466693020840e+01
1.025497303330759102e+01
1.146247143677379654e+01
2.953776646483710877e+01
1.505878477270888993e+01
1.764729082588348419e+01
1.676284048635854518e+01
2.798059979976561706e+01
2.104386403971897579e+01
2.171779539405498127e+01
2.417101719164040574e+01
1.462271696169090873e+01
2.155696726383305872e+01
2.267256062338666212e+01
1.777118276027027122e+01
2.970950131236852698e+01
1.445978005533399191e+01
3.427710685699291560e+01
2.088219765631396641e+01
2.862210759612605671e+01
1.916838837525776640e+01
1.541667636139447595e+01
2.807276668792102825e+01
1.344362707479064412e+01
1.020380921465540247e+01
1.691825583603354488e+01
1.753723534113935756e+01
9.999537148340065684e+00
3.028836517662574224e+01
1.749532636005783104e+01
3.656824228852828185e+01
2.389243337227426522e+01
7.678824820844244670e+00
4.102282622463263806e+01
1.479484307671727095e+01
2.593516784601213132e+01
1.032118839308046532e+01
1.602936121059046570e+01
1.475803665858213343e+01
1.857656802970770471e+01
2.473674133713971557e+01
1.621153168711961712e+01
2.300827091778569056e+01
1.957372863742951097e+01
2.463756560091163195e+01
3.019554841375259002e+01
1.743144581293409345e+01
2.030645932456834046e+01
2.164987461024640325e+01
2.774153052591780977e+01
2.401331344405256019e+01
2.435651615457124919e+01
1.897840950716221542e+01
1.597154812869839802e+01
1.368975653185453112e+01
2.693064235094594849e+01
2.577903861633024363e+01
2.630846652789051276e+01
1.865495587833331115e+01
1.399882270992462452e+01
2.954268714507235671e+01
1.863820088774193806e+01
5.964983549394937690e+00
2.352598648829983219e+01
2.662331101826658752e+01
1.251732967282800679e+01
2.106908233800555763e+01
2.561272109977118916e+01
1.112839373760894901e+01
3.012537672047876924e+01
6.116815946965739492e+00
1.308179730926683249e+01
3.445580028718862309e+01
1.749262268559625610e+01
2.662309700367007892e+01
2.026762809651784991e+01
1.842842709188150963e+01
2.314410201863310945e+01
5.708830362800758174e+00
2.419916711382681740e+01
9.719969473854735753e+00
1.109249615471371087e+01
2.778581750620433510e+01
2.524348897130408176e+01
1.792382834685811588e+01
3.107378866959631480e+01
1.195494828906229934e+01
9.702362103868434673e+00
1.723106482490919689e+01
9.348095081877895396e+00
2.892223290758625254e+01
5.551108660779321191e+00
1.534085710455467400e+01
1.444778932964352869e+01
1.328791692861590157e+01
1.324489041493284169e+01
2.092135477529048870e+01
1.460858092723503887e+01
2.033327578899222132e+01
2.317066570170349138e+01
2.763874912438217279e+01
1.418065785352449382e+01
1.714813594327853252e+01
1.408881246591646352e+01
1.483613026475226349e+01
1.155444245420178184e+01
6.229822427052442713e+00
3.594778706848922667e+01
6.076289235275053713e+00
2.465304512746537213e+01
1.553096628689218406e+01
