3.784142153858651270e+00
3.963853556405029899e+00
1.024266890666858032e+01
9.911096877597216803e+00
7.672791448478643694e+00
9.752283591383500649e+00
1.366420015614072447e+01
4.561020658229379521e+00
4.426324363396687112e+00
9.810149584395343680e+00
8.746290952944177022e+00
7.024188086504267403e+00
7.103059829976785089e+00
5.394942695748654593e+00
4.462424323121235048e+00
8.096372995371533321e+00
1.047493215257347998e+01
1.495846026927567785e+01
3.776033960145451118e+00
8.750785860256486970e+00
7.655676211214530014e+00
4.271822537000979914e+00
8.533933203106268905e+00
1.137154158859850206e+01
6.590678311339321027e+00
6.408490441721554909e+00
9.015950467577770411e+00
2.451099603531026361e+01
8.510605965989590516e+00
1.919454956871138762e+01
1.374095613823693718e+01
8.583953024543349741e+00
1.082198750341576776e+01
8.110673711503343597e+00
6.214806467848022820e+00
1.755954809810423400e+00
1.070577145272116049e+01
1.326718695777607060e+01
1.218800390391906241e+01
1.474582338068987042e+01
1.330838579691127777e+01
1.743480057867212807e+01
1.874406849235679218e+01
1.241889858747813236e+01
1.937132803815510584e+01
1.816862472895564906e+02
1.103728590827036626e+01
4.050648713428318892e+00
9.754375136325148077e+00
8.715435918735265020e+00
9.156214550588174461e+00
1.050324469742064970e+01
1.315030215862699059e+01
1.012214728079196746e+01
1.083310319045609305e+01
4.520182458053914942e+00
4.468921578940913797e+00
1.218301490389555219e+01
7.042078562991743063e+00
4.065563692685199904e+00
8.275047843345586074e+00
1.076666954495114759e+01
8.339376558878218049e+00
2.699017469159074256e+00
1.204891245075685724e+01
5.282930669197791751e+00
1.023906625318591779e+01
7.362794240197525930e+00
1.171530597123739881e+01
1.123947601313794209e+01
7.115985118081714411e+00
2.325800529593988841e+01
4.637987962624379179e+00
6.515698619730277308e+00
1.235460444722060380e+01
8.034116130873444561e+00
8.220284070630173190e+00
3.259899597521833225e+00
9.813747897490674177e+02
5.474854798626632935e+00
1.347043266061456457e+01
6.348868472171197652e+00
7.841526385746174554e+00
9.723412570923260390e+00
1.528204125745580733e+01
1.438866821703831178e+01
1.161746779911432270e+01
8.552793027310704232e+00
1.249646016683585437e+01
2.002050953431755076e+01
6.405232581551238091e+00
4.800381928445249358e+00
9.684326141578079472e+00
4.837816783425070710e+00
1.473100073888100425e+01
7.201098424670985487e+00
2.260491796646528329e+00
5.293448731681881014e+00
5.594718920428635833e+00
1.476848216220685117e+01
8.358944732403335465e+00
6.730710432506882945e+00
9.290961244823042975e+00
2.936672842615920764e+00
6.221333626498464220e+00
4.998203087733487315e+00
2.449434826977136836e+01
9.975287730204788872e+00
4.140721794311955861e+00
1.856255737108203263e+01
6.011266676124313868e+00
1.323064249905990941e+01
1.485094778284675954e+01
4.827748140807427646e+00
9.209001381221970206e+00
2.120055699372399349e+00
8.898342115181655743e+00
8.201965911293008560e+00
8.174746444601654005e+00
9.615628118437900440e+00
1.934161048224115831e+01
2.273468548319464588e+01
1.289720474669457140e+01
1.528857304973673692e+01
5.151078534147455201e+00
9.209511257844271270e+00
1.248245664194197069e+01
1.385888282437328556e+01
1.148267324018954660e+01
1.594124114136307746e+01
5.807500716860383605e+00
1.398947132872222809e+01
6.361534113448953143e+00
1.025435844821386411e+01
1.760111513156801166e+01
1.042456052555070833e+01
5.069787361221549382e+00
7.690839783438475408e+00
8.747286019588653261e+00
5.118766812288863655e+00
1.828909607168892748e+01
1.088514609699971736e+01
7.745685720303822741e+00
8.251975849963052667e+00
1.215177603410694296e+01
3.370067108639382081e+00
8.289278710772197911e+00
5.384461181790310746e+00
8.349329760039834625e+00
3.767114975261029564e+00
3.353028701400984968e+00
5.095659930476958976e+00
1.427951709104484834e+01
1.035529594919223406e+01
8.317495553014131460e+00
1.018533885991666921e+01
1.377856345350147116e+01
1.641959453325689822e+01
4.272847036401255849e+00
8.812684272722814072e+00
7.157520050684984092e+00
1.236489879303596418e+01
4.350951370269512175e+00
2.035953036917565573e+00
1.147645481201421802e+01
1.328162334820996549e+01
1.002172713079840527e+01
1.411754555692114010e+01
1.656765845139776161e+01
8.388045637020631773e+00
8.236595986988021423e+00
1.457649055822575690e+01
5.472679957504664294e+00
1.488884435988319943e+01
1.130697405718264292e+01
5.664345747808937404e+00
1.583488513959350996e+01
4.733066436975952307e+00
5.024013527908010701e+00
5.119770858417260762e+00
2.176423886008936215e+00
7.521472781042452205e+00
9.606432180235046303e+00
1.148455765932157924e+01
1.169827438820758658e+01
7.314586543911500982e+00
7.087757925219276167e+00
4.245641433346492022e+00
9.118932222588515657e+00
8.831540227625660933e+00
2.002087619485387382e+00
8.575215202431175854e+00
8.924225493048671964e+00
5.310994485104210128e+00
8.342436058751093952e+00
1.465271886448418570e+01
7.687865605872455710e+00
1.098359205859658516e+01
9.945122208693648602e+00
1.413710955094086863e+01
1.166649568210959664e+01
1.186907305659093836e+01
1.612580893481296584e+01
7.761109376000784543e+00
7.258449371324135591e+00
1.129316061067075694e+01
9.234543987341229609e+00
2.680941150516805749e+01
5.579850588659422961e+00
4.943563713254017777e+00
6.253196490235755078e+00
7.260827068428118203e+00
1.102272782783486171e+01
1.618852010108072292e+01
2.999484594076362143e+00
4.775511849514660234e+00
4.285035765507775096e+00
6.648505252910871022e+00
4.596804921566213231e+00
8.269008559304019457e+00
9.979381642463685864e+00
1.459989579743871779e+01
7.452694949907976429e+00
1.073264209933605784e+01
7.952876171257426741e+00
2.058496875626005007e+01
1.125484279022576573e+01
5.521339548672412612e+00
4.601560741561637968e+00
1.636541089749799482e+01
9.911901155473623248e+01
7.629800563412016956e+00
1.158570079482962711e+01
2.096431911566068251e+01
8.523587367381617597e+00
3.640773080971249520e+00
1.117742999744629095e+01
5.202170300983886442e+00
1.500372377194975826e+01
9.573679042939966521e+00
9.730430081553688382e+00
5.857283512135206927e+00
8.192807743904008788e+00
7.813582294247535920e+00
5.420274831018271122e+00
1.181970509662677493e+01
1.029792283653669749e+01
1.009903484260600059e+01
5.840771586300111728e+00
6.715501382576482214e+00
7.124410696171683099e+00
9.009471101205665633e+00
1.264478070483467320e+01
9.550389311382442514e+00
6.592299414535421676e+00
1.084718643780977487e+01
7.685387744235858243e+00
1.308699486623616082e+01
1.024963818859318643e+01
1.370974614229776911e+01
9.200656711165594359e+00
1.023544110250147909e+01
3.544879502570225327e+00
1.138506527256312495e+01
1.835022850062286182e+01
1.200225726670270809e+01
6.277785061488410534e+00
5.783367760957649040e+00
5.821846318546578303e+00
1.660212473276189371e+01
5.579620341266414485e+00
4.802479025557585324e+00
1.270527274575450782e+01
2.625100187679334507e+00
2.380196322165160527e+00
1.318842083658720732e+01
8.045423666635459270e+00
7.898611056354039484e+00
1.152972014429004943e+01
8.883367301614624623e+00
1.918116270552596347e+01
1.047562165372970178e+01
6.616101400185546488e+00
5.700782116081152928e+00
5.749240518043984061e+00
2.861714644157315135e+00
1.277782164150117516e+01
4.887680225116996624e+00
7.657041470956110096e+00
9.591916051591743653e+00
1.221612811053982739e+01
4.872607437508116313e+00
1.275743476940281340e+01
8.241414959197628676e+00
4.647718591162725232e+00
5.887916746279016067e+00
1.198101084773597869e+01
8.481387720160503463e+00
9.564420370012879147e+00
1.973045176399088874e+01
