5.180096713336524772e+02
5.398276962789752815e+02
5.290006565114701971e+02
6.101669210696329628e+02
5.596847016944826692e+02
4.705842162067823438e+02
5.315913230445092950e+02
5.086947004963420795e+02
5.123402891391137928e+02
5.366032891937593376e+02
5.057787072007973279e+02
6.203236018588625029e+02
5.326256153049458817e+02
5.334266678528567809e+02
5.980389392268548363e+02
5.463952497689435859e+02
5.575154484685634770e+02
5.835833455888281378e+02
4.916281936803251824e+02
4.597396755931104053e+02
6.386584579271775510e+02
5.340285111440233550e+02
5.170906382890026407e+02
5.532234850618937116e+02
5.024662144759529383e+02
4.956035397292703237e+02
5.325855744315965694e+02
6.016911336185702339e+02
5.567214847974546501e+02
6.767929802324938464e+02
5.242450027567847428e+02
7.075483179397380127e+02
5.350574673621110833e+02
5.047857593875202156e+02
5.220429885457981527e+02
4.471404418128901739e+02
6.445456933662686652e+02
6.154075568146018895e+02
6.323073116723500107e+02
6.157967990793956687e+02
1.029425005167086056e+03
6.295225747258880347e+02
5.436198810721871268e+02
4.637494169315430668e+02
6.069642662202467136e+02
5.608855832378819741e+02
7.126192309468266330e+02
5.475042600099221772e+02
1.995372539559672305e+03
5.426914215652257099e+02
5.433273388393696450e+02
5.446913108251221729e+02
6.976509172279887707e+02
5.761681832814589370e+02
4.597498972708153246e+02
4.716177735546440886e+02
5.460899768568870059e+02
5.656971921361634941e+02
5.637861973164041274e+02
5.258149017831308356e+02
5.220112827830470223e+02
6.451628659118402993e+02
5.090274716340762780e+02
5.940115387487600174e+02
5.438027390497331908e+02
5.630196127302651803e+02
5.107557032288858636e+02
5.476648358123022717e+02
4.750551557278779455e+02
5.437074493447073564e+02
5.984322953054701202e+02
4.734582469656737658e+02
5.748292212598460083e+02
5.708536136398357712e+02
4.887698628955656091e+02
5.192671306087778476e+02
5.435297611103351301e+02
5.694048788274245680e+02
5.629672159189029799e+02
5.347549503577530459e+02
5.810192161999552809e+02
5.342254608695596971e+02
5.214169617172303788e+02
5.901872523765824781e+02
6.492878587935612131e+02
5.993249328512454213e+02
5.990347226765912865e+02
6.297438584180097223e+02
5.708685608416220703e+02
5.437868152969623452e+02
6.659897170277891973e+02
4.603781787250206321e+02
6.158251307415341671e+02
5.518460871726103960e+02
5.608113982378456512e+02
6.286215568920924852e+02
5.475078783992169065e+02
4.822154321988933248e+02
4.943418198871522122e+02
5.286875855278829022e+02
4.979843725998097170e+02
5.759217041438363367e+02
5.018200841191890618e+02
5.148192654033138069e+02
5.754613995412381655e+02
5.658152801484059182e+02
6.002041926440554107e+02
6.741156217084688933e+02
4.735513866710276147e+02
5.659785136286561738e+02
4.946408839160764046e+02
6.420052767792479926e+02
5.299001305352356894e+02
5.407760128644600854e+02
5.535992726802967354e+02
6.771605500841889125e+02
6.897256700412407326e+02
6.059526712078294395e+02
5.211944249201114872e+02
5.241458008321382067e+02
5.945722660412586720e+02
5.630822156835656642e+02
5.953134558460003518e+02
6.233162157966622772e+02
6.264973865775609738e+02
6.229005125893103241e+02
5.591216813260109575e+02
6.234312150185802466e+02
4.806372209046270996e+02
7.120506332275271006e+02
5.772086819104634969e+02
5.965359635653753685e+02
5.356662594162148707e+02
6.300170496052382987e+02
5.465760373332500421e+02
5.503502441517558736e+02
6.035005711855941399e+02
5.306414636311488948e+02
5.417164807035851481e+02
4.941045934846555951e+02
5.104732646863135415e+02
5.269996174271087739e+02
5.457861775065857728e+02
5.143222294866980064e+02
5.154993601152739302e+02
5.932673396026187902e+02
6.405363062000874379e+02
5.413979258429486663e+02
4.797418964782215198e+02
5.594594477394496153e+02
5.221545893801675220e+02
5.883769931431642135e+02
6.312720815286667175e+02
5.191835983368941925e+02
4.807531273035848471e+02
5.248484389795299876e+02
5.087228536892110355e+02
5.022169648555651520e+02
5.935606040083627022e+02
5.578931659066064412e+02
5.259269509596218768e+02
5.174729559063015358e+02
6.054944582855739554e+02
5.398498702078954921e+02
5.298894632895123777e+02
4.742459401940675434e+02
4.993313439299743663e+02
6.503360458501404082e+02
6.014509949446530754e+02
5.932246789463235928e+02
5.404007179199372786e+02
5.198911029473761118e+02
5.698441336899621774e+02
6.198019325938109887e+02
5.486800814464960467e+02
6.057566862716619198e+02
5.357695273423712479e+02
5.546615941672852159e+02
5.342453740161677160e+02
5.836140877719512901e+02
6.129276762413287543e+02
5.434258778748260283e+02
5.350746919910824317e+02
4.925929008046885542e+02
5.030713374338650397e+02
4.770889176608168896e+02
5.463407490798218760e+02
5.141173541457203555e+02
6.041069579349724563e+02
5.183783701301412066e+02
4.820745766332252060e+02
5.685462643258232447e+02
5.562015429430142603e+02
5.623344128792533638e+02
4.558047923179647114e+02
5.424650889245043572e+02
5.624379212441152731e+02
5.044182111371147812e+02
6.069960313107771981e+02
5.423710202730493393e+02
6.240872709949125010e+02
5.732484036024875422e+02
5.681357091143005391e+02
6.129880410030484654e+02
4.816449692607662314e+02
5.415743319941810796e+02
5.996067930935872710e+02
5.158423168301428632e+02
5.416092574504649519e+02
5.410063733007066276e+02
5.785299280501188832e+02
5.721437344046363478e+02
5.478496460049882444e+02
5.162711312119503191e+02
5.554218850381536186e+02
5.137023794216647730e+02
6.374863177380441357e+02
4.499705338305910800e+02
5.289654291438386053e+02
6.033860151989188125e+02
5.442885691211754420e+02
5.523884595369336239e+02
5.167145174005386252e+02
5.287279123626590263e+02
5.966802050865525189e+02
6.165403947388033430e+02
5.092379591872226570e+02
4.718964012690908021e+02
4.571321594055075934e+02
6.710293232116058562e+02
5.020712009686725423e+02
5.627451736012793617e+02
5.164043308646371315e+02
5.421516140636665568e+02
5.551418205689732304e+02
4.982858070730117106e+02
6.238880153014397365e+02
5.996372042447851527e+02
5.652977357589419398e+02
5.283249097669802268e+02
5.701839973811545406e+02
5.150881535220516980e+02
5.663979915979533644e+02
4.735190587932576705e+02
5.264844243183057415e+02
5.130792559521602243e+02
6.081799824935843617e+02
4.652525420935851344e+02
5.819929285097101683e+02
5.464789928161443413e+02
6.423582104460913342e+02
5.043474587143388135e+02
5.542952253100115740e+02
4.911312714297524735e+02
5.894237987040853568e+02
6.307787622496248332e+02
4.914377828351341009e+02
5.668276034635741780e+02
5.956883896985993943e+02
5.318797174471623066e+02
5.252209244536223878e+02
5.466329503547843842e+02
7.081019328637947865e+02
7.141810282848992983e+02
6.032837274564396921e+02
5.810420724903392511e+02
5.787050015659212931e+02
6.026811864676466257e+02
6.185592354278195444e+02
6.246357616954588821e+02
5.407563054187145326e+02
6.105816751087515968e+02
4.511000067275855372e+02
5.916543407163019310e+02
4.855653864876609873e+02
5.904195107034628336e+02
6.553311227082506321e+02
5.074805044854278435e+02
5.155327198072446890e+02
6.956203765898087568e+02
5.360683557578943237e+02
5.427310325295129587e+02
5.411245313579676122e+02
5.369962115352935825e+02
5.647032670371337417e+02
5.653442449415754254e+02
6.107084775269316879e+02
5.824172608458459308e+02
5.855293069274118807e+02
5.481949725003515823e+02
4.782005596908484222e+02
4.844333085168980233e+02
6.205848717733126705e+02
5.766711194237439031e+02
5.892656069969312966e+02
5.214996923437909118e+02
5.201792645201362575e+02
5.113409362510356573e+02
5.879644738724330182e+02
5.231719071160767953e+02
