1.382811514307623035e+01
1.222355000140978198e+01
1.855434804888888323e+01
1.211949908990743019e+01
1.656213327356443443e+01
2.074596889855117254e+01
1.530792629444028563e+01
1.258982941634207009e+01
1.850655762748956690e+01
1.377725565779506312e+01
1.292095659752619063e+01
1.586499185256641198e+01
2.609209195147418470e+01
1.484408652992777355e+01
1.467650709094915307e+01
2.456558760965868515e+01
2.353029718852731378e+01
2.399798612291707300e+01
1.322297552323016490e+01
1.602861315971249567e+01
1.367100264784042629e+01
1.953313706421297269e+01
1.529249034822545283e+01
1.824333379586114390e+01
5.140970690070528093e+01
2.956392234090222004e+01
1.675337321986022943e+01
2.325363642702697220e+01
1.587473179508386067e+01
2.862430796032235492e+01
1.680003210379201306e+01
1.976635088845977606e+01
2.167026095507711148e+01
2.944221410848329157e+01
6.785496751068913035e+00
1.486408756065425685e+01
1.704541202161841440e+01
9.671946155988392135e+00
1.089117471855075081e+01
2.370710435332454225e+01
1.154320175946555160e+01
2.585682426377362475e+01
1.034138797195498150e+01
2.156661173087923089e+01
1.048940585593120467e+01
2.363802091685036899e+01
1.929859058651904746e+01
9.333835647946388647e+00
2.140118261842745895e+01
1.236169820034195865e+01
1.033965619762324195e+01
6.183491910376155865e+00
2.497038627337118655e+01
2.173857940471324568e+01
2.530679965811806298e+01
1.324669857088854741e+01
2.145452096954447541e+01
1.697116626951741836e+01
3.068417257336079729e+01
3.984997321533073489e+01
8.090452611915265990e+00
1.853638528054585066e+01
1.084813252357270486e+01
6.983169196818661995e+00
1.729606492721346811e+01
2.390136415033938633e+01
1.801105267911416163e+01
2.564083000434646920e+01
1.297153635322860588e+01
1.144774303082136591e+01
2.521786366614381691e+01
1.823308803547665491e+01
1.112505301316981310e+01
1.681954622652320452e+01
1.497561894722892006e+01
6.969280459677888118e+00
1.907861497104198634e+01
1.572357760683089367e+01
2.247252978780024435e+01
2.512560767046377208e+01
1.816904566138843791e+01
1.776425760126111442e+01
2.567886083865020552e+01
1.435323775389187873e+01
1.462974803980006655e+01
2.314571856317682830e+01
1.739849951120832472e+01
1.319676832818832501e+01
4.175466472977271337e+01
2.004210643345913212e+01
1.962324847289858454e+01
2.560505478236567356e+01
1.903425324494337900e+01
1.977705189284810672e+01
1.944236714338815375e+01
2.495056222352317477e+01
1.459162846075661690e+01
1.644822980492248732e+01
1.124988899232926443e+01
2.138121571226352202e+01
5.195196696892813826e+00
5.965593299725931331e+01
2.339320329701513757e+01
1.725116795122843527e+01
1.754311463751770006e+01
2.073456405897700350e+01
1.591834964200579172e+01
1.153073068957889191e+01
2.573130677473881534e+01
2.036883008896849390e+01
1.553600930736622487e+01
3.354659151634415792e+01
3.336590977315084672e+01
1.048419504355444509e+01
1.414505748098000204e+01
3.200515236276932995e+01
2.760402248268047387e+01
2.101681483691130481e+01
5.094316095189833860e+00
2.072448145177365930e+01
1.824628429131207241e+01
1.899267228035465038e+01
1.425250172681122152e+01
2.909442253216849750e+01
1.547942254184945199e+01
4.126965230940690077e+01
1.287188541142837295e+01
3.916011316878382331e+01
9.567987552715534250e+00
1.686286032350358965e+01
8.603394153246849640e+00
2.268509799977140418e+01
7.343166198276948720e+00
2.149322167307166254e+01
2.264081932048144097e+01
2.320208029791088222e+01
2.261840823670831924e+01
1.914717231685193255e+01
2.827649095578669147e+01
1.901868754008068763e+01
1.740363043665024279e+01
2.423943946970637953e+01
2.830191167840700217e+01
1.995508947352024265e+01
2.386024434819305995e+01
3.537668615453368659e+01
1.948953569196747537e+01
2.237449974786778029e+01
1.706316940144444061e+01
1.563308500821492331e+01
9.704224854997466565e+00
1.308886584863470581e+01
1.965116020948876852e+01
9.549780901492184171e+00
2.459842757778969968e+01
1.226506124702477685e+01
2.873421429278856465e+01
1.983810816792733789e+01
2.009096017103747656e+01
1.705108965881965943e+01
2.841743067414450863e+01
1.107706340977280490e+01
2.868562999412531056e+01
3.010073148388923769e+01
3.720204912491773541e+01
1.028466678232399900e+01
2.132169113063068622e+01
2.503154596193585846e+01
1.318291075006053070e+01
2.001611260528184388e+01
2.244046434576080173e+01
2.019632675597125981e+01
3.276105201985259185e+01
4.123194642492770612e+01
1.798702953891491418e+01
1.546480981213164796e+01
1.259920661263293340e+01
1.936756892619654025e+01
1.035803682741672027e+01
1.504440871755445919e+01
8.774108529159491354e+00
3.058175119291044197e+01
9.752023120693531055e+00
3.185377892721705351e+01
2.083673675859746055e+01
3.151996533553686319e+01
1.007368604817005853e+01
2.143460436300565064e+01
1.352089647450778820e+01
2.546788553708348601e+01
2.928246892327664597e+01
9.468717738548747320e+00
7.437970821000896571e+00
2.255410507383428964e+01
1.620076404187183883e+01
1.700313627762080770e+01
1.588809708810055632e+01
2.262464825100514076e+01
1.284686037958757510e+01
8.020000223634493608e+00
1.337624686405434815e+01
1.932523021477380354e+01
1.463863978367474772e+01
2.672235285214560818e+01
1.817375542580310110e+01
1.557211040833032456e+01
9.316365603202243051e+00
1.322561374123425182e+01
2.688664113670350275e+01
2.591751011569668606e+01
2.727264342669644392e+01
3.421744344928721659e+01
3.135607635922470493e+01
2.123240617661407725e+01
1.230480997804846588e+01
1.187043432452352576e+01
2.815589585534933903e+01
3.352805378667331837e+01
1.042080243881204282e+01
2.546507982187693031e+01
1.286446862026017257e+01
1.808591918217600281e+01
1.974254989041222075e+01
3.016644524920582882e+01
1.917748038938562871e+01
2.034031797292257338e+01
2.064491803483393895e+01
9.999274921070220756e+00
5.132885787131203870e+01
2.667674281575725104e+01
1.270916487078194379e+01
1.625476441523330351e+01
2.241729943478451759e+01
2.548517669625215731e+01
2.086244373661514473e+01
1.228962391732082260e+01
1.355005082274336203e+01
1.127697877858250308e+01
1.568768154625023747e+01
1.387092747896691769e+01
1.164912893610931910e+01
2.937101288009870359e+01
2.141473539558821315e+01
1.302225904439544379e+01
1.269512440237952688e+01
1.361468949358851788e+01
1.333083232875170587e+01
1.955175545610288523e+01
7.609992145069662151e+00
1.559811829595962074e+01
1.449578982789765824e+01
1.355715902942737827e+01
1.340840278126949769e+01
5.563231532550246072e+01
1.518611783768794510e+01
1.240278024348674357e+01
8.713017152925781161e+00
2.487630461391046666e+01
1.002275862279097929e+01
2.036977014144904530e+01
1.070612401751744791e+01
5.370530855979106732e+00
1.504055482491561513e+01
2.778510620418893495e+01
2.698711147829570223e+01
1.577197364240327637e+01
2.843763699829071356e+01
2.354129062073415213e+01
1.413916799698030147e+01
2.106569158164364453e+01
2.021376039320873375e+01
1.747634489724878293e+01
1.862319158416742937e+01
1.541925851290452343e+01
2.802605049370573909e+01
1.732002266399700119e+01
3.287349775293118626e+01
1.820091761180199441e+01
1.393978253151530211e+01
1.909616778897989420e+01
8.803749554079102424e+00
1.178547883952261088e+01
1.150030913861923842e+01
1.195508868829210414e+01
1.487536292287423301e+01
1.220492655361703704e+01
1.770558024516104112e+01
3.291075429821373888e+01
1.515379576225826064e+01
3.393663472012876525e+01
2.950388232037428438e+01
2.150757278620395496e+01
2.595424182432245530e+01
2.073820781642768551e+01
1.129563662465531593e+01
1.236156222363224266e+01
1.270419114088177714e+01
1.739579496305139017e+01
2.846173846944674324e+01
1.696774970132053539e+01
