1.035235898805697197e+01
2.496880607292983001e+00
1.008199649085435468e+01
7.193260040918983300e+00
8.175450291515366175e+00
5.964724077855247941e+00
1.856378308149082912e+01
8.882266142761798378e+00
9.420166571198466343e+00
4.675570034463488511e+00
1.074592914727470827e+01
2.993179686747256874e+00
9.414699340685590556e+00
1.233149202324060489e+01
1.173193943439273745e+01
1.004227310047072308e+01
9.763974593058913243e+00
6.979996813262834721e+00
4.542201048733410573e+00
5.606821345095984732e+00
1.074174604133195032e+01
1.411242886798263818e+01
1.329498769418681725e+01
4.504168345824544950e+00
7.257216028526120688e+00
1.382100976924569125e+01
6.148619845128912687e+00
1.083263386476868106e+01
5.274010390580309071e+00
1.013577853872966905e+01
1.008131758307319892e+01
1.102469836431691874e+01
5.565867138178920648e+00
4.255006205645207373e+00
4.733999860549701566e+00
1.190368140083864823e+01
7.712242054389700563e+00
1.097591731117995373e+01
1.954629431834883846e+01
7.252296339595392105e-01
9.089424556707848879e+00
5.965799752220254604e+00
8.404864074292095921e+00
2.024567076905140794e+01
6.195823033830655469e+00
3.925889269837401052e+00
1.769663941463151247e+01
2.463898963447968438e+00
3.679124411044849552e+00
5.714680746951688484e+00
4.699591666467561879e+00
7.888892733505854515e+00
1.881730146888617483e+01
1.265546556963435876e+01
1.345486901278225034e+01
1.077238771190014610e+01
7.732340461650005992e+00
9.798163089606147125e+00
6.107874349384847967e+00
1.198113773558940487e+01
6.412493802655332864e+00
6.196320057806095960e+00
1.037790466146238444e+01
1.108957392860416391e+01
4.131030073322651930e+00
5.506781040663938143e+00
5.133730636643763390e+00
7.608151150806599539e+00
7.258957835624256560e+00
5.132485124608205496e+00
1.241451705906113823e+01
9.872173672522176702e+00
1.038520851343245965e+01
6.775899413166903251e+00
5.622381528921198246e+00
2.975073504371370081e+00
5.043418206525393188e+00
1.103799712696942059e+01
1.082238451565703485e+01
1.012910819264041962e+01
1.089183844110424459e+01
6.362503382169361288e+00
1.190003555520700118e+01
4.807052819611634220e+00
1.154224165426105131e+01
2.715779368070608157e+00
1.518559425360807147e+01
8.303277071006451848e+00
3.866819204309287272e+00
7.954267715095225455e+00
1.269378594683852057e+01
6.642974759180598099e+00
1.079146238378530498e+01
3.233491907283627231e+00
1.429901699970228890e+01
8.703551643573920416e+00
9.957160878442529395e+00
2.800825440626134810e+00
7.983726593140640482e+00
1.003366136360712702e+01
3.153205867934306905e+00
1.514538205273909810e+00
5.391924201826753027e+00
1.285259469912429608e+01
6.247675649656906138e+00
5.864455802754585889e+00
6.185598898509191201e+00
2.459957754715629719e+00
2.169727427794684971e+01
6.578986447422012773e+00
4.293032309973559890e+00
1.182788191689574298e+01
9.467186347071482544e+00
7.845769791298041085e+00
1.211604200602445935e+01
1.108475954995170554e+01
1.039209440489051239e+01
6.551436098988057566e+00
1.092207113905538129e+01
9.742050596421467645e+00
9.591428570731752146e+00
1.170003623482932475e+01
7.929334248109218386e+00
8.151365990358444336e+00
4.747353189232608628e+00
9.503753634404137784e+00
7.601696007570517999e+00
5.396478837913265991e+00
3.881101787286150184e+00
3.598431667503491305e+00
1.110123087096697070e+01
1.030095441406751533e+01
8.200192809761530199e+00
1.350890552405194533e+01
1.009180766027755105e+01
8.196353267654179930e+00
6.463502386936941235e+00
8.725923455284798180e+00
8.151383818165932382e+00
5.503353205264591708e+00
7.407867446993275706e+00
4.562382561166146822e+00
6.633974391192677622e+00
7.429444700268298618e+00
5.733076167472833440e+00
7.054641960232474140e+00
6.547587800404060410e+00
2.431756639378898299e+00
4.730605398357876190e+00
5.607923950147979397e+00
1.041571200729111979e+01
5.752977794720156801e+00
1.462378358926065047e+01
1.775528905300939764e+00
7.563066271729470991e+00
6.730639034414219957e+00
5.379827871543713336e+00
7.619736644171518414e+00
9.671859531589619863e+00
1.023624667809597888e+01
1.079164799339555891e+01
8.557523175376493541e+00
1.241950173356736897e+01
6.055768338902383974e+00
9.284984402146065463e+00
8.622735833155239504e+00
1.008211509184267562e+01
2.089468725150796846e+00
4.478261132067097527e+00
5.216480761506026020e+00
3.070436933558661430e+00
6.933802237399068424e+00
9.799481490570098430e+00
1.418428772904721313e+01
1.088148262023980806e+01
9.862524766462914982e+00
6.743884906052046269e+00
7.146420889093369588e+00
3.217459283083181187e+00
5.599829378847012151e+00
1.702686661441279625e+01
1.132994969430242627e+01
7.087409797757472596e+00
1.374297553664284699e+01
1.595089507963920106e+01
7.799150839677017721e+00
7.842792615979161219e+00
9.800273180879276680e+00
7.970672386285281519e+00
4.839293548717413351e+00
1.094851199146580178e+01
7.473916344727325800e+00
8.341503033985715021e+00
2.345980714203457662e+00
1.101632670633416033e+01
1.198767903761511278e+01
2.685973860460511986e+01
1.382257534407655264e+01
1.668481901027523762e+01
3.466417035535556579e+00
5.870520316813325756e+00
1.734523316622590130e+02
1.861463997384328906e+01
1.904808536830429944e+01
9.071728430109052610e+00
7.472576009132991359e+00
2.808573208938766719e+00
1.230030141067735094e+01
1.113575082294109464e+01
1.417277817248188576e+01
1.466356603686835491e+01
4.034813343709749311e+00
6.982017381259412403e+00
1.204959285016751558e+01
1.344854802018096684e+01
1.260711287398837754e+01
8.580397838000134669e+00
6.904826310467916173e+00
1.528238552802842420e+01
1.378456675825853672e+01
8.160575388511324135e+00
8.598796276634741886e+00
4.944817340726622490e+00
1.682207585025414076e+01
1.002064365349145092e+01
1.144310626600761083e+01
5.820681439417541903e+00
1.692903099193056349e+01
1.195616151010545636e+01
8.529526827114658261e+00
7.177066845990886179e+00
4.952812003753863657e+00
4.810117336530005616e+00
4.695119346283128436e+00
1.089234894060041725e+01
1.493191454714930444e+01
3.500499141763099953e+00
3.140641209138996803e+00
1.364256276248156396e+01
4.076087901716225481e+00
1.338977021045919535e+01
1.233529012128568780e+01
1.063384723090888073e+01
1.809652721699864841e+01
1.294237788714585236e+01
6.921801393674675396e+00
7.153252554204585500e+00
1.067233794707791006e+01
1.869108293188461545e+01
1.187796010792229140e+01
7.989128728876232266e+00
1.566116199661498243e+01
4.247278996520116756e+00
6.663203727518111741e+00
1.346031438986253903e+01
1.270936504326591177e+01
8.056528404330721926e+00
1.319866776504230899e+01
3.228336604381702557e+00
8.490542138509200143e+00
1.115203744315520318e+01
1.047615571586945826e+01
5.914190675925087959e+00
1.283346831628181128e+01
5.099118682122092849e+00
7.677515217398849678e+00
1.029118285637407304e+01
1.056962679688605711e+01
6.392989285788259757e+00
1.704396523938648711e+00
6.517597551305712500e+00
1.172314280643035111e+01
5.959422222070664077e+00
1.234479754827879816e+01
4.595802053063723136e+00
1.477202426264310553e+01
6.200711780372348159e+00
6.569794854715726551e+00
1.161921602667921150e+01
6.314464271498748893e+00
6.087139311657098872e+00
1.874528225234345769e+01
1.274659250975126312e+01
6.209241604822451244e+00
1.596700940542832114e+01
8.517770711704791609e+00
9.215039602560748833e+00
5.606194126299408609e+00
3.404326216470255684e+00
5.735447245219137180e+00
3.345528171224443792e+00
1.761003520488502261e+01
6.677825151047098728e+00
1.347395287633727357e+01
6.174820291540649819e+00
6.843911950222487661e+00
1.118925089682020690e+01
7.518065830339623723e+00
7.931285953677281952e+00
7.808946451922622600e+00
