4.342057495299721737e+00
7.021360096542954565e+00
5.862759979111086039e+00
3.561290641265241419e+00
8.341280583767762380e+00
8.016595039133973088e+00
8.599184090200299835e+00
1.143609830724868104e+01
1.501392215099238570e+01
8.185210951422437375e+00
7.549798506727584346e+00
2.905478260863906925e+00
4.726991901875988944e+00
1.936527916661041004e+01
1.084593457076584500e+01
9.725652737624427502e+00
3.618957070670577814e+00
7.571229025619999220e+00
1.588260043986806203e+01
1.118213113116576274e+01
7.653807695623438434e+00
7.868974393414839064e+00
1.141963383861824965e+01
4.741793167819537302e+00
6.522210662433450601e+00
5.912153190163178529e+00
5.630484907753110946e+00
1.297549014862939032e+01
7.482228339336440825e+00
4.792191727285413094e+00
1.571327694893912685e+01
6.126577529639705588e+00
4.672031394545210325e+00
9.000851918688427489e+00
3.999337137227943817e+00
1.512861764239819529e+01
5.147185061779197213e+00
1.707923978427909617e+01
1.531303799151188549e+01
1.225488539710438829e+01
6.604754483609141857e+00
8.051239141266366417e+00
8.326542041879319456e+00
9.123072066438178140e+00
1.094839472962265781e+01
9.007818011957141380e+00
1.029285635715193514e+01
7.995292198281072515e+00
4.222219301915015599e+00
6.520743149444471420e+00
4.382099748499539871e+00
4.535679591240754149e+00
8.660696197194678092e+00
8.757051645258689732e+00
3.823002818418032689e+00
1.652491319445400819e+01
1.343186223255900735e+01
7.039421846409030792e+00
1.130306695016010643e+01
9.372429611280844952e+00
9.803424825016717747e+00
7.298653702428577361e+00
1.000169057262719718e+01
8.182223795359290008e+00
1.090724812260380361e+01
8.945245124331004050e+00
5.262021797080053354e+00
1.112474583541078310e+01
7.362102798558314731e+00
6.420735003182032941e+00
3.902819493768614922e+00
2.125991990461310621e+01
1.066618399862781175e+01
1.615811440543702560e+01
2.930864845919348483e+01
4.925185911305285380e+00
8.364593852691541542e+00
1.212825342172641641e+01
1.256417647989926856e+01
1.383414644547773875e+01
8.989788918057586287e+00
1.334535909069198922e+01
1.152726126524579087e+01
9.260924375050672452e+00
1.453909385910509755e+01
6.382012318361808489e+00
4.624313382781303439e+00
1.052844602998175105e+01
2.192672138386344560e+00
1.760523095432995344e+00
1.096637426537287396e+01
8.482669480995859601e+00
1.188738628853665524e+01
2.047381761113008380e+01
7.855049225244267852e+00
6.484435319647455565e+00
3.679919945065700304e+00
1.589939863498213235e+01
7.930702119228767444e+00
8.127274696815247168e+00
1.161022633629152878e+01
9.053831932145156358e+00
7.329589873945009160e+00
9.647918861125363676e+00
1.477510541045122139e+01
7.186871660784642124e+00
4.589776853046635630e+00
5.181798052748583849e+00
9.596446621193637228e+00
9.372638257344108936e+00
7.118107289298080786e+00
9.044314876539786496e+00
5.324036957566312012e+00
1.134207265447634505e+01
3.723738404110399802e+00
5.095276196204945762e+00
8.569545782826542890e+00
9.682646477870525459e+00
1.809777082395342163e+01
1.395481174866713125e+01
1.037395039451222978e+01
7.168017259834498667e+00
1.249215257638205756e+01
1.117924063176142901e+01
1.625998780262100851e+01
1.023481528768129323e+01
7.364615233966840258e+00
1.040153360581470565e+01
6.156629281348005911e+00
5.701967828418140982e+00
1.249591271612305876e+00
1.272980064670388067e+01
1.285626722560940038e+01
1.140176702498366268e+01
7.193660763378386669e+00
3.445660836967639362e+00
5.233023818590483600e+00
9.648014468812279532e+00
5.229627760804614667e+00
8.303427582633005954e+00
1.094978338108420246e+01
6.701759049513637656e+00
1.697069109270455201e+01
5.711249533412669166e+00
1.403497293159107961e+01
1.291695366727133099e+01
7.937255562063727510e+00
4.985424372700999029e+00
6.478488275313670108e+00
1.706193475256610981e+01
1.039866322538128607e+01
3.009352505756514695e+00
6.683375192858539648e+00
1.069497614590139456e+01
7.968472341799068381e+00
2.776313128320357482e+00
5.589178816845076447e+00
7.135115772914906174e+00
9.635446546048552108e+00
4.368621151657668733e+00
1.002998232646966414e+01
1.342340894062981604e+01
4.956568733956888018e+00
3.087278366103411997e+00
6.191570972097350634e+00
9.350438131690479437e+00
4.403489073245463459e+00
4.833472644703801002e+00
6.964724118237583639e+00
1.022758688087169610e+01
9.568495029222008341e+00
7.603230857989752067e+00
5.026931528961950946e+00
6.792119304902996646e+00
7.014278348342966041e+00
8.057056337392044298e+00
3.623002894008100050e+00
3.505452726329272739e+00
5.269710438932552421e+00
2.299230971975579152e+01
2.245319854306697849e+01
8.032470956269722961e+00
2.556089298644823771e+01
4.732301211139822783e+01
7.877671650067617826e+00
5.130020442766005218e+00
1.177649274272822311e+01
4.812735804154192998e+00
8.136256213225552258e+00
1.470465389439145731e+01
9.761910701710185378e+00
9.800540888248216120e+00
1.166838601934786013e+01
1.369728298495104823e+01
1.468768408572549689e+01
3.865138379215012687e+00
4.246436943689525734e+00
5.381596653351626180e+00
3.904150028708174514e+00
7.917281532982339165e+00
8.665602284746613648e+00
1.211255390854703329e+01
4.814576833736824213e+00
8.450990264966163679e+00
1.115723618821122720e+01
1.249598617651700927e+01
1.863890441025743527e+01
6.405397970929151974e+00
1.528700094968716883e+01
6.095679763864693790e+00
4.999310915059356653e+00
1.155038151943515068e+01
1.004059238796563847e+01
1.822819881372784678e+01
1.526082972091753476e+01
4.186318145671251045e+00
2.906488360698375573e+01
3.402531559642635983e+00
3.703419435365558066e+00
1.281217357827292957e+01
1.154036161607838729e+01
6.133686052993855498e+00
9.786110776448374793e+00
4.540231890031656725e+00
1.886184738514639747e+01
9.868952331176295445e+00
1.113638636950823191e+01
1.476915888974587432e+01
6.029634741365552664e+00
7.924739650722576911e+00
1.383200336885793824e+01
1.426735274936856612e+01
8.985254458519229104e+00
4.654835480824169203e+00
1.361141265788186594e+01
5.668893064471283161e+00
6.774314738325119656e+00
7.279527379715609925e+00
1.092163454553660173e+01
1.451498146729711358e+01
6.016649729260222124e+00
4.839155089140379395e+00
6.011135740405100236e+00
7.905855027469824492e+00
7.963562876245013022e+00
1.032805910679066308e+01
4.282333898052260501e+00
6.422999443269073794e+00
8.991689929996473651e+00
6.723062036114513695e+00
5.944448847570521721e+00
4.811378893741209417e+00
1.104997373690222062e+01
8.989753590502299829e+00
2.850064113773907337e+00
8.731939646990557691e+00
1.259694761997717904e+01
2.496866046989506174e+02
1.187567791913956228e+01
6.622059857115960568e+00
4.739382738933210604e+00
8.606351407905339812e+00
1.360649450972103480e+01
1.267358353691705730e+01
8.552910864356217502e+00
1.168800952026123419e+01
4.518553502118368037e+00
5.753378621387429170e+00
7.112285580070162538e+00
3.700620235415028603e+00
1.578474226276844128e+01
1.908801018428471608e+01
7.474485900673499827e+00
9.213719947866151117e+00
7.849982121684456970e+00
2.320746665215138478e+02
5.188165661040944343e+00
1.276022071376994660e+01
9.874593940226461086e+00
1.398512221333930938e+01
8.603469199502075782e+00
5.691452573817375793e+00
1.059687728154751518e+01
1.416081370043351306e+01
3.704403071679063686e+00
6.404989247878000391e+00
4.477167998751957256e+00
8.237942091137396616e+00
7.991658777036025008e+00
1.422040031721958186e+01
2.074464772905601961e+01
1.194931585664749818e+01
1.002595893854872955e+01
1.299835338825151254e+01
1.279900212481717148e+01
1.367051769499856029e+01
5.013918815479975422e+00
6.289616509466883443e+00
1.002021226670211007e+01
2.023159123058852593e+00
