1.524500157798890541e+03
1.598471919327502974e+03
1.573591602786973226e+03
1.640079136648949316e+03
1.686040892828965070e+03
1.556847291450949115e+03
1.410497004627077331e+03
1.433892959133515660e+03
1.370669850171437702e+03
1.433864427695707036e+03
4.243054584352653364e+03
1.456174467836390477e+03
1.566172972386739957e+03
1.602700166092432937e+03
1.488641224264244784e+03
1.517862678729518620e+03
1.651062502084966127e+03
1.648464231799985555e+03
1.367128873316633189e+03
1.516479713833784672e+03
1.348569931898795403e+03
1.706190209260049187e+03
1.717810592874759550e+03
1.637696045351653765e+03
1.622913507671828711e+03
1.576049092701818836e+03
1.315288212816423766e+03
1.535974492999425820e+03
1.532913775090259605e+03
1.527953800419853678e+03
1.554538342661018078e+03
1.885411611303476775e+03
1.748632345133023591e+03
1.510587658650072399e+03
1.505204821905299241e+03
1.700913350360064214e+03
1.509576963317675109e+03
1.225034462408436639e+03
1.440185644857625448e+03
1.426305204220586575e+03
1.603296747833634299e+03
1.727348494747081531e+03
1.612109930268193921e+03
1.442429092796230407e+03
1.376864645488708220e+03
1.430250566269123055e+03
1.549061605430651070e+03
1.264258610208410346e+03
1.440823064137777465e+03
1.340619094401575921e+03
1.427624012392960367e+03
1.503386375084089877e+03
1.628171884792237051e+03
1.528638848852632236e+03
1.614813963519090521e+03
1.572712603854717599e+03
1.540866838974891607e+03
1.663705375601869719e+03
1.488243259052735766e+03
1.566577928415588076e+03
1.581798320238149699e+03
1.349816008543623184e+03
1.617250968231469415e+03
1.552677056930629078e+03
1.550865130821965749e+03
1.310095890537137620e+03
1.382868879871380614e+03
1.595746887106970462e+03
1.499775646643122172e+03
1.673636332630415609e+03
1.687109929933092417e+03
1.451005272457864294e+03
1.524771806662203744e+03
1.494596639657001106e+03
1.447487579185258255e+03
1.593588582306525495e+03
1.609925663360595536e+03
1.614625354240922661e+03
1.562653983545891833e+03
1.660204432190261059e+03
1.709015161573217028e+03
1.606677569991871678e+03
1.615872182917432838e+03
1.592319371608494293e+03
1.647415791373515503e+03
1.371437580198036812e+03
1.595124904568260035e+03
1.430697059625559632e+03
1.552826953953271186e+03
2.113625651502788060e+03
1.493693463775471400e+03
1.551911775490853643e+03
1.485286725486114392e+03
1.636381814789287546e+03
1.697845120711252321e+03
1.581710737009152353e+03
1.417319419025461684e+03
1.565332404309189315e+03
1.721479795887858245e+03
1.681835056825878155e+03
1.459417996047636734e+03
1.493312500507328195e+03
1.599761228001406835e+03
1.639386697228976573e+03
1.522151066121096164e+03
1.497289627784529102e+03
1.450818598527503127e+03
1.538140335857268383e+03
1.680188153459824662e+03
1.559163235970981077e+03
1.750586161205310418e+03
1.374759887149393762e+03
1.634131503018101967e+03
1.559344106069774853e+03
1.537958632328406338e+03
1.691843111501218345e+03
1.659424488551073182e+03
1.461797142142056600e+03
1.588782440147671196e+03
1.449399060013543249e+03
1.499839948441060869e+03
1.504944785672068065e+03
1.471288226250299886e+03
1.594365179015184140e+03
1.292808407584307815e+03
1.696528183415006879e+03
1.405511256034847520e+03
1.494467419868591378e+03
1.622032056940922985e+03
1.682243779587901827e+03
1.490898138732136204e+03
1.590860231541571920e+03
1.589211946603804790e+03
1.381546408454795255e+03
1.277493018322979196e+03
1.597094331125799499e+03
1.466080497178301357e+03
1.589255152706932449e+03
1.674690071985600525e+03
1.425185764497004584e+03
1.577467416492185293e+03
1.447725478798893164e+03
1.571481687487030058e+03
1.602569070307961738e+03
1.652770651757161659e+03
1.456433940900399648e+03
1.603285486119728830e+03
1.474496907641297867e+03
1.524338183843059369e+03
1.655397974141423219e+03
1.500188213247288559e+03
1.501996831648062880e+03
1.489902656344028173e+03
1.621913715043491266e+03
1.610888719519072083e+03
1.515459999152585397e+03
1.499571785904661965e+03
1.509981961647953767e+03
1.514851655072208132e+03
1.707834102991230793e+03
1.854089565902842651e+03
1.473255959199829704e+03
1.576225130781030884e+03
1.520594114060477295e+03
1.420718648580317904e+03
1.531972059336290386e+03
1.225941928454580193e+03
2.013054114387218988e+03
1.558406531961626570e+03
1.513234709670112807e+03
1.508753522378377511e+03
1.616386747678614256e+03
1.556662669571927154e+03
1.500824469928531698e+03
1.521922326091239938e+03
1.468682908279306503e+03
1.474803866855404067e+03
1.491183909152721981e+03
1.826266066659109583e+03
1.465909971490237240e+03
1.683706637327666385e+03
1.622130558422841659e+03
1.643947360770533123e+03
1.692303578497783747e+03
1.534279283345205158e+03
1.564457863985076074e+03
1.378454860665397746e+03
1.562314398859421544e+03
1.434217306636866851e+03
1.667617456021712087e+03
1.489770505496592932e+03
1.604427630115255397e+03
1.691450864747836249e+03
1.595045364439076366e+03
1.478546860815699347e+03
1.386855635003559200e+03
1.560332416911808423e+03
1.634618897843331524e+03
1.574775836624685326e+03
1.545244172744063235e+03
1.618916739435136378e+03
1.530298804692839667e+03
1.369025504632585807e+03
1.633833307150862311e+03
1.700371942949664799e+03
1.563548308491471516e+03
1.390179371792878783e+03
1.333104144674514373e+03
1.438868406323419777e+03
1.480688524792098633e+03
1.558861304329644781e+03
1.762244789127100148e+03
1.524153468641149402e+03
1.609795087158023534e+03
1.719276327061750180e+03
1.720356946516162907e+03
1.511067937155436994e+03
1.396832581240608988e+03
1.684634887623388977e+03
1.749127482123243681e+03
1.507829218566017062e+03
1.655579099045221483e+03
1.750261817392879721e+03
1.522961784978314199e+03
1.419822416368700033e+03
1.554631423428636481e+03
1.476616439625258181e+03
1.533763545112655038e+03
1.568130405945476241e+03
1.549965037928931224e+03
1.600459287525194441e+03
1.556297282707776958e+03
1.569401848885965819e+03
1.547563146593196961e+03
1.653950851096476754e+03
1.257099605761767407e+03
1.629871461599097529e+03
1.393546690108364828e+03
1.629081509070291759e+03
1.462305000294213869e+03
1.692465632385802110e+03
1.587496759772088353e+03
1.638611080838511270e+03
1.641188967440120450e+03
1.678376933895602178e+03
1.591091367861195749e+03
1.594105585335652904e+03
1.663837101080696129e+03
1.575253371698755927e+03
1.437701650658371591e+03
1.434105238929413645e+03
1.596902226952213141e+03
1.498123281097124618e+03
1.340743646890063701e+03
1.623980770132815223e+03
1.639080363270784119e+03
1.679628889372514550e+03
1.453745302856544640e+03
1.587653527921743262e+03
1.427274325341196800e+03
1.455977678657137403e+03
1.661863663210843697e+03
1.464083215432244288e+03
1.340076943793630107e+03
1.478114906676174542e+03
1.617988741802211962e+03
1.546800058530445540e+03
1.646998135009142061e+03
1.411167478413486606e+03
1.482776067457456747e+03
1.570507270645231984e+03
1.510340222210124011e+03
1.404937716436541905e+03
1.509515502133472864e+03
1.436311360901254375e+03
1.330846881666334411e+03
1.584363945738050461e+03
1.670806883518581799e+03
1.436909484105691718e+03
1.478615744704175768e+03
1.477681008705215163e+03
1.675016041372049813e+03
1.549297971783390949e+03
1.818926988620685961e+03
1.568278105360151130e+03
1.416679991338092350e+03
1.633097567813514615e+03
1.506793587737079179e+03
1.621818962669032544e+03
1.361669722865427275e+03
1.467026452998710283e+03
1.416166131485535516e+03
1.604014672583965876e+03
1.428586791768526837e+03
1.582157090168145714e+03
1.314214871213822562e+03
1.663497945472040328e+03
1.505070599464443148e+03
1.502130813136083361e+03
1.654620372401714803e+03
