7.860157882208876678e+00
5.342328656889003824e+00
9.566170796500806262e+00
1.891294997001731559e+01
8.656233484703729886e+00
5.553427346835406730e+00
4.489824946598421462e+00
5.047442668880917971e+00
1.384146900202656916e+01
7.978171244978066845e+00
1.046511436698413533e+01
6.342588006212973362e+00
8.659268261978876779e+00
1.704708850212725935e+01
4.908863058926430156e+00
9.571967428280595769e+00
1.176905342761338069e+01
7.002821381865432571e+00
3.072693194017967588e+00
8.460493584994152272e+00
1.329423571962158102e+00
1.804428718228395212e+01
7.046537433568253128e+00
5.308870122837549665e+00
1.145270066038612633e+01
5.918223628293113769e+00
6.462189822204241096e+00
8.468603471013969042e+00
1.341517376987967936e+01
1.001747253589557296e+01
1.549088341737036600e+01
1.441229828083927877e+01
1.604097968955918816e+02
2.009454070977961493e+01
1.719041405501758391e+01
5.530412490108898460e+00
6.890287838516587549e+00
1.202124663567643559e+01
1.154743706262403968e+01
1.616060771978855470e+01
1.196120965628863431e+01
6.316369523182931545e+00
1.197940981349897704e+01
7.429156924559280561e+00
3.415565132569611251e+00
7.668660654781051633e+00
9.937348618517200194e+00
6.362113068927453874e+00
1.210083623449622969e+01
1.181416899082413074e+01
8.212635873660461883e+00
1.092900385747385350e+01
1.209251890107232263e+01
1.340992018413142617e+01
6.412193712321448302e+00
7.625669748399814374e+00
1.318583834754092265e+01
1.045477980631456205e+01
6.641010949220184756e+00
1.018661019309925564e+01
7.216522432943739851e+00
1.151911127221134379e+01
1.045977937518944501e+01
8.342684736549539792e+00
1.512482072605563488e+01
1.189189732788766030e+01
8.380935663466358321e+00
2.022715593257503031e+01
7.344558569953004934e+00
8.376901433514886364e+00
6.749215393369856208e+00
1.203793499254818933e+01
4.548569162011557587e+00
8.929656875234748270e+00
3.975226699832744348e+00
8.082048099016557074e+00
7.284728222356317673e+00
3.435915926976568446e+00
1.515511572182346534e+01
1.655229014915893870e+01
5.967845368116478255e+00
1.026825578584568888e+01
1.869453690310381688e+01
1.514787882261892449e+01
5.965878265892731847e+00
1.442025891028622908e+01
1.736615684006034499e+01
1.488589112739808051e+01
1.387265404294453930e+01
4.260875755811186494e+00
1.001114206997987388e+01
7.855095470352732256e+00
7.699859518339164488e+00
9.970305342071814181e+00
1.049407465601952794e+01
1.069895284283637693e+01
3.453383108169416182e+00
6.492303935483249688e+00
2.180572575942418467e+01
1.150554385847937766e+01
1.040629069889779146e+01
9.515492899279170302e+00
1.408653515038673021e+01
1.922863841155791675e+01
4.619891222590510438e+00
3.128406714337291117e+00
9.851004041300775782e+00
1.133493356789060691e+01
1.033445162661188554e+01
1.030376752325357081e+01
6.025495783877511613e+00
1.333551442842285439e+01
7.796117874269560488e+00
5.922895800361239083e+00
8.699508356889879224e+00
2.498659472466255949e+01
9.760845089988052337e+00
1.401101494672185055e+01
1.847414046987231373e+01
1.743485481420023220e+01
3.604468077877508225e+00
6.975170724408123135e+00
6.454776480777265846e+00
6.098753057377788167e+00
8.286712007434818617e+00
3.923962054336491860e+02
1.359037783266436428e+01
4.203645556795067684e+00
6.252999427904769369e+00
6.368389243453541440e+02
7.658387351597880865e+00
6.631061191284161715e+00
9.418685495533823726e+00
1.009235606229880133e+01
7.700800166925846568e+00
7.789749273986809719e+00
1.300798271652971394e+01
7.505742078143271101e+00
7.894132530701750028e+00
6.483116838683112171e+00
5.043728316060254180e+00
2.120312353483842571e+01
1.087912356168104333e+00
1.446248730488271939e+01
1.035191676683507112e+01
5.371947544481170844e+00
1.052442662364643233e+01
5.341539420487932510e+00
1.269849216324133501e+01
4.050465903347013175e+00
7.234549323322887027e+00
7.696199634261027711e+00
3.563527139719687931e+00
8.224826278668883717e+00
9.565760690247779863e+00
6.172173464293131850e+00
1.166068472032544179e+01
7.234325894405166935e+00
7.041335058602866681e+00
5.742904599643558150e+00
5.853742369007115087e+00
1.813093898889805899e+01
2.014029861269898092e+01
1.213114369126831171e+01
7.622580962121790371e+00
5.217659064418977977e+00
4.297817275376390356e+00
5.155264515595782804e+00
9.009955572548603797e+00
5.979387994457324496e+00
4.008144984437818081e+00
1.234038437812958122e+01
6.939542866240838492e+00
7.040453218694469051e+00
7.364654442498168585e+00
6.925647964770178966e+00
3.381457938708904543e+00
6.099466970292138690e+00
8.841365192286497532e+00
4.254212919339089183e+00
7.817280761035494407e+00
2.902882697765108322e+00
1.064109398462611900e+01
5.254561778966705177e+00
1.317752711341433880e+01
1.473184921614543796e+01
1.179263532325457575e+01
1.007341759369095335e+01
7.807662542152293383e+00
1.185219245904042218e+01
9.041346164699023191e+00
1.686871626198462693e+01
7.464122402052463023e+00
8.154636054267168532e+00
1.012053184277559836e+01
6.868619993344584174e+00
1.261367701073444714e+01
6.687028235935992271e+00
1.136472007444966081e+01
8.186514295467809177e+00
7.944808447804475371e+00
1.030458034178266757e+01
7.695227974346755317e+00
5.857507297068382357e+00
8.051393726819759067e+00
1.637483293500898185e+01
8.098155920935472096e+00
1.498791633293979686e+01
3.643565453993153902e+00
1.242211999397313527e+01
1.434887540780716186e+01
5.568759035472112373e+00
9.972273076537545577e+00
1.112567615751270367e+01
5.126027251272282648e+00
1.599111640882409091e+01
1.454509132796754223e+01
1.108962513184958709e+01
1.871249024269630823e+01
6.505394582462929343e+00
1.479072478749846908e+01
8.228232456290372809e+00
8.161061497049649560e+00
8.787210279715555572e+00
3.184632479667167448e+00
1.652066614533036670e+01
1.662181810321483155e+01
1.135687262889262428e+01
3.146260454916762317e+00
1.158860757923551787e+01
3.396613159659348735e+00
6.161075608215019095e+00
5.371794765750276035e+00
1.093650893972745308e+01
5.923447964833843393e+00
8.589785860982326327e+00
8.859893055463068379e+00
3.705572109624951427e+00
1.064252291928624139e+01
1.478234154913169895e+01
2.901549954216958049e+00
4.625205629914047378e+00
2.795019707391388764e+01
8.612878209228215454e+00
6.163745544120448727e+00
3.178850027628344233e+00
1.489408597680374768e+01
2.961073065582415609e+01
5.227796892245877736e+00
4.382147485878888027e+00
9.693769076152531028e+00
1.929844224206322778e+01
8.299615999011576761e+00
7.279554884379247248e+00
2.854610615325018586e+00
4.965932131903580959e+00
1.293050739899231516e+01
1.620000418516329788e+01
1.955970459619954838e+01
5.159608468251159152e+00
2.905632633155819100e+00
1.374578379714803944e+01
5.960323200989256165e+00
9.441018847651191592e+00
7.202821265393938965e+00
5.779272326991158337e+00
6.699041988499211620e+00
7.179137785333923105e+00
4.094624722708055664e+00
6.210709736155420657e+00
1.347680970999530636e+01
1.654175586903483719e+01
1.533630173938830943e+01
8.859195152880783297e+00
1.319570578681263306e+01
4.748421580457865332e+00
1.429423607269658092e+01
9.614035876796863889e+00
8.748959683860617176e+00
6.831273864943717022e+00
6.975275131022163677e+00
1.201550076695584046e+01
1.477335226905689325e+01
3.265277354978235014e+00
7.368818889781248771e+00
5.346889150812710767e+00
7.008310908915213133e+00
8.369593312484791880e+00
1.600343772631058314e+01
1.405505160934007058e+01
1.588579590550917153e+01
1.128102846936767989e+01
5.929769965762387685e+00
2.821918873317574139e+01
4.404422539583673135e+00
9.283608529524684627e+00
1.212524210458748009e+01
1.959763148017704992e+01
1.573402021711602750e+01
1.616786508107404430e+01
