1.862832277153957961e+01
3.113508092021730889e+01
2.611179569613230811e+01
9.688088735174821053e+00
1.114391341951690073e+01
1.762365774199370350e+01
8.112815378769122177e+00
9.365456070769418773e+00
1.191615296413986869e+01
8.038262686781283861e+00
2.344874584704640341e+01
1.642966870964660231e+01
1.841887016234556285e+01
8.880705281591907863e+00
1.909328490682306878e+01
2.405315897135789882e+01
1.662009990883444033e+01
1.704750727266679178e+01
1.415542779735907786e+01
7.472891150646963965e+00
2.427833209232042933e+01
1.606791719591603140e+01
2.324716698975762696e+01
2.022962970282984685e+01
5.444674297880494507e+00
3.283747249437170268e+01
1.982514514335888833e+01
8.166663335082485986e+00
1.085554083101423650e+01
6.582402825895234955e+00
8.862934943562283507e+00
2.311243924490494450e+01
1.242830663393601753e+01
1.406599905676625362e+01
1.276688423924006877e+01
1.262437007045868320e+01
1.613672879481901035e+01
1.957122807081877625e+01
2.806317110552151561e+01
3.068579253039672849e+01
7.591792586185396097e+00
1.389539773223210517e+01
2.808152286791429830e+01
1.959556228492134977e+01
9.426105166071726771e+00
1.225735476358589970e+01
1.805398364672113587e+01
1.942914761617635477e+01
1.045803468749922871e+01
3.063447369949353671e+01
2.534820911249632402e+01
2.181320993802303931e+01
2.657813097930687007e+01
1.061627972001981313e+01
9.335086334458276625e+00
1.180589070944489372e+01
1.486919794785399063e+01
1.190703892611573522e+01
2.673905297140174042e+01
9.104158951533131372e+00
1.535366251967738371e+01
2.838971431502705656e+01
3.426632215021742667e+01
3.798085213550891126e+01
1.163637464832390123e+01
1.939789674070801695e+01
2.466568802493083012e+01
1.425205916182358834e+01
1.311263947614573766e+01
1.294760709116293462e+01
2.679779649535694830e+01
1.127209362678713411e+01
3.003653553740763371e+01
1.012953000098106848e+01
1.904241221091270120e+01
1.381605195492770655e+01
1.796308896129809440e+01
8.284098236706189056e+00
1.688782468398576597e+01
1.291426292472107384e+01
2.014072472877639086e+01
1.946692718654188070e+01
2.424276147872228648e+01
5.390475844598324962e+00
1.920275378451006176e+01
1.709066502937264076e+01
1.016593815179362181e+01
1.567973701818731769e+01
1.085985345119826206e+01
1.338539667890790952e+01
1.448678473633017916e+01
1.800702021282735998e+01
1.663488254555348078e+01
1.107565849629039967e+01
1.043598140344328407e+01
6.289170410497850305e+00
1.303690109637961037e+01
1.249101526249474681e+01
1.642927016952523900e+01
1.565706037806214468e+01
9.299217511617419163e+00
1.529677548961706002e+01
1.797218452233111563e+01
7.159353705255516509e+00
6.786292977523197933e+00
1.284846841684356100e+01
1.996226251005068875e+01
1.920694607124556086e+01
2.890217419208374281e+02
2.157957600122273689e+01
9.876613561815991815e+00
1.630822173856842738e+01
2.740178235939874796e+01
8.038460233426766521e+00
7.707100825621637341e+00
1.656225685982299822e+01
1.923731074951766473e+01
1.223292196922316855e+01
1.481762004687529455e+01
7.573848776933759019e+00
1.835950550298064599e+01
1.211484483752149544e+01
1.207278335630995514e+01
1.900049840165773674e+01
8.258413497074529985e+00
2.467463145234640720e+01
9.339445152701628672e+00
1.781531827593269313e+01
1.656357640092494421e+01
1.325701392865100736e+01
2.332595536783166423e+01
1.369398525678005463e+01
2.003390686528208420e+01
1.194592875669976806e+01
1.557810383342706828e+01
9.493063620726672980e+00
2.104009358189862056e+01
1.345766123588032137e+01
1.039640275448289586e+01
5.290546997671363982e+01
2.497536682825526810e+01
2.253603304604097346e+01
1.654378619310997323e+01
3.023445695834290703e+01
1.476964395162560528e+01
6.895468485197297603e+00
1.219870856449291452e+01
1.273891416788782216e+01
2.202806631783916202e+01
2.784775566721783235e+01
2.146147595712456635e+01
1.148337835060355694e+01
8.826793477323606751e+00
1.561468379924335537e+01
1.485241047296138994e+01
2.085344655471487840e+01
1.638216202840415292e+01
2.168326457482891456e+01
1.043395642031333637e+01
3.095313116202014214e+01
1.066850848859873579e+01
1.125533348402408151e+01
1.341507338381594749e+01
1.544727514695557424e+01
1.632957045741805757e+01
5.880668735250848655e+00
1.988963190040388440e+01
1.547013530545286919e+01
2.306415119959151383e+01
1.441625277530504867e+01
1.475713898186840467e+01
1.067266705191731546e+01
1.009868847270455561e+01
3.974177738406511651e+01
2.861559450831549256e+01
2.090432232198993745e+01
2.260539197188068528e+01
7.022473974798184138e+00
1.917540265975713254e+01
1.658613016489369585e+01
1.936409678248884347e+01
9.604386764340741678e+00
1.012974172350770274e+01
1.913076350148239158e+01
9.208116047203290577e+00
2.102936543912954903e+01
1.941410881130842014e+01
2.081092727059919767e+01
1.759797260195166047e+01
1.756150077052100755e+01
2.746362178392443454e+01
2.126669019656691617e+01
2.139623050512691904e+01
1.869553774372519328e+01
5.517226640751781375e+00
9.438343206586994327e+00
2.000090228777756352e+01
1.926290027360514756e+01
1.962721215828603505e+01
8.659585342329604529e+00
2.562676022390074593e+01
1.387236704543343535e+01
2.019759955616495617e+01
8.944836081529402350e+00
1.042285734967438771e+01
4.681476093148461359e+01
1.260194174036839598e+01
3.177723657438206573e+01
1.391444206123365390e+01
1.502634826141957092e+01
7.584919756683611070e+00
1.599521459908088694e+01
1.375791694454325231e+01
2.360404475592496354e+01
2.140122299643622839e+01
2.818174567775492179e+01
6.907106445875392353e+00
2.093198622456418789e+01
2.429652464494114028e+01
4.408198037590340590e+01
1.771660500418663275e+01
1.232576792544105082e+01
1.322927807619863039e+01
1.953822964550094810e+01
9.807796996506477072e+00
1.887633863736146367e+01
1.726507927525332065e+01
2.956127107193326964e+01
1.576322835174298831e+01
9.885999452876927052e+00
1.595014062891330653e+01
1.890718411457062587e+01
3.114172718476715573e+01
3.009957044271060056e+01
2.126780584426092702e+01
1.267465411155786725e+01
1.182769668341363278e+01
9.045127011165781994e+00
3.052518944898780617e+01
1.466084478399808866e+01
1.123729368057496103e+01
1.092744516178729164e+01
1.694678419103199829e+01
1.487887720140021131e+01
8.211676591349668541e+00
1.875452176466773224e+01
1.409991864504064374e+01
1.022127821141288351e+01
3.188072232244505244e+01
1.140685086999019582e+01
2.083166683664530794e+01
1.074826777445953496e+01
1.013687678643582046e+01
2.017613145919946760e+01
9.951897859633941579e+00
1.025026605164100779e+01
3.604065052122498258e+01
1.321486873781310756e+01
6.240692541770949120e+00
1.505728243910334641e+01
1.003397188423496367e+01
1.680466820331351130e+01
1.117766682398944589e+01
1.997386432656261590e+01
5.400150165347704423e+00
2.218501331269888155e+01
2.781370780087619465e+01
2.553274289549146658e+01
1.471925062791845562e+01
2.929314146873317881e+01
8.496662809270640437e+00
1.295844274849032196e+01
8.806510932842829931e+00
1.322481843076606189e+01
6.148923072328535078e+00
2.261234708018816519e+01
1.353846743861646296e+01
2.018283412893396545e+01
1.251760159714394405e+01
1.647102793433732160e+01
1.802745905749289079e+01
2.861974713277241023e+01
1.096443768940109109e+01
2.103683531640067628e+01
9.112810594078156967e+00
2.537965391235573875e+01
3.643084805138057991e+00
2.407983998117972391e+01
2.983134117474207514e+01
1.384265629122434049e+01
9.478216834315244199e+00
2.824906313596381224e+01
1.820992789176072790e+01
8.026560968527183704e+00
1.541175676640857084e+01
9.915177766966523976e+00
1.900882748907046249e+01
2.684560631173555123e+01
4.605453735257685643e+00
1.257202689641144211e+01
