1.016435516268565564e+01
1.424955157633908343e+01
1.360079932517577106e+01
1.919616700098175244e+01
9.672298056860395121e+00
1.033974644969093504e+01
2.380004957857162040e+01
1.152527040205420583e+01
1.716974650503823341e+01
1.295876025674289345e+01
1.025977515192839462e+01
2.277099976655328106e+01
3.188523359385226463e+00
2.310146241729939831e+01
1.374703702558008800e+01
1.545733270425854045e+01
1.130990351864560495e+01
6.715447223721004555e+00
1.032479408320923575e+01
1.497080405061183761e+01
2.841529541063651632e+00
3.709241291304185495e+01
1.269451507645894139e+01
3.141780073334576784e+01
1.395494239522864177e+01
1.380429877753815404e+01
2.045857624351750204e+01
1.969877468865878711e+01
1.216214058941543641e+01
1.651885747770961288e+01
7.315878267970171045e+00
1.570582325372121879e+01
2.041727358990899077e+01
1.675092485252567798e+01
9.906642188760891088e+00
2.941970462740169268e+01
1.314743437188225528e+01
2.134040873368281055e+01
1.686576693317642395e+01
2.138130203113203009e+01
1.613352630303965185e+01
7.537370133022231578e+00
3.475368519449811799e+01
2.676101561095756765e+01
2.046694372999169786e+01
1.098760153518642113e+01
2.118772013860499470e+01
1.229992072038265505e+01
1.590544315221418437e+01
1.881947767936616600e+01
1.531582471690810543e+01
2.150054074354771672e+01
3.790879383209169173e+00
2.337561309065774040e+01
1.159585119995882962e+01
2.946892226921426428e+01
1.499807683689331483e+01
1.754337955943317695e+01
1.551781403205460030e+01
1.012839617843432727e+01
2.433475004024098709e+01
1.830236884108255779e+01
7.529582895603445181e+00
1.787384776471107983e+01
1.237742272730274351e+01
1.116564168250457634e+01
7.297964206413374733e+00
1.027099647416232386e+01
9.857449994082347899e+00
1.335355080489250490e+01
1.231759289360054055e+01
9.169989710974515873e+00
1.867118243914022457e+01
1.068730071913252999e+01
1.841861516797420606e+01
2.558352865978458368e+01
1.867472480745679064e+01
1.474163462714227713e+01
1.226476275550533934e+01
1.055513290421355244e+01
2.027258735290535441e+01
1.474782105729006432e+01
2.702847820646430321e+01
2.393818904116093194e+01
1.273214710384141135e+01
1.425811735328966279e+01
1.441120933739682997e+01
1.592657554905224870e+01
7.624157231077825614e+00
1.368866177681098328e+01
8.586467675561491930e+00
1.658833356021158068e+01
1.624317564645505030e+01
7.781493284889560158e+00
5.064393094955229202e+01
1.693813165567190993e+01
1.964897454626227358e+01
1.514647899568169898e+01
1.169904187875565071e+01
1.005366372140517583e+01
2.432276231519128729e+01
6.108392887809092286e+00
1.809266769746421133e+01
1.062811667061980359e+01
2.673280374531520565e+01
1.861731672569520413e+01
1.192885353100628443e+01
7.596695160426275351e+00
1.493510710174187395e+01
2.597657231000391675e+01
7.513905040179248651e+00
9.535130483978170091e+00
2.720290717522693669e+01
1.928961724140124190e+01
4.294570806731583090e+00
1.714062346129946590e+01
2.334203573826563627e+01
1.226543101362060106e+01
8.318440123250328000e+00
2.468071752958702447e+01
1.076379604381015653e+01
1.631888823520515786e+01
2.165293837783513098e+01
9.485899672664475091e+00
2.560552477519602377e+01
1.010290076901492284e+01
1.733425914606580776e+01
1.393908059444218139e+01
1.647205284957180638e+01
1.443031625597256706e+01
6.976564417277321795e+00
1.353016879403575778e+01
7.657082840989414052e+00
1.020033402333745798e+01
8.608438089867508580e+00
1.100081658941468632e+01
1.204050986674981161e+01
1.626969818108344512e+01
1.111223058868457336e+01
1.016655596583714072e+01
1.400443195387745909e+01
1.244872818093537070e+01
1.205940974714587988e+01
2.395872520547624873e+01
1.545232824854732279e+01
1.695749858852017411e+01
1.997024932737382841e+01
3.089221734254870810e+01
2.779042567661634067e+01
1.010292121568626555e+01
1.396258165645250138e+01
1.460815859860420396e+01
1.694395781363182252e+01
1.579549201854504581e+01
2.280367434166533869e+01
9.139880953098741045e+00
1.516640300749438452e+01
1.426509512383061917e+01
1.481561690639955486e+01
1.566576010292357601e+01
3.106536974217599933e+01
1.252016898616750318e+01
1.821874489088843418e+01
1.972641667166667645e+01
2.005915308497809235e+01
1.707370729889404970e+01
1.416787505305555861e+01
8.572543645186014416e+00
2.617690994269608140e+01
1.613176795846252531e+01
4.051892545620423114e+00
7.727335061432105690e+00
7.863717481631739226e+00
7.205873215721632974e+00
4.113985741803082519e+00
1.488961866631075104e+01
1.378863949595596594e+01
9.940503642621017377e+00
2.771499473771228494e+01
9.023976727991412261e+00
1.017654573213318514e+01
1.379048652463875513e+01
1.170363198617184608e+01
2.163752708290101978e+01
1.309981253898336462e+01
6.124421855434949435e+00
1.193209580920061263e+01
8.565959213429465535e+00
1.646318664109025320e+01
8.322270346472866009e+00
3.796524717260560067e+00
3.124024845233867609e+01
2.320823380915673084e+01
1.464164515058355853e+01
1.871950862259255643e+01
8.518930662477465887e+00
1.268033544649392219e+01
1.084662844433800899e+01
2.282945495157432703e+01
1.279078037113078103e+01
1.370191455516455115e+01
2.427550433913474137e+01
1.460539505225237278e+01
1.443159879021686187e+01
2.770353343917741640e+01
1.503659535373708067e+01
9.403250474441081863e+00
8.918742958587650094e+00
1.307212873543310927e+01
9.931133562551375249e+00
2.506676921527425250e+01
1.211223864277005369e+01
1.557449316833272945e+01
1.705552251850843248e+01
8.403595408273375256e+00
8.015744322175489600e+00
2.509673511035564530e+01
1.376345921355201440e+01
1.034064073154442553e+01
2.578396107979166985e+01
2.221158991689682694e+01
2.251675634512542601e+01
1.738972751008803286e+01
2.384849633917622214e+01
1.514834195259268235e+01
1.844185766392596904e+01
1.109135680751975706e+01
3.059706067359662995e+01
1.313249021604476674e+01
1.666737783891397839e+01
1.767859104742148801e+01
2.674938106169491547e+01
2.817063547431360959e+01
9.735398589277796333e+00
1.776958346682438616e+01
3.581499093670011291e+01
1.104363658183218888e+01
2.196779040585850851e+01
1.163842702775925453e+01
8.067237883197549309e+00
5.132325411372946178e+00
1.498803943496389124e+01
1.984610185397120929e+01
1.608361220768405531e+01
2.083388334530849306e+01
1.860000077656034989e+01
1.161068399381227145e+01
2.016190566755988911e+01
1.251312749431283855e+01
2.017317489152717869e+01
2.274406906623975999e+01
2.341831375993345787e+01
1.265834087002615860e+01
2.270751669131595563e+01
2.697198218062888841e+01
1.203321232601413548e+01
2.549776351832088395e+01
1.264236511684430830e+01
2.231440042985950356e+01
3.131792297756550170e+01
1.257221762749611571e+01
1.408053486766277551e+01
4.408242735928827649e+00
1.117937761071412162e+01
1.384523640802428623e+01
1.204109299910634689e+01
2.383395921727827726e+01
2.197629913285414105e+01
1.020426982908049673e+01
5.749229780388380284e+00
1.859577702851231962e+01
7.053562511435721660e+00
1.395187505087029933e+01
6.603180491404908814e+00
1.120226622738011812e+01
1.324580302039736424e+01
1.441371618258800602e+01
1.302887682223514076e+01
7.403986152259974141e+00
1.145558953880140507e+01
1.260339558261916437e+01
2.327846049533462036e+01
8.135473169432797746e+00
8.599464137348569182e+00
1.649482296813369331e+01
9.415700402407502168e+00
1.310030908850775688e+01
1.171493960504392184e+01
1.287095971798839145e+01
3.295627004298987828e+01
1.065572560217460385e+01
2.407428227436198398e+01
9.509430847524747321e+00
7.172700065506173672e+00
6.975044304473810186e+00
5.993948745177671356e+01
1.164270373153116722e+01
7.795160123112719219e+00
6.385837904601832982e+00
1.767692279756487750e+01
