1.005425732665354133e+02
7.495597780007254585e+01
6.932611479455339065e+01
6.491766328645499584e+01
7.848209556673268139e+01
9.961905049543294410e+01
6.511807449284354732e+01
7.058068114288124661e+01
9.200253939177817131e+01
8.806970185436368581e+01
8.957495237242656572e+01
7.291668087635335382e+01
5.257377498493255530e+01
8.600197653595780878e+01
5.471319258173446798e+01
5.426867715004199511e+01
8.354602180719378168e+01
5.630055904220614593e+01
8.247702497984049330e+01
5.465387201080429946e+01
8.444662777031848577e+01
5.146882473591168150e+01
8.730960528076242610e+01
5.044474795308185833e+01
8.712231792048454793e+01
7.396398348113494592e+01
6.499351515628639220e+01
5.041882863394305758e+01
6.291062214084291071e+01
9.371184329530817081e+01
6.143099609456536569e+01
5.943120269965096725e+01
6.899878490820643151e+01
7.552022375035986101e+01
6.891292046730973198e+01
6.740077469755678408e+01
7.936308751335853628e+01
7.908020438950728703e+01
9.259166079633803292e+01
8.017812713540483571e+01
7.198696679337497528e+01
9.795243016617969545e+01
5.420819905444272280e+01
4.568354323049722154e+01
8.468531481924905790e+01
5.446585964174403927e+01
8.147907280208002589e+01
9.051622018520316715e+01
6.468672658865817482e+01
7.183207049691426960e+01
6.430415534114621323e+01
8.662318158287011727e+01
8.388958867557937538e+01
6.245673405007517687e+01
1.057233938488225959e+02
7.293006378897700870e+01
7.159239039216082290e+01
7.319892158078722844e+01
8.868064440802233150e+01
6.010314630764354860e+01
1.071652467418278860e+02
1.129476683308451328e+02
8.868613533986501807e+01
8.606944169445300474e+01
7.960467963702120642e+01
6.715419065666223730e+01
7.833243374432036887e+01
8.163554867922711367e+01
4.509080032982188868e+01
7.471679874998989135e+01
7.038718348709126360e+01
6.319345433700137704e+01
9.197172516003531939e+01
8.426707488171901161e+01
4.544791700362250708e+01
5.892405909617907867e+01
9.080262174990673429e+01
6.058231497389198239e+01
7.724475379828821531e+01
5.253486411884575347e+01
4.166178825883890369e+01
6.572791998802132696e+01
5.913653995463032231e+01
6.582695664379347988e+01
8.736621655786254337e+01
3.847188246991079552e+01
7.516351354023973386e+01
6.308878229398325743e+01
8.239141342207629748e+01
6.541518046419142252e+01
7.620447001916328134e+01
9.360015554092780121e+01
1.010176689188677273e+02
6.266053390634515097e+01
9.097953357513772232e+01
5.752952460478466890e+01
5.694949129447559244e+01
8.152764615915751278e+01
7.395673374513543763e+01
5.818027842758635870e+01
9.145613553297862097e+01
8.258745917868284891e+01
5.575519787773724545e+01
7.034119269486232895e+01
8.220566285571429432e+01
6.310008812473132167e+01
5.465603705616341301e+01
6.502947682180925426e+01
6.049545809791172957e+01
7.106648174855101274e+01
6.417648605793496586e+01
3.319483020465560230e+01
7.111557310142507049e+01
5.629565907617487852e+01
7.487110453591003534e+01
6.458978833244063367e+01
6.273365781910206351e+01
8.065982279410029321e+01
5.470924997514611476e+01
1.020581017152650958e+02
1.180487379061113842e+02
1.012433267858843067e+02
8.843985179254102036e+01
5.556223567697252008e+01
7.573419630296669425e+01
1.629934470178664583e+02
5.578893416881777512e+01
4.688482089264649488e+01
6.644964938154532774e+01
6.312952410439806528e+01
6.943608774390179406e+01
8.920845139758355913e+01
4.221067118474421420e+01
8.820211777866961711e+01
6.823996078526485576e+01
5.449719745050629882e+01
5.744348881074538582e+01
6.863720105214353850e+01
6.966204801121335777e+01
8.094408653911507656e+01
7.511566538739646148e+01
7.549691012632149523e+01
8.262687283223905865e+01
7.510216963895119591e+01
6.148473709028022682e+01
6.555342879445336735e+01
8.129973922727086233e+01
8.506771728580044112e+01
6.446033694254468571e+01
6.208005860145880206e+01
5.570771009606738033e+01
5.114495093926197455e+01
4.173170554365439244e+01
6.715265082017322129e+01
8.366508297379942860e+01
5.010304139148548330e+01
3.768432922347957970e+01
1.762886962214084008e+02
5.054051847348614501e+01
9.038367002391299820e+01
8.077978739800902019e+01
3.666859174142443294e+02
6.346801979039431529e+01
5.721103067679806031e+01
8.495510479731174769e+01
5.716775880285629086e+01
5.828060616995237808e+01
7.577896345690287205e+01
8.417682261521099463e+01
5.305409774313622506e+01
4.696773264427616823e+01
6.309710776179244363e+01
4.848018710039696089e+01
1.406061584687246011e+02
3.864457725913457153e+01
9.464702924293399633e+01
6.961184796304937095e+01
6.159671870218973311e+01
9.006292288988750272e+01
7.158291455097189271e+01
5.958823446662500345e+01
6.405307533044238255e+01
8.910386575283538946e+01
7.852079024444024924e+01
4.676296796513471321e+01
5.204880983061480748e+01
7.447090440632133834e+01
4.601032960557009233e+01
8.188791770540069592e+01
5.953807432183641168e+01
1.124834347681005653e+02
6.347043873215565668e+01
4.602007288839707400e+01
7.377964051466284445e+01
5.456012666075322670e+01
6.604552184664555625e+01
8.547451995698922644e+01
8.550133560868509619e+01
5.886874090138354632e+01
5.736540546951524533e+01
8.462765183775131561e+01
6.404467623542522858e+01
7.802432403043829368e+01
1.022813290495424638e+02
9.073591356913053119e+01
7.761050447542835684e+01
6.491906814001724513e+01
6.185099697424612231e+01
3.301998261550871803e+02
8.226048032958588863e+01
7.257627765943800568e+01
6.231569721885844615e+01
6.184026285306066484e+01
7.429874655675379813e+01
5.675065806249718037e+01
1.136991538033704501e+02
9.043270015976821696e+01
6.868346567436903172e+01
9.234344497794792517e+01
6.034505982581784167e+01
8.457319252580046509e+01
1.061546181933244384e+02
7.569546858039612403e+01
8.191188028975274449e+01
8.750313403613716901e+01
7.862740744937248394e+01
6.945441300569855514e+01
6.286267857033794826e+01
5.620238645660777621e+01
1.031226240227695570e+02
8.232751018257611975e+01
5.259409356322706941e+01
8.069499447321614127e+01
4.649143176018690582e+01
5.070001022257261525e+01
5.446350123294911327e+01
8.661439743930371549e+01
6.490986983642254415e+01
7.644118016495004042e+01
1.006901883069488548e+02
2.845652051900837250e+03
1.099231003745339166e+02
1.000731860508140869e+02
4.851254409504741005e+01
6.398955958064556171e+01
9.577735146329510485e+01
5.581677370111457037e+01
6.905497850710536056e+01
5.845201521090078955e+01
8.480257353058112813e+01
7.845399011791258204e+01
9.534698355611070042e+01
9.588776977250365974e+01
8.103996090150536702e+01
6.402824273686697154e+01
8.212795863204539160e+01
6.761024718115726273e+01
5.876983205567668023e+01
7.435235545509051747e+01
8.136796700483913014e+01
7.692069553545184135e+01
6.945592206315743056e+01
9.424679492625361377e+01
1.063884472876018492e+02
6.262626162904496141e+01
6.160596244162921664e+01
3.369459217324160960e+01
6.279438166142247013e+01
6.473282374034951658e+01
6.030095360483897338e+01
6.697455011630070487e+01
8.500529987676365806e+01
8.534269816731838887e+01
1.016322819041877921e+02
7.313889288903290264e+01
7.342620461940887822e+01
7.340088412653662431e+01
6.044016313511330196e+01
8.498312984992487884e+01
6.310312633486092437e+01
4.474680141079709017e+01
3.942352862360016275e+01
7.758751709852205636e+01
6.683273052506918077e+01
6.480155644988360564e+01
6.100366905266314177e+01
6.637523386752452836e+01
1.049439351230994077e+02
1.022755070037121641e+02
5.854584774724459351e+01
7.550193782836592504e+01
6.128229381279761867e+01
8.327404686980864312e+01
8.757790800312979229e+01
9.343513419040236556e+01
7.056827944470434488e+01
7.509260151054830601e+01
5.211345379101725683e+01
9.920571391776556425e+01
4.441460475266455177e+01
