5.951037223374841005e+02
5.652031398891143681e+02
5.998985412123219021e+02
6.225588100500820019e+02
6.063076813848456368e+02
5.794760404120072508e+02
5.714666518410693925e+02
5.833680535282406936e+02
6.120974178613224694e+02
6.790919695603089394e+02
5.287847145325476959e+02
5.633803644040984864e+02
4.027498483788619410e+02
6.089914456010169488e+02
5.759841744646588495e+02
6.455821271428171713e+02
5.509701757935309843e+02
6.760429668591244763e+02
5.192368795028077102e+02
5.640870586352797318e+02
5.717393509335281578e+02
5.339692466292144672e+02
6.534204654004448685e+02
6.056495736876918272e+02
6.358881315597509456e+02
6.608003032759910411e+02
6.426065888392171246e+02
5.558124544334345956e+02
5.086453826483606235e+02
5.725302261312334622e+02
5.448516274760347642e+02
6.290102114907556370e+02
6.046477727835944052e+02
6.088908612828440710e+02
6.904271180609790690e+02
6.986725716881458084e+02
7.465434610366501147e+02
5.940341426407607059e+02
6.299302364867929782e+02
5.192432869849949384e+02
7.554496729869367755e+02
5.347677634550267385e+02
6.561085044864281599e+02
6.581244889457001364e+02
4.800469304449626406e+02
5.640804962373493936e+02
5.966662240703905127e+02
5.352381841662147508e+02
5.515795792912144861e+02
5.569119231485360615e+02
6.333249503602362438e+02
7.143508184718721168e+02
4.881672296437907903e+02
6.669216110781749194e+02
6.112831708130759125e+02
5.591904011046193546e+02
6.011448732075398311e+02
5.732419337740467427e+02
5.887627459787332782e+02
4.905356539975854844e+02
5.934716567560191152e+02
7.197443386807531169e+02
6.525703771071197252e+02
6.309466983696709121e+02
6.894785127385498527e+02
5.878295892822651467e+02
6.697727632329253993e+02
5.353405519747847165e+02
5.940542795732441164e+02
5.849851274532024945e+02
5.306885675351340979e+02
6.156715854256384546e+02
4.989711983890767897e+02
5.090310631453511974e+02
5.602403031030130478e+02
5.504357320555976685e+02
5.561668855284743813e+02
4.923442291559350110e+02
6.588866456570979153e+02
5.539649175633918503e+02
5.973885325142549618e+02
6.249524348766784669e+02
6.481074889426929531e+02
5.755485600636254730e+02
4.972843127003607151e+02
6.777553398518371068e+02
6.611531543028714850e+02
6.457760356969718032e+02
4.961506450646278950e+02
6.725483822377065053e+02
5.375797504276343943e+02
4.717720098569217839e+02
7.090457580759546090e+02
5.654535244811540906e+02
5.149404840409608823e+02
6.053294986988687469e+02
5.674146562303641304e+02
6.670959304292379102e+02
5.534187013541614988e+02
6.736704148587094778e+02
6.893428950780570403e+02
7.219788214518119958e+02
6.784052856135941738e+02
4.676912139586254966e+02
6.893576312405164117e+02
4.946780964350526801e+02
6.179377149282223627e+02
5.648973164381395691e+02
5.158947309125629772e+02
5.441426216079839833e+02
5.825492910519110410e+02
5.576210891500027174e+02
6.162530508560170119e+02
5.962169361280548401e+02
5.688096666867024851e+02
5.991889734171933242e+02
4.636986821916694907e+02
6.634374009117472042e+02
5.607394417992526314e+02
5.531787505372774376e+02
5.093887579824214527e+02
5.801453823328583894e+02
5.954953927068270332e+02
7.188791401738224067e+02
4.856238849517779954e+02
6.082148594373521746e+02
5.681921722050366270e+02
7.145007367953834319e+02
5.422502874126084862e+02
5.581001543819672861e+02
7.213570908816039946e+02
4.904046451482838052e+02
6.580196652021027148e+02
6.375129391629589009e+02
5.728923213978977174e+02
5.320401632187569021e+02
5.960203140608632566e+02
5.859326906663043246e+02
6.075679522875028624e+02
5.289790547254048079e+02
6.391847088420272485e+02
6.340359627436406527e+02
6.842523201099916150e+02
5.536132911950887774e+02
5.556946710407686396e+02
6.850568111451400455e+02
4.449872860151629084e+02
5.625431675734238297e+02
6.337520281937548816e+02
5.942181853091592529e+02
6.106027094067857206e+02
6.812252623781815828e+02
5.236698082663522200e+02
6.452092990779824504e+02
6.880026319160191406e+02
5.605372111064687033e+02
5.280851161568749603e+02
5.915748883883424014e+02
4.927890906099844415e+02
5.178718695419810274e+02
5.244179931431017394e+02
4.924195621257412085e+02
6.370056820829140634e+02
5.199930840629657496e+02
5.343355379672708523e+02
6.439293455872597178e+02
5.887401457876532049e+02
5.263478772885878243e+02
7.008577285595364401e+02
5.740780722825332987e+02
7.377869269841482947e+02
6.888209221012939452e+02
5.439595433172551111e+02
4.627519557679510172e+02
6.650921339080463213e+02
6.044220027081646549e+02
6.122097995611504757e+02
6.202340708225742674e+02
5.877122100062318850e+02
5.704251356508186745e+02
6.897397298329359501e+02
6.625308715269785580e+02
6.496669453044793272e+02
6.555965757793293278e+02
5.903736511851717523e+02
6.096358867339862400e+02
6.429651028021337424e+02
5.541343994688946850e+02
6.244526670699649458e+02
7.110557239565514465e+02
5.501557515247268384e+02
5.214780841906095930e+02
6.600261835486289783e+02
6.163426150583030676e+02
5.336675840166803937e+02
5.195581418322263971e+02
6.114946567844574474e+02
5.240824795255408617e+02
5.234019355264522346e+02
6.342433478654000965e+02
5.478905135397992581e+02
6.683071308503780301e+02
7.151524428322196627e+02
6.156851948166442980e+02
6.198289072745889143e+02
6.351835478213181432e+02
6.361370597291602280e+02
5.180122352580826828e+02
5.520693648786499352e+02
5.394090818426791429e+02
6.830158180158995265e+02
5.298389884930550124e+02
5.859918076523829313e+02
5.186614076541612803e+02
5.142665672072565712e+02
6.743009386404859242e+02
6.544339062315006004e+02
6.475585285226359247e+02
5.745099006469259848e+02
7.202978017404294633e+02
5.537498431016666700e+02
6.330101111446640516e+02
5.380678910968450737e+02
7.269009350484805054e+02
6.738393418986312327e+02
5.425212752976395905e+02
7.195534998959885797e+02
4.532175447125333676e+02
5.177138685288429087e+02
6.356202808005588167e+02
5.455883961241328279e+02
5.521917091502091353e+02
5.908367476244825411e+02
6.108352604864924160e+02
4.815651741139545834e+02
6.760905075843533041e+02
5.247793850461425791e+02
5.561282946272101526e+02
7.081193615484068005e+02
6.872717676364170529e+02
5.067416948476277980e+02
6.730690051633139319e+02
5.924845191983943096e+02
6.177902913807439518e+02
5.799432735836837765e+02
5.739238474055277948e+02
5.597752831359844095e+02
4.762383717674564991e+02
4.941611376126623441e+02
6.295250071645987191e+02
5.850866886287764146e+02
5.776135761446428205e+02
5.879084461378139395e+02
5.161252738124667303e+02
6.506561746715776735e+02
7.208158919709499060e+02
4.604582167045977599e+02
4.455304259326061356e+02
5.123349755589866845e+02
7.045297965258330350e+02
7.637746506485730151e+02
5.751840837172035208e+02
6.749858418199801235e+02
6.168909114855064217e+02
5.308311269562518646e+02
5.570543764522624315e+02
5.671712414510917597e+02
5.929453563679443278e+02
6.487624862684298250e+02
5.590893902117938978e+02
7.248206555113494005e+02
5.277378190934881559e+02
6.674925591659213069e+02
5.262768916902552974e+02
5.865651561163181213e+02
5.877863516912650539e+02
6.456847922977209464e+02
6.218966125830523879e+02
5.723619281637210179e+02
7.034113225730181966e+02
5.962049609621360560e+02
6.498946686076562855e+02
6.106115162271678400e+02
5.668897683892508894e+02
5.698551660017594713e+02
6.681527172948223097e+02
7.172340552607446398e+02
5.255264393827931144e+02
6.328323192827228922e+02
6.549963951539908749e+02
4.592797137062777892e+02
5.681771776584965892e+02
5.979896134782518402e+02
5.020565714173885681e+02
4.922223973682723113e+02
6.505950568132560647e+02
6.233033796552949752e+02
5.090874963694282087e+02
5.951552449199610919e+02
6.053044251005588876e+02
