1.867724834653342114e+01
1.773917388092782588e+01
1.157672294480503794e+01
6.769395115420744347e+00
1.720317195545849387e+01
2.087298088827050790e+01
3.018385683384719087e+01
2.815221099718944231e+01
6.068674625632303865e+00
2.237867400892473668e+01
1.155656845863427762e+01
6.923993572124517826e+00
3.527680701021981235e+01
1.048674452661404466e+01
2.467455513973773407e+01
1.404855258449440214e+01
6.201545957610295368e+00
8.616380546195523848e+00
8.506439369160252895e+00
2.517217052722992676e+01
1.171296185015535762e+01
2.457452531170249799e+01
1.553387884564543242e+01
1.483416556104413786e+01
1.253323927604076005e+01
2.037452978694136974e+01
2.291757345606244911e+01
1.084375185025079880e+01
8.404334810000396061e+00
1.022884235558582944e+01
1.802839881596606730e+01
1.190197820681837726e+01
1.648265167162301736e+01
2.285066083961912042e+01
1.450309691195550421e+01
1.052921722942664040e+01
2.370496706336234993e+01
2.198322946023213831e+01
8.180775431633332317e+00
8.735337953453164772e+00
1.167569838843774654e+01
1.631568193334939210e+01
1.159090589602708121e+01
9.331389413193972970e+00
2.383319484028908519e+01
7.751324804951535974e+00
2.461670298884510899e+01
1.932939711021105822e+01
1.303014252272991413e+01
1.251148515691664009e+01
1.582953079948574171e+01
2.990090649870902695e+01
3.096762040916500069e+01
7.349875133065519428e+00
7.213848560386556308e+00
1.365878595201597712e+01
2.444520168704660534e+01
6.847090661118113708e+00
2.280195747120871985e+01
1.790231157886463009e+01
2.386330624357424313e+01
1.116999037507957127e+01
2.216287888934743222e+01
2.262935177904304496e+01
8.453975225915428382e+00
2.693044023754177374e+01
8.612452164389502229e+00
9.886024838967470529e+00
1.398168629595241974e+01
7.205582447931204726e+00
5.119861813863773925e+00
1.471875236672218001e+01
2.555276684286856081e+01
6.803186408942251795e+00
8.882497546481454620e+00
1.593739489031133871e+01
1.508521237774654367e+01
1.850663830052812031e+01
1.042190594343247589e+01
1.885614692840784556e+01
1.251387258399706681e+01
1.344036833904147521e+01
6.358750972578741667e+00
9.107588977515915118e+00
2.079623187920999783e+01
1.032800051675227770e+01
1.649457823010224899e+01
1.287193692564555114e+01
8.640854653391000895e+00
1.361357893507762284e+01
2.446759613092365626e+01
1.334635283512850989e+01
1.536838550459537700e+01
1.673730070626386990e+01
1.659947013335329657e+01
1.584643773476894957e+01
2.561878313931827478e+01
4.562173778117478662e+01
1.290402914465621365e+01
1.176403727311568659e+01
9.674946205693656154e+00
2.612893478788526025e+01
4.862119452677672093e+00
1.712132310926808287e+01
1.282612894024896733e+01
6.960505921744657876e+00
1.321422335524217395e+01
6.494458978808401284e+00
1.056557883808306109e+01
1.629921489943388835e+01
1.453476683189692942e+01
1.075847176273587813e+01
1.277824912833094118e+01
1.038427579759977348e+01
1.400401145528316782e+01
1.055278088437297512e+01
6.194514322244976334e+00
7.471401400906128920e+00
2.768113141526990972e+01
1.099477179399553073e+01
2.533159792676582711e+01
1.287266098088226762e+01
2.208886478412098597e+01
1.952693065038551978e+01
2.574002993693819619e+01
1.651735188281044842e+01
1.405927655385339214e+01
2.387940755215529265e+01
2.085834773683792420e+01
1.438863289676315560e+01
1.767637999957526418e+01
2.916702429711917333e+01
4.922069428000138913e+00
1.149049038311157922e+01
1.200981095767543216e+01
2.023194950310794127e+01
1.568685839753019629e+01
1.174872435749880317e+01
2.028882785071135686e+01
5.963718932440433385e+00
7.692763646042320325e+00
6.511991246496158681e+00
1.030812138260856869e+01
1.599533805330150926e+01
1.104972715468431588e+01
1.736051951597574217e+01
1.864583531045616027e+01
1.480883999585475053e+01
1.352995688789152240e+01
1.083268439898363056e+01
1.968005595746722847e+01
1.257843687134701227e+01
1.248018616272092984e+01
5.506139548589883859e+00
2.117156459859011619e+01
2.521434485033169182e+01
1.299159723931800769e+01
7.000876295443971387e+00
2.045471981840572795e+01
2.590050113751282623e+01
2.162673924161249062e+01
2.165053821704682591e+01
1.425602887664693519e+01
1.357410793316184439e+01
5.623508976943453419e+00
2.480350126425296864e+01
9.314886284299447539e+00
2.057298704960457414e+01
1.613966292059300045e+01
1.016459748519862671e+01
1.987382856741630732e+01
1.751679662288800188e+01
8.673082838872822720e+00
1.012169691685188155e+01
1.655046511292552225e+01
1.083027889540465516e+01
1.836320467769695952e+01
9.047385439595590384e+00
2.576473859145530199e+01
8.527051746968311363e+00
1.163576809681249635e+01
2.872120116109140042e+01
9.573238910816966651e+00
5.524506440878577784e+00
9.920387850550570263e+00
1.922660142339890399e+01
1.076202014082552338e+01
1.076322455975459746e+01
3.823368734151912207e+01
2.682617123300839168e+01
1.192162630213289809e+01
1.888054616074422043e+01
9.807797527323403486e+00
1.370520289480180409e+01
1.275114359182376589e+01
9.659341077299274048e+00
1.598936150301354253e+01
1.243885635236273046e+01
1.929819820926294582e+01
1.793234885338198481e+01
2.398672170372748269e+01
5.561900692242588207e+01
1.023068727280151258e+01
1.395667740891035891e+01
9.978633951342427366e+00
1.724276776087303276e+01
1.839100130046123027e+01
2.992211930461586888e+01
8.181869865189048241e+00
2.790643540063928896e+01
1.444719355292454033e+01
2.118687894205594802e+01
1.999666926031180481e+01
2.174894288533564435e+01
1.934960977084338651e+01
1.703001746589342957e+01
2.306648852158473773e+01
1.690322189708555811e+01
1.907009645356017415e+02
2.063761385524470882e+01
1.344115350122867980e+01
1.905143278791040018e+01
1.220750790557856469e+01
1.275690204976630326e+01
1.770158044782969498e+01
1.944577755325197188e+01
1.455275596935383930e+01
1.496255493353061361e+01
9.818214966935835619e+00
1.267810677840167166e+01
1.779008773653168163e+01
1.223898524672911137e+01
2.330164320135177292e+01
4.722069527974928072e+00
1.238787569814978973e+01
4.021488986264052379e+00
9.393525129661474793e+00
7.211046494313556821e+00
1.055229780543411344e+01
1.592512354141374509e+01
1.616197547376203048e+01
1.018767259756588928e+01
3.000530355642791136e+01
1.413617988937445702e+01
3.815790188845488373e+00
1.401940885252125213e+01
1.252390710599147461e+01
1.092404718499062533e+01
9.666315452731339519e+00
9.358111201073276320e+00
9.410900679430893589e+00
1.383649509740570061e+01
5.828832889288865005e+00
1.654882127151677196e+01
1.384541013899624673e+01
2.154908085082681879e+01
1.056774795153606838e+01
1.030475391374958960e+01
1.708583183013379525e+01
1.122958707347183349e+01
1.389058198399941446e+01
2.602280103494116048e+01
1.197122579463640335e+01
9.689227329551801660e+00
8.628905069301557873e+00
9.959083524369846785e+00
1.102923865721023944e+01
7.885425223430551078e+00
3.133076154321207696e+01
1.287015145192904519e+01
2.441877306703758066e+01
1.868474321275355976e+01
1.841860437335239098e+01
1.544077713637073757e+01
9.683940225464228391e+00
8.322311129989543588e+00
2.250539638927669372e+01
1.087276562426373161e+01
1.144390479098032110e+01
1.341298034591296329e+01
1.040936971945143519e+01
7.393419025991566862e+00
1.723406279921045225e+01
7.060630217030446687e+00
1.286747713972639318e+01
1.161707917382467592e+01
2.516599456860482320e+01
2.084742755523004476e+01
2.009832596801594562e+01
1.673752064837825415e+01
1.174259748050118546e+01
9.414851281791436932e+00
1.857419505845507146e+01
1.255668749346140167e+01
1.864985415889677967e+01
1.933393410797236811e+01
2.569317143587704422e+01
1.654679549134204564e+01
2.168415142532720807e+01
3.180705836458449198e+01
