5.091343470598739884e+01
7.441146615342618986e+01
5.819509125974209240e+01
6.337596714330137360e+01
7.180129744037564876e+01
5.823659912005646788e+01
8.774315761094302957e+01
9.757920495042877462e+01
5.865926594571740793e+01
5.570980540555169114e+01
7.191419926256146766e+01
8.754426707854527479e+01
1.344082741648315675e+02
9.650930111689939395e+01
7.773378612502652629e+01
8.937302147169440047e+01
5.315824648154132603e+01
4.991867908294165801e+01
6.639278418915267821e+01
6.925991789995440229e+01
4.187495192974622427e+01
6.033751644046910911e+01
1.153654830664884940e+02
7.448043689009919888e+01
4.018321823535824677e+01
8.297241758662390509e+01
1.113061677220006800e+02
7.586470772152254938e+01
8.153259001586702936e+01
3.389223172416252794e+01
6.895379013697247217e+01
5.814260882741520220e+01
5.904950559032676694e+01
5.727574060941838496e+01
7.606650432278625829e+01
9.979955449779865262e+01
6.869722027782943030e+01
5.059319775355981363e+01
7.334976200252435774e+01
8.510430623803321737e+01
9.853519026962251814e+01
5.093750321452426277e+01
7.378814295279872226e+01
1.199754922380899416e+02
4.790202099860346863e+01
6.555141586098828554e+01
5.031748496848837249e+01
9.206931988304009451e+01
9.077924378507726999e+01
7.786689746424605119e+01
5.347965578503711725e+01
7.160042806616530697e+01
6.848668410040744448e+01
1.160354008041178560e+02
7.195037196987797756e+01
6.547609199104890365e+01
1.459511834123983647e+02
6.298327644821402060e+01
7.342485589132587620e+01
6.592410857680800973e+01
6.934382697149429475e+01
7.640035958441025343e+01
4.135202499260227427e+01
9.852085145958906764e+01
6.074147694116314966e+01
7.540322124564286810e+01
5.153612265266121995e+01
6.835202034177221719e+01
5.206332294870877320e+01
4.790952149307596386e+01
9.595591171825333277e+01
5.920100537648207961e+01
9.039460593831559265e+01
5.464121357385734257e+01
3.650598843182778808e+01
7.166604649478851741e+01
7.650629527853364209e+01
4.266427163667200517e+01
1.115902119230890861e+02
7.974651556704600353e+01
6.892809558232400491e+01
5.579409244991108352e+01
1.053526275244792885e+02
6.770371499154828143e+01
7.517541753549609496e+01
6.959337649203811793e+01
8.589140243288589716e+01
5.724181586792645504e+01
4.892328223142911270e+01
6.099086001958086456e+01
7.979781820789789037e+01
8.477707802972923901e+01
5.395619848088992399e+01
6.438652715926238557e+01
1.033429830249559416e+02
5.552864509902734369e+01
4.630099491247263899e+01
1.089421190943428996e+02
8.826004417877135211e+01
5.364530681455174488e+01
4.190441956993871031e+01
6.999220569228006639e+01
6.316373118858178515e+01
5.694231644862160380e+01
1.022796727397235230e+02
9.795574512158708558e+01
6.189861538146971043e+01
8.384577752263267314e+01
1.043192232566626103e+02
6.041997848075089905e+01
8.763296978276038374e+01
7.231188278883205101e+01
5.024576173909256482e+01
9.111542804340034252e+01
7.143377565429311460e+01
1.077929619611486913e+02
1.058425424164539947e+02
3.710118724116278344e+01
6.322380638484168003e+01
7.774882309740110031e+01
4.212056074989485666e+01
1.242397344686961844e+02
6.809659233320635963e+01
6.883744218964808681e+01
6.249753760160148630e+01
7.885535021189333804e+01
4.661753189756463200e+01
6.280243157077916294e+01
7.311702554712405799e+01
4.417944610894508628e+01
8.019955990617692976e+01
6.826201609172552764e+01
8.296314871177504813e+01
5.131278294569212761e+01
8.668059061359998907e+01
9.483306454629349957e+01
9.539275238218785091e+01
9.033999075445017013e+01
7.292206858390009927e+01
4.215641902393652174e+01
1.089692680101792917e+02
6.113235755657389348e+01
1.045299182242351606e+02
8.447439783453562256e+01
5.225113828864209609e+01
7.580341740827518038e+01
6.472158342858493540e+01
4.364366479919623742e+01
7.017268576178689443e+01
7.917527234984302709e+01
5.042956961228324531e+01
6.985568417886433679e+01
5.026030540550237191e+01
1.035029924081596704e+02
4.795694106399369616e+01
4.905478830104954824e+01
7.822886194637533208e+01
7.525775313454643367e+01
4.785328430863323490e+01
8.706518729326712958e+01
6.003049196546400879e+01
6.509158957602430462e+01
6.859578581095360050e+01
5.706686586499456126e+01
7.237516366224762976e+01
5.873356206503620314e+01
8.038860083911119148e+01
7.904835356008167935e+01
6.922071217465003201e+01
7.560041129690827688e+01
5.773621305661256287e+01
5.397094385472339440e+01
8.790252343515901146e+01
9.375009638440141657e+01
5.718756055705916452e+01
8.356044937947042683e+01
9.278065978958613869e+01
6.734334614502566296e+01
6.372940849795288898e+01
8.791507069417093589e+01
9.811111492923002686e+01
9.589624186964393004e+01
6.801940432817632143e+01
6.081569803944073982e+01
5.888508810620359668e+01
6.510743086222322518e+01
6.144697050180629816e+01
8.349677772669079445e+01
8.981176576930393196e+01
7.030183259460551426e+01
4.792651319026117562e+01
5.099349209717577480e+01
5.926157237505171338e+01
8.157860749186049532e+01
5.997353958845172173e+01
4.853293025365272229e+01
3.561363396435302775e+01
9.949660952053069707e+01
9.915594404896833680e+01
6.060844203650231066e+01
1.230664785076252912e+02
9.813251349416327685e+01
4.519277467698466211e+01
6.449534893240695510e+01
4.868580850876951871e+01
8.984529712252597733e+01
6.751991906179169689e+01
7.608257565231218678e+01
7.493802816026671110e+01
1.290835722285176814e+02
6.502435701028052506e+01
6.985329297484395283e+01
8.872730461568944804e+01
8.950536896878477933e+01
4.446560698954484536e+01
1.009485352720603117e+02
1.263265091103093170e+02
4.846904494625923832e+01
7.326545583318807076e+01
8.223191967890399212e+01
6.094624955519216059e+01
8.673200453804538768e+01
7.196845633987791757e+01
8.258371497845266163e+01
4.987787933596730028e+01
7.208305071848776890e+01
9.041861387705409925e+01
7.137155976785507505e+01
9.135352492120523493e+01
6.115187917972686193e+01
7.431491515721182850e+01
7.262155825134068721e+01
3.725051759842942545e+01
6.136761895034871372e+01
8.698132932928571392e+01
6.937390628808407200e+01
4.328344959015478111e+01
7.463632407642275268e+01
1.260387511055033798e+02
8.299303151669019485e+01
4.963713103781253722e+01
9.311724372660297888e+01
9.636320234388969652e+01
7.337458047591711363e+01
9.968450748145166074e+01
1.263868333012156029e+02
6.640099751772253001e+01
7.751534852371712248e+01
6.368802323781391550e+01
1.115422535559636970e+02
8.832289868096198404e+01
6.670782814985035714e+01
4.689246450336980132e+01
6.622870949730715040e+01
5.290969381505654212e+01
1.114754224820822941e+02
8.512128527275731926e+01
6.716508466129533872e+01
5.170420481978613481e+01
6.862968879535523570e+01
4.218848377772010849e+01
7.307724278238460158e+01
1.259644335668094612e+02
5.281254881347637564e+01
1.040250993601813434e+02
7.181090789455403467e+01
8.254099747136341136e+01
9.449447003298236325e+01
3.562927445538574034e+01
1.039252115025129228e+02
6.506320761080455384e+01
6.711785562271371930e+01
5.178584494166925367e+01
6.138279223810074825e+01
6.597017014862565532e+01
9.108237978316574868e+01
8.277704040172272926e+01
1.095487750093115551e+02
3.880739407011505904e+01
7.391972811307597624e+01
4.279704953941032386e+01
8.373979901202010012e+01
6.789144362286451440e+01
3.328628027971848979e+01
5.290009069503904016e+01
9.773622062590239068e+01
1.350719966126432041e+02
8.369257978449699920e+01
7.165824774468005387e+01
7.627759857884095140e+01
4.914932143045997037e+01
6.631511594693240852e+01
6.992218265385324116e+01
7.973025223830101993e+01
8.670277009241047494e+01
9.395124911903849352e+01
6.396520760553998741e+01
9.649378674011320811e+01
9.715212667646544276e+01
8.331572838908162737e+01
