1.985119581116835832e+02
2.813044610008126369e+02
2.477773508938707607e+02
2.093799828766731821e+02
2.668829630059839246e+02
2.938646803172292152e+02
2.411034095525396879e+02
2.241860190886062298e+02
2.501227983085555593e+02
2.276205709059879609e+02
2.066371502807036791e+02
2.280221825546598211e+02
1.759450740380322600e+02
1.742833955220603457e+02
2.673329253786007484e+02
2.897464758194435603e+02
2.104462181181437472e+02
2.740639567489222372e+02
4.597150945704515834e+02
2.230918975669054873e+02
2.140764858216027733e+02
2.523577099247187334e+02
2.437544827278359207e+02
2.256555649481483954e+02
1.934927284415101383e+02
2.428834722919409046e+02
1.997169965417607216e+02
2.207090694686993970e+02
2.290734760623536772e+02
1.827928349410647115e+02
1.961054940750946969e+02
2.110618565807008622e+02
1.875729630135813863e+02
2.978648021784261459e+02
2.394789777685318484e+02
2.174819260591191323e+02
2.328726667944545738e+02
1.815406680821268424e+02
2.230826977811812526e+02
2.171622979072388659e+02
1.815139536559497628e+02
2.348555405240204550e+02
2.565310521673484914e+02
2.653901324093274070e+02
2.316228059006528781e+02
2.910756865555645163e+02
1.867838825921078865e+02
2.713986624826719094e+02
2.170813731051360946e+02
2.165513192001272103e+02
2.184284242961163329e+02
1.973980094776822511e+02
2.365252964587303381e+02
1.996744635196338322e+02
2.687929648559890552e+02
2.331474600534881176e+02
2.200231354696058190e+02
1.876393001049064537e+02
2.647706350161686260e+02
2.556286554033753191e+02
2.836095476985102550e+02
2.984724847139665371e+02
1.747298374148328719e+02
2.462557626599983394e+02
2.562874502223064042e+02
1.900553192720144580e+02
2.729406108016778489e+02
2.383232956292467577e+02
1.640802253668139770e+02
2.831921401900899014e+02
2.616293451969293642e+02
2.453758870299694195e+02
1.692288300628656259e+02
2.205858551212676559e+02
2.288060144735767096e+02
2.823194413516014833e+02
2.233386379850541061e+02
2.873998754953815933e+02
2.735954344977641313e+02
2.329251184322073698e+02
2.014223950522865039e+02
2.240655184987259645e+02
2.716658840504347268e+02
2.683647320908736447e+02
2.477830980320326830e+02
2.521724631371878331e+02
2.215093135977399470e+02
2.836485619985312496e+02
2.360217555860292578e+02
1.979125741022718046e+02
2.363251948969579814e+02
1.784466547155785463e+02
2.496672305266060334e+02
1.970445086775971220e+02
2.353768351071498728e+02
1.762383405218320434e+02
2.518470207109145633e+02
2.701873051131324814e+02
2.068310621905931441e+02
2.534192900943066320e+02
2.199295547804711362e+02
2.313640310787308181e+02
1.800118278714359974e+02
2.446638552084235130e+02
2.262206567016136205e+02
1.371225913500581726e+02
1.851035375923354707e+02
2.452658664216896796e+02
2.653129897466859006e+02
2.619916408030662751e+02
2.440559716786873423e+02
2.203332693349499607e+02
2.287377859004803895e+02
2.440240251962798368e+02
2.327308093780942784e+02
2.482859584155314678e+02
1.950049511502865300e+02
2.571679716398222126e+02
1.751986629333080998e+02
1.995657783559954339e+02
2.527654180105656678e+02
1.922702034843230479e+02
2.614901155398968058e+02
1.542695448274713499e+02
2.373835697338226396e+02
2.262029858433644449e+02
2.399918500548800182e+02
2.782077658067427706e+02
2.254920802972393119e+02
1.889192522739095637e+02
2.002415731908135115e+02
2.050759724603372547e+02
2.780750726661231056e+02
2.338240376020586666e+02
2.404781510060739436e+02
2.436064516236787938e+02
2.872976923020930258e+02
2.128299570514937216e+02
1.831215170620400841e+02
1.809305031858350503e+02
2.147799434800506901e+02
2.127198977970671763e+02
2.088382528745067646e+02
2.799989612656629561e+02
2.191032927502384666e+02
2.361613022075230788e+02
2.256085712651993163e+02
2.546080056188146443e+02
2.472936797348966138e+02
2.314359514254082342e+02
2.340236131023287101e+02
2.425407882923677505e+02
2.484988785344579014e+02
2.254147683024686444e+02
2.505742022428163409e+02
2.590910775743476506e+02
2.139994323116070518e+02
1.692119303701915101e+02
2.552204899893520746e+02
2.636200684786252282e+02
2.547369728764468277e+02
1.808456324800905577e+02
1.906162850490227356e+02
2.069913147415854837e+02
2.594455414430306064e+02
2.121594055914752630e+02
2.451366729472126735e+02
2.057343016499810915e+02
2.221378908539773533e+02
2.368320566928481696e+02
2.772897278970311845e+02
2.499513713385441633e+02
2.161232970255538532e+02
2.228189306156502880e+02
2.275747774984643286e+02
1.740403503741608517e+02
1.875065565197057538e+02
2.660942190238235980e+02
1.688490399461189782e+02
1.846517458458685894e+02
2.025789599971179484e+02
1.999464078813831236e+02
2.251520756977257065e+02
2.616616922605857098e+02
2.449933959075251266e+02
2.369312350987053719e+02
1.719894740835440814e+02
2.756376436239331156e+02
2.314414227635998884e+02
2.312621015572961198e+02
2.419045971698336928e+02
2.120054129688165574e+02
2.457633236720939465e+02
2.226191932544657561e+02
2.546034405837703787e+02
2.346588820728671863e+02
1.960682418782180889e+02
2.188688820638792265e+02
2.028378926333861330e+02
2.136543687479253890e+02
2.644821838142324282e+02
2.137206589246554245e+02
1.909768947184628303e+02
1.960703801423313166e+02
2.091373373571695993e+02
2.645194087717156322e+02
2.202960526083484467e+02
1.948407210309412960e+02
1.838596401322190559e+02
2.082623592332320186e+02
2.099564090329885175e+02
1.687408462215197744e+02
2.111744308195568465e+02
1.808180007484245095e+02
1.545685823136451518e+02
2.067047031015378309e+02
2.340239051272728830e+02
2.299807542914383873e+02
2.218296309508361333e+02
2.277333429719884919e+02
1.853802302304363252e+02
2.166272822212238225e+02
2.326274689328942600e+02
2.374306156214354075e+02
2.420421871631420458e+02
2.071576756223488758e+02
2.218768797184910682e+02
1.913349066719554514e+02
2.310453599715110045e+02
2.014842384339867749e+02
2.605084821031057913e+02
1.839975318824237149e+02
1.875296003833446150e+02
1.993380406212815217e+02
1.656263195957942571e+02
1.979377515758691857e+02
1.891703697629507985e+02
2.197121343453011946e+02
2.337678348024076627e+02
2.207992346603104181e+02
1.904117933583773379e+02
2.638879653944725305e+02
1.998527050281641948e+02
2.160621376463301715e+02
2.496077673312187812e+02
2.231830732509738766e+02
2.171325777234210364e+02
2.019886971714358594e+02
2.136471984533175430e+02
2.108924751839170426e+02
2.724495566436392551e+02
2.080707139495912088e+02
1.949391940727697374e+02
1.905382854673243571e+02
1.758729505073666530e+02
2.417847868134010128e+02
2.097470265515333097e+02
2.200606519689653169e+02
1.631331783667671402e+02
2.344320099428415460e+02
3.121661977213804562e+02
1.820279274392102309e+02
1.686770586820045423e+02
2.559998987215518866e+02
1.898617898105757149e+02
2.565531592294266829e+02
2.249787438943193365e+02
2.377077997086579728e+02
1.459285750624049740e+02
2.374387455279892549e+02
1.935337464278086088e+02
1.880231941249851388e+02
2.779934691124689721e+02
2.124287496259009345e+02
1.658225690765719946e+02
1.910048473457124487e+02
2.292555935560651506e+02
2.211467163191750558e+02
2.377357877146608303e+02
2.215414038923264854e+02
2.167717644928280833e+02
2.407716068609309730e+02
2.352876867093007434e+02
2.559703489604405320e+02
3.022977212830038525e+02
2.397344198144347729e+02
2.057475356122173764e+02
2.165319757947467565e+02
2.432563462502409664e+02
2.319764589241599424e+02
2.426674460681526284e+02
2.267141020971421881e+02
2.103014876006819236e+02
1.421788326419090822e+02
2.122145633222319816e+02
2.382797681353814880e+02
2.533776228825716146e+02
1.933368412614700560e+02
1.931077034535368284e+02
2.323895449236462980e+02
