7.590006486035965061e+00
5.314980135560871233e+00
6.526043646754917660e+00
8.839718860916345733e+00
8.599462438448437496e+00
7.693512834235448850e+00
1.180908615633134140e+01
9.286531741818606633e+00
1.008955615405618644e+01
5.054838498865700025e+00
3.601385186072446842e+00
3.694622047188219849e+00
6.535507532773293882e+00
3.729136634892457280e+00
1.093143005007435242e+01
4.517429160654492293e+00
1.129282489950359292e+01
9.435419776120532731e+00
5.671755827371828929e+00
7.382861041124639812e+00
1.607783959807204610e+01
4.991627217341989109e+00
6.180434603601895560e+00
7.579836235965808022e+00
1.003924643170250164e+01
5.587013087370917397e+00
3.469956930748383961e+00
1.485076242821278747e+01
7.844659045973831013e+00
6.105911044349939587e+00
1.218430397469928117e+01
1.113800414936783412e+01
7.184127065889331476e+00
7.328827573990522204e+00
7.355692479072407863e+00
1.319553925627464430e+01
6.997282533257936699e+00
1.944001981468992923e+01
9.390373028343587336e+00
6.170008996921020561e+00
1.163149891628038501e+00
9.929476641935414349e+00
8.263112014160885366e+00
4.308705145797912195e+00
1.405858423673080226e+00
5.698903846102073345e+00
2.033053248613745723e+01
3.191716747449238945e+00
9.569883456255865894e+00
8.824852436883368512e+00
6.940831103151414716e+00
4.698363811782289901e+00
1.091813046784724861e+01
5.059791152423358973e+00
1.239458362369816413e+01
6.420081064546078409e+00
6.809354290360733586e+00
1.822087880164578522e+01
1.315591921843320478e+01
8.107602725839914370e+00
5.389084616004959472e+00
8.316157907946044148e+00
2.875471409386894095e+01
4.334596085287254041e+00
1.383734074605662379e+01
7.632783063682991198e+00
9.126702785060102130e+00
1.209921227879441474e+01
5.430651926058403411e+00
1.361380500240260893e+01
2.746049044709637510e+00
7.326449444458610571e+00
9.396671777908800038e+00
9.968704636111409556e+00
2.182559850981462901e+01
8.159392058920580837e+00
1.073968204994100084e+01
8.564081116090145329e+00
8.399726320859688400e+00
1.429794158165585571e+01
1.048100254877457616e+01
7.574178833612259076e+00
6.171628488050036943e+00
1.068882098808355074e+01
1.068060012878290976e+01
7.638077212362127000e+00
5.264181436205971565e+00
1.014568332112559723e+01
9.546277296273236956e+00
1.014004861976400917e+01
4.688332542494340949e+00
4.847112796285271585e+00
6.839539231474464742e+00
7.837257114004719583e+00
7.208424088131622831e+00
9.749419560305172539e+00
8.895394800901541998e+00
1.508274637596043810e+01
5.506374002727009831e+00
9.410988006098072844e+00
1.003309083731417672e+01
2.819841688399405299e+00
1.259411024892050968e+01
8.917499640447701381e+00
1.590932617887229306e+01
9.525600966744114828e+00
2.930981824985806838e+01
3.372823795162811500e+00
1.333306575996093279e+01
1.366582601510053507e+01
2.611636423032506649e+00
8.632201297116962380e+00
9.030153181955210329e+00
6.757137696851481579e+00
8.081663457032732367e+00
5.586998058317205640e+00
9.134109859376543739e+00
1.219482430735220824e+01
3.572835616519503432e+00
7.542552009660947299e+00
1.043588514334092920e+01
1.338592271984476945e+01
6.805127240184086546e+00
4.719361324345247688e+00
9.077259863930512651e+00
6.090169607088678383e+00
4.759251110405622320e+00
9.378069290761477106e+00
8.511839061212089774e+00
2.273876922607985129e+00
1.331560586592615536e+01
1.336876583275010155e+01
1.417521295047773222e+01
1.306514549616499110e+01
8.416174004251837815e+00
4.608148741209880939e+00
4.674069948557257881e+00
6.376698378622609020e+00
3.468329088673932414e+00
1.099093450780848258e+01
9.447188260681837590e+00
2.301827884950616010e+01
4.020291304040273239e+00
8.982373919177859989e+00
3.133600708568843984e+00
8.574034551300272256e+00
6.193097480230787433e+00
7.744306075850888149e+00
1.386567983581320185e+01
9.120049368095433096e+00
1.987452398264098719e+01
7.187515493406350764e+00
6.458397697105628943e+00
6.741219039957520920e+00
7.948828188100754311e+00
1.291949110865784611e+01
5.714105570759005381e+00
1.082042671362492214e+01
6.899416407140249063e+00
7.719989184450098740e+00
6.361879963837432150e+00
7.125649819570663901e+00
2.105215274714150198e+01
1.297293218937067927e+01
4.249867196110815648e+00
1.324227748794567106e+01
3.847116730667522688e+00
7.629584743463355245e+00
9.462870595437044230e+00
3.984246038770015375e+00
9.772157511572794775e+00
8.292609618369755964e+00
6.096489308757405468e+00
1.475188675577742003e+01
1.211646684664519213e+01
7.442995323370451111e+00
1.000849337779048298e+01
2.632146600273796544e+00
1.584073018681250566e+01
1.244092083917724700e+01
7.959201743506770121e+00
7.773053458247537684e+00
7.566329477626527300e+00
9.772052735348749408e+00
1.159143211852988387e+01
7.017128792103573431e+00
1.988301177771925721e+00
7.331008219418642113e+00
4.878490785705319688e+00
1.068983683159907194e+01
1.079315726829945987e+01
1.254683569480339500e+01
9.905289636305075973e+00
1.525075810564795908e+01
1.498880189916475913e+01
1.008010137615489121e+01
1.097143192217540530e+01
3.812881858585324135e+00
8.813115669633379667e+00
1.675212874224979842e+01
6.097091071896913128e+00
7.690931698755973933e+00
1.194211819359084537e+01
9.430254126499026057e+00
1.720095175690457268e+01
1.752050494935729930e+01
4.964829823877478177e+00
8.722544727223587202e+00
1.059029723429292602e+01
7.019629179587510315e+00
1.172322873014488565e+01
1.233880041320150411e+01
1.196060955531970507e+02
5.926222100134078907e+00
7.846050852739779202e+00
9.241629534631119469e+00
3.659413725095166381e+00
9.204003265925855715e+00
9.023118206204253866e+00
8.779857901163573786e+00
8.382063439527788873e+00
9.406584562472982469e+00
1.615260565282298089e+01
7.556786250641953195e+00
1.073109925011625876e+01
4.497349049282924227e+00
7.117093994608710616e+00
1.238399316148516682e+01
1.259187167916121375e+01
6.278106366269350147e+00
8.695418448565318315e+00
1.146583612900002791e+01
1.921998008372952782e+01
1.079247138308915055e+01
1.342123959033646230e+01
4.201430253239028190e+00
6.804423152115372631e+00
9.354971190726377728e+00
5.564755733930644155e+00
6.301712177504061430e+00
5.055901454880942225e+00
1.389309513942986207e+01
3.868314469923068266e+00
6.413941016805462247e+00
3.838046798799501502e+00
1.469596588665781134e+01
2.278357659609761043e+01
1.192794209463697541e+01
7.911233891743326474e+00
5.571683091761934215e+00
2.986355682217502583e+00
8.994092826509298533e+00
8.948922218512217697e+00
1.014316074601605955e+01
7.834873532736818191e+00
1.469906117501406762e+01
8.049830862824153499e+00
4.080407905604460872e+00
8.958098226745391912e+00
1.105912369189722178e+01
9.832076342694579196e+00
8.838720040738630601e+00
7.966051076315519452e+00
4.836810804625127247e+01
7.689673386793839605e+00
1.260002972454945436e+01
6.956190841966475524e+00
6.247849816123395073e+00
7.658831211832894503e+00
1.282025062053186737e+01
1.149434228031693372e+01
6.260359500661633270e+00
6.231783378304956322e+00
1.663176015188782486e+01
3.432695233292029524e+00
5.491216412292843962e+00
6.191801064199200511e+00
9.126572007927823194e+00
3.551813100220334807e+00
6.440076241398484669e+00
1.285555583800900337e+01
1.717410099979127835e+01
8.086648834121646701e+00
4.904168606372601324e+00
7.889048364195445195e+00
8.900341243412146497e+00
1.934767602307942980e+01
5.637818042982254418e+00
1.014503938399533567e+01
7.934469679023362865e+00
9.658409484870523087e+00
1.311984516498901598e+01
1.154384911846471873e+01
4.125536159846474149e+00
9.324636704184145586e+00
1.002118894948252326e+01
1.367416347352165751e+01
4.834327873214874671e+00
8.134571745635598816e+00
7.454825301350689770e+00
