9.284231658870506010e+01
8.789549996188269176e+01
1.227890860265288069e+02
7.012125262058060571e+01
7.807145189999320678e+01
9.828923331334968339e+01
6.086037479859052723e+01
5.748478174308831257e+01
6.708098220523008592e+01
9.753224878893473715e+01
7.064320701246830936e+01
9.652959694438031590e+01
9.020592126951969192e+01
1.289972964934482036e+02
1.251076842629576333e+02
8.088509429583514532e+01
8.186168249838100053e+01
6.497894324358470897e+01
1.435861327043996312e+02
6.414530482115921473e+01
1.266426646806863801e+02
5.926522719134452899e+01
9.126382879184799890e+01
6.980588103592491223e+01
1.407941548696688585e+02
7.652657728000960446e+01
7.708842724959059467e+01
1.471220347458725257e+02
7.753087012909215048e+01
1.061687658562800038e+02
1.217805543235715930e+02
1.272699267993822616e+02
8.877312639614747525e+01
1.057553996955872861e+02
7.251066566575468642e+01
8.496811387686788919e+01
7.853994880768220810e+01
5.625952898957845605e+01
9.820663126830676504e+01
9.253419491149971066e+01
8.800575705274044935e+01
8.384557127699348200e+01
6.325217656578152514e+01
1.200815180575055479e+02
1.184293028478312664e+02
1.033462869861260174e+02
6.829638584922075495e+01
6.062015758327435577e+01
1.186316546460319472e+02
9.259714356003499347e+01
1.072156094774810526e+02
7.909194395821619139e+01
8.655380618147817984e+01
6.494774380672841119e+01
9.310129997939944246e+01
6.886579006876050357e+01
6.563361286589774579e+01
1.264977385674312558e+02
1.221794666696987264e+02
1.376641915439190029e+02
1.062622306164746675e+02
9.244359077424755355e+01
8.238834484569700578e+01
4.825453152984624694e+01
7.605121863935939075e+01
6.924194195674169805e+01
8.661887889896871684e+01
1.553575970544494851e+02
8.197217824924490515e+01
1.101503938718883262e+02
8.233413959453866937e+01
8.194034004445293817e+01
9.614650109514602150e+01
9.744439068430627060e+01
6.775684414492873486e+01
6.921906701196110134e+01
8.514568196386299803e+01
1.054853410721269142e+02
1.150650271013779644e+02
1.133749311381065894e+02
1.669756658426127842e+02
1.140544460753096701e+02
1.221747522000757016e+02
6.693491331525420662e+01
1.257502147397391354e+02
7.737429122291338501e+01
8.840165410798566370e+01
8.150288033559718315e+01
1.355964337706664367e+02
1.035318621110308044e+02
7.777258582391732489e+01
8.839924675947145261e+01
5.394050735523742190e+01
1.124926310251708372e+02
8.035696975433209843e+01
1.025520939555780018e+02
1.136361024347747559e+02
1.164811735516133382e+02
1.458905599317547797e+02
8.434555366410104682e+01
1.297546048763503279e+02
1.151452751203778888e+02
7.275364288975555382e+01
1.086419747973288281e+02
1.044476566819248973e+02
9.259045453431347994e+01
1.130578312458727055e+02
9.943271820784605097e+01
8.622471386594280318e+01
1.110399755525080963e+02
7.900433412516781573e+01
7.286254474191787267e+01
9.437105579196359884e+01
7.534903536481684228e+01
1.039590357749790854e+02
6.187873890678006461e+01
1.431519230619152268e+02
7.712911216468469888e+01
6.935514473293673632e+01
8.514305557245455702e+01
9.701279416861468974e+01
9.734270090022231159e+01
8.434018105160176049e+01
9.638511732972965262e+01
8.940117262207493809e+01
9.402248909685962985e+01
8.113632496517648462e+01
6.829921122698000602e+01
9.068749982008168331e+01
6.900217957479563324e+01
1.111502281761647453e+02
8.568924611107051703e+01
8.323261812054511211e+01
7.053419797082331399e+01
8.116489667457526025e+01
8.013537129652044655e+01
8.589454348466769318e+01
9.025614319468171232e+01
8.774796944600451809e+01
9.560541797119530827e+01
7.193544394281757093e+01
9.922017408739453970e+01
1.201326741927253892e+02
8.299891002170315346e+01
6.908491920489520055e+01
1.035792937383589702e+02
1.060601286093981770e+02
8.861379609291779502e+01
1.037611514389038092e+02
8.311263939992632288e+01
9.951899137088513214e+01
6.968346787451886826e+01
1.093523365741799012e+02
1.145714939120507978e+02
8.628868771567258023e+01
7.941862081382021188e+01
8.460258907726698396e+01
6.946001057654916622e+01
1.288748407700488485e+02
1.106928538485381495e+02
9.358119980556810447e+01
1.068675034052521937e+02
1.260696373067591338e+02
7.322588878084157216e+01
7.502324621363219137e+01
1.308913334873873850e+02
9.511020216212662604e+01
1.125083138212873450e+02
6.540839222773610118e+01
1.170914851560725509e+02
7.355235463011609909e+01
6.154423900000118408e+01
1.073665024162909276e+02
9.812527289913076345e+01
8.300613393379256877e+01
9.684535522423836085e+01
9.718345018690173731e+01
9.314883936091618466e+01
9.294288974266780201e+01
7.873142047051248937e+01
8.505515075858194507e+01
8.931542341437668142e+01
1.133891526464809942e+02
9.516261660264380851e+01
6.625293386544515783e+01
1.119766481355673164e+02
7.216752953898270562e+01
1.185336945463258189e+02
1.252668945576611605e+02
6.873906454996831883e+01
1.135472491486137159e+02
6.147331372759020240e+01
1.420992926416926707e+02
1.089163253244620222e+02
8.575900719788886306e+01
8.280361250492508418e+01
1.168753083850270826e+02
9.810657257601521053e+01
1.101163319340374471e+02
5.480484943496794159e+01
1.184347457577642899e+02
8.802432746722340084e+01
1.669573196165380580e+02
9.515661931834637244e+01
8.802511529984779770e+01
8.748864833801624741e+01
9.894296085709390809e+01
1.063044865982835745e+02
8.548487165930882270e+01
5.884572593674598551e+01
1.054292769479294947e+02
1.051775952242157217e+02
8.266454416905057201e+01
5.796905489278275070e+01
8.861625335604641407e+01
1.100633985278968083e+02
1.155555528910397385e+02
9.815874918177125608e+01
1.014770062495561120e+02
1.191019546813841288e+02
1.155315322987653843e+02
1.535376267515119650e+02
1.460987785361498652e+02
5.179576670204586719e+01
6.117390010053129856e+01
9.203971256273912616e+01
1.134969232262238137e+02
1.084450327163755361e+02
1.064016746476448390e+02
7.386715133512369391e+01
9.142635086376597542e+01
7.991738432552430993e+01
6.957934097015247232e+01
8.256757056465455946e+01
9.846087549042506737e+01
1.122821560037789368e+02
6.513347659705846127e+01
1.224273306481568113e+02
8.677838317711986349e+01
1.076408095013910469e+02
8.779353489144335754e+01
7.349099890129330959e+01
8.619259378711177533e+01
7.168421948131906163e+01
1.527967369562808813e+02
1.174138330078640280e+02
1.110343670075301787e+02
1.313142976621653588e+02
8.922798536150109783e+01
8.149857733063973342e+01
8.530715560853566615e+01
1.158669108098968650e+02
7.390431009096715798e+01
9.052643943695545659e+01
1.127464104891172667e+02
9.591807383296722378e+01
9.935113672754140168e+01
6.168343377471075684e+01
1.285919390025602240e+02
1.120724103972223276e+02
1.312495297035184194e+02
5.752967325300711110e+01
9.307222281039042855e+01
6.929230815761758322e+01
6.389065988706156674e+01
9.925283111461990870e+01
9.536464550901602877e+01
7.282006282710760559e+01
6.535490621389314470e+01
1.555777468019865921e+02
9.060722061578546516e+01
9.158054346397430834e+01
1.464262523791456942e+02
1.100229960862146044e+02
6.052944315967599920e+01
8.332962199824945060e+01
9.426099069544812892e+01
1.001734574184244480e+02
1.022633449701066013e+02
7.660175535129388891e+01
8.047081755158700389e+01
1.633854291803258434e+02
5.422254185042643115e+01
7.056316776768728971e+01
1.047621362283223618e+02
7.764702414029127908e+01
8.581601633770057447e+01
6.748455989206203753e+01
1.250003448947145586e+02
1.123085871769064568e+02
4.743867306195851796e+01
9.939707824810939485e+01
1.148403466689033507e+02
1.186267495149522375e+02
1.032537081447721334e+02
7.693782288878723818e+01
1.129597438083384731e+02
9.999100733874645641e+01
1.213872619467180414e+02
8.300110664642691916e+01
