6.887594117134969274e+00
8.408640051002773674e+00
1.931386708679859954e+00
1.012485771514804078e+01
7.163081408971620156e+00
8.770234483847755058e+00
1.663465975193124535e+01
9.935245885344539118e+00
9.138696253835552952e+00
8.524288303606985195e+00
6.200524295799380248e+00
1.393505680813693282e+01
5.264786974269156872e+00
3.035313086939325800e+01
8.140849533388385240e+00
8.280575840934139009e+00
2.323600996735654345e+00
1.784884404082047027e+01
3.416445424739929848e+00
7.447333663679194693e+00
3.671193735878434783e+00
7.411114921043249204e+00
8.775530098532300372e+00
1.795445866391194301e+01
8.969088340091007083e+00
1.133101325065214660e+01
8.782880330141880521e+00
1.019605872244244793e+01
3.460177174711846604e+00
3.354868571511374853e+00
9.853742441692437737e+00
7.148608043049718752e+00
1.732000590121697670e+01
1.073823681410288700e+01
7.072196118439060264e+00
3.683696477855615825e+00
9.814282881275232739e+00
1.467631309067474454e+01
9.226629027730114174e+00
1.618562124035561212e+01
1.338045066512256653e+01
7.818545722204814474e+00
1.468175517351432902e+01
8.635008755047058671e+00
1.110581085832577131e+01
1.809131370336008970e+01
1.168098766306389358e+01
6.587312828156399291e+00
5.758834129830789905e+00
1.118890261735604774e+01
1.420437726736687623e+01
4.344717409150996801e+00
1.366506930191420111e+01
1.093685205613168421e+01
6.340182891691734213e+00
9.565949923420426160e+00
1.854663496079237817e+01
8.978645247278144836e+00
1.017618712950697812e+01
8.793421171246372126e+00
5.178672274179262125e+00
1.764490035325589901e+01
1.213172316544072515e+01
5.337413130546333484e+00
9.439176936827253783e+00
6.209641778906053844e+00
7.977037520142739702e+00
1.194589054645276960e+01
9.358296814816466025e+00
7.527599141289011087e+00
1.113203220008808181e+01
4.704281350386534832e+00
1.122898726864149488e+01
5.706974659558656349e+00
9.476138653121157773e+00
9.072980703089005061e+00
5.226566456658957804e+00
1.355911311725981427e+01
7.556076465612044935e+00
6.826709811900993685e+00
8.202446189181369363e+00
1.942638771810001685e+01
1.822263906623692620e+01
5.544597059648751269e+00
9.375276884428490831e+00
1.295989877347779640e+01
5.066015191511189286e+00
6.212428711310739260e+00
6.633807103278334338e+00
4.863031066329022600e+00
9.818178085644662545e+00
3.301325960447701213e+00
1.525423680453940811e+01
1.162321943715682160e+01
8.798286433877830603e+00
5.891573042609657307e+00
6.309002896501522351e+00
1.277451256529312928e+01
7.922975202241058668e+00
7.930614049293722267e+00
7.780057455826494994e+00
1.585024652517875587e+01
9.803733059991968091e+00
1.008877464803748403e+01
5.671478490553127472e+00
1.264087225040438334e+01
1.127287492165769578e+01
1.818540040863548768e+01
7.684381322997907660e+00
7.356366600628807539e+00
4.087853575900134651e+00
4.445917541752231195e+00
1.060668922027409877e+01
3.755063053103975257e+00
5.255056750659903742e+00
6.029629770107179709e+00
5.900804336058025790e+00
3.694641836813965519e+00
9.977273344764078900e+00
5.808566745567438794e+00
1.069117930718334541e+01
1.008962207032576863e+01
7.332494400129819567e+00
1.790158362135705943e+02
1.259127519057393307e+01
8.346791893414156505e+00
1.657143145136221563e+01
3.047139419626248902e+00
1.752457200625223877e+01
4.342907428252992474e+00
7.533939961243120820e+00
1.998770018602024834e+01
9.443936138432567517e+00
1.017060842039683344e+01
8.738469784506706972e+00
1.352112673613490657e+01
1.178575801547288293e+01
9.955630322987838454e+00
1.345402239754669083e+01
8.240845951534522484e+00
1.036429001500505898e+01
2.620210458114565100e+00
1.279114332289836042e+01
5.630025200929069662e+00
9.528159117443369297e+00
1.500835494617730603e+01
6.434019131566850014e+00
9.370573754651669418e+00
1.258058787832650127e+00
5.676240539443259792e+00
7.887747359497010891e+00
1.127787840295460953e+01
3.730413007177896922e+00
1.190832973715735044e+01
1.369598444394761216e+01
1.387626600596925996e+01
1.642089533001775692e+01
7.088385900593608291e+00
7.023112976197602997e+00
2.397417647404538776e+00
8.370146931747717289e+00
1.615687487318991700e+01
9.251734697695846776e+00
8.049614014399992357e+00
5.391740640612992408e+00
5.144425172500327825e+00
1.280336781715964278e+01
9.552256722895840824e+00
1.171236119292787237e+01
3.881532421675775169e+00
5.145215925671603685e+00
5.130648609996479870e+00
5.319700054012844959e+00
2.320967025585973076e+01
8.526354069043602379e+00
5.854804828859492716e+00
7.053637834174888432e+00
6.637353564398193129e+00
1.166727621004916315e+01
8.145228154234542828e+00
5.550091138975524530e+00
4.197611239417282647e+00
5.213446661918582414e+00
8.635633595776054605e+00
9.006404457185647416e+00
5.467914572297375209e+00
1.017045829300077564e+01
9.682997474755874023e+00
7.005419735464878173e+00
1.385112945525750661e+01
1.205766818046499544e+01
8.660905687793734486e+00
8.193389879070760884e+00
4.894080858020932290e+00
3.306397042320021740e+00
9.659855503034217250e+00
6.293904286820144911e+00
6.693441613768126075e+00
8.051709021354255924e+00
1.236738046749042574e+01
5.151460902796573649e+00
4.189569132918076200e+00
1.182341540449989559e+01
7.263511174391029002e+00
9.487593643175042502e+00
5.240865412353058694e+00
9.055258609213803211e+00
3.729143125535654857e+00
9.322080453484090867e+00
1.818197662486394606e+01
2.423344764879753370e+02
4.246435884438349184e+00
6.896428988583573449e+00
1.040729656523015478e+01
3.402715141851878844e+00
7.724711949239229547e+00
1.053228372434655569e+01
1.383156529292993753e+01
2.043533421567528663e+01
8.549790053388898414e+00
5.655801712868265163e+00
5.129156887750088600e+00
1.055189157308043235e+01
1.128387387525245700e+01
7.104741179045250377e+00
1.211461936228454839e+01
1.708851557011062283e+01
8.519952370619272131e+00
8.235515747737172987e+00
6.997051258685487163e+00
1.329757551652957392e+00
1.672557688455461644e+01
9.062883162867279907e+00
5.427104958108849964e+00
6.114704179901829129e+00
7.177622501699141289e+00
7.165375433494429736e+00
1.427934997181290022e+01
1.101810300742754265e+02
2.348912743672040193e+01
3.758207329012298814e+00
9.619498313573556558e+00
5.174363488712936388e+00
1.611079590857170629e+01
1.293556836454898118e+01
9.271527240482127397e+00
5.945044075336708644e+00
9.838038781151222878e+00
6.705378073132668426e+00
7.171303782908994506e+00
5.545575120925322565e+00
5.573809846593867690e+00
7.337439632577268611e+00
8.450614147601921644e+00
4.927678335795300235e+00
7.032399663573661641e+00
1.946604869540436056e+01
1.168568618914502899e+01
1.430391639224262867e+01
7.089352635271263026e+00
8.964438861151268867e+00
1.637971990993305482e+01
4.868996010067425217e+00
8.007995001384276890e+00
8.527714693079072816e+00
8.754433592491364990e+00
1.229164067464706811e+01
9.627701160508252087e+00
7.753196935627268083e+00
8.310837084888161641e+00
8.086782325300180929e+00
1.202435281194475891e+01
3.074400236725087332e+00
4.720261081130766811e+00
5.988298120326994045e+00
8.863863409074706823e+00
8.116725803843868547e+00
6.263262046978734787e+00
9.110429821873806233e+00
8.788673843452729173e+00
6.181982570144479716e+00
1.050605744698161992e+01
1.083223996289216196e+01
1.269541627735002542e+01
6.863612461854942559e+00
1.599945071294021659e+01
4.573697425570271591e+00
1.410873426807162012e+01
1.057523725975255680e+01
9.136383546109849263e+00
4.385961284308161900e+00
1.636924001799274109e+01
8.825305293490991687e+00
2.121561241642518247e+00
1.128005929714173661e+01
7.272358227563535671e+00
5.478830441840766063e+00
1.210419912495985884e+01
6.533053939251523445e+00
1.218467842082773878e+01
7.509795034112430656e+00
7.136757625834767360e+00
7.464929378158646323e+00
7.315878842915901181e+00
1.122675734889886456e+01
1.282079671865818504e+01
1.074210142279292590e+01
7.180805271593619032e+00
6.610698045928245392e+00
1.124843333680001400e+01
2.884070113728596230e+00
5.962614067040935772e+00
1.167347335474984504e+01
8.323292522552412365e+00
4.177833029307191914e+00
3.813990591878966718e+00
7.734121084419347092e+00
1.110816745605794686e+01
1.025441504754049404e+01
9.059907003733851383e+00
1.088921250117755335e+01
1.031634765671855725e+01
1.589856120434072118e+01
6.553602780397117300e+00
4.623929589165702403e+00
1.187537557325074999e+01
1.123335413933168070e+01
4.469861608665944175e+00
4.920629008775765811e+00
9.200717706574558008e+00
3.459854691386114123e+00
8.350931392364815409e+00
4.709429098621112253e+00
6.568795103378041844e+00
5.329335677341514810e+00
1.569833290321027341e+01
2.515065089519263353e+01
7.862736911252733663e+00
5.530476815671325319e+00
6.404866184332369095e+00
4.293240156479432912e+00
1.092467087573546358e+01
1.577251781153582577e+01
5.506633039504863270e+00
2.426812108418947123e+00
9.637856529868871647e+00
5.081908949842676826e+00
1.215450498826250048e+01
5.707590734980029445e+00
5.121680003025818273e+00
6.363906563630537860e+00
1.007316141261044251e+01
8.660228845458345148e+00
1.960068773712000478e+01
3.216858394455761605e+00
9.857187617273689639e+00
3.575245262220107190e+00
6.828435677164339523e+00
9.263930594554588893e+00
1.169295176439552719e+01
9.656259677465955704e+00
1.167007162435983147e+01
1.550193187762132752e+01
6.620587353309361767e+00
5.120860227467966652e+00
1.272613394787241781e+01
3.195854461941583402e+00
8.714784374009640899e+00
1.624936726969976064e+01
1.889930446300181188e+01
7.224232576011874407e+00
9.710219623660947263e+00
9.643513151660146221e+00
5.351335875709713363e+00
6.054108620633703808e+00
4.132176240892444952e+00
8.806906131473802191e+00
1.239379454103261580e+01
3.446083182094999753e+00
9.683565547237439119e+00
7.662837062559750834e+00
7.153431157214969360e+00
8.521495838931336664e+00
8.128043357199894459e+00
7.783100850102121271e+00
1.382082923838474642e+01
9.593583512500734045e+00
4.572104830276189524e+00
9.346377970963061443e+00
1.239638242376949862e+01
1.226568544488070067e+01
6.963849430353851844e+00
1.963604343086139181e+00
3.088346681327519772e+00
1.040547625508730256e+01
2.844784510387892169e+02
2.016016364341377809e+01
1.543624092326202302e+01
1.843051824536119199e+01
2.774836452881864535e+00
9.363905883433719879e+00
9.233682197384098345e+00
9.498028360414675575e+00
1.037627545650440908e+01
3.768809767348781925e+00
5.421749505825361304e+00
6.941416748638800094e+00
6.799936942100464954e+00
1.281629018066592351e+01
1.036022295250795722e+01
9.625080659230123459e+00
4.914744378449860562e+00
1.111475752684043883e+01
2.917610176506666875e+00
6.341129517885373268e+00
4.633429891030782066e+00
7.931120573381160277e+00
6.319767639712693175e+00
1.335306041416980882e+01
7.873508725849387879e+00
1.201009445615719784e+01
1.726290426543027579e+01
3.140233912880418643e+00
1.073355242913990537e+01
9.221356331918871163e+00
1.003586337514644811e+01
6.563235075680942998e+00
1.232078297295762326e+01
1.016385018739575052e+01
7.456488414000124187e+00
7.101960212303302100e+00
8.597030938962369362e+00
7.700704751451937113e+00
1.825135955921143349e+01
5.833919418826720715e+00
8.882733694030028104e+00
1.217911618214893821e+01
2.164606742203134360e+01
1.722438009454198848e+01
9.220712405694451164e+00
1.234920935243199658e+01
1.133863857472382897e+01
7.227175016112159511e+00
8.999627587028504294e+00
2.566223418287868707e+00
1.349923989688223003e+01
6.666238725922630337e+00
1.203573681465795531e+01
6.901146883241720431e+00
3.235012255350605770e+00
7.236285169796564887e+00
1.210122836677730440e+01
1.571211345892956857e+01
1.872346107726343334e+01
5.990353819932681567e+00
2.485923432523800258e+01
2.077650488704399478e+01
9.694981436123402574e+00
7.070419009695450008e+00
9.736622066279412735e+00
8.641383402769335476e+00
1.209469589459632211e+01
8.850715055968128908e+00
2.434970146988025164e+00
4.627415502573068551e+01
8.976384242875168340e+00
2.092263442657029060e+01
6.016115149035492493e+00
1.204548108168738096e+01
1.595746717540685644e+01
1.465561324342217375e+01
3.136699543484653852e+00
2.628978453386422220e+00
1.135192376598123865e+01
6.594403795958794667e+00
1.262103474680905002e+01
1.029657436943885784e+01
9.191321561071196911e+00
1.141812773932820768e+01
1.781281185899356245e+01
8.014969664439799857e+00
2.235419698586669668e+00
1.555596793169246084e+01
1.333837285083104263e+01
5.424327321016994219e+00
1.932814020651934186e+02
8.309011137243883738e+00
5.233101554324952609e+00
3.089948550504875602e+00
5.786840293742896435e+00
7.400196070325454123e+00
2.187263942022065422e+00
1.720229997486205775e+01
6.326228962731813787e+00
5.733209767399749524e+00
5.642224804538992444e+00
7.956785129990889160e+00
5.548712350816661143e+00
6.687295545693372034e+00
6.232813161354973985e+00
