1.300548032123963260e+01
6.467062705713552795e+00
4.531619446311244026e+00
6.741701319852240637e+00
1.889886149798180881e+01
3.337110885509166902e+00
9.512924521732788463e+00
1.285349567093422074e+01
1.404437191639442872e+01
1.029519365144264320e+01
1.784964576855240637e+01
4.966366716995599617e+00
7.313500071733277430e+00
3.509074695125116161e+00
3.542518532319668623e+00
1.466035018929784783e+01
1.020566061573914673e+01
6.076367778702667088e+00
7.849524720514134302e+00
8.427256491781299985e+00
5.738028017639380529e+00
7.741754655072438318e+00
6.021832117878759938e+00
1.181262343954081295e+01
2.923224870585260504e+01
8.818385091838303325e+00
1.347761834607756981e+01
6.644148176310851639e+00
5.152068019040769720e+00
9.493235668880705802e+00
1.065758706343819107e+01
1.458837567441346295e+01
5.949325709098833848e+00
1.629399623224745852e+01
1.747658719923035875e+01
4.570509343962600113e+00
6.656502217367212815e+00
1.330649817988649630e+01
1.079988406653317767e+01
7.379350761775315348e+00
1.193064377019614852e+01
4.860373594697570354e+00
1.867936777845396135e+00
5.417986230187761265e+00
3.671406280895674445e+00
6.753157131065473884e+00
8.960881557431811473e+00
8.863194365325556490e+00
1.288389265583168175e+01
8.821831549591905741e+00
7.878397383352231387e+00
6.489843950656237759e+00
5.406333898852502706e+00
8.403895107388096974e+00
3.719854039478977192e+00
1.176853460736193568e+01
4.348455491466477696e+00
6.892353624760922060e+00
2.140040345390583099e+01
1.428380602532343424e+01
5.308666517877472124e+00
1.698469139594650201e+01
1.249925370906316680e+01
6.011946992078470942e+00
2.639094492852512186e+00
1.127830207513610716e+01
1.176520347999076144e+01
9.017840338596416316e+00
4.528942353535131637e+00
8.598958618920551800e+00
1.103544845725293477e+01
3.252065903063293462e+00
7.168036187518650237e+00
1.081674407292369544e+01
1.314201495083076487e+01
6.205583188232326464e+00
4.491149273822554910e+00
6.433099381956206564e+00
6.989650686277838254e+00
1.700221675246858055e+01
6.992852292368796796e+00
2.956551710620276108e+00
2.600190602407266294e+00
5.883442232102386704e+00
8.167061399922644682e+00
1.209739450393532856e+01
1.329560636244920957e+01
5.355706674096109232e+00
7.759570052852721389e+00
2.792060905981573882e+01
5.505062644022407525e+00
6.839728554466767640e+00
1.578717530234247590e+01
1.204119839188108010e+01
9.357728780191649776e+00
6.698815936450042585e+00
7.561314541767504060e+00
5.444948420186155325e+00
9.586212765039434203e+00
1.009935861300670190e+01
8.122961100614112695e+00
7.478381389054399975e+00
6.025368667627665431e+00
1.043083511489638582e+01
1.133311310525020232e+01
6.322989337594224324e+00
2.145440711286365154e+00
1.199026793923916578e+01
2.080631388896365408e+01
5.347699319859644085e+00
5.155980152192139343e+00
1.213114890135482327e+01
2.838871239664481294e+00
7.216512306201925853e+00
1.055800867182558456e+01
1.292036613037514847e+01
5.641942221057175466e+00
1.201473813007045166e+01
1.458486002362007738e+01
7.317798799609353644e+00
9.946269837394446256e+00
6.028024715878204987e+00
1.144604360981183255e+01
1.575247910411802899e+01
1.275396752722845051e+01
7.336694616891540122e+00
1.170828937416976423e+01
3.099965401091939299e+00
9.640412977857044652e+00
8.857878688765833175e+00
5.511108288621645812e+00
8.016121795241716086e+00
3.828003252033863379e+00
6.342406404682965793e+00
7.174169345839237266e+00
1.143031300724438637e+01
4.564485590786693692e+00
9.767948866566875665e+00
4.757367758151630710e+00
1.658168796810661405e+01
1.023284711386767576e+01
7.845878510887263069e+00
6.171562176704350478e+00
2.214711288266547484e+01
1.231159090446515414e+01
1.827256260540782051e+01
2.699181502287961276e+00
7.782903531916852913e+00
7.552083538709942090e+00
5.429536228546040455e+00
8.945086774684492426e+00
3.963322760851694326e+00
6.313480784186524808e+00
6.731181509254978934e+00
5.676210216526415664e+00
1.158268778654267095e+01
1.392753391589726597e+01
7.282671030065754891e+00
8.322746586055655982e+00
1.592465106922970541e+01
1.110512159351520900e+01
7.013564039869322642e+00
5.711890097018788914e+00
7.231634845698977188e+00
1.334096529673232823e+01
8.163002997049764176e+00
1.682067439290634070e+01
5.336329278833004786e+00
9.933187194385155294e+00
1.270784576160180990e+01
6.308420512949166614e+00
1.139925230971711301e+01
1.131526784985852352e+01
5.088844365177259910e+00
6.676401187100314161e+00
7.558706327099828037e+00
2.060396929282791945e+01
7.617854953069342905e+00
3.615951198200722860e+00
4.380059847329929035e+00
1.828606169797475545e+01
6.080997292016529165e+00
5.206491555503667712e+00
8.628096280782653338e+00
6.773355124380918468e+00
1.235640800265348460e+01
7.341626651187741714e+00
1.164318958507865354e+01
6.329632181562047322e+00
1.528633582309095118e+01
5.026501059031641461e+00
5.874792331058357853e+00
5.066785255046107217e+00
1.536632111630104625e+01
6.585034665896956518e+00
4.502498534997653401e+00
6.068870496028510253e+00
3.950626742502726607e+00
9.451690329392640422e+00
7.012040310476319149e+00
4.692417555298249887e+00
7.981066881271973834e+00
7.661161053808191568e+00
1.379029499891014510e+01
1.356321863303148234e+01
9.272242560165409486e+00
1.398184374139427000e+01
5.540316534006846538e+00
4.949202979887532550e+00
4.586168083477907942e+00
7.257740044497687393e+00
7.934599306119528350e+00
5.684627170163420118e+00
8.240950643643227380e+00
9.297585906445505088e+00
9.603009526739411328e+00
4.456509626203247976e+00
6.798946307963193547e+00
1.421869434776027319e+01
6.350714184991970157e+00
4.830586076028044573e+00
1.496645596039126858e+01
4.863180047362972047e+00
1.422682666686647934e+01
9.153619025689611277e+00
2.741974354408474479e+00
1.351347055693518051e+01
1.254205977959576401e+01
1.380415320133587187e+01
2.110152743950128240e+01
1.029049696740045938e+01
1.068634525553074077e+01
7.740221104514355410e-01
7.445304101614010683e+00
6.742903726151832977e+00
2.038944368925450945e+00
9.397431092770084149e+00
1.685413198201610996e+01
1.766124399946580681e+01
1.148886774362367902e+01
1.252173452595273417e+01
1.467662066606949566e+03
3.223023614307793494e+00
1.067156993156990438e+03
7.790435729448515367e+00
6.910950073461308740e+00
9.034962442034185415e+00
1.135387077231872688e+01
1.145780933969723492e+01
2.507703933657882356e+00
5.108150600300031208e+00
1.925884546446255641e+01
1.099159225513965055e+01
1.699020381336888263e+01
3.648578099635344074e+00
4.725591608608927352e+00
1.442405335209112671e+01
7.216394665601957747e+00
7.141874933268351988e+00
1.237979505541682279e+01
1.219534452966878035e+01
2.239157523333564548e+00
8.792652922723256381e+00
1.067599028772293757e+01
7.565828050455393416e+00
9.411696049515617446e+00
6.806746485231314203e+00
1.036602954299646306e+01
8.884752341818765942e+00
2.924567701148558019e+00
4.463751007997683651e+00
1.481141832814829939e+01
1.467077157297172185e+01
8.798302712758934163e+00
4.686009374908689296e+00
3.501400441523637497e+00
8.463873795470822969e+00
1.257831740061517500e+01
7.202418452441137653e+00
1.122722799518754755e+01
3.606358714487657213e+00
1.501469767148817880e+01
7.667390277781302999e+00
4.841410338962609750e+00
1.451404166225359127e+01
6.808715382987855946e+00
1.190339603858807926e+01
2.867975905143807402e+00
9.336211806920257317e+00
1.523895644986242637e+01
1.309729743604399488e+01
1.092597855791400185e+01
1.913914751931340774e+01
1.167431194473258849e+01
1.351977887668149414e+01
2.632668594396037065e+00
9.993445052734468703e+00
1.529893085232319727e+01
2.704201163427379484e+00
8.520083072343220820e+00
5.130325407317698705e+00
5.193674210659427359e+00
1.938486126363692108e+00
3.987566163531486740e+00
1.941720900413689677e+01
7.782444230716556888e+00
2.248951385122339719e+00
7.143138015303336807e+00
5.298148575408199612e+00
1.457719113649774911e+01
1.608234596796036797e+01
1.173004897099306554e+01
8.376784391247076300e+00
4.068057434058547805e+00
5.005350598992841960e+00
8.313343253509343000e+00
8.154461648078544158e+02
1.127316961788164384e+01
1.649716666610403948e+01
7.108237887305622671e+00
5.993335777352416294e+00
7.718848322604880074e+00
4.170977716853187189e+00
1.164805463853906176e+01
7.162729926463100583e+00
6.769035002024787140e+00
5.284534787356213847e+00
3.951978858073546430e+00
3.180440710345517008e+00
1.016444193942877838e+01
1.451807262193752557e+01
1.293289828219626258e+01
1.178557459864747692e+01
5.368937748174871238e+00
2.080234405898506722e+01
8.722680182231041357e+00
3.634934685256795195e+00
1.011712701531667946e+01
4.169313053646853895e+00
1.359197714421789627e+01
6.496045223785272604e+00
7.611221620817948619e+00
8.327254816831661799e+00
1.020323299532852168e+01
1.159897533876229403e+01
8.503364147880681401e+00
2.408580906338884109e+00
9.855839115019389141e+00
2.196688696366299610e+03
3.385786401597226547e+00
2.838579026276246697e+00
2.353158091343193092e+00
6.053162832429293871e+00
7.615131062559409969e+00
1.363472813856296817e+01
6.802375482273677498e+00
5.469067963605161786e+00
1.415197236417198390e+01
1.171524665962585843e+01
7.200872569763934194e+00
7.394432984743560588e+00
4.859213981171278895e+00
1.483987318608201811e+01
9.451077998723025786e+00
5.447533535478174649e+00
6.862300570850888626e+00
1.700433092745042174e+01
6.767676299520117844e+00
8.714833657771428932e+00
7.907311448056668191e+00
1.204236315442070726e+01
5.050300023213149636e+00
7.089729486410261572e+00
1.263608373528436779e+01
9.402647606964841032e+00
8.477137994986170710e+00
1.309469993779785746e+01
3.953469671200072533e+00
1.242772969074097666e+01
9.314622056510529546e+00
2.232376419175080340e+00
7.256306226559571471e+00
1.409609375865568381e+01
9.437546950470226292e+00
6.864862893389721776e+00
1.582188852600031659e+01
1.119019411585671264e+01
4.701366716459052242e+00
5.694517184008327959e+00
5.145405208279290932e+00
7.930771863142109801e+00
3.026084711497572854e+00
6.860732121624232072e+00
1.545131229942465545e+01
1.061807304988584910e+01
1.093344615923301077e+01
6.620530420230705815e+00
9.961321311739057549e+00
8.523843077148622882e+00
5.507559850153347369e+00
1.216683353483145424e+01
2.004834592567700113e+01
6.083959990498147619e+00
8.518788546856580268e+00
9.631726882419528124e+00
2.324125472687027383e+01
4.853084282618048917e+00
3.740414216348010079e+00
5.184431655321844801e+00
1.649175133418525263e+01
7.024011604673860099e+00
6.235950659502119464e+00
4.744646820372540041e+00
9.562240803193541083e+00
4.271778897065996894e+00
1.356721328301790486e+01
7.719615732283716447e+00
7.803867648257000411e+00
8.887425119104966242e+00
3.763588516952931062e+00
5.293951090891725997e+00
8.201377697540131351e+00
1.084843075104981303e+01
7.061770490251060295e+00
7.747448455826553726e+00
5.110296562747004501e+00
9.171297078126743330e+00
3.451459445857727015e+00
6.501865129679373467e+00
7.619996717988801294e+00
1.160963081955153342e+01
8.113222231301747911e+00
5.449565425939078445e+00
8.452412925563207224e+00
1.368099066467455671e+01
1.125806532472408961e+01
1.209329739188022579e+01
5.744456965941215465e+00
7.443772203090513351e+00
7.715622817706111469e+00
5.242085687733925248e+00
2.159840486369048573e+00
9.040702745792289718e+00
1.188661727928454859e+01
1.219353051518990760e+01
8.473378172246343709e+00
5.251814598743544060e+00
1.071121618725180635e+00
1.326598863802504447e+01
4.583664605784809609e+00
1.221141180025411188e+01
8.312125933398196054e+00
3.980204334557837065e+00
6.744046711813112438e+00
1.563941440289147700e+01
8.149278301080716602e+00
9.294546855701199206e+00
3.466488034747509772e+00
1.077681340247367459e+01
5.410174789698485753e+00
1.140506446661387585e+01
1.353471676162279813e+00
5.327939277588376932e+00
4.562151463161601583e+00
4.330602798931974640e+00
8.260677722552742352e+00
1.105439239584232425e+01
1.581124353715129160e+01
1.877019839248412580e+01
2.647364412151160806e+00
9.107187404855237034e+00
7.888274753872949852e+00
5.017640761778617176e+00
1.194798112804016554e+01
5.755306838815915427e+00
1.911215695801980630e+01
7.194702256033059129e+00
6.749249241899214269e+00
4.953382747796839070e+00
5.947190985992546253e+00
4.986710692025567049e+00
6.010040490997428542e+00
1.946542592582498443e+01
1.001892436215872983e+01
1.056949819981505101e+01
2.322856692848309645e+00
1.333092178200045907e+01
9.268117146798463324e+00
4.532599202001882155e+00
4.344996922553055363e+00
2.914886746553829511e+00
3.039330320732632540e+00
8.371205606610010008e+00
1.391074470988112211e+01
9.758964860791330409e+00
6.371593107713223958e+00
1.221116934704054735e+01
3.586798287228536442e+00
6.912522440696934112e+00
6.041988055402702784e+00
