2.059586316202211620e+01
5.163972842024393373e+01
3.431965266414350424e+01
2.309485732905066868e+01
2.498347516467676499e+01
2.875495488742228645e+01
8.088438558210519602e+00
5.370816073128655432e+01
4.827304814782173281e+01
4.350112259234072809e+01
3.659157372993787760e+01
6.815926949939783697e+01
2.452140237786969834e+01
2.845041046550288399e+01
4.083563349017157407e+01
2.448466339028279037e+01
4.446786186913082872e+01
3.566567451742050565e+01
4.772295077204571356e+01
3.937965037116870803e+01
2.461533545945230728e+01
4.859593710600650240e+01
3.652677038991995317e+01
2.883357773732859997e+01
3.310407568758193264e+01
1.559626769821520753e+01
2.089416293021293214e+01
2.852374146432636692e+01
3.202928737419962602e+01
4.161691111899906304e+01
4.096348752341519628e+01
4.633122236771989577e+01
3.553827020829334060e+01
1.297452174627197330e+01
3.672838609893828732e+01
2.344770249534144213e+01
2.362148912036043669e+01
2.219506446945191414e+01
3.561015885136198733e+01
6.344788328571493707e+01
2.535204169923713025e+01
5.970699145321924561e+01
2.746595834671288117e+01
2.477995657967230869e+01
2.308679692666087035e+01
1.933370405301611683e+01
1.943033991803692118e+01
2.892445686365266866e+01
3.273316474088252193e+01
3.498505988387699972e+01
2.220708696271343641e+01
3.490722841475911054e+01
3.934552455190591047e+01
3.283008678808805314e+01
3.714436114109140163e+01
2.753865809127846731e+01
3.884812118385368507e+01
3.692691566768514377e+01
3.511084857654955727e+01
2.369732575676539454e+01
2.935365322570246960e+01
4.975957831615315285e+01
3.175710814775179713e+01
3.265286218707679922e+01
3.635272715743804639e+01
4.995145675573080979e+01
3.302900830093216200e+01
2.418038826436589162e+01
2.475635500115743781e+01
3.193718210530045454e+01
5.324629800178571060e+01
1.783028107269604590e+01
2.199472273618833995e+01
5.439020473745100048e+01
3.745992117203754646e+01
3.330305027405536578e+01
4.963917900035912112e+01
4.475362653261218782e+01
2.044760531896017497e+01
3.441400597864939215e+01
2.293493597218051860e+01
1.450083175192165186e+01
2.767327512261580580e+01
5.263189866178262122e+01
2.954322773179045925e+01
2.925242518647606715e+01
3.379041968227323878e+01
3.248378312075001872e+01
1.953885341502634176e+01
2.580873388006126490e+01
4.799340567542400748e+01
2.354003884189308593e+01
5.007903306126811316e+01
4.039645427220328600e+01
4.480685533067570248e+01
3.338692980542288069e+01
3.723815372569572446e+01
3.391665112610311184e+01
4.349804417792876876e+01
4.167679569120846139e+01
5.290493647863092974e+01
2.592976084023934291e+01
2.818317783943548704e+01
4.828414077816175620e+01
3.291006367350352235e+01
2.220173220861126140e+01
3.158746788090282109e+01
4.136783934240422411e+01
2.330770042589196578e+01
4.750894664207093143e+01
3.828312196219551566e+01
1.911577906260606241e+01
3.310837510319268517e+01
3.889076736565604619e+01
3.344135725177322627e+01
6.080809835994600121e+01
4.740709896167496140e+01
4.155712548681910334e+01
1.624493703554527713e+01
2.780387733295467001e+01
3.856872583545628430e+01
2.920743489597800391e+01
1.546032255686657031e+01
3.034176259599985670e+01
1.337052575994714942e+01
3.109546646242008450e+01
3.023958702526826414e+01
3.834484328615498328e+01
3.654551635309215385e+01
1.731104856667218073e+01
3.065648759694310144e+01
4.908589782654934908e+01
3.730503491010045991e+01
1.816818234067166671e+01
4.168816817832713895e+01
5.776598132669983698e+01
5.585743088717578786e+01
3.274834374426981753e+01
3.765622568080161869e+01
2.537712839068652926e+01
2.927267505130520320e+01
4.454119746417040204e+01
4.819273709437145214e+01
3.188043788278672253e+01
4.786335563803086046e+01
2.898998056133219237e+01
6.053288195192413923e+01
3.418933518499392932e+01
2.973818713728686092e+01
2.705302183560018747e+01
3.814027219046090522e+01
1.936785438864436770e+01
3.748316054529102814e+01
2.951188208649568878e+01
2.988282839737633267e+01
4.902398689937247411e+01
3.665873196118587174e+01
2.892919242486719611e+01
3.083952475557937234e+01
4.032203508848469653e+01
3.122200100390026023e+01
3.358273563988181110e+01
3.532799026303525380e+01
3.015166677169883513e+01
4.785487788409066212e+01
4.443357859270951593e+01
2.787744295121232341e+01
4.877099451166206023e+01
6.084757443466279625e+01
4.230763987017383698e+01
3.759768637743277253e+01
4.565189231689478788e+01
4.490465673365447685e+01
5.642867302869942137e+01
2.063454145927725492e+01
3.630035659200834175e+01
3.451949539414358270e+01
3.521854677903687048e+01
6.173776238290367502e+01
2.613113164290856361e+01
2.585721726638437090e+01
6.771311485030800270e+01
3.433491345494677205e+01
2.667001104684137403e+01
2.621186225432137462e+01
1.839297406187300155e+01
4.090255465142472957e+01
3.237725227655739246e+01
2.523459880623947527e+01
3.061425590691306198e+01
7.042121339429223781e+01
3.998714957201289621e+01
4.303224187809420442e+01
3.450568180505976557e+01
3.691028813811687570e+01
3.910753698012457846e+01
4.141898450159701639e+01
3.276107249923281728e+01
2.242249821024260115e+01
4.944130426439812709e+01
5.512128820210485003e+01
4.920721741628198487e+01
1.229603863639865580e+01
2.125681655125897151e+01
3.696927865967241189e+01
4.474341699774145553e+01
4.049899169530239362e+01
3.185067718691208327e+01
2.869774147979654089e+01
3.273646389773230680e+01
3.295706411480641407e+01
1.734116422712002503e+01
3.026973783242996419e+01
3.005710496761845363e+01
1.787256131298434525e+01
3.516695465195144266e+01
3.637918749410031438e+01
1.157663753989928601e+01
5.039561521827822332e+01
2.470714540812144477e+01
2.944804241805857359e+01
4.655963701807510091e+01
2.942898658613626139e+01
1.877545455450660228e+01
3.311760960834865131e+01
3.462111807488471271e+01
3.002374274254071551e+01
3.967175273590975593e+01
3.965695424479473274e+01
1.826984311026072660e+01
3.475694003723912573e+01
1.940651441261298871e+01
2.989387669341689246e+01
5.403383368776817264e+01
3.102254692331892727e+01
2.051474381769062205e+01
3.603985780371797176e+01
3.018328954522652907e+01
6.016467580608306065e+01
2.522222740229660332e+01
3.127150667855730859e+01
3.849927169103714419e+01
1.252500108222906228e+01
4.022342898703318781e+01
5.422478031744746119e+01
1.791084648521390577e+01
2.800114472265175536e+01
4.041570321087321105e+01
1.950812895524270019e+01
3.291002287395501469e+01
2.327837191824879426e+01
2.437968375877040472e+01
5.642210540052763434e+01
3.635522229652886494e+01
1.387133324608169893e+01
2.395763226585978956e+01
1.394661169267715373e+01
2.076124574691634805e+01
3.887724809664102565e+01
3.217324776589009616e+01
2.730881165969367075e+01
4.378084045157304871e+01
4.243237666992873613e+01
2.275189527880615259e+01
4.104838900472863372e+01
1.498007240890989067e+01
3.532738752189067810e+01
2.348121137860722030e+01
2.889445713788576953e+01
4.398538163457349981e+01
2.887029236592786674e+01
3.371217852443952978e+01
3.109607661038787541e+01
3.187153837149201152e+01
3.127220724139419161e+01
3.346693632998636048e+01
3.188119476849659151e+01
3.214096706054627361e+01
3.509665146732860563e+01
3.229362507173808439e+01
3.965139307232431065e+01
2.416423802128941389e+01
3.668096085141925045e+01
3.691843358339330194e+01
5.655642547434548817e+01
2.408369078201745950e+01
2.402672658766651992e+01
1.590760633222708975e+01
4.945056593735932893e+01
4.794728286205747736e+01
2.385810282209110511e+01
3.681965061345527346e+01
2.536885313221091209e+01
6.026997562426792854e+01
1.386547733277486216e+01
2.549540281342778414e+01
3.169373312003815713e+01
4.590891791667261401e+01
2.003074209241854575e+01
3.327639048723984416e+01
