9.454882405179729332e+00
1.841657719937286330e+01
1.166646249422200654e+01
1.239146299998613543e+01
9.570706786348811335e+00
7.559234803209239573e+00
1.915684999676566491e+01
1.489433089169154378e+01
9.610055974379442034e+01
4.744229684385651069e+00
2.217449540153010545e+01
1.530609507780566503e+01
9.933044787918747787e+00
2.965777396029818824e+00
8.168940521226513596e+00
1.668470773929646711e+01
1.910480817883217597e+01
9.439779964385472510e+00
1.525086767308365232e+01
1.206668781277061875e+01
1.066615627844901759e+01
2.654330717769857628e+01
1.588688480523751245e+01
5.797181572817682316e+00
9.928320789718268813e+00
1.355176295619839877e+01
1.183395746215080813e+01
8.197985583618191185e+00
9.896909386238396777e+00
9.027753575192191349e+00
1.799922193543687143e+01
7.005717563073842413e+00
1.913045272774387584e+01
6.501386879695217225e+00
1.480164137094559429e+01
1.580002751288154705e+01
1.817231080746365990e+01
9.896800143510791514e+00
5.521351375878352563e+00
1.255465070656222437e+01
5.268148596228511948e+00
1.244762645468304818e+01
1.440962671459859834e+01
7.729714746861160002e+00
1.296363063503146762e+01
8.832453317219343347e+00
3.136427998915817383e+01
1.526254536819070928e+01
1.406139147697249037e+01
2.099006143345140885e+01
1.223500479291342380e+01
1.128156165639297015e+01
1.764723601247365892e+01
1.033377678624102636e+01
8.083625700425905336e+00
7.638122583234643770e+00
2.286248890294950087e+01
1.248654101522004112e+01
7.243065382786140205e+00
7.457691773342358665e+00
1.640967554296633679e+01
1.881311325430484160e+01
1.168407903470613185e+01
8.804366205137096557e+00
1.655160074975478679e+01
1.083153780228767538e+01
2.105222826300822803e+01
9.669986666730906677e+00
8.754320455254870126e+00
1.318418525157456322e+01
1.260436354638563472e+01
1.145749034859017712e+01
8.813851992429741600e+00
4.739621087178498726e+00
1.055447578671457975e+01
1.114103524068808504e+01
1.291261417119133803e+01
6.723507101449138545e+00
1.038339388212568259e+01
1.365040830368664082e+01
1.837270120779206195e+01
3.466444218691540957e+00
2.201375791315261665e+01
1.739888169927189665e+01
1.249103965743675815e+01
1.253274375052117939e+01
9.882388094597816419e+00
1.290943297809473655e+01
1.494083145417687675e+01
3.404005207247344789e+00
1.828860865335321861e+01
2.504085408877198660e+01
1.381119943533084538e+01
6.298207731383121732e+00
1.799378856791215853e+01
9.629033415180280997e+00
8.057804020325061600e+00
5.451126079463526786e+00
7.424735906010390352e+00
2.714576766221577131e+01
7.248133006809776901e+00
1.905783258316405337e+01
1.258095798439047108e+01
1.096086377692647318e+01
6.173659890021654384e+00
1.412369804759856606e+01
1.511868045524916049e+01
1.038173066507973985e+01
1.218623665749470497e+01
5.874895832508589599e+00
3.003204352290327961e+01
2.466610622453771384e+01
1.143674036277424477e+01
1.081306258840301915e+01
7.691271832864551961e+00
1.275771651587817779e+01
1.594347308672506003e+01
7.463099933514532047e+00
1.713869280781764459e+01
1.740645653773578871e+01
4.616076527584655587e+00
3.320078244910241949e+00
1.032863449627876484e+01
7.199308581761639125e+00
1.168603960376644402e+01
9.404024231923422406e+00
3.140077530814990325e+01
9.797478828967905784e+00
1.102542621274172774e+01
2.964148203484854527e+00
4.230624566009699805e+01
6.534486909456344250e+00
1.227526903389738067e+01
5.786028076796316810e+00
7.190548664990857652e+00
2.698821781346102355e+01
8.796686584676770337e+00
1.810180304182343747e+01
1.281684112328035496e+01
2.431058607929001880e+01
6.381598095541324511e+00
8.146467675505448369e+00
1.343704363201227991e+01
7.673000037363476800e+00
1.787585760732516960e+01
1.629249193677604524e+01
3.909441302929846263e+00
8.513233281498798988e+00
8.392104038367254049e+00
8.622654922240238662e+00
4.691978542223089299e+00
9.028852770646924597e+00
1.638941031879121013e+01
1.048993343642221099e+01
1.242963030853348450e+01
9.285242700464438670e+00
6.989831399399342615e+00
9.164200099266993860e+00
6.509426572806106037e+00
8.599705452080840473e+00
4.762003562765693587e+00
4.422680566375468025e+00
7.714175640090819464e+00
1.036767599013606578e+01
1.094456329445679366e+01
2.409374157290008611e+01
7.074469892818646244e+00
6.611011826341432140e+00
1.849577438895527592e+01
1.015885798340651647e+01
9.847581323248236984e+00
1.212125240559973527e+01
2.798367399814445378e+01
8.394649489262885567e+00
1.028808346629956638e+01
2.458405839163014406e+01
1.181383459346206699e+01
1.058854152228169809e+01
1.657114011241043627e+01
2.977391186895160136e+00
1.699908899395467898e+01
8.327358171682936572e+00
9.571377054344370805e+00
1.509869206202519720e+01
4.919780030420069394e+00
7.405259988014041284e+00
1.575653196952454849e+01
4.446202037228736970e+00
1.092851582626783369e+01
7.538095494535737906e+00
1.785917789126738597e+01
8.398365291928202581e+00
1.792476299587563204e+01
1.684346940135596427e+01
8.232408963378397004e+00
1.714828800756339788e+01
8.785995892786244710e+00
6.563699627412864501e+00
2.769874279861362254e+00
1.158112441990324726e+01
1.156725140188061296e+01
2.457779551120262695e+01
8.701215937593874017e+00
1.972234893537513400e+01
1.215622753567166292e+01
8.950328181930835569e+00
6.284364697149523948e+00
8.922420616865332832e+00
1.308557493214982159e+01
1.282854415412536753e+01
1.482479582527714435e+01
9.321657710821693144e+00
1.056176511705178456e+01
2.408754330114179965e+01
2.316511148104734374e+01
1.311764977013647027e+01
1.212650997698950661e+01
7.691046917144316986e+00
2.077817402371892186e+01
1.053007663480182643e+01
2.012064422663523899e+01
9.627269559772768659e+00
1.233827901046823250e+01
2.313470582422232802e+00
1.113081768771674618e+01
1.073911345169674014e+01
5.312331335182700620e+00
1.184043993390352867e+01
1.269122978017118086e+01
4.362226194814861735e+00
3.836645082477506907e+00
6.098397531158441076e+00
1.663290858152157270e+01
1.579208998936549335e+01
3.791082306567907345e+00
8.337422732856422769e+00
1.685753637502642022e+01
6.156817620827590432e+00
1.314870566177829225e+01
1.691465206665420595e+01
1.924472576712485861e+01
2.538550458695387135e+01
1.212618038226307071e+01
1.103088244117637018e+01
1.193205936309758286e+01
1.104634533610168390e+01
6.648530624099446840e+00
1.279864079511175490e+01
9.438883514720755485e+00
1.406500792942692790e+01
4.048353346906078620e+00
9.436492777220580663e+00
5.664959734337484676e+00
8.828775791102984272e+00
9.888920686188278353e+00
8.150494361028075119e+00
2.555470983662761242e+01
1.076780846537261915e+00
1.670158858791820577e+01
1.506918141655893884e+01
3.791560372408528679e+01
1.530316500080281195e+01
7.003177158636047395e+00
8.531621603720402902e+00
1.189183507431096487e+01
1.551786991307867325e+01
2.262447450031792684e+01
6.102262415001947105e+00
2.034034841074960553e+01
1.035127556161702245e+01
7.770619077455697798e+00
7.190633064918320549e+00
9.074386343656740905e+00
1.665929253684943134e+01
8.766214136111347699e+00
7.712112959258839773e+00
6.264075551066328629e+00
1.355155345661157007e+01
8.911696293509530520e+00
1.035157781554748979e+01
9.750933952398806781e+00
9.324140771628041335e+00
1.326296812097708688e+01
7.577010761077210610e+00
1.602523996134431172e+01
8.521084725285861694e+00
1.417500643207690558e+01
1.989335564717553240e+01
1.540063364825000924e+01
1.170490805084333097e+01
1.242067135576708381e+01
1.794675639037454928e+01
2.140270074933742706e+01
8.300140896998954076e+00
1.197448952656992915e+01
5.306402012640969446e+00
1.947993183515601601e+01
3.011506940120531794e+01
9.167354223127777146e+00
8.248537414450247240e+00
