1.509106738893005506e+01
9.300409255741675096e+00
1.325274321471344940e+01
6.943419695812731440e+00
4.653079700732138946e+00
1.775728122106489337e+01
1.775183712154058568e+01
2.088952786446577292e+01
8.631772051453571848e+00
1.244096101192732107e+01
1.448793285794991625e+01
2.048735750193932148e+01
7.591148681061656411e+00
2.102804281189657587e+01
1.603943648017714452e+01
1.761053333523088327e+01
7.916878214207449638e+00
9.360470757324357294e+00
2.195172102279285298e+01
1.176264182417315496e+01
1.658207061440606367e+01
1.425352347324445645e+01
4.595333457656172627e+00
6.433665699202428812e+00
1.098933584546875153e+01
8.464350523753415345e+00
1.286742398700301138e+01
9.281325414587794143e+00
5.710298168156128007e+00
7.883166120138392685e+00
7.634299766075356430e+00
1.178406176029017693e+01
8.512885676316351180e+00
1.282765815685118227e+01
9.207714655002657622e+00
2.357785041461394115e+01
4.287411307586339149e+00
1.715432628670039250e+01
2.121458123621195568e+01
1.399558049137710469e+01
9.864104213858894354e+00
1.738932727510167808e+01
9.504897705251654116e+00
5.831698689856342099e+00
7.488461243713264714e+00
1.313146636262251477e+01
1.405665973371453603e+01
6.139345034113621757e+00
8.860553293684169773e+00
2.143277926103229802e+01
8.965501622297310291e+00
1.681640876566563492e+01
9.786351620282287556e+00
1.137075141117682264e+01
1.216344512564149838e+01
1.090482957950649734e+01
1.251467475457393519e+01
1.124154149413637249e+01
1.558579290192131062e+01
1.670443080686861848e+01
1.702907670052484690e+01
8.224570981684466986e+00
2.220961853262107510e+01
7.446818814824943900e+00
8.764505499615939499e+00
5.870741848215621062e+00
2.138782816101752715e+01
6.083439575875924099e+00
2.156482884406676703e+01
1.522559423448183935e+01
8.923519984041407227e+00
8.038860270951929010e+00
1.801827466517923781e+01
7.767862695595982636e+00
3.284433312372311953e+00
1.096914338771450481e+01
9.830042408314158209e+00
8.293260524415190460e+00
1.372298767782640638e+01
1.401098173931331026e+01
1.515401573816446756e+01
7.419715670480865555e+00
8.767989052311914833e+00
8.101600346511132145e+00
5.146730428123331258e+00
2.056419848380296855e+01
7.812327756261046474e+00
1.010163955774407540e+01
9.782777548458206240e+00
2.023966118855724616e+01
6.835622456504047761e+00
8.449486419203045884e+00
3.437639199778799171e+00
1.932803866406075244e+01
2.266766027222135449e+01
7.083878599721510128e+00
5.124954161111894280e+00
5.219702910127899287e+01
1.148516941269879510e+01
5.890269049962491898e+00
4.613358210574617146e+00
1.339067959932450691e+01
9.043459409157197371e+00
1.229271074259443886e+01
1.031679550103199894e+01
7.854096055900145146e+00
1.529509866338265489e+01
1.300488575419882586e+01
8.005542351208799090e+00
9.866057609786778926e+00
2.447647577868085378e+01
1.632136333812033158e+01
1.368976027327954981e+01
5.046716981226794907e+00
1.346347315690186086e+01
9.739317615334593725e+00
9.549986325220643835e+00
2.037060099940800484e+01
8.706965569248364289e+00
5.310761255395473945e+00
5.694281019736279426e+00
1.122169053789581028e+01
7.946952739973818680e+00
1.104781439953951683e+01
1.574930159565024290e+01
1.010897710712822750e+01
8.258687616115617303e+00
6.989325642503438019e+00
7.587308174212814116e+00
8.286853889169886855e+00
1.641815101810747635e+01
6.612914639622200497e+00
1.372031897035814652e+01
1.106347504537486692e+01
7.792188584171605648e+00
8.193539525894847131e+00
1.382003973890986614e+01
8.403393526366597754e+00
3.412763397001381804e+01
9.921578204654522892e+00
1.020516977110940360e+01
5.063236340276117353e+00
9.377108383979523509e+00
1.328598984784960102e+01
2.138662839182778796e+01
9.912267104555464670e+00
9.989459565103853578e+00
1.085936799376282202e+01
4.003782687749180447e+00
1.093261153468439240e+01
1.191596263617832463e+01
2.683991811269531791e+00
1.376484814837093751e+01
5.954789533481359420e+00
1.322101647798173119e+01
1.541868440783264482e+01
1.143729297012087898e+01
9.340166164631339640e+00
1.006715191733347403e+01
6.912119507103309246e+00
9.080486876995543355e+00
2.010319553664014691e+01
1.661075834781005511e+01
2.090596558068691735e+01
1.189429685901157896e+01
1.498669781519726563e+01
1.368307078641661612e+01
9.989447847253472901e+00
1.115494194945885731e+01
9.227442242864107413e+00
1.888311271650865564e+01
1.276189269337984911e+01
9.527809261541184682e+00
2.666876165550495159e+01
1.458115500865702785e+01
4.132765348899276603e+00
1.912614576257284682e+01
1.553233525362364986e+01
6.476656322572623026e+00
4.728388237751207868e+00
1.728455045147017799e+01
1.349824133924459169e+01
5.257851923505531211e+00
3.844139854899902176e+00
1.247735750150820699e+01
1.401592392168947043e+01
8.918155180478331445e+00
1.845808630696222608e+01
1.275801272089754690e+01
1.475202540168325172e+01
1.558332186742159564e+01
1.023542721843548442e+01
1.490622471285753647e+01
1.524572723765580484e+01
8.445275358382883013e+00
7.386547158044476369e+00
1.092229713851152795e+01
2.139308563297493393e+01
8.959393697191270434e+00
2.502404918113369803e+01
1.000806690088903395e+01
1.229101378626364749e+01
8.640631335482092723e+00
5.108031938823933693e+00
1.201789972345902235e+01
6.192467853836198799e+00
1.051580250071788214e+01
5.212239494823561081e+00
2.371481583164601670e+00
1.632618905604868687e+01
1.656454561263962333e+01
1.004125691299933010e+01
1.203012949472207183e+01
8.885876456888121666e+00
1.679885625253096748e+01
8.573221674479663434e+00
5.892469630791199009e+00
4.289950564991932502e+00
7.987466873114324351e+00
6.469181968234830826e+00
1.327971631629000981e+01
8.925055843797188970e+00
1.367853233751712949e+01
1.617978050635889176e+01
7.497760364668283550e+00
3.280127540334761704e+01
6.328327088246497922e+00
1.032567388052277124e+01
7.736254918555295568e+00
1.221710313488117983e+01
1.743778568925901595e+01
9.021418287804467084e+00
4.704567759910826652e+00
3.287608083556710881e+01
1.182860140032715712e+01
2.159930091806844388e+01
1.555123001832145491e+01
6.094590152100874292e+00
1.134481608407626041e+01
7.104998418951518957e+00
1.401328336377287087e+01
5.533995283416488498e+00
1.640506459817925844e+01
3.500260054424965350e+00
1.069629855941766294e+01
5.197662008054448002e+00
1.635852870151617466e+01
1.744699731914532137e+01
1.394484332417971650e+01
1.344075044145788134e+01
1.267087167955567395e+01
1.078730669783712592e+01
1.386011233263570475e+01
4.241441161891821743e+00
1.488011679238323914e+01
1.456933520227786794e+01
1.010135614108229163e+01
1.763078415733353665e+01
1.163888746770839866e+01
6.247376598351341848e+00
3.669349659064656155e+00
1.190711790339008935e+01
1.056948713713068777e+01
1.096080430766540914e+01
1.423337102731293236e+01
1.699109166730350040e+01
8.932804760166831670e+00
1.076100417031506495e+01
1.519719971849626461e+01
1.098418437211509158e+01
1.081356939333948830e+01
1.282903804233700562e+01
1.231462141102699803e+01
1.400269905836696971e+01
9.575468016534623317e+00
1.453935112993902656e+01
1.360729005014425752e+01
1.990531552890416123e+01
2.243931644810423975e+01
7.585641442428674885e+00
1.631472217220925103e+01
8.582958340213872717e+00
8.641261030318355907e+00
9.383254497481450684e+00
6.183762611189020042e+00
6.066190901840306182e+00
8.758338113024372262e+00
1.006737421111322028e+01
1.905745310896664435e+01
9.027468707985157437e+00
8.893892344888325141e+00
1.055803621055882502e+01
2.073479404580966090e+01
3.516419309036431518e+00
1.490398043689781815e+01
1.431385437401693217e+01
8.904546709725229547e+00
2.103338065830324766e+01
1.089255957136541397e+01
1.376474917195709402e+01
