1.781275852656139307e+02
1.714942733030557349e+02
1.637575870649262129e+02
1.422866976607977847e+02
1.483954225645153997e+02
1.355634999987780134e+02
1.402573077019710013e+02
1.656317569930762090e+02
1.459593476640169740e+02
1.935230360298016024e+02
1.600778852305521411e+02
1.793360838450473693e+02
1.290452453499403305e+02
1.582979969336991246e+02
1.746294193003917030e+02
1.569842819876254794e+02
1.624172828255762226e+02
1.919316469351324770e+02
2.125900352568041853e+02
1.405166229256493864e+02
1.598098222535705304e+02
1.965728789499447089e+02
1.713870765719126439e+02
1.949244023019900851e+02
1.685998107658321032e+02
1.656222683964222426e+02
1.275809799494296897e+02
1.471962849273612335e+02
2.154911894933847520e+02
1.841578415237261765e+02
1.571433020446597482e+02
1.960641286982015288e+02
3.047722439002274655e+02
1.908391337734533124e+02
1.948032346359534586e+02
1.672383211179756302e+02
1.474021041782449117e+02
1.474999915175810088e+02
1.901811609514983843e+02
1.265479769125612393e+02
2.059992817479787277e+02
2.003401365650930757e+02
1.517761465235780918e+02
2.497650980490111010e+02
2.006383320806045276e+02
1.527322738109768636e+02
1.871830257155706363e+02
1.793077907737115595e+02
2.090091873003194394e+02
1.938985162262969766e+02
1.656675281300243796e+02
1.674987196483679099e+02
1.792757538145024512e+02
1.540430990768439017e+02
1.659616545599093911e+02
1.729879323365005064e+02
2.545370858609230140e+02
1.494112937041010412e+02
1.711243012848023000e+02
1.823826113709924073e+02
1.679539462212721048e+02
1.805770102743682628e+02
1.509252153620859076e+02
1.472079473118549515e+02
2.027487978702494047e+02
1.309593642007545213e+02
2.179038872080817555e+02
1.586457098194946980e+02
1.248380602737040164e+02
1.374206344336953691e+02
1.613043442293005967e+02
2.001095050427947797e+02
1.887906103181781532e+02
1.731504218401646824e+02
2.134198537911571805e+02
1.540348220705568565e+02
1.152923539243923159e+02
1.784255812073206187e+02
1.878594586735819689e+02
1.746522637629093992e+02
1.671632679093632134e+02
2.331527065545617461e+02
1.845024186958032431e+02
1.478651039116494985e+02
1.673524326826770903e+02
1.510092561611729991e+02
1.364401584985184002e+02
1.596165326775821711e+02
1.544181029818707600e+02
1.898060792206654526e+02
1.984710606095717367e+02
1.395370760055463109e+02
1.772169168516125524e+02
1.121553953889280564e+02
1.433709702704897495e+02
1.707555067828287463e+02
9.728453061336381325e+01
1.918298111857965580e+02
1.665995841002736313e+02
1.702737795876920188e+02
1.691048993574744088e+02
1.770973743168046894e+02
1.593511830688117357e+02
1.715404345319331583e+02
1.771331881183347718e+02
1.774175887098815565e+02
1.609180254046760012e+02
2.116674076462116716e+02
1.469401642810200883e+02
1.667118766549193083e+02
2.331603153062104070e+02
1.993135128128873532e+02
1.641635346308005126e+02
1.439327412750449753e+02
1.952643066972998156e+02
1.336622409926462467e+02
1.550512251947071150e+02
1.763779757687829033e+02
1.556155604370684671e+02
1.452222449055529125e+02
1.697871484535035904e+02
1.582167129093200799e+02
1.653403796170178452e+02
1.760995775195770250e+02
1.696452589483687063e+02
1.678889843871846210e+02
1.533531518875506663e+02
1.431565527859277154e+02
1.881238127507043600e+02
1.998930319601029453e+02
1.788322915097915029e+02
1.972093179882057257e+02
1.910114330888186203e+02
1.281530458312844587e+02
2.028929528621341660e+02
1.753196025201447128e+02
1.365075268302169036e+02
1.978146247777055464e+02
2.064553738711487938e+02
2.122013320382876600e+02
1.261526763455880484e+02
9.651326030174200810e+01
1.433099567985611884e+02
1.500822957894334877e+02
1.748674500186121179e+02
1.840360510884989935e+02
6.483535087269582391e+02
2.117610933719508637e+02
1.909374081036409905e+02
1.740732504102866471e+02
1.239342821062438986e+02
1.504861828995092310e+02
1.507364385226958063e+02
1.772184097809117986e+02
1.695048284237502685e+02
1.512278832933574506e+02
1.800676069703020516e+02
1.501612630074282038e+02
2.498221647124600793e+02
1.717620393984678060e+02
1.549228957207947985e+02
1.478084295641862411e+02
1.760809655517475960e+02
1.543895567542784590e+02
1.774548391980012809e+02
1.548164476147103130e+02
1.858592566601210194e+02
1.886927677594597412e+02
2.083685432390468577e+02
1.393046484410351411e+02
1.583809667939723340e+02
1.352177866769804382e+02
1.330112637847121277e+02
1.639809278237469528e+02
1.439870395573083499e+02
1.541796768119997694e+02
1.377038318914048602e+02
1.704944839217487242e+02
2.429775276127938639e+02
1.672458545191045687e+02
1.613166703616672635e+02
2.216279860252117260e+02
1.144333144009048482e+02
1.176994198737365025e+02
1.586621775028294792e+02
1.291495633900021858e+02
1.230919585671584144e+02
1.469891066342795796e+02
1.600828783301388398e+02
1.723518381222214941e+02
1.785011730549829565e+02
2.182548767908233174e+02
1.320797685341129295e+02
1.294926174790114430e+02
1.929350425784087122e+02
1.506718515055333398e+02
1.077330217095974660e+02
1.277976364501903674e+02
1.906955509998559535e+02
2.582515194159079215e+02
1.499954303791770940e+02
1.649027344098906553e+02
1.616479468682660183e+02
1.593574095528107080e+02
1.290483326253191478e+02
1.463227233893846631e+02
1.755758018850955864e+02
1.709030644157083145e+02
1.843399577136481753e+02
1.535398262232262994e+02
1.311696084359498116e+02
1.429792445945788586e+02
1.492263987564607532e+02
1.738210778382833723e+02
1.815445493700088377e+02
1.856056223785034547e+02
2.207425949845919035e+02
1.334041332709576011e+02
1.995988630005471407e+02
2.469390845969318775e+02
1.729183593394903937e+02
1.952852116678621996e+02
1.770151833911419033e+02
1.275917575106120125e+02
1.331567705173679030e+02
1.195929620604244690e+02
1.555658161800127175e+02
1.475058145982804660e+02
1.556591245997651640e+02
1.929437329276928779e+02
2.256513578670380866e+02
1.594401043011866079e+02
1.845490012947398100e+02
2.239883175013304708e+02
1.892065028871763275e+02
1.713363134685580178e+02
1.798322643054663672e+02
1.740871081334827295e+02
1.248719212101403144e+02
1.861638649766710500e+02
1.671683496390024288e+02
1.438534126869813576e+02
1.757726042483134279e+02
1.693601683890526601e+02
1.684380534722546656e+02
1.740261569136341393e+02
2.015907133226603207e+02
1.803581231125662896e+02
2.100577566644112721e+02
1.287735737832385610e+02
1.723659656206301349e+02
1.396101017190319453e+02
2.200615831174761468e+02
1.557108334830445244e+02
1.589447355972264688e+02
2.016983702498403943e+02
1.493213399248844553e+02
1.489322582924558844e+02
1.311598805708914881e+02
1.331652009104190881e+02
1.742497189525377905e+02
1.509837004167671637e+02
1.639789094536792504e+02
1.492432650001458683e+02
2.511793529889458227e+02
1.733642977486536552e+02
2.163416113714697815e+02
1.701622032421751669e+02
2.095672934183354812e+02
2.061381190250302495e+02
2.168915199222500405e+02
1.622991377840685914e+02
1.661756508150774607e+02
1.624857825568378473e+02
2.158769539167056166e+02
1.627417219831083059e+02
1.727195653936615543e+02
1.848080833004773638e+02
1.786080411293454802e+02
1.677823397782482857e+02
1.722061760319376731e+02
1.776201360220228764e+02
1.131289090301337126e+02
1.589454083015876620e+02
1.730259375432943898e+02
2.321277882694856487e+02
1.819525008361444236e+02
1.460679984785035401e+02
1.601042215144707086e+02
1.831494341673424344e+02
2.069177773500058493e+02
1.413730743924807314e+02
1.261683102538188308e+02
1.782922684389070582e+02
1.970937054991053401e+02
1.191222387254150163e+02
1.429427460348318277e+02
2.050809250274597844e+02
1.437751936095183112e+02
1.596519913457520374e+02
