2.201930154979257637e+01
1.976508980370641311e+01
2.818988292581421717e+01
2.254846115836680553e+01
2.227087929859960624e+01
2.447580331000371601e+01
2.040203198560995546e+01
1.177012224012950625e+01
1.144396680582622849e+01
1.604977342928321704e+01
2.454053709782054327e+01
1.569449037598947427e+01
1.674702183489617369e+01
1.834270722697452527e+01
2.023054987027393992e+01
2.821927107812311775e+01
6.729914624520479727e+00
3.477871080212508303e+01
2.369343886707650171e+01
7.422690075344857696e+00
1.024457662437713701e+01
3.154133164318182025e+01
1.535684796618853021e+01
1.580482413577485978e+01
2.898523039007990576e+01
1.886720023531962553e+01
7.794524677814245628e+00
2.972510092116483094e+01
2.102117037080105533e+01
1.522063148077044481e+01
1.279492853070201619e+01
1.613090572740732398e+01
2.727328985126079530e+01
1.421298019125140932e+01
1.008441686650288283e+01
1.961909810133278143e+01
3.765317269373375098e+01
2.765754982646252458e+01
3.503635267488616023e+01
1.484305914821214323e+01
2.811309260212792793e+01
2.116775175630698413e+01
1.706790422968412102e+01
2.626384503331177811e+01
9.660962008347270924e+00
2.195997556550183560e+01
9.301674079396187622e+00
2.351177383600666815e+01
1.713490242872202884e+01
2.284334418494774610e+01
2.670420267189560448e+01
1.895987966165711569e+01
3.290483372437800824e+01
1.597205992227826954e+01
1.356201656744443262e+01
1.507431245006211284e+01
2.414799579045170574e+01
3.958386664198629745e+01
1.868153464298768185e+01
2.074214677171556431e+01
2.621274252470947630e+01
3.336243411158154260e+01
2.348332329994563494e+01
2.917055234347110471e+01
1.547147159719476228e+01
1.737237301339454021e+01
2.011556266914820057e+01
2.817869229311426693e+01
1.531108710530598138e+01
1.239040229758270151e+01
1.838564905346916234e+01
1.133569935951413221e+01
1.648170667348875895e+01
2.165451987367920594e+01
1.370263908200484515e+01
2.836026852323974268e+01
2.006615966314676669e+01
1.469226487167199657e+01
3.255788452090260421e+01
5.466105337322701985e+00
1.485841340864398497e+01
1.775559858198948504e+01
2.008086540469838965e+01
2.979211711340206392e+01
1.937735311415244155e+01
3.065028995264500367e+01
2.689327882018273641e+01
1.672663646484398825e+01
2.280435032572029996e+01
1.185107818665726498e+01
1.089159162714647877e+01
2.178788326522755980e+01
1.026769809295102043e+01
1.713413660249269910e+01
2.786924841659237728e+01
2.497979280127742285e+01
9.319516218494888093e+00
2.767124086506126091e+01
2.283958985136068875e+01
1.656065811884440109e+01
2.910354820173287038e+01
4.146785211750980693e+02
3.287877842963473540e+01
7.503295963567892635e+00
1.178664928638391274e+01
3.455322904208335899e+01
1.648786243372139637e+01
1.719599349806494715e+01
1.061322144320802252e+01
1.545305676091166980e+01
1.878071978097674943e+01
3.506449339133682486e+01
1.788388331734482151e+01
2.418253256480017654e+01
3.104152624021368467e+01
2.905444840860638678e+01
2.872234684743954602e+01
1.935094411537605552e+01
2.421987141303868185e+01
1.200663521706582415e+01
1.536215404874737267e+01
2.564730342494320681e+01
2.438344735322637646e+01
2.464288097080934037e+01
2.326936446268840442e+01
2.296143093290291404e+01
3.081690289179271858e+01
2.822826781639004778e+01
2.455393215588868827e+01
1.136884564471314008e+01
2.044398546858544563e+01
1.647751427658302958e+01
1.442795979860714617e+01
2.834689229470239269e+01
1.324414170695440696e+01
2.256728798170412276e+01
1.181275381833681593e+01
1.031561767148805764e+01
1.377119817120029843e+01
1.293418150919231380e+01
1.655597172259756533e+01
8.626597777887340612e+00
4.056106672033035920e+01
1.894527199687023256e+01
1.468616352243451217e+01
2.483706205870868189e+01
1.956177358568876556e+01
1.800641766331521154e+01
1.432653804342096571e+01
3.217174545618980375e+01
2.734741991720509446e+01
2.604273591022263190e+01
2.192066819635686414e+01
2.071385046517668371e+01
1.686991673180776985e+01
1.930753999186009651e+01
2.168244484100990732e+01
2.331342978737677640e+01
8.249344627468859770e+00
1.845205318333441724e+01
1.111892673020106947e+01
2.004708435587815174e+01
2.483977844952889313e+01
2.623802715943436681e+01
1.679099996119068194e+01
3.216642006156094169e+01
2.224209763007378626e+01
1.269255618246795514e+01
2.283494833755632314e+01
2.599372341069301484e+01
1.286234559090483387e+01
2.278287114028285387e+01
1.847553419182514034e+01
3.936568441315023392e+01
2.499332364416290631e+01
8.849840575837705003e+00
2.396602243376222319e+01
9.858182223490429053e+00
1.415493996469018967e+01
2.636383412846026886e+01
1.108087166124621525e+01
1.557223532684601075e+01
1.315945143014916674e+01
1.975175110384822830e+01
2.451650397006928728e+01
2.687061219076448282e+01
3.234399569140512654e+01
2.286996571341514084e+01
3.425699091917011430e+01
5.535200521220398429e+01
2.172809625132009970e+01
2.126993632473289253e+01
3.469817833668741258e+01
1.962172950741951993e+01
1.200574302084372391e+01
1.820826655556420803e+01
2.174904039478855822e+01
6.685960287227203480e+00
2.770952873850596987e+01
8.582317529573355586e+00
2.767031105980807837e+01
7.842499932125342355e+00
2.399736977778252722e+01
2.575121198377011211e+01
1.918113095120586209e+01
8.692262139547114685e+00
1.875596089068610084e+01
1.475339221841721482e+01
3.261726453039448614e+01
1.816450731250063910e+01
1.798118180966071478e+01
1.560861779091464108e+01
2.044313921335910678e+01
2.026328562756206253e+01
3.291211006963611396e+01
2.416320325426243798e+01
1.711993654931871944e+01
1.981327785212116410e+01
1.440155442702394950e+01
2.353229063375882646e+01
4.838372230136040741e+01
2.059625415299878881e+01
1.984417560925152202e+01
2.473956940379703084e+01
2.115381904460862117e+01
2.487731771008794013e+01
2.234922143069433886e+01
1.649173162177377705e+01
2.117235361576765129e+01
1.079378306069788529e+01
2.695467875714489026e+01
1.941676964962599428e+01
1.429005085113609397e+01
2.812131159199530472e+01
1.739417123352972894e+01
2.202814205168038697e+01
1.591688415312930083e+01
2.515306215030068415e+01
2.212260879781594980e+01
1.216550678954030751e+01
3.303107696757017919e+01
1.687704433498904066e+01
1.945694641512610801e+01
2.853839298750685316e+01
2.870229213952953273e+01
2.402772084201683001e+01
2.263399561197604370e+01
1.390970238767043909e+01
7.299706055281415473e+00
1.215922953238241888e+01
2.856297062392521369e+01
2.167536302469732590e+01
1.754540081242573279e+01
3.250798908333234039e+01
1.325811322848004004e+01
3.021079690745747470e+01
1.044725912343038665e+01
1.317263029625118520e+01
1.816111442052710956e+01
1.985060387594898756e+01
2.291093757054197866e+01
1.512686620000718030e+01
2.999627458931892932e+01
2.412655220164791459e+01
1.937653834348089887e+01
2.400821189243777454e+01
1.505956238440982276e+01
1.783176555914263517e+01
1.773501163352735333e+01
1.794303486139159531e+01
1.600113494133927361e+01
2.750418030758660848e+01
2.364222246085578760e+01
3.220258777521868154e+01
2.393965874072444677e+01
2.865249008008284548e+01
3.157838089854049812e+01
1.521356436173109472e+01
2.692515380750061382e+01
2.971954548827598686e+01
3.115098229062668622e+01
3.630717117094964408e+01
3.504570288994165139e+01
1.212478897552264279e+01
1.423170081401467613e+01
1.256473409786634754e+01
1.107514472621890533e+01
1.874885535188419183e+01
1.609421153926272652e+01
2.025703971718953511e+01
6.849389811950841178e+00
2.450522262298936482e+01
1.811375695282601583e+01
2.159584592889187959e+01
2.011373813692082635e+01
2.341582855510143091e+01
1.832558776929840505e+01
1.694485486959684195e+01
1.634078987303002961e+01
2.490576262717917544e+01
