8.600117760676354806e+00
1.352179778391462861e+01
8.926516890085995470e+00
1.414851000786172364e+01
1.248098354646799812e+01
2.894336340064948132e+01
1.644276933392399087e+01
3.401698768403461770e+01
1.333058385802126367e+01
1.726631502452465128e+01
1.049377086111720914e+01
9.497027794486976759e+00
1.497256925284928109e+01
1.524606477814463723e+01
1.641442184478871980e+01
1.007616215561783157e+01
2.322303603137861572e+01
6.826994529513051191e+01
1.693524453381723305e+01
8.258648199174544402e+00
2.742879117055814930e+01
7.371197132845990652e+00
1.922541107797148996e+01
3.278685331623673704e+01
1.471480614047352731e+01
4.606596351483107199e+00
1.705400090216581077e+01
1.878851168034215036e+01
2.313886217005034140e+01
1.934409412572282605e+01
1.557431666652471236e+01
1.296824115140687539e+01
1.040954189953316018e+03
1.422884587852576921e+01
2.271709081097348459e+01
7.082572792849616050e+00
1.226209923746847430e+01
1.610144213589967421e+01
9.981057462056430296e+00
1.655436114914910561e+01
1.015649437271492772e+01
1.560392148428695158e+01
2.051259128966517054e+01
2.399381879206909218e+01
1.535346321830648542e+01
1.756169964366571890e+01
4.310583365600492556e+01
1.430505446503300249e+01
2.461021909468750479e+01
2.446761985673310136e+01
1.830895839690675686e+01
2.128490252735829813e+01
1.558388116712079707e+01
9.132357702117959164e+00
1.006042755468512873e+01
2.267548863951469684e+01
1.833406774673770911e+01
9.748583722530151263e+00
1.655451050674735214e+01
1.318588142723610090e+01
2.257111802372993381e+01
1.637264940609136943e+01
1.976284011453194012e+01
4.457251848524625970e+00
9.298399569107406393e+00
9.819966302424804283e+00
1.025312731760391927e+01
3.742920429870979149e+01
1.256303753597135220e+01
1.526464140563099470e+01
2.816829036396665487e+01
6.590270467316494241e+00
1.765603776001566416e+01
1.162757162513660703e+01
1.166929542566180800e+01
1.036342438048352044e+01
1.115127833699950699e+01
1.188222594353130823e+01
1.521675746173513133e+01
1.768123502702464478e+01
1.356427544196938406e+01
2.020839601244037720e+00
2.646329225543174601e+01
1.099101584850613378e+01
1.622978099291140452e+01
1.252815754880947807e+01
2.388801871070017313e+01
1.945396249500535291e+01
1.539085591530965402e+01
1.550062901214094779e+01
1.174481248466807060e+01
1.761640782575484110e+01
8.434630979869961465e+00
1.677748165705109784e+02
9.709241067071646469e+00
7.133952918148993128e+00
2.729924700027450513e+01
6.444578422977969900e+00
1.950475698319223739e+01
1.212095509979161179e+01
7.784336138171300767e+00
1.893655591420946749e+01
2.914813290953491531e+01
1.907199308904613844e+01
2.594935646325469136e+01
1.585641012378488846e+01
1.586614753575490866e+01
1.232823325602433506e+01
1.365198110109530738e+01
2.771897195326808827e+01
1.285384488120222279e+01
1.681551116266969004e+01
1.176684389853449986e+01
2.168095242652441001e+01
2.559418178249408982e+01
1.799318102006067477e+01
9.936698087739193497e+00
3.981108646639506699e+00
3.157089147463875278e+01
8.688752549266123282e+00
2.019323036612892253e+01
1.093242917672050396e+01
1.629933210623201845e+01
1.424497578018724298e+01
1.178194123887542233e+01
1.284253824002695055e+01
1.557693390702011804e+01
1.076732466533333543e+01
2.958357424328202256e+01
2.683678172808387430e+01
9.169892825061060293e+00
1.172777055725315343e+01
2.219582550576708968e+01
1.356614249767482505e+01
8.271173393244927396e+00
2.278426929313148008e+01
1.358897653963550312e+01
1.042565350356503551e+01
2.088271294763183406e+01
2.520489463480625858e+01
2.621670692615312248e+01
1.625340298807543249e+01
1.291162451465776329e+01
5.378964451734677965e+00
1.893884604418941819e+01
1.832257153800871308e+01
7.724850427091353389e+00
8.919830122633680247e+00
7.438105976168746913e+00
2.968665345863380267e+01
2.676945151939120038e+01
2.391602013749746547e+01
1.616379599594440464e+01
1.277680312456067924e+01
2.278874330179147378e+01
2.589444273792011586e+01
3.010870212019758085e+01
1.135015353946889860e+01
1.256027916608820938e+01
8.600002099774288311e+00
2.073937538550565662e+01
3.167029300622946408e+01
2.239381472737309409e+01
1.223802272436581795e+01
1.934152390820836231e+01
2.588652279474479201e+01
1.016463304510255483e+01
1.427478495554152360e+01
1.276966978936557418e+01
3.944789456452878795e+01
1.420182066553572042e+01
1.771328504070075738e+01
2.345088526984248034e+01
1.574518634692260832e+01
2.396903531123852105e+01
4.909530989743453588e+00
1.448101603837874585e+01
1.399673779347802238e+01
1.934465657175456954e+01
1.175489848767583290e+01
9.854469461086404536e+00
6.844455710848055041e+00
1.587459822203215332e+01
8.095132128475640343e+00
2.269029958586053652e+01
1.581241278666772310e+01
1.295688323941748443e+01
1.109636439239326222e+01
1.355429448751369037e+01
1.984103783303746127e+01
1.858940757086504547e+01
1.499747901966355279e+01
1.125398617104791299e+01
2.839088918519403748e+01
2.173900272650063670e+01
1.070661167722190044e+01
1.130906408733353885e+01
6.906547014279743379e+00
1.157608613467926872e+01
2.902025534530327278e+01
1.237940762116712889e+01
1.611883856003314008e+01
2.474108056527412103e+01
1.434722063974810347e+01
1.603818421867620714e+01
1.385222325996443971e+01
1.589640923601784017e+01
8.892659797181533321e+00
1.155474552176650960e+01
1.308478040231791972e+01
1.815754941208369644e+01
3.302223750250078638e+01
1.442888729285158789e+01
1.908859020819001628e+01
1.132041304283291261e+01
2.350917447059409682e+01
1.353256736269750782e+01
7.314096123228415181e+00
2.556966081873132879e+01
2.151600814744858781e+01
3.016435827739642050e+01
2.823774567377223832e+01
9.824519699760957181e+00
9.225775382857310092e+01
2.237348089749663416e+01
3.273914435636499576e+01
9.595158481056998312e+00
1.214658290360150161e+01
4.444811284445136401e+00
1.419879247896412622e+01
2.258229250673636557e+01
2.209596748329658666e+01
3.234423991718511360e+01
2.588259148818144340e+01
6.828300411693827954e+00
8.921087979712488902e+00
1.471910128318067024e+01
1.628611057491662706e+01
1.470473970839495514e+01
1.274387345785429559e+01
2.619455704811603880e+01
3.258500596550688755e+01
9.631503740026200688e+00
1.376100570718102389e+01
2.387463412377724836e+01
2.463410330840912721e+01
1.266332607722244141e+01
8.426560746475720620e+00
2.094657981456707674e+01
1.689243757147717773e+01
2.700346075014902070e+01
1.197812231327373844e+01
2.378041701295011023e+01
3.618283574422316207e+01
1.446954898403016898e+01
3.129129915013474417e+01
1.743068781670055856e+01
4.680871034262529484e+00
1.950847038727708238e+01
2.743720334949988455e+02
2.369972034815081230e+01
8.839646376507735326e+00
1.758148584485351407e+01
2.895484270089968604e+01
2.877224749106452606e+01
1.534542989890530329e+01
8.245126157843229109e+00
1.640554482946496151e+01
1.323007963374426943e+01
1.162551647899331364e+01
1.234809239740840070e+01
1.168325302871955707e+01
1.394547677147060938e+01
1.486579526572609034e+01
1.206416197388801059e+01
2.862008622837764449e+01
1.217412007378849914e+01
1.869835233758598392e+01
1.980544743542031583e+01
9.613254741053417263e+00
1.985222898705307770e+01
1.213480134853404024e+01
1.459035937258414073e+01
1.157789025867545263e+01
1.715295731088493270e+01
2.223470274649494982e+01
1.612928552974950946e+01
1.415931646300788671e+01
3.003882188156868338e+01
2.146856239179755832e+01
4.008374929927010299e+01
2.071259136934735778e+01
1.588140475201946877e+01
2.437979832300444727e+01
3.570441476460786134e+01
1.975286217877784267e+01
2.671535744414553903e+01
1.539240698045261269e+01
6.678575827988914249e+00
1.214399429813611420e+01
