4.837173863514207994e+01
4.303820236591300130e+01
5.538085567152229771e+01
6.696350041225014138e+01
2.312102100483153890e+02
6.087331396621299007e+01
6.254142287158118307e+01
6.178901335128676919e+01
6.619679950017983572e+01
7.476147378431198831e+01
5.691586930798089838e+01
1.199389310098012231e+02
3.642284041215053492e+01
7.540240682454667365e+01
4.772049025705869241e+01
4.306023389558159664e+01
4.739893101229537109e+01
7.037245079844252871e+01
4.612387226515311056e+01
7.275714644369941198e+01
3.084602043282860606e+01
7.339901414856690565e+01
6.563837984273787640e+01
8.889897713274530133e+01
3.089858075309263441e+01
8.044145693103207861e+01
5.187727489559145511e+01
6.017363266231596697e+01
3.730877342818347131e+01
5.300042953652260280e+01
6.005892134187150333e+01
8.667583603797491776e+01
3.511512726277525331e+01
5.858028242262824392e+01
3.943532219572610842e+01
8.783696287176640283e+01
5.837518367459098556e+01
4.740019145381576493e+01
4.996154163757977074e+01
1.057751260247694773e+02
1.013407566664819370e+02
4.265623242440195639e+01
4.597222863040585139e+01
6.097471428912179192e+01
6.234891051112451521e+01
5.474242925480216115e+01
4.861780705292225235e+01
7.750512789979202921e+01
5.664343116836769809e+01
5.262093629656341420e+01
1.102475973567729284e+02
7.540871826143160206e+01
7.626158880056695466e+01
7.725317468046516467e+01
5.589506486614343572e+01
5.803140178742586386e+01
9.176444886180577498e+01
8.032870441282963725e+01
4.465219076713041346e+01
5.061983288987410390e+01
4.878585690402184838e+01
5.092648442765273131e+01
5.875098401559165495e+01
5.105208416494545531e+01
3.792963812249971767e+01
9.444687371296645040e+01
5.471546613597828923e+01
6.342625395736649097e+01
5.481098385777604420e+01
3.941983298284723958e+01
3.069611564439803786e+01
1.384450372088702466e+02
7.014455763757214868e+01
8.895378281577738733e+01
5.573915226485747354e+01
8.382742785187765833e+01
5.187023870703624340e+01
8.484589816313906852e+01
6.082653371782556206e+01
7.394560701749659870e+01
4.639357978806720695e+01
4.853553012918091270e+01
8.639603328284516692e+01
6.842468961762155288e+01
5.687708384972379605e+01
5.065304031014417063e+01
4.575747071762559415e+01
6.723473234119431652e+01
5.997640738008891503e+01
5.757147403439331868e+01
7.129029842265926220e+01
3.076165458561279920e+01
7.370736119590276303e+01
6.654680752605581517e+01
5.567763482565592170e+01
8.536856057957504618e+01
7.845196991994343705e+01
5.407674382833118898e+01
7.561032376323211679e+01
9.392892030986631369e+01
1.098653896895671238e+02
7.030602126645928251e+01
9.124463303818033921e+01
4.941128007968825386e+01
7.694060600091886215e+01
8.078794933218500773e+01
5.863420141824446574e+01
1.080033292347037559e+02
7.887219531250829618e+01
4.565154490313145175e+01
4.156710313290196268e+01
3.247777571053966739e+01
9.052364370622154865e+01
4.440738800157506461e+01
5.547449200635197997e+01
6.229288220826520472e+01
3.520708157470055966e+01
6.608496302784887177e+01
5.744439745357828286e+01
2.916804106737851754e+01
6.140975424806362781e+01
5.999700767818108460e+01
5.021711104164610617e+01
2.772586276592793553e+01
6.472086842594762857e+01
5.481648145551049112e+01
6.583034187116473390e+01
5.113888216878738291e+01
4.365475534091368104e+01
5.091845015038543920e+01
8.865121544368260231e+01
5.182097970921080332e+01
8.171817702085138535e+01
4.990397361154504807e+01
7.347825114947754344e+01
8.938389981938831852e+01
2.763565267894891520e+01
5.390343456037501824e+01
6.536876532983438892e+01
5.488458171754674453e+01
6.301864306600369048e+01
9.481708835761007492e+01
4.741486620560797860e+01
6.759594731103562992e+01
5.935549260500913960e+01
7.776298118029286854e+01
6.641882055306666643e+01
6.458878880611671036e+01
6.297603863420820858e+01
4.501708255949127135e+01
5.016161083374767315e+01
7.784550350772737204e+01
4.031903182392481710e+01
8.293340437229191764e+01
6.289865060792674711e+01
8.470123097933021938e+01
1.213965820055539382e+02
7.388657958426809103e+01
8.226447456146348713e+01
3.737287775942564849e+01
4.987568947568588840e+01
6.597910737149170757e+01
5.459604930604675843e+01
3.531096794098589697e+01
7.647350125995323822e+01
7.146349404210573653e+01
9.873573191766867296e+01
7.742822277981689183e+01
8.404584297600651155e+01
5.525543012989413683e+01
8.397969226675571974e+01
1.178636574319799450e+02
3.313138993326228388e+01
9.429053189832032444e+01
7.893764180802021713e+01
5.685178795485337844e+01
8.561441196240714646e+01
7.961910112049871202e+01
5.446807406612385449e+01
4.814629880753198421e+01
6.977948214256996096e+01
6.713505714968370341e+01
5.750832261078872421e+01
9.197864130361075752e+01
5.317351443189719618e+01
7.110938862707523356e+01
4.653861154621068152e+01
6.285110571096303289e+01
4.491860641637990881e+01
3.595783957470225545e+01
7.058251812948346071e+01
8.191140460047247984e+01
4.417729466408378869e+01
7.876920841990340705e+01
5.290673691910217968e+01
2.435466545348015899e+01
6.202288020898695464e+01
1.079089538150463312e+02
3.716635538384982596e+01
4.782015897049541309e+01
4.588603961408526999e+01
2.953574064750315387e+01
5.530202458203120841e+01
5.477028979891476723e+01
3.061993533585457072e+01
1.009574204982076111e+02
6.047908609512592903e+01
9.608096857903738908e+01
1.005025701193527681e+02
6.736315182040166860e+01
5.568994260206749658e+01
8.267505689899320487e+01
4.191112273353090245e+01
7.281564086620500120e+01
3.785505669341592494e+01
3.371038395423845913e+01
3.645345307832921122e+01
4.237238894893530983e+01
9.051343822842817133e+01
8.052827737806146047e+01
5.969526605150984722e+01
5.894828338107019050e+01
6.031303081030169011e+01
9.220324236946697738e+01
5.629220275309496913e+01
4.481334305329627909e+01
2.499075724217232874e+01
5.735324293659557782e+01
6.768060617273901869e+01
6.979878297185956626e+01
4.034676992934141992e+01
8.455679870187211122e+01
6.931216302374016891e+01
5.822772926072369870e+01
5.649492639754893730e+01
6.295304934062321678e+01
5.784110916202163821e+01
4.978459097233326958e+01
5.789443633544701839e+01
3.529836162283018552e+01
5.685321331230504427e+01
5.784993381445270444e+01
6.305260582585144391e+01
5.851578397043445534e+01
5.439548143808375613e+01
2.412310596844223198e+01
5.056049059328682205e+01
2.933468014163032578e+01
4.850758536928167786e+01
8.115323356348346806e+01
6.296676359826971492e+01
3.806788636584123964e+01
4.122623771007976501e+01
7.006637523483894370e+01
7.255727144431376985e+01
5.694016803637391178e+01
8.067829878770103846e+01
5.792033503096570968e+01
2.468296521828981938e+01
4.436391523451357699e+01
4.205942724975441394e+01
8.192139720946605053e+01
6.758498454547806489e+01
1.134912420820664209e+02
4.061768859387962749e+01
9.189398720694585165e+01
4.598418796492416760e+01
1.043352506405364437e+02
4.423191252072871293e+01
7.516724042243980364e+01
6.272581773827126028e+01
5.509081187305101679e+01
6.066774264280641660e+01
3.705662731700693513e+01
4.960141041371424109e+01
6.729727450053556481e+01
6.301861993863074929e+01
6.813726963183282237e+01
9.176533295005781099e+01
6.799905783904290502e+01
4.566515092832776190e+01
4.666235902254396706e+01
5.589082093966158737e+01
7.417653954827984819e+01
4.253222300045268867e+01
5.284520113182431089e+01
4.158862435453415429e+01
3.867803219570861017e+01
2.368976917273029414e+01
6.417266015108879174e+01
4.406584202135894657e+01
1.061649712411899458e+02
5.671932775888118528e+01
6.026814152860526264e+01
4.972413265376054881e+01
8.139796716319847292e+01
8.613058980337999060e+01
3.472904060382278146e+01
5.267940792049277832e+01
6.014380394939043839e+01
