1.840334093522550063e+01
1.765807411759737633e+01
2.348985397906791306e+01
1.224980540042443344e+01
1.053391079514062056e+01
1.524541552464458505e+01
2.537934152549763311e+01
3.100461322479846871e+01
1.491516497762350113e+01
1.049805227367700056e+01
1.254772989142336748e+01
1.741776643141577097e+01
1.009311497804031887e+01
2.534365160501546299e+01
4.399967604167483337e+00
9.020738222127992145e+00
2.511235588458409751e+01
1.752282649821179206e+01
2.407681607819136715e+01
1.218039869275558829e+01
2.784878008237036440e+01
1.251125522975351245e+01
2.115929988445016718e+01
5.463935239145341427e+01
3.579431677456705074e+01
7.165616151084190477e+00
1.588967087481455920e+01
1.568230470651155528e+01
2.606371153988902734e+01
1.153445032909412227e+01
9.849222846402865272e+00
1.415984038987087779e+01
1.624702408839022638e+01
1.061661486535543375e+01
1.364038417385433100e+01
1.200479710137196321e+01
2.705274456033351527e+01
2.558479632905301315e+01
1.375523698490579783e+01
2.661618267195073884e+01
1.216391182302392870e+01
1.804054948324625940e+01
3.188080288105786586e+00
1.081943741434865203e+01
9.228787112094941847e+00
5.332829928005335951e+00
5.632195011420965791e+00
1.078178175102422465e+01
1.837101924554987065e+01
1.350482585045709527e+01
1.119834935486980498e+01
1.552373902567480357e+01
7.110566162559164738e+00
1.685331724888760974e+01
2.194698214751739940e+01
9.907612021132106150e+00
1.168474941333160544e+01
3.091149270278382843e+01
2.681168901171398034e+01
2.046880045752235588e+01
2.296558421572135700e+01
1.829150440211087414e+01
7.520574511870226075e+00
1.153375341920971486e+01
1.257419060862892124e+01
1.598862863139643764e+01
1.548946866453470150e+01
2.103863016607252590e+01
1.584444055892898540e+01
2.132437235208474391e+01
3.637851642602451818e+01
1.398322046624460846e+01
3.927750222270086766e+01
1.796436240570539056e+01
1.202717571666378049e+01
1.687951014739950395e+01
7.784993866492792236e+00
6.982905077135889371e+00
2.993075321031782110e+01
1.650261451484745834e+01
1.446055086759326080e+01
1.109875366084863479e+01
5.290778113091679558e+00
2.083090565291532315e+01
2.806152575986669717e+01
1.030811079363444982e+01
5.981600723276546461e+01
1.346004863853341327e+01
1.719248394567154747e+01
2.144486317984112134e+01
1.169876579310508546e+01
1.302955179847648814e+01
4.614683596256681675e+00
2.223177630576359221e+01
1.345689669178815073e+01
2.765277713129591675e+01
1.900343553444930933e+01
1.552269071094313269e+01
2.179246234633477286e+01
1.307338951677096262e+01
1.241143606361400309e+01
1.718050578409996731e+01
1.340272140506231757e+01
2.088089472374269917e+01
1.870911953466004363e+01
1.211931032277553832e+01
1.597131398747214881e+01
2.036023084171852915e+01
8.829655539425152355e+00
1.908377249977351298e+01
2.343499385520169653e+01
8.850752252092362937e+00
1.516941015963913841e+01
2.164691373868609858e+01
1.572657579511046322e+01
2.077937256148582890e+01
2.784900595868665718e+01
9.177440232548649490e+00
1.712668783753137802e+01
8.862425541679229468e+00
2.055284963109706808e+01
6.122491324646698985e+01
1.416691715023761589e+01
1.301800795525440613e+01
7.748090355068782742e+00
1.592738895948317435e+01
1.331077340703544287e+01
1.260912994991902281e+01
1.005674697832418474e+01
2.233338853328544715e+01
5.046279255588120094e+01
1.613226794742079306e+01
9.485282663181152429e+00
2.088590975801159288e+01
2.158553346119605365e+01
1.478045671290235319e+01
2.878510640789441766e+01
9.749811086420255180e+00
1.652173389637331979e+01
1.446517920121715761e+01
2.047967969174613145e+01
4.173427617090527342e+00
1.975442281565713287e+01
2.333349784388564530e+01
1.159898842670369135e+01
1.013232146614917895e+01
8.141442049818060411e+00
3.465673311205252816e+01
1.616646327873571209e+01
3.782616103118720474e+01
3.584430890952614845e+01
1.588520708982053975e+01
2.031131313099316671e+01
1.886090140094212941e+01
1.305887517653629182e+01
1.796986329382430370e+01
7.455094152078130421e+00
2.066629811665609751e+01
1.509478856496361310e+01
3.423864378014303611e+01
2.123429558591541166e+01
7.895142717192110027e+00
2.376491641786950737e+01
1.015482563254732895e+01
2.365302388163118508e+01
2.134376997177908208e+01
2.252153362009896753e+01
8.008880819181012356e+00
8.394740086011012181e+00
1.951968153095121039e+01
1.301609642524140042e+01
7.486770044392229373e+00
2.346293561410375261e+01
1.387344079246843975e+01
2.822667145508274800e+01
1.859954424276206097e+01
1.457678111235682827e+01
2.771969096319913817e+01
1.639639930522889699e+01
3.462113037491145917e+01
1.499946015814666822e+01
1.168374608413139093e+01
1.432296268922743643e+01
1.713114223490605781e+01
8.918675529959974924e+00
8.910195482895847618e+00
1.637495762182237513e+01
2.664936149324234904e+01
4.508682168588036276e+00
2.324981709976765742e+01
1.792344049951480045e+01
1.592626805145727609e+01
1.941061830471970495e+01
2.859884865030776169e+01
1.794263149879794739e+01
1.659569544365290739e+01
2.061039536877363787e+01
1.354836846447360799e+01
2.108723106978183637e+01
1.445930757627618668e+01
2.469234373747973521e+01
1.531597488442412036e+01
2.135558144335457342e+01
1.674828194430324046e+01
1.888648146563745200e+01
2.021165619498498600e+01
1.555951837772578905e+01
8.579530115511062149e+00
1.409851657183105367e+01
1.978487188889399562e+01
1.431763297535713342e+01
1.053016380415830078e+01
1.938872465604495687e+01
1.849844100911282752e+01
1.119003198248673669e+01
7.744340895298543970e+00
9.653945229437091768e+00
7.256120664721996683e+00
1.472256494099093338e+01
9.924607100646376523e+00
1.787275731899115527e+01
8.464055650413406795e+00
9.020263804951103026e+00
2.843271653994320047e+01
1.813133290845026124e+01
2.415954602068782719e+01
1.494524890544502860e+01
1.882523693451002345e+01
3.275599600225542218e+01
1.224350174687269543e+01
2.611368625620252359e+01
1.656804013483960958e+01
2.927043459701521400e+01
1.682439360648596249e+01
2.071023412913235262e+01
7.055795385740339043e+00
2.317323616758572413e+01
1.224284141033744433e+01
9.519856469142792932e+00
1.652314559338594435e+01
1.381059233741794579e+01
1.018112174204952503e+01
1.078833399496419787e+01
2.934778560964109317e+01
3.296984092227524599e+01
1.340017121563563052e+01
1.269033382054264614e+01
1.993351087440809266e+01
1.716817680257910794e+01
1.076315581074259953e+01
1.760826567916287289e+01
1.118673824759564006e+01
2.958903004998501629e+01
2.558416569635864590e+01
2.583527098331225247e+01
1.380452806972573576e+01
1.968635753574419667e+01
1.895192412633922174e+01
1.465332913103641488e+01
3.749125480742504379e+01
3.778716202860837114e+01
1.633733813924814982e+01
1.578299950872606949e+01
1.093581295310959689e+01
2.269152754970825470e+01
1.876130134508638037e+01
2.055236118397531442e+01
2.335541432543768181e+01
1.347392412398704842e+01
5.162980509643888993e+00
1.792051202275079547e+01
1.860215439418301742e+01
7.874754386140290663e+00
1.563997935871352318e+01
2.385734171317805874e+01
2.656200366551465208e+01
1.927051280275888701e+01
1.974154633478763898e+01
1.279144851752226231e+01
1.166682251533078585e+01
1.410887753164121605e+01
1.530609862755007455e+01
9.505645737630274539e+00
1.864471705877710761e+01
9.352223906877803472e+00
9.026128138536336110e+00
2.342774978442902878e+01
2.316154861651815011e+01
1.544291160664021412e+01
9.797210482988129243e+00
1.564682848463377240e+01
6.539839194465095318e+00
8.816361967581485715e+00
1.369174642032774081e+01
1.623863976186671110e+01
4.714157059566134933e+01
1.668433853157267777e+01
1.002895969253524022e+01
3.816705571705157496e+01
1.074728472217219100e+01
