2.922065401362722170e+01
4.019968016080836293e+01
6.754677564015533164e+01
3.821338963072901862e+01
2.144432119678172910e+01
4.028149272557827487e+01
5.702196684772264490e+01
3.885790684693601094e+01
3.981167816381655911e+01
3.614249681841600648e+01
6.064123671093199874e+01
3.514177846014926132e+01
2.850107057485046269e+01
3.803445820171308611e+01
3.229886940095010317e+01
2.180104975762721864e+01
4.800905344730841051e+01
3.378525730839344021e+01
3.952801632653152097e+01
4.025776395805125674e+01
3.463531306111012498e+01
1.472206028169064851e+01
4.580276285267579794e+01
4.777955623308156419e+01
3.361611663883743262e+01
3.815596961341785232e+01
4.739966957446279139e+01
3.036723829149604370e+01
4.579848500801814026e+01
5.199049661923360333e+01
2.791303985164792323e+01
2.662331396551302021e+01
6.507564829095358050e+01
2.367435719988157672e+01
9.063751338958965675e+01
6.020080618510607451e+01
3.773915842846335522e+01
2.786390288653958436e+01
6.524238600894381079e+01
4.831097760339319080e+01
2.003888924011437211e+01
5.508409015441397827e+01
4.334467724343880946e+01
2.613131807630443149e+01
5.073294958824089917e+01
5.847632270721662451e+01
3.078640640524768202e+01
3.692117775448512162e+01
4.926183674697657722e+01
3.481127907149582512e+01
3.003792449680923937e+01
5.650755758694320008e+01
5.633614652482433627e+01
4.248423340939152837e+01
2.768831377674719008e+01
3.763246953467756839e+01
3.075939532597488579e+01
2.638536725656753035e+01
8.005308340932749900e+01
3.043927815095416634e+01
4.787976737636578406e+01
2.402519214214345311e+01
4.460846447137801363e+01
3.459149571046318528e+01
4.713734253385522521e+01
3.304403830196878999e+01
2.175526468443014494e+01
4.623553196262407283e+01
2.918468058859009417e+01
6.238994076208588524e+01
5.191605205695130820e+01
2.086872774920882634e+01
5.887785000393092361e+01
2.259076296867075584e+01
3.386034646053149544e+01
4.282585853557671385e+01
3.496875737978583487e+01
5.198995380795470567e+01
2.035343542431675701e+01
3.863842584960850957e+01
2.984900036232665244e+01
3.279147628012906068e+01
5.505834011899840164e+01
4.078999040880069060e+01
1.550659387389392307e+01
3.530967143943430386e+01
4.715366055242775190e+01
3.228368068370662058e+01
5.063047528445568446e+01
2.501545943430878083e+01
5.233868850489223234e+01
5.266201851874991036e+01
2.512877605330374209e+01
2.213131182070686975e+01
6.429392765669631160e+01
4.784748704060161373e+01
3.783348142742011078e+01
3.816359652675759406e+01
5.454968010238914644e+01
2.838489672197463776e+01
2.821322491437743096e+01
5.091466471564099550e+01
4.715148596466583797e+01
2.313669287391631002e+01
4.938428263039644861e+01
3.171975686613091483e+01
3.356158924583075276e+01
3.034463876942423610e+01
4.954661400369536750e+01
1.742360635545232128e+01
3.452521979999367829e+01
5.866806604968152783e+01
2.618592611052932639e+01
6.330354976279753743e+01
2.299099895580199160e+01
5.381893409942342998e+01
3.776407591224685234e+01
3.100805942071814769e+01
7.982463433683383869e+01
3.575481311927762107e+01
6.440856207938682587e+01
5.145603717796561938e+01
8.778299974994790489e+01
3.606676182658204510e+01
8.102747977186649564e+01
2.338561663626049025e+01
3.138302948823699623e+01
4.240354701294447182e+01
3.625670096501947626e+01
2.841290100056658119e+01
6.523399384857103200e+01
3.145111153028802775e+01
6.464779935035221570e+01
9.009574016318377687e+01
4.582087913058958151e+01
2.490062014603375928e+01
4.294474531889198943e+01
2.051953382798426162e+01
3.113954367483296082e+01
3.764843291125938407e+01
3.541520447773265801e+01
2.434772149958714849e+01
5.078852484069697226e+01
2.140745022637505102e+01
3.592913471037460482e+01
6.996053049482942754e+01
4.327135695465114651e+01
3.222329158801736071e+01
2.582720742329789587e+01
3.461461491710555549e+01
2.785371697670695568e+01
3.354587843228083699e+01
4.763187411095951518e+01
4.671206031588452845e+01
4.011905033040279278e+01
4.484956365601277639e+01
7.414963864212205635e+01
5.633250250037842477e+01
5.332215995051133461e+01
2.349345097199481813e+01
1.528426409733983427e+01
5.963417771851253946e+01
4.972458193317394404e+01
4.685247547407086444e+01
5.327312958221671124e+01
4.302661017205141292e+01
2.963934671833708023e+01
3.295813597016613983e+01
3.155865453837721901e+01
3.243301343205396847e+01
5.421287162103315893e+01
2.773746390447252352e+01
4.775978288693492146e+01
3.694257798086046307e+01
5.075345110097094903e+01
1.827263919831498740e+01
4.046148208864677542e+01
5.924438139388826841e+01
2.154329699516778263e+01
7.566182589272317216e+01
5.495879208023791307e+01
3.251674299051510530e+01
5.256393133750716373e+01
4.140721328353297537e+01
5.227821145243068202e+01
3.866160290142346412e+01
2.561366395418095365e+01
5.777997162185706514e+01
4.560435330555097977e+01
4.024327743322280071e+01
3.344657012764537285e+01
3.400204415253973877e+01
5.274012265727944282e+01
4.419851571333267515e+01
3.379795391211239064e+01
1.725801463452136275e+01
2.409371730749760587e+01
6.156373812294713588e+01
5.178184255500244149e+01
5.602853393550159922e+01
3.769406032919874150e+01
2.952352180366052536e+01
5.721856683254925002e+01
4.986319021458746903e+01
4.703925598602764069e+01
2.165265930127566563e+01
1.999332899585433054e+01
3.550415089030485660e+01
4.466101348501533863e+01
7.214804318408283734e+01
2.280514099631044900e+01
2.014153546628865143e+01
4.853322472246245667e+01
2.939222169702706466e+01
4.342689504654805432e+01
3.227931950747810674e+01
4.352000918259811613e+01
4.043804022770086704e+01
2.016850989507750924e+01
1.504169166403207569e+01
3.272467971754283411e+01
1.142850552845769307e+01
4.576137960396550142e+01
6.689844033542595980e+01
4.327207262091625495e+01
6.220864290407658359e+01
2.260245825795603736e+01
3.844472576375862616e+01
2.320219446366539984e+01
4.345159045382240492e+01
3.871161115079765125e+01
3.341463288098592699e+01
2.545928709341972862e+01
2.890828512018654450e+01
1.679077966886784878e+01
3.622431060104258904e+01
3.706640824431274694e+01
4.635529666375498437e+01
6.133366770729337958e+01
3.811255568117660886e+01
3.112295188549919445e+01
3.336118275346039042e+01
2.994672034977817177e+01
3.623782582998667579e+01
3.517040030764182745e+01
3.066295849721665689e+01
5.285369428047822993e+01
2.922508160985054815e+01
3.266462536052436860e+01
2.732379649079670614e+01
3.272956657682544801e+01
4.035489445938716102e+01
5.149800966088407250e+01
4.086178869088048771e+01
2.959600224122549861e+01
5.172678679171940530e+01
4.289128109849153248e+01
2.882164871079348245e+01
6.175642337140251925e+01
5.908341543675154384e+01
3.382954018699626175e+01
2.384314604691942918e+01
3.301721398901412385e+01
3.997765317377377414e+01
2.921095917811779330e+01
3.844973793111543614e+01
3.280617106156352492e+01
2.957742308786867369e+01
6.351840226275931656e+01
4.823535225360750900e+01
3.425986500796862799e+01
3.718031412777778399e+01
2.089881673557345820e+01
3.001134692705209517e+01
4.190678855579927387e+01
4.093706591159260455e+01
2.095513391778219514e+01
3.996250121530908928e+01
5.227200677632704640e+01
5.713608524270929934e+01
3.232314639724580729e+01
5.231308818221142332e+01
4.516402187581785199e+01
3.047479157480900369e+01
3.898759010613638054e+01
4.668070600963738315e+01
4.450858918239715223e+01
5.375758054086412585e+01
2.800186053364259919e+01
2.688984948254936924e+01
3.054064154269601872e+01
3.565366603073174900e+01
6.251532707673496958e+01
1.938574424143910946e+01
4.835417652215484452e+01
3.281013977271131665e+01
3.586266593810602643e+01
4.144819312862887983e+01
4.753781188795565527e+01
3.452994627789301774e+01
