2.055087836000450920e+02
2.520815731805108157e+02
2.348350864033726566e+02
1.918870649576179233e+02
2.029969478905899223e+02
2.197487031500731973e+02
2.261317651619887386e+02
2.650379294376080566e+02
2.363175392389804017e+02
2.188263197723027815e+02
2.694328846108794551e+02
2.213689882147219521e+02
2.362584313387342831e+02
2.169630762479086457e+02
2.650608456563192590e+02
2.066911656874154062e+02
2.453957919433233315e+02
2.702212603897893928e+02
2.213098601477925627e+02
2.083354853591912388e+02
1.904668725556792879e+02
1.986115329648393981e+02
2.385329766017356974e+02
2.194571661384284198e+02
2.523836186293348760e+02
2.375377520681710450e+02
2.504973075046559643e+02
2.683295593263304681e+02
3.102518472341124607e+02
2.483730809180142103e+02
2.680796486187572327e+02
1.580815974673756159e+02
2.994310556472445910e+02
4.592151183662862195e+02
2.091433481362719817e+02
2.548096519902477439e+02
2.176234173976983470e+02
3.244037432818277580e+02
2.291640935034940298e+02
2.557616964664100578e+02
1.912601656929535920e+02
2.472628726431741484e+02
2.459020647297623157e+02
1.764166259469600959e+02
1.632599525595076670e+02
2.569900365186110776e+02
2.786129575738743256e+02
2.101605515080469502e+02
3.463976296357769797e+02
1.987831019023630574e+02
2.247632386821583168e+02
2.189690040492829439e+02
2.718472056508263108e+02
2.688775570272833875e+02
2.884839160072961022e+02
2.268008060886606074e+02
1.855790467258152034e+02
1.929386136881901734e+02
1.859325775432841397e+02
1.848560430361899307e+02
2.407139775529458063e+02
2.374513794891591658e+02
2.198097144443760556e+02
2.846215140265384207e+02
2.125571131925167379e+02
2.755541615894443908e+02
1.817061833960386821e+02
2.273935103107783675e+02
2.540349880165237835e+02
2.900649505907428534e+02
2.766954050542001937e+02
2.454858451479312293e+02
2.593919470733411572e+02
2.504069147234902175e+02
2.953386728111008210e+02
1.889555918387373481e+02
2.720838931754946657e+02
1.784006503497087976e+02
1.754335696718569295e+02
2.965010505043276794e+02
1.869564395834900381e+02
2.306063560371429730e+02
2.165091863305968616e+02
2.149986306480783469e+02
2.755550094479947916e+02
1.754181200738373434e+02
2.151230647899503197e+02
1.810668229717699660e+02
2.320737969244155749e+02
2.249845486257230505e+02
2.014823908291412806e+02
1.478978120531477600e+02
2.260257673117405375e+02
2.154554030118307821e+02
1.900365991412427036e+02
2.591582064188488630e+02
2.366288887021161429e+02
2.932444146728462329e+02
2.855105569855066960e+02
2.564591831035658629e+02
1.998627954749765081e+02
1.806224238853361896e+02
2.057435235798551787e+02
2.071389199411253799e+02
1.696643222636110693e+02
2.890657396360144276e+02
2.087318460714847106e+02
1.539161052839891966e+02
2.390249760758144646e+02
1.951149240337613548e+02
2.907028464680849424e+02
2.715874471353642434e+02
1.582714641003871918e+02
2.533729168952393422e+02
2.266077813641760201e+02
2.400594007316768455e+02
1.715548453538716558e+02
2.009097422926328989e+02
2.801157582776273784e+02
3.249500181294707772e+02
2.279769005019203405e+02
2.672726979501823052e+02
2.769203689960182828e+02
1.643156268991921820e+02
2.472959484695326751e+02
2.266923134815648666e+02
2.260647444684327354e+02
2.361040965846680137e+02
2.215673084981599743e+02
2.037641413219023150e+02
2.201653483914431888e+02
2.441421176771296189e+02
2.170928497816905178e+02
2.398319013767365959e+02
2.512962409009301439e+02
3.054443722099069305e+02
2.254460264122712942e+02
2.570191733966399283e+02
2.091022724795560634e+02
2.333809970313703843e+02
3.672257770387668074e+02
2.207330682902774299e+02
2.636359683456221319e+02
2.358552636736794170e+02
1.982532712672299056e+02
2.524252776212434526e+02
2.193384786695330320e+02
1.870761225039217948e+02
2.638960602569182470e+02
2.288165361583594972e+02
2.538867440141679310e+02
2.327462865197498445e+02
2.221753011552534645e+02
2.114242370155162121e+02
2.831223577531363276e+02
1.865329611324542896e+02
2.329756729726803428e+02
2.293730053482971414e+02
3.050738813713990680e+02
2.498468285121547012e+02
1.973641319668019776e+02
1.632913880491215082e+02
1.583918543257414910e+02
2.834184944564981379e+02
2.097058606312583322e+02
3.097406179425699975e+02
1.359597331726525624e+02
2.964181183152433050e+02
2.103688103970279712e+02
1.705070934369143174e+02
2.122859931334046166e+02
2.539787002631329926e+02
1.945927953245519006e+02
2.238067946061032103e+02
2.264986579344764266e+02
3.119686460354141673e+02
2.647795014740742090e+02
1.736834858728782933e+02
2.240583674135762067e+02
1.938961774810908025e+02
2.012374975517180076e+02
2.226493663723039163e+02
2.095797539819500344e+02
2.277631845214668260e+02
2.407547438855285122e+02
2.586944973880246721e+02
2.167784545251660973e+02
2.964808490085729886e+02
2.419458906721474420e+02
1.971440765877431147e+02
2.052375982840560198e+02
2.987958387744740776e+02
2.427035940272251935e+02
2.499896956879703964e+02
2.226910961047941839e+02
2.509258453848706552e+02
2.153769141454357339e+02
2.441361550516812997e+02
2.576684634945361267e+02
2.354348803455369818e+02
2.578175330527607798e+02
1.790618753708089059e+02
2.626083382297118760e+02
2.198201551278798433e+02
2.330481212105190707e+02
2.651717024538490932e+02
2.465926720098771625e+02
2.096590586794852697e+02
1.923283104936620589e+02
2.592236132129387443e+02
2.581344400113272286e+02
2.372164856623266758e+02
2.174401662255004908e+02
2.499191351133959245e+02
2.146710699524908534e+02
2.974862228015531969e+02
2.512389031250586413e+02
2.583530626362495468e+02
2.354162297570666169e+02
2.167386711703865672e+02
2.423568371576730840e+02
2.389353109403637916e+02
2.137501784740146320e+02
2.965216045526009339e+02
2.733226752946444549e+02
2.327039738135083837e+02
1.993153069341584853e+02
2.850293981087203292e+02
2.129894445993682837e+02
1.395896056952195465e+02
2.619829475821964593e+02
2.266587885305336840e+02
1.965870883160777680e+02
2.963891044938771984e+02
1.925174006682796062e+02
1.912817906417681968e+02
2.471002088254313662e+02
1.725834083474298666e+02
3.228775338474154069e+02
1.658891934036320492e+02
2.674549295164880505e+02
2.609219668282225939e+02
1.824677919119670264e+02
2.529914943667925513e+02
1.965425850213599688e+02
2.501653306513550206e+02
2.029909967372380493e+02
2.065719698197173102e+02
2.217475162084891451e+02
2.695791460520326268e+02
2.085106810378193813e+02
2.278165258474881512e+02
2.765551847325270387e+02
1.712363591367388551e+02
2.300922441757933257e+02
3.185328890722331039e+02
2.680159985634030591e+02
2.802454811314701715e+02
2.615515649221244985e+02
1.910731295728063230e+02
2.418735944167113701e+02
2.255473686469146344e+02
2.363422327359754433e+02
3.006540483695723083e+02
2.422245061371510531e+02
1.793851206283901547e+02
1.774603839352244279e+02
1.886119415770691319e+02
2.362051967149398877e+02
2.411766262055096206e+02
2.583659109145327761e+02
2.517924590425665201e+02
1.824541721778082319e+02
3.134574115549801263e+02
2.388941187834851405e+02
3.032955739839580929e+02
2.562462924039985523e+02
2.658933545076016003e+02
1.897784776884371922e+02
3.022493943978251991e+02
1.452453460066350317e+02
2.655365482432363819e+02
2.380853550521172224e+02
2.258672126698718046e+02
3.076900053515948343e+02
2.685789508280138307e+02
1.835296476764026181e+02
1.911034612064577800e+02
2.546689849230653238e+02
2.723531800317931584e+02
2.015699512634325856e+02
2.975558793663498136e+02
2.484728811153795220e+02
2.204093669236987125e+02
1.697803735981849798e+02
1.851793001622857275e+02
1.834614481557657371e+02
2.547209444459045642e+02
2.549785560041931376e+02
2.292135199664596428e+02
