1.414751909126184692e+01
4.749465775304634718e+01
4.011844990418653367e+01
4.053515553109924952e+01
3.868743976154532049e+01
2.408971667894857660e+01
3.843487740511527306e+01
2.132981696083349732e+01
2.264929546433029728e+01
2.238549817559098898e+01
2.500995979652717338e+01
2.108521280941071652e+01
1.330685927027164617e+01
4.098653294053619334e+01
3.925555701551699173e+01
2.763372590818993046e+01
2.311755018295701802e+01
2.304474028278914588e+01
2.520992441629415381e+01
2.014546772856003187e+01
3.328162733319125977e+01
2.381024778062276681e+01
3.622123647704478344e+01
2.674527944587847728e+01
2.547060168142423109e+01
2.936506640775556676e+01
3.915394637861516713e+01
1.496501816544888896e+01
2.203262102265346911e+01
1.430407678136954175e+01
2.205598610143255911e+01
3.577606691916621884e+01
2.499312125448712507e+01
3.490282759407261892e+01
2.073979662661285417e+01
3.816445779878716849e+01
3.555935298063306504e+01
2.396540365010014284e+01
3.085103218471994779e+01
1.927761240787318542e+01
2.809107760509638752e+01
2.510152539974107100e+01
2.906870290649599653e+01
4.156486494933720621e+01
2.673784916836426362e+01
1.433463258991152678e+01
4.378524998584103400e+01
2.800094006487857001e+01
1.792435975990668595e+01
3.399303540593960093e+01
3.725482554850690065e+01
2.630039341662267560e+01
7.410559399402413305e+01
3.650523645984902288e+01
3.855571517958403405e+01
2.594565584981480555e+01
3.063518004941053618e+01
1.266715384919053022e+01
6.855472182694154704e+00
3.345119806173547516e+01
3.875769951080363285e+01
2.330396738394739131e+01
1.899164007709991253e+01
1.820267968068369768e+01
1.487344100800219771e+01
2.113591998676144712e+01
2.320588651033941474e+01
4.007029298941053241e+01
3.162909573277373809e+01
2.608661433801969309e+01
2.906664384629460685e+01
1.905778743737625547e+01
2.627026576958656179e+01
3.921545592034061656e+01
2.767176933463708366e+01
3.577862203206673541e+01
1.623474100053414304e+01
3.923119164978920992e+01
4.401523346389931390e+01
2.073006318238974188e+01
3.375729880703748620e+01
3.319626320275143172e+01
1.587034200557059371e+01
3.838712102666797676e+01
1.341427518820841946e+01
2.528088969607819436e+01
2.299579132245079549e+01
4.575235269795562942e+01
2.003706183685648057e+01
2.852706782871091917e+01
2.284456556644015635e+01
1.964515033616367390e+01
2.533164177084859148e+01
2.203431285814245655e+01
3.253258522139284992e+01
1.192574148233755515e+01
3.614405655295502129e+01
3.704754515041266671e+01
2.201405841078631553e+01
1.881307352084714779e+01
3.009488261873386605e+01
2.409071070950908933e+01
6.163028776850909907e+01
5.186679624477712736e+01
2.963106815499195434e+01
2.039748118374624042e+01
2.929542621562650595e+01
3.223505423610998832e+01
1.683020198991582461e+01
2.716794639626762020e+01
2.844280756858661618e+01
3.083512403791100809e+01
4.503373795278886860e+01
1.306642281988480470e+01
4.460523733979541561e+01
1.769220475833813566e+01
2.493501517630057052e+01
3.111846341585966869e+01
3.814400800619380050e+01
2.075329494933678731e+01
1.637167700636001300e+01
3.237705733753979587e+01
4.590870023342377237e+01
1.569146389179758216e+01
1.694530642955745137e+01
2.927680600055087723e+01
3.813735007721563619e+01
4.235430627039293938e+01
5.611439568072202633e+01
3.262103552433384124e+01
3.292417802213884670e+01
3.210877318074074083e+01
2.164845953413714597e+01
1.563794399496581811e+01
2.333695716856045266e+01
4.945554107882571060e+01
4.657234890911485792e+01
2.812654145057710409e+01
2.124609881153540059e+01
3.039736615734378589e+01
2.178160901190157617e+01
2.324432488358015192e+01
4.228164586238826672e+01
1.940124071699454333e+01
3.663184454784434507e+01
2.085490714079584151e+01
1.937465791310208729e+01
1.107344913276202902e+01
2.074850465874437688e+01
2.880107847211323246e+01
3.167065046116907823e+01
3.350756043394418526e+01
4.423039345803875477e+01
4.101579634181557310e+01
2.046984192611935427e+01
2.180151035431279638e+01
4.062983809974438998e+01
2.761944416231906985e+01
2.708359380954778928e+01
2.704866641187791387e+01
3.439397247801093727e+01
1.481420736828784257e+01
1.974256191660519377e+01
1.982900720789246307e+01
3.367356745553006192e+01
2.167405539104768408e+01
1.473082452582987756e+01
3.876990243832353400e+01
1.893265338364741268e+01
3.827195774822983054e+01
4.374768532631844664e+01
2.237539051851315364e+01
3.433871811741065017e+01
3.009529383241807565e+01
1.911121936263154808e+01
2.653113176815247343e+01
2.752440337001744552e+01
2.099583715399921857e+01
2.903233146697502320e+01
1.083658422018608292e+01
5.478470302446564233e+01
2.931072749411593747e+01
3.729182599946526011e+01
3.681539601395463990e+01
3.132640291811526367e+01
2.662255851384032468e+01
1.417101343636135802e+01
4.620743327069284589e+01
3.458616384625781848e+01
3.272814610626351595e+01
2.274966139530751263e+01
1.297568071382867139e+01
1.733541650444249882e+01
3.991040166985511917e+01
4.115980607516728185e+01
2.690810932502994390e+01
2.173472707599531617e+01
2.310109869035687424e+01
1.003313147959255147e+01
1.029837292397133020e+01
5.375479266555274904e+01
4.561538341139942077e+01
2.989320398970283321e+01
4.835867959068373523e+01
3.846738568333718433e+01
3.777705522396523463e+01
3.014433139331265821e+01
2.256068102361058081e+01
2.537397282910212226e+01
3.844914503154270591e+01
2.878270236791289705e+01
4.320693630506824690e+01
1.618138103228207214e+01
1.483824205755074921e+01
2.132970160291739603e+01
6.248437014929629640e+01
3.563777744123475344e+01
2.021079321283792041e+01
3.734518848527776669e+01
3.237499507924066933e+01
1.833656769789763885e+01
4.974647050247950375e+01
1.457008557254110315e+01
2.389751413454194306e+01
2.297500242764384737e+01
3.205775281133320931e+01
2.928149731996781213e+01
3.156633118071426480e+01
3.126276078677672388e+01
1.365999739388157508e+01
3.750528114746006736e+01
1.509734081124304694e+01
3.280667504568272363e+01
2.135160897938722258e+01
2.604679182061401832e+01
3.284240456030460109e+01
1.776764594178679246e+01
1.176075532090075093e+01
2.719153893561026081e+01
3.167841737464919305e+01
3.067497445038418391e+01
1.350883139191632409e+01
2.370878805208980467e+01
2.845968680866260314e+01
2.496164170681945293e+01
2.157958968945951739e+01
4.526410193960215622e+01
5.367435801140083385e+01
1.771557427871671209e+01
4.261736379002501707e+01
1.584064484498736292e+01
4.306793982105370588e+01
3.262832397474470270e+01
1.894710272938521456e+01
2.821924787578420535e+01
1.010121472820261701e+01
2.194443404382553453e+01
2.014950515980449097e+01
1.650446470646249253e+01
2.088540015182259424e+01
4.246987526858935524e+01
5.115153734738924385e+01
1.288217339636311465e+01
2.344878265945549600e+01
2.752690533352274116e+01
4.029608873562670368e+01
1.197832770063561725e+01
1.663193005506704836e+01
2.051601222431276028e+01
3.016815766644404917e+01
1.329537229763895567e+01
1.830385626809869848e+01
2.944794287670539745e+01
3.180688935194102385e+01
5.197640393553807314e+01
3.867559942042768739e+01
2.898042099850503206e+01
4.354744870823994773e+01
3.911357593535842625e+01
2.189646958546314082e+01
2.740638756178796598e+01
1.327556451084840283e+01
2.812732172557611321e+01
2.616992125043019968e+01
2.540934018831058339e+01
3.842703289142442458e+01
2.743046344553719251e+01
2.983602560773100620e+01
4.331878451029869836e+01
7.956555237421286009e+00
2.509265538541279739e+01
9.274605136152898055e+00
7.922892994716926296e+01
9.743985353169994923e+00
2.190153004447967788e+01
3.527976002913485587e+01
3.701179534621062572e+01
1.893895049146301801e+01
2.186007465595522703e+01
3.375680799941179799e+01
