1.729388367756891682e+02
1.773202025668651345e+02
1.865304318806481092e+02
2.516962670659921173e+02
1.441036600307769504e+02
1.940423689336442692e+02
1.973475552120127645e+02
1.346205232098297415e+02
1.512027503358515617e+02
1.302428114041745744e+02
1.140419739789683575e+02
2.563427241867203179e+02
1.767968725039771982e+02
2.501635839416981923e+02
1.564995305322996728e+02
1.782433901091781649e+02
1.835135175562621441e+02
1.938583127516286879e+02
2.410103499760669195e+02
1.710232338600541482e+02
1.699134492275022978e+02
1.396776425782415174e+02
9.144083631696052805e+01
1.104619669559761093e+02
1.775612663238516404e+02
1.817189688541637622e+02
1.840106124316658338e+02
1.132378688858038771e+02
1.586328945265053676e+02
1.905087133461196913e+02
1.747409865379282223e+02
1.880673950677420692e+02
1.652046953328711538e+02
1.648209206169305219e+02
1.576078625060147544e+02
1.522702049644087197e+02
1.545533524099008673e+02
2.193303118408177284e+02
2.171771767861457647e+02
1.582311825987575844e+02
1.842668583514276293e+02
1.539856585224856360e+02
2.411611562137509281e+02
1.615888267919258681e+02
1.501297871896177014e+02
1.425129554330057431e+02
1.313279969050066427e+02
1.698480388038248350e+02
1.529783360249275290e+02
9.824837230890743456e+01
1.493283815072110770e+02
1.901729047771990508e+02
2.289703687536450616e+02
2.062545824868759041e+02
1.832274580098511478e+02
1.204663966596323235e+02
1.361405560784001523e+02
2.360228919932731060e+02
2.634402019021610499e+02
1.930486559681916390e+02
1.815654891328074427e+02
1.491799182718397674e+02
1.659396639137052887e+02
1.725622832217916596e+02
1.478339338714263533e+02
2.070649369663305777e+02
1.740685672486678754e+02
1.822039246195171529e+02
1.343950228916242224e+02
1.333448998195206912e+02
1.892367229444633665e+02
2.034760130332842607e+02
2.157503146920033998e+02
1.836620954525184004e+02
1.425440023617665304e+02
1.644887368609155374e+02
2.544675372030861809e+02
1.540494284757824630e+02
1.711720035149286332e+02
1.658347079211605717e+02
1.293952693429455394e+02
2.045822534923555054e+02
1.343813655997985848e+02
1.239765629340816844e+02
1.399281465072390063e+02
1.940641951509867908e+02
1.249076236401006952e+02
1.371989326408932470e+02
1.985312530369202761e+02
2.490995774807886960e+02
1.581858048096725611e+02
1.963640411308572595e+02
1.633807290505220351e+02
1.670583973271503169e+02
1.696237940661461323e+02
1.999146923758793548e+02
2.228430205728623719e+02
1.889486788285678642e+02
1.544870171896555746e+02
1.909054497661313974e+02
1.593430319966940942e+02
1.430723894071008999e+02
1.885281258319732558e+02
1.715227522607076480e+02
2.401246732536927198e+02
1.635426442948655392e+02
1.851196595707838810e+02
1.061625516125287447e+02
1.704372343150239431e+02
1.985048996309096765e+02
1.604641859620007267e+02
2.305253968540344829e+02
1.998779322089385744e+02
1.379731494909704850e+02
1.314672145787587283e+02
1.677029945054020743e+02
1.617239974957543325e+02
1.784166541884054311e+02
1.876754242823509173e+02
2.022328073857862591e+02
1.782165710914355827e+02
2.032376279041046701e+02
2.015056057672788086e+02
1.035980017878995056e+02
1.388812300202124277e+02
1.594505505118870872e+02
1.313902496974823180e+02
3.018062966566645855e+02
1.654384105790488491e+02
1.654336171535049402e+02
1.779782237846521298e+02
1.998478954361160902e+02
1.443049418738184215e+02
2.183318483153135219e+02
1.859569190165808550e+02
1.729272707487164666e+02
1.750073069287710723e+02
2.175504365662091857e+02
2.130672287622171552e+02
1.525671341169450841e+02
1.834054892732487190e+02
2.096944044789479165e+02
1.458105438122492785e+02
1.356789319947862680e+02
1.418248885217124666e+02
1.995531142945386023e+02
1.674354591879612997e+02
2.036320202030941005e+02
2.037924165292837131e+02
2.366246583212403891e+02
2.032283776642910595e+02
1.532143316660463483e+02
1.129780557052275469e+02
1.771482268222762002e+02
2.344868110331214268e+02
1.937833212949984727e+02
2.089841731468897308e+02
2.003579141351678743e+02
1.577550049635288758e+02
1.391935420241098598e+02
1.291357370250044028e+02
1.496668039611360825e+02
1.359877170833809714e+02
1.745828056642704667e+02
1.435919283591551334e+02
1.401503640373173027e+02
1.228119608662852897e+02
2.517669503528199471e+02
1.464648491891555011e+02
1.676883084779431101e+02
2.345335103202275775e+02
1.708270121253854938e+02
1.319233578849552941e+02
1.912818312366513283e+02
1.348066893459923961e+02
1.128013022541948942e+02
1.513707508411067977e+02
1.517953601480297721e+02
1.932589912511159582e+02
4.201249574727546019e+02
1.487962597593287626e+02
1.183505973104935691e+02
2.350095737230996917e+02
1.634135801361138647e+02
2.168575204381923243e+02
1.747992135874987980e+02
2.299683833509261603e+02
2.188721370994975075e+02
1.558971722470540726e+02
2.105084555521326877e+02
2.975194349938197433e+02
1.517992605827045338e+02
1.718772785664227456e+02
1.739262672200941608e+02
1.422484726044208116e+02
2.350384093933162433e+02
1.894183189953983799e+02
1.842568140676300175e+02
2.264165005160697604e+02
1.672140674012077000e+02
1.706622323915127879e+02
2.220990231633672352e+02
1.293655377514999145e+02
2.026582031464539853e+02
2.323429189597365792e+02
1.707499925129093299e+02
1.663514177551659259e+02
2.468039914446900696e+02
1.659201666745673833e+02
1.123267555191907690e+02
1.679599584089140478e+02
1.525456526819722001e+02
1.890221991265958650e+02
1.941098658063902747e+02
1.305477585208700475e+02
1.570758368086934809e+02
1.612070480484867119e+02
1.522864828699283350e+02
1.726762755768895090e+02
1.997646865687041213e+02
1.922766074147799600e+02
1.729721953441457174e+02
1.398274627958601286e+02
2.133358015334345055e+02
2.208746068358041157e+02
2.098809499737632507e+02
1.568094512572550059e+02
2.273105181729115145e+02
1.793982603598528556e+02
1.980344659536760048e+02
1.993546064559370450e+02
1.919459948201711654e+02
1.447156490403483247e+02
1.434725456227410234e+02
1.823238857076198940e+02
1.218369236453468432e+02
1.473957120723160017e+02
1.476910919166017777e+02
2.040496489367960464e+02
1.614372464887228205e+02
1.717260147379995203e+02
1.819306400511131869e+02
1.773163022510639166e+02
1.586595124667056496e+02
1.588444477510963111e+02
1.723878640526814650e+02
1.466436477836763288e+02
1.377216463937533888e+02
1.842053992665020985e+02
1.912536508387440222e+02
1.627174806320468292e+02
1.332062190798768597e+02
1.910083470036909432e+02
1.882356520718729485e+02
1.331337508848680784e+02
1.920553816047377040e+02
1.760560893024242546e+02
1.317074018850578341e+02
1.806573117352094471e+02
1.985584143521144540e+02
1.747757648401500319e+02
1.908275413236852103e+02
1.528344712125831961e+02
1.463343743999725177e+02
1.899790111326227589e+02
1.859560725919679101e+02
1.478723157990053778e+02
1.676023350933574250e+02
2.138043743679266981e+02
2.295538262785836707e+02
1.591315587622715384e+02
1.725362982370519092e+02
1.534314560180762612e+02
1.672223582297384326e+02
1.967526348247851047e+02
2.008184182741770769e+02
1.746469984413747056e+02
2.324050281835912983e+02
2.431896942492126072e+02
1.643913339211384823e+02
2.053884729509674116e+02
2.406103493027214597e+02
1.818229286090679864e+02
1.668428459524022855e+02
1.975499820801866520e+02
2.216821308198055931e+02
1.425787129380902059e+02
1.158760195658533547e+02
1.416353631899255561e+02
1.500326219024424574e+02
1.880858095202551681e+02
1.994983611138728747e+02
1.743885065196359676e+02
1.779393555649185430e+02
1.911537852071643044e+02
1.797516113267092805e+02
2.088851772759529979e+02
1.729257693675358212e+02
1.796473959911739087e+02
1.465028095068718130e+02
