5.083475080091148612e+01
2.213285469746292122e+01
3.846316479091458973e+01
2.173137507497863652e+01
2.628680730738838633e+01
3.113397875680966109e+01
1.467001227703042154e+01
3.195220559523409776e+01
4.691223083075941958e+01
2.530735216809514299e+01
1.665442483505627891e+01
3.728302617461031332e+01
3.644015724971726655e+01
2.614639429798993575e+01
2.647334057646145666e+01
3.413627449663021451e+01
3.636026761546961694e+01
2.047768503132614271e+01
3.839090742148153623e+01
5.383349331222747836e+00
5.170347695177043335e+01
3.162495571241948156e+01
3.698733460365425429e+01
4.508648755967976740e+01
2.545150037659126596e+01
2.182727830478945563e+01
3.517706407045047001e+01
3.111479356166148236e+01
2.331254659251198902e+01
4.553535659083067344e+01
3.852863297464163850e+01
2.106939989555588966e+01
2.235847535015044230e+01
3.818742845270784159e+01
2.197785470755254522e+01
8.961732425209220310e+00
3.486588042094324891e+01
1.196510510516067072e+01
2.656467445663430738e+01
1.889076596349898551e+01
1.324915804083845217e+01
2.135235114065061524e+01
2.462224575944124894e+01
2.024729687337281092e+01
2.103153865423129076e+01
1.414900970846442796e+01
3.253807345439069820e+01
2.031804956059659517e+01
2.587885113328190911e+01
2.021273741492089115e+01
2.102759717428567754e+01
4.550555085545621381e+01
3.891228251256858073e+01
5.217178081148613700e+01
1.749840822802751461e+01
1.200220805378665823e+01
1.436708659606597394e+01
2.321451895707747681e+01
3.398446305278770296e+01
2.206086321524084326e+01
1.168683570191076093e+01
3.036003067950639078e+01
4.191007619723927746e+01
3.136460129831198884e+01
1.679750364791144079e+01
1.796452890907059441e+01
1.251698529774482616e+01
3.778170626031491253e+01
1.281019680362107316e+01
5.293769630102273283e+01
4.033571574905331403e+01
2.366471852612588833e+01
2.664562623935375285e+01
3.893376266453923051e+01
3.553703094692738063e+01
1.692488003871066482e+01
2.154687203359136660e+01
3.467600699112283280e+01
1.721698648035791734e+01
3.730368046473353161e+01
3.291232831271033632e+01
2.283362384504441067e+01
3.777942291538519726e+01
2.794000551109263597e+01
1.291222526529000802e+01
1.380494726725416932e+01
3.157366128941783501e+01
1.631914785998423412e+01
1.871914399547354790e+01
2.909140374136200791e+01
2.860930873659094331e+01
3.207832227637067035e+01
1.927561862356169087e+01
3.250623296651748717e+01
2.355264856545521113e+01
2.299809728426046362e+01
4.465515801375032368e+01
2.901048682056701011e+01
2.474973173389570391e+01
2.163288550511212804e+01
4.919219762528249618e+01
4.240577229127258363e+01
2.378766167184632607e+01
2.548187103685673804e+01
2.131995740156959940e+01
2.473859222942668623e+01
2.353737977206420240e+01
2.479717709858931229e+01
2.018762180975826581e+01
3.272213852620767938e+01
1.533102710108228806e+01
3.547359505661654566e+01
4.579544165581165061e+01
3.565790230988766041e+01
3.389070566552590691e+01
2.388502211729844049e+01
2.303102176977739646e+01
3.149218047728122016e+01
2.363299232081014978e+01
1.836701182781433062e+01
2.407882576834930788e+01
3.085730332946240750e+01
2.234358805642427726e+01
1.183197769082840267e+01
3.421062790009806776e+01
1.577489291506323177e+01
5.977118321376716636e+01
2.185671633761017674e+01
2.630194061254974258e+01
1.207397636735367996e+01
2.164957084790949082e+01
3.455292815505097082e+01
2.154908193290573237e+01
1.907129826367881975e+01
2.806938152111508700e+01
2.470784818960657603e+01
2.958893565059325681e+01
1.730275860907405061e+01
2.911083444296399136e+01
1.381872605059112047e+01
1.414526215258590902e+01
5.049103596590230580e+01
2.159717095322271518e+01
2.006939345849068346e+01
1.461079020058036271e+01
2.236978639968496552e+01
3.019748353704254740e+01
1.326623502462094173e+01
3.218420273515243935e+01
3.356093697686399224e+01
3.092371799735242277e+01
3.025990879652540855e+01
1.437131139778998445e+01
2.721631715697776954e+01
8.871718358540666927e+00
2.655620747851797248e+01
2.582715773634214784e+01
1.815283452295554767e+01
1.874728080450997325e+01
4.275225573238411414e+01
2.570281018067987588e+01
2.615529374626907000e+01
2.306984824803966561e+01
3.359631833975294768e+01
2.273488975092812225e+01
2.485143896061834567e+01
2.882587630442671767e+01
4.529554746361983320e+01
4.442179740983529257e+01
2.519181450776185116e+01
2.665246576794039157e+01
2.151777476091845287e+01
2.529099617881462692e+01
1.945051416478070649e+01
2.198990234013752598e+01
2.068711282920097361e+01
3.155745812291935692e+01
2.734245730772309813e+01
1.406982340538005971e+01
4.837877670393565666e+01
2.763142375715080234e+01
1.256215989426264557e+01
3.353452709086649719e+01
1.961734973509853575e+01
2.048245114029817771e+01
3.822652824151418827e+01
3.261142984475733897e+01
1.446896712772032245e+01
1.773595174310275979e+01
5.166103036196097520e+01
4.372520583340740075e+01
4.347263360831108514e+01
4.914289103217659260e+01
2.159951767809864620e+01
2.584350109780196902e+01
3.894584320769624242e+01
3.470780657734270847e+01
3.248283977989632376e+01
2.589560275242282117e+01
3.713439839017672739e+01
2.284550651199519677e+01
2.834092433779957076e+01
2.663772650605533698e+01
1.469403969787392406e+01
3.314989538382223344e+01
3.381791127790707918e+01
1.436882570293688843e+01
3.974220186549985101e+01
2.555137297007527408e+01
4.059201971512148788e+01
5.250646944465027133e+01
1.538302334472289701e+01
2.234718352277417708e+01
4.096946818331506535e+01
2.737257412696601477e+01
3.432819224699841243e+01
3.801369005240987065e+01
2.514953762172564566e+01
2.907214400335258730e+01
2.955140062577173765e+01
3.542385915061534973e+01
2.763919766183520110e+01
2.093977779765752700e+01
2.548457877421184392e+01
5.053470154920402280e+01
1.764699805217184547e+01
2.999609646688750075e+01
3.086368796825881233e+01
3.138903442031320168e+01
6.945909192013782274e+01
3.389660460455822033e+01
7.682021693288342945e+00
1.591346228368346694e+01
2.803183279136565531e+01
3.764733841039760875e+01
4.647764868144935946e+01
3.510283580833262818e+01
3.365337858935958337e+01
2.208427922124461773e+01
3.608650856597657253e+01
2.393617340708692254e+01
2.025486876233262734e+01
2.537353870723825722e+01
2.695179506929404312e+01
3.096008098432450950e+01
8.936684698294211415e+00
1.285184835456576202e+01
4.075945290781862695e+01
2.236748494940077947e+01
2.300153998403922984e+01
1.570352863843510782e+01
2.828049197008995819e+01
4.312073763939049087e+01
1.873447864315694034e+01
4.865956649910510379e+01
2.585878197304456094e+01
3.287543333084897768e+01
2.080432453155709993e+01
4.890837339290276020e+01
1.147241551230709433e+01
2.798199980966788658e+01
2.161527427383805389e+01
1.416225667072291117e+01
4.905388685821096573e+01
5.160509900730167487e+01
2.905571570490288025e+01
6.118119289504726765e+01
3.857767194969826363e+01
2.464872644539036983e+01
1.547386749863293431e+01
3.013566312017083959e+01
2.331305244718343772e+01
2.124005742449153189e+01
1.911842403731741769e+01
4.597673351703865308e+01
4.282639142942125687e+01
2.344878050475736586e+01
2.287859684437750118e+01
2.985157588614406166e+01
1.738313198783491842e+01
2.380464468023414071e+01
2.790582318547768281e+01
3.764076403921209391e+01
4.154418364659971274e+01
2.435647913759144245e+01
1.306867002461479466e+01
4.214431619334799706e+01
1.618108670130634863e+01
3.442851326869575956e+01
1.160500694600709082e+01
9.899186760511110350e+00
2.707262581313284500e+01
2.499793406318687161e+01
2.529941156360628085e+01
5.197405509731461848e+01
2.325178759430798436e+01
8.148240670866789159e+00
4.338358908592805108e+01
3.778716720598661993e+01
3.926133990572166965e+01
