9.723335414172506574e+00
1.340099491604939352e+01
1.083645399228118045e+01
1.015305812434197463e+01
9.639275172118292545e+00
1.085184129461141644e+01
4.092364102669661996e+00
7.608183523146300864e+00
8.342473224755963201e+00
6.901962717593918661e+00
1.102014198806355871e+01
1.296605911323070259e+01
1.902854421006194485e+01
1.655297273735079955e+01
1.222329465566235029e+01
2.596759066565437646e+00
9.698322076515104584e+00
6.738273575206195964e+00
1.281761247376137192e+01
4.830389631313615872e+00
5.513904844991982301e+00
1.286622820229646535e+01
1.138765737177658721e+01
1.176025401363757794e+01
1.706462727158884007e+01
7.024657594895218793e+00
1.784106205380635402e+01
7.384499509918823534e+00
1.674210202903092792e+01
1.305338538721064623e+01
8.822305514594727782e+00
5.393227583194024177e+00
1.125097459261484367e+01
6.206881431790680637e+00
3.560916873665206595e+00
5.713846355637096863e+00
9.949310043770179135e+00
1.478265281485178662e+01
7.368793551659245544e+00
1.698780277602342537e+01
1.130905590023828644e+01
1.035684568894921398e+01
1.508505093335625702e+01
8.495229763895776998e+00
1.132933690902300583e+01
5.991385938403423594e+00
1.197716303764469536e+01
8.189180665828564187e+00
6.330970306501122913e+00
7.125018987786980951e+00
1.032050902040346507e+01
3.898762637983125501e+00
8.069478965408750426e+00
9.218579698201402550e+00
9.916895712763448500e+00
8.988642755157538744e+00
9.383636490588241230e+00
1.057267018797954705e+01
9.315209610353306857e+00
1.102410726896772886e+01
1.116831162920190756e+01
5.284360259306906116e+00
1.613368791026782434e+00
1.577154712461890362e+01
7.614745250982040581e+00
7.802314955957386111e+00
1.116956196989774064e+01
6.813645429879008120e+00
9.133743822102911025e+00
4.863318853125205621e+00
6.057188002098884638e+00
6.847651835569726231e+00
1.619198934225651598e+01
6.336270506236214572e+00
6.797826633171419886e+00
8.671401956157895441e+00
9.726145632176452338e+00
3.308798205134417802e+00
4.861398836823135561e+00
1.056395622811146673e+01
5.828808779914094629e+00
1.499034483877960433e+01
5.617798336078776877e+00
1.048176029243017204e+01
6.549786485821624815e+00
5.024387078115588601e+00
1.351985630001582805e+01
7.907378999459754532e+00
6.346903372914438179e+00
8.626575574140582958e+00
1.187290694651579770e+01
1.170227730743884820e+01
3.570400822397988172e+00
1.359000729546030151e+01
5.001930372630756239e+00
2.210063087101581392e+00
1.068106650710129379e+01
5.113612319945633367e+00
7.777130728669040316e+00
1.624336716445270667e+01
1.636331093999095376e+00
8.133095385171085212e+00
5.027040298361837856e+00
7.320951255550072645e+00
4.854421011808231157e+00
7.960425044025221553e+00
7.076364372278686865e+00
4.875916141986575525e+00
9.842700721376159478e+00
6.416030562076247001e+00
8.451182963763342215e+00
6.449440152200131671e+00
8.395031484364409380e+00
7.797395720127172858e+00
7.569893076227729445e+00
3.398545639749457781e+00
8.719614189823429840e+00
1.568757648002443972e+01
6.970929713712117781e+00
1.027804169987028793e+01
8.533999328731287193e+00
2.625733697757496543e+00
8.994615386911695154e+00
3.467725601658468104e+00
1.583615710845676183e+01
9.715146151207401104e+00
8.985159652925528206e+00
5.171742388477134966e+00
6.589431623476692756e+00
5.003651122968735265e+00
1.737437716643711028e+01
6.193075322288385642e+00
9.344998901425235260e+00
3.096971685012565700e+00
7.276885622914954332e+00
5.427189871722590375e+00
4.690951342175406324e+00
1.170009617363336041e+01
5.426737067366071976e+00
9.121250475484762532e+00
7.810771120548633206e+00
1.856285999194194858e+01
1.124916740222286116e+01
7.224924803873889800e+00
8.098888733737160450e+00
1.638532802549024225e+01
8.887000914165911425e+00
4.975784764134515648e+00
4.651326327437161900e+00
9.782648541457282576e+00
6.318256813714002718e+00
6.406545210377576183e+00
1.036618919618724632e+01
2.033168089097531350e+01
8.784424786008772301e+00
7.988668224354908531e+00
5.272062396985422339e+00
1.195341803952257997e+01
2.234318300446381755e+01
2.759098569435483039e+00
5.858945344420710910e+00
3.231112428633768019e+00
1.120742481529583401e+01
8.503289240879633226e+00
3.889143033224070400e+00
6.457976770470513550e+00
3.837071131395024981e+00
8.547294163390633415e+00
1.570820987345200237e+01
1.437730967135610705e+01
4.877610866300123860e+00
1.321538070432264611e+01
8.248422513406914902e+00
1.470360655228360969e+01
8.737851574298744595e+00
1.026136581621124400e+01
2.214718321645897348e+01
7.578990995819684606e+00
1.161144547384252057e+01
2.611343442516782964e+00
5.519364122454332389e+00
1.285355891821295948e+01
9.738265624139851084e+00
3.436239342292308319e+00
6.556142063520568719e+00
1.512331263737981857e+01
1.009585435044959034e+01
1.032595242325012919e+01
1.112286560881508457e+01
7.174064121742495637e+00
3.418144111331938184e+00
4.651331948590144982e+00
1.026836791983103048e+01
1.375116266309133017e+01
6.200497147451344837e+00
6.115865005565504831e+00
3.092254949145491594e+00
1.383417717877600950e+01
1.512642460634279651e+01
1.180043337606269738e+01
8.053272563651514560e+00
8.500644439792434781e+00
8.906840208409231963e+00
1.268043451268120236e+01
7.303056815902763788e+00
1.752961877090897502e+01
1.197850223010917148e+01
1.511928308205510518e+01
6.010886247620153000e+00
1.001691279744967078e+00
5.045839039036946083e+00
9.271744470585364439e+00
1.017381966219015865e+01
8.421039888483981883e+00
5.703782914671741366e+00
1.253281254477037621e+01
4.539170004807350445e+00
8.061386522871064386e+00
8.340319767965885589e+00
5.774582614319531793e+00
7.446855730787114602e+00
8.052389518899094156e+00
1.171361552044236198e+01
5.133828809288316641e+00
1.196141265350742344e+01
1.828498987830602118e+01
1.175904799614995255e+01
1.531009194523724304e+00
1.264726559777592385e+01
3.523094703896763935e+00
7.878368925626699770e+00
8.126679911221586394e+00
4.209330589437896286e+00
5.213968103834892176e+00
6.158355243026072401e+00
4.476056681546495497e+00
9.505408116988586897e+00
4.465085001911070606e+00
9.080199264574016382e+00
8.719117751375655700e+00
7.189531030916988641e+00
1.548937316483001148e+01
1.307418175052270115e+01
6.980314211882074460e+00
3.543139684182084359e+00
8.782310757338766649e+00
5.438160902999172208e+00
1.066617720464316577e+01
1.278360900408993572e+01
4.975760649836590055e+00
7.223181608684074995e+00
1.757292690850853489e+01
9.790644768524803254e+00
8.933644468049987353e+00
1.436472351036442063e+01
9.228677337056028662e+00
8.083615013320789799e+00
8.263390691248764242e+00
1.072943412773536842e+01
9.089463690866233847e+00
7.612557359467288620e+00
8.183343259753772969e+00
9.652884192927384532e+00
8.191118693352478886e+00
8.666856320138812464e+00
1.002122080317903219e+01
7.492616589349806233e+00
9.882662621514883838e+00
5.126718219271423571e+00
4.207230923666682720e+00
2.049445975929797115e+01
1.585871977597463278e+01
5.429705466938323788e+00
7.695526364567859545e+00
9.837289285206066936e+00
2.457322588915740624e+01
1.080851398441228817e+01
6.096944178611875209e+00
1.467136442814226704e+01
7.376877805958439005e+00
8.779529652769534565e+00
7.636626650693106200e+00
1.834308843164128433e+01
6.969391982855864143e+00
1.890191818341636321e+01
6.205033433368439155e+00
8.741497251740492302e+00
3.425764925022704688e+00
1.221516046559320934e+01
6.802577251551809923e+00
1.173283628342053220e+01
7.366385223607720079e+00
1.507314319364187050e+01
7.451771304054715550e+00
6.908734965593118282e+00
8.879663155741988945e+00
1.550036311671109601e+01
2.345239118943624135e+01
1.255519178697515059e+01
4.208642837060963870e+00
