9.926421705695986475e+00
1.513022534567942579e+01
8.745515935326638512e+00
8.442172241449492631e+00
1.118956392870489758e+01
1.161008016970770207e+01
4.866911369812419785e+00
9.536796381959495861e+00
1.893828502869197550e+01
1.237802136795898100e+01
4.765769021697957797e+00
3.389709750105277308e+00
6.512353288057871836e+00
1.000357497901790005e+01
1.474280071782681034e+01
1.047065872656638419e+01
1.324562670701096501e+01
9.106454444201517617e+00
1.630604993042922501e+01
9.402590753650493127e+00
1.808778010844808293e+01
1.451453018836883713e+00
9.474238078760858883e+00
8.897334158513023894e+00
4.756655595569983852e+00
8.675362676202723833e+00
1.081777430513277771e+01
1.948842834370175581e+01
1.721804829389139968e+01
1.062051830419576426e+01
1.554398217349445588e+01
1.774564783876888097e+00
1.272626051068658626e+01
1.905381036827401431e+01
1.503020060911812905e+01
7.781316843276773199e+00
1.055053585870012967e+01
6.449583946855192096e+00
1.802139839935877674e+01
4.954606565968248333e+00
2.487072765524609963e+01
1.542201272301402071e+01
4.929507319562414835e+00
1.011690488696682877e+01
9.023694128687692384e+00
5.032344769935031437e+00
7.624708760289904852e+00
1.608790745584873605e+01
3.894718075272449287e+00
3.696413301566213505e+00
4.364176864603949824e+00
1.548813944837469236e+01
1.421246682007096140e+01
1.057893562520902897e+01
1.765566103158174016e+01
6.381732832251113763e+00
6.597141589611450030e+00
1.860270936052243229e+01
1.151692368823934842e+01
1.696365394147329297e+01
1.731077844802893040e+01
5.781311934672466180e+00
9.466177086039410327e+00
1.611113416183535207e+01
4.364439717002420061e+00
4.716470533753175154e+00
2.432508024349736786e+01
2.365945218348390355e+01
1.761469825661859190e+01
7.220385720303573507e+00
1.318921799918800986e+01
1.999346634997511885e+01
5.232919362277440811e+00
5.800860612769110247e+00
1.194073565404148241e+01
1.892050608412004564e+01
1.563553200577518609e+01
1.449745910638354474e+01
4.865016639021313694e+01
5.498891324690402982e+00
1.201523356194521241e+01
1.340093428266388109e+01
4.931276957599451727e+00
9.436161405580190120e+00
1.185722986008726920e+01
8.254463192973076957e+00
9.587227236431010269e+00
2.195214900074835995e+01
8.043487853693875422e+00
1.907576457556016436e+01
5.686701587828747684e+00
1.067315562629561754e+01
9.028464176830146570e+00
1.150648884167193664e+01
1.259115985274623739e+01
1.960266691660878280e+01
7.759634388465443955e+00
2.828012834204926218e+00
1.952991886996480631e+01
1.842420134126991371e+01
7.591958801718253547e+00
9.143066035312038764e+00
3.723160923291194635e+00
3.171331903770389538e+00
1.621719482168819937e+01
9.086267033244403990e+00
1.140829320956866866e+01
8.991577093794781206e+00
1.168164945100621743e+01
1.341583983548968639e+01
1.273220882391537323e+01
1.835282587046218339e+01
1.754919785437775914e+01
1.346519645900406914e+01
1.566968299556597799e+01
7.685280988203031072e+00
8.241977256812099029e+00
5.627376087659047954e+00
7.844506416827388584e+00
7.696885723967531234e+00
1.872461682873639788e+01
1.607784895465109898e+01
7.146875198142422114e+00
1.101181941201981473e+01
7.499785381907084769e+00
8.740077829197250736e+00
9.421275046951965493e+00
2.751095772531328976e+01
2.244337000398506987e+01
7.940734892288548785e+00
1.018896550514711485e+01
1.447691263050402632e+01
1.614709677727938342e+01
1.162137482688293133e+01
1.384084297479723702e+01
1.328750625117460160e+01
1.672135035166390082e+01
2.449302241979423034e+00
1.618422761119006381e+01
8.531767393736593874e+00
1.324334134418852393e+01
9.325306861973317041e+00
5.670840359797623798e+00
1.847370972734035632e+01
3.557947397191874472e+00
1.099591533474833227e+01
8.748228307662145653e+00
1.551562233000154833e+01
1.461186950652941796e+01
1.286303284925888590e+01
8.286637670306335579e+00
9.647155776510700775e+00
1.703732119666974043e+01
1.902428096678027103e+01
1.305490968647071526e+01
3.735848180798645224e+00
1.674252663525849272e+01
3.410554711221548185e+00
1.348523457726612484e+01
1.534848323828625816e+01
2.476641691767181896e+01
7.153190859223676590e+00
5.158517877760928627e+00
9.260898962663345557e+00
9.579400644541316012e+00
1.084904139716733340e+01
2.634025297712451774e+01
1.487695074044135701e+01
1.094994351706706226e+01
1.016025303504792276e+01
8.409250015153286739e+00
1.500624084587676776e+01
1.089782966296975708e+01
7.659063002175023449e+00
1.097350196101733566e+01
2.184418270648767546e+01
9.840675019973227577e+00
9.446588176626281808e+00
6.045091951603841274e+00
1.054845628356316745e+01
7.448551387559332326e+00
7.427927571337764157e+00
9.887931137843823493e+00
1.670029631441817486e+01
4.791301132866175649e+00
1.176372147380893196e+01
6.984440028187578697e+00
1.967805368123087106e+01
1.002574978785523285e+01
1.403832565264695909e+01
7.367830155868137609e+00
1.849660602005277354e+01
7.180019118178782911e+00
8.197508339313390735e+00
8.429230555674967817e+00
8.705646505698526383e+00
7.562198286237757472e+00
5.556855294238541632e+00
1.738460744957621174e+01
7.338284614057080546e+00
1.318889365807196690e+01
1.343017171397455911e+01
3.425894524355437198e+01
1.302820314667080304e+01
8.365892381389549826e+00
2.867345144882757779e+01
5.526650784822034090e+00
9.661637166321186854e+00
5.731253251894036893e+00
3.064818606245777843e+00
1.822053186826596516e+01
8.338694731916151071e+00
1.271450836790038430e+01
4.743645622139352369e+00
8.728162531606114882e+00
5.673405517708576262e+00
1.204259378466541186e+01
2.696910851660807396e+01
1.101117395630709517e+01
1.007527298226912471e+01
1.344817994180550791e+01
9.853602391259638438e+00
7.885670495803640989e+00
1.655710348888843342e+01
2.059807192530366038e+01
5.849776208671205957e+00
1.450016436031463662e+01
2.394855120496897527e+00
7.581204434927616198e+00
1.492844597218879166e+01
1.402979459585641386e+01
3.768178963477218701e+00
7.167787627673376072e+00
5.627508996654801976e+00
1.190222040396093739e+01
1.630203809568768492e+01
1.371415012427159397e+01
7.533909438137058601e+00
1.098023681721030043e+00
3.137550845512430797e+01
1.329922896997048376e+01
1.602203269638792804e+01
7.326443638000101899e+00
2.525365156676783585e+01
1.128509455239811388e+01
4.141861052377397101e+00
5.428012089103298798e+00
1.331024890145045703e+01
8.608118129005026375e+00
1.284155932151410084e+01
1.760788212487595317e+01
1.410423080410347119e+01
9.974489658586383811e+00
8.615621909384268307e+00
6.851025016984150007e+00
1.965712774424537557e+01
6.987874217927060094e+00
5.045294007271110992e+00
5.178713901043387580e+00
9.858668108012535569e+00
9.008995582177668382e+00
1.118151687681912776e+01
1.259844000487956173e+01
2.209615743270506272e+01
7.276021242552001667e+00
1.448402130247658626e+01
2.254428276046220958e+01
8.802552061396369254e+00
1.344751898997303385e+01
1.046473390545088833e+01
1.419103378070588839e+01
2.427322459066530769e+01
1.450670603714798013e+01
1.109247537137859574e+01
1.439764863078941737e+01
3.135940368901297504e+01
6.244806221817309932e+00
1.051348685380083303e+01
2.605077102524994004e+01
7.721593083653110590e+00
9.129551528818193873e+00
1.782741176845901876e+01
1.296764154973772776e+01
1.681593666239623630e+01
8.754606341543434311e+00
3.568504839170455689e+00
1.008633139215667462e+01
1.798640630026145004e+01
8.029551656800650861e+00
1.016171542527359861e+01
9.736897830037870349e+00
9.646879971432722911e+00
1.122178215472958129e+01
1.056788376950115449e+01
9.231990822324489088e+00
4.200797035852247063e+00
2.424124618755194049e+01
3.694098756287830021e+00
8.793650087926689451e+00
7.905565049275783629e+00
