1.030217484273247130e+01
8.162800160644573921e+00
1.009879842422567009e+01
1.075844729301107527e+01
6.498104870553929047e+00
1.713665045893261407e+01
9.860148457505356845e+00
6.626612142756322044e+00
1.421582995757661294e+01
2.554917074300858815e+01
6.439181716302119440e+00
3.940104479860917195e+02
5.099344172783611739e+00
1.627865061964023496e+01
4.651969831001408373e+00
8.937808350084733178e+00
1.322929564272880576e+01
1.072480393684939948e+01
5.109768616269905195e+00
1.639499858730165016e+01
7.668652229499575590e+00
4.907774766060629013e+00
5.642639183434476458e+00
8.479404473279855026e+00
1.901124608549653150e+00
1.278129433776578772e+01
8.366863603562473273e+00
8.796682149956504659e+00
7.130526019520524450e+00
1.705106996929650620e+01
6.941928695498404522e+00
5.380659188092316469e+00
1.143772777455379241e+01
1.466089784060711132e+01
1.616045353370213888e+01
2.455355767700490244e+00
1.428599055174365162e+01
3.737794060908878002e+00
2.380711370640561242e+01
9.968657520928026372e+00
2.735214981564249115e+01
6.921599627348242301e+00
6.206531911525128287e+00
1.337384082468374658e+01
9.839364137558119339e+00
6.390973370546956467e+00
4.036882138456109992e+00
1.550856440807911873e+01
2.428718681963349280e+00
1.821852305290947172e+01
8.692572294213409378e+00
9.356768398893585470e+00
1.614611574679965855e+01
7.247985059024551369e+00
1.270408131281612896e+01
1.503271156357187266e+01
7.704334586832907839e+00
3.546528393546492186e+00
1.635775386336052506e+01
3.877510671685107990e+00
1.522134628275737356e+01
8.979588080175991749e+00
1.177873590488370503e+01
7.324166161744855685e+00
6.638332089679622072e+00
5.202046317941152687e+00
4.963793437538516429e+00
1.001453126952431560e+01
1.208116292731346064e+01
5.050483475639154562e+00
1.087309806208407714e+01
1.253437904506958489e+01
2.790095126469973152e+00
1.272097581674021960e+01
9.301718562711842608e+00
8.969575747216175898e+00
5.550066955380372313e+00
8.064334055005614843e+00
1.125228711182654528e+01
1.186195803856536735e+01
9.261681616727441835e+00
1.052551605343886187e+01
1.637508136078276166e+01
8.287691859470649902e+00
1.823110885468929254e+01
9.659244327316098833e+00
6.786962620288480963e+00
3.919736535640562014e+00
4.909120670825516619e+00
1.348133928587055230e+01
8.159233679662058591e+00
7.179833461271365458e+00
9.717029638358862798e+00
2.824856297199118682e+00
6.937069455050316691e+00
4.730210971129546138e+00
1.376410353378043361e+01
3.551485785673811790e+00
1.833531688383932874e+02
4.893342706698478928e+00
8.076902705674340766e+00
1.125015182694725979e+01
7.133333717908895366e+00
9.841091865774741265e+00
1.094820555240731785e+01
9.229213090304824618e+00
6.845044690991989533e+00
5.339775216876899933e+00
7.720371249512405498e+00
6.210507066190586123e+00
6.076185389827548633e+00
1.396520073506448512e+01
1.393460535131830369e+01
7.639915027596429375e+00
9.233678177565524337e+00
1.152907120445770595e+01
8.354073388289730673e+00
6.829975845490427133e+00
1.395355237421000361e+01
6.813315086818397148e+00
5.381718599574991657e+00
1.327977786377778635e+01
9.043714858788604261e+00
1.293899768618821255e+01
8.826288739814707185e+00
7.196061209679795567e+00
7.828401468454304180e+00
5.918531626552754332e+00
4.233471642699325521e+00
1.600787002547784255e+01
1.403876712139370397e+01
6.055532304697464951e+00
1.450357383481416740e+01
7.738202312435997321e+00
5.630518574488374561e+00
9.308208581324915798e+00
4.214804221251500671e+00
7.856060630333179695e+00
6.111194162843817779e+00
6.073784430134168133e+00
5.869486972584117446e+00
2.193234881260974767e+00
5.388572412134795542e+00
3.430330283977814698e+00
7.027351591559212629e+00
9.412280201507540411e+00
7.934222889815895741e+00
8.813123542154629675e+00
1.633214350966380124e+00
9.877858533594208623e+00
9.273297116510940796e+00
7.859945919721525343e+00
1.712181637247226007e+01
6.928611842178584723e+00
1.558356591691309845e+01
1.577715359552059304e+01
2.068273539073805178e+00
2.833220958903676312e+00
8.390862322055301803e+00
3.131539434034904534e+00
1.546931381840155950e+01
9.632551776192933346e+00
5.921484370658691709e+00
9.348433665913798762e+00
1.422708411103723236e+01
2.263322626498304047e+01
1.948358834312264420e+01
8.718609090612316592e+00
1.680830403834900233e+00
1.311501246462526105e+01
9.972306428565833158e+00
7.707289021583729749e+00
1.096065346031586962e+01
2.579235718084057272e+00
9.732201243445638639e+00
1.363965299326210356e+01
1.489429253548198329e+00
1.557164851339209832e+01
6.665812448741774254e+00
5.699756542972862938e+00
4.686900274914835407e+00
1.232767034667392458e+01
5.500044915148468050e+00
1.100189999562642029e+01
1.513069635502106003e+01
1.520150836132198968e+01
5.011687685232649514e+00
9.985266564424325253e+00
1.366769414760800849e+01
4.102737071859326790e+00
1.390963934995298779e+01
7.334918061890587815e+00
7.860539058599815831e+00
4.906551101903938950e+00
9.937562285907571180e+00
6.710308874845680727e+00
1.267319906641849059e+01
1.765438556009342008e+01
8.228757271381258676e+00
1.627557975094479303e+01
7.461089854149228096e+00
7.644630537349955013e+00
5.505388797978668869e+00
4.255260272213685191e+00
7.060655806844359006e+00
4.028564426667796461e+00
8.410371380407648090e+00
7.378877079522747628e+00
5.948403615286363966e+00
9.747374139705648588e+00
1.004456366339079487e+01
1.237507853545445968e+01
1.076219715827123125e+01
5.765287716697768516e+00
6.820532714716805778e+00
1.061308928960567499e+01
6.643069501878514416e+00
1.781181183116171596e+01
1.024794155753871117e+01
1.529203850420741162e+01
9.115172377056371289e+00
8.683828270379144953e+00
1.289251213988383604e+01
1.602824570609752541e+01
9.515244468397602517e+00
1.824980690946992823e+01
3.322090853000874588e+00
4.145409293555279540e+00
3.577974704369937697e+00
9.016066535072168264e+00
6.634003458208761472e+00
5.004819521822314599e+00
8.612567585916645285e+00
9.795000132569727569e+00
3.042584098034562885e+02
2.988034745597593300e+00
1.323557937554106267e+01
8.719794179189518601e+00
7.203504081694543260e+00
1.342174462558165970e+01
9.554157986137228775e+00
1.256832754134572561e+01
5.512355346188869909e+00
1.536223151473282122e+01
7.923948703967884200e+00
8.243712413337163980e+00
1.206926206956405423e+01
4.716914640593858010e+00
1.326556095295917892e+01
2.702295887309197564e+00
7.561782469809930518e+00
3.648314875122686818e+00
3.809932910799569861e+00
1.411444958325650845e+01
9.966659794322904276e+00
9.835568354257940626e+00
6.041980747607667901e+00
1.137080941114489718e+01
4.515317218440860536e+00
6.151942298658346076e+00
1.174532480144677038e+01
7.570110054792298371e+00
7.848790979261804246e+00
8.090460487274363288e+00
2.282432307104946823e+00
8.399820097277251207e+00
9.536635825686698098e+00
4.771585259277152886e+02
7.039642577980878890e+00
1.078522404970400395e+01
1.200434293597389335e+01
9.069518195863995658e+00
1.129379416554573012e+01
3.659288643022921672e+00
1.237120538801663017e+01
1.560328756392722482e+01
7.878062877317335122e+00
5.266965620815201810e+00
8.716830475230620934e+00
1.252974839751322556e+01
6.334117591069471587e+00
7.943681708279979325e+00
8.558194743751217359e+00
5.230912856123675070e+00
3.123955171561396682e+00
1.351910700318674863e+01
8.632636283819277168e+00
9.741645908838394874e+00
9.757696075270182234e+00
6.198704019068461690e+00
1.270643245836464175e+01
5.738193998750085179e+00
8.603650650691303525e+00
2.740332120235711155e+00
9.601721351765599266e+00
6.489720904077111996e+00
6.236751110246143703e+00
8.784521160674529483e+00
5.525414275603982794e+00
5.617559366983611469e+00
