1.683290796020214088e+02
1.532595057420046203e+02
2.032227707665109335e+02
2.232393840544267505e+02
1.722937893297466871e+02
2.254654243115178076e+02
1.963256103116736426e+02
1.893299788797426402e+02
2.090075587958529866e+02
1.917131011161373237e+02
2.236984422007220701e+02
2.773972404737130546e+02
2.386375992677508293e+02
2.230083490178766112e+02
1.742166810099569432e+02
1.933737719822738370e+02
1.766348483144137731e+02
1.951775080582806652e+02
1.864383993642660755e+02
2.470784092021604295e+02
2.183266999395804646e+02
1.934923012969466924e+02
2.680399164072774738e+02
2.380710104007477526e+02
2.437548109436971231e+02
2.673931095954197872e+02
2.621951557248162885e+02
2.161694819605109217e+02
2.453228882605772583e+02
1.958587994770763601e+02
2.127896638480528964e+02
2.356187919881729158e+02
2.086461591306652110e+02
2.199737258769747257e+02
2.409760220853594319e+02
2.565186718541351070e+02
1.497300337340256817e+02
2.609815970320097449e+02
2.103869824541448565e+02
2.017846328391963198e+02
2.447251311407037804e+02
1.848470871212469717e+02
2.376797655892160037e+02
1.940838415702834538e+02
2.310658487024143994e+02
1.770583322740984329e+02
2.186493603803156134e+02
1.811160696270093524e+02
2.012231146615903867e+02
1.602666843353410968e+02
2.171817797584794221e+02
2.179990574694084557e+02
2.415390281311768206e+02
2.273645429610639042e+02
1.703177692284104410e+02
1.975478723009609610e+02
2.000721755346458792e+02
1.841388876339375145e+02
2.511494303447302059e+02
1.468047347120173640e+02
2.167577201774329012e+02
2.015933126905732422e+02
2.497186478153503515e+02
2.004564360599973440e+02
2.329985499925662964e+02
2.268783825019435767e+02
2.057360589425928481e+02
1.607062708273923590e+02
1.975298027097772717e+02
2.497133925064075299e+02
1.874447042538376706e+02
2.414515991778658588e+02
1.687031985157685767e+02
2.185365810872629879e+02
2.156831714172143677e+02
2.413520347852914654e+02
1.971537439389986730e+02
2.713121354251586581e+02
2.450816098337848530e+02
2.368721710697889478e+02
1.947098370167336725e+02
2.230986010932456622e+02
2.128578961341384002e+02
2.227578250807535767e+02
2.343825008116955644e+02
1.774487676452289691e+02
2.169589469627685219e+02
1.798969993051248366e+02
2.514116678938258929e+02
1.936248817331278076e+02
2.136495748659016272e+02
2.526750570633433313e+02
2.514694148488492829e+02
2.253038453634098062e+02
2.260759361474375453e+02
2.556447274603773678e+02
1.821198914316463515e+02
2.052439465239681624e+02
3.204598239233699246e+02
2.579109209796083064e+02
1.886515077272420626e+02
2.458973733894483189e+02
1.866400782830842502e+02
2.864025477843121621e+02
1.638302404001361197e+02
1.699633664850894661e+02
2.889478196093438669e+02
2.175544450874595270e+02
1.449848292532299752e+02
2.304613835569364539e+02
2.181011237025793434e+02
1.901356153779623526e+02
2.229396914994708538e+02
1.920610898881220123e+02
1.688054211683905521e+02
1.887918739327246271e+02
1.937305109680770272e+02
2.070770829024341992e+02
2.378692298278158432e+02
1.871796705779210299e+02
2.137169736897943437e+02
2.055961755519202256e+02
2.172611679139127148e+02
2.001392031676084571e+02
2.041623155573914801e+02
2.278922816528057922e+02
1.881459279842352998e+02
2.291206776629097419e+02
1.790398974194560537e+02
1.814874387813790122e+02
1.766065869582293431e+02
2.274191567102046747e+02
2.247654605544803701e+02
1.769060222419038837e+02
1.745288813766906628e+02
5.132084860824985526e+02
1.809276391584492671e+02
1.835934814862406199e+02
2.009556891515628649e+02
2.032657397734021458e+02
2.104900981005451399e+02
3.209127069434479722e+02
1.669622232020063848e+02
2.061159358751500861e+02
1.967275853162751673e+02
2.017591955376476847e+02
2.105449128624686352e+02
2.076893940535078400e+02
2.055511346506297059e+02
2.441954923860440658e+02
1.726667526287847636e+02
2.223415974457325888e+02
2.402103573179524574e+02
1.518995373507109719e+02
1.838120915142878857e+02
2.301340367001592995e+02
1.932983006413031433e+02
2.016815859731864577e+02
5.994572027262050824e+02
2.035898820517371917e+02
2.082526333932417515e+02
2.354964398113881430e+02
1.885241382917824637e+02
2.492843635976854557e+02
2.302051660123280215e+02
2.218559622487820491e+02
2.400388780866808247e+02
2.463690366193131638e+02
2.332596385077665389e+02
1.461766165961907689e+02
3.215886333423450196e+02
2.354779627094821421e+02
2.428330493309088922e+02
1.951344669933875480e+02
2.240418549962549832e+02
1.681880710281055826e+02
2.417420248891540950e+02
1.897727542806120482e+02
2.004387447670056872e+02
1.760028365176936518e+02
2.415503027756184053e+02
2.905153549708250011e+02
2.578540896640107576e+02
2.098276227385262871e+02
2.549063346957267981e+02
2.289463074484013987e+02
2.413250136022116408e+02
1.905581296414589190e+02
2.187541944204280924e+02
2.035020306666340559e+02
2.059862973528732937e+02
2.394913855214617513e+02
2.048671226662947333e+02
2.026988132315466089e+02
1.631926347709544984e+02
2.332598701526277694e+02
1.931176542372211316e+02
2.114128458526372469e+02
1.977037578114475309e+02
2.584553541273740507e+02
2.265126244334699095e+02
2.859395195989351350e+02
2.678610133078072977e+02
2.290029119577455390e+02
2.078051369084440978e+02
2.243413063227231703e+02
2.023156475140279156e+02
1.522098601514488223e+02
2.142251478341142104e+02
2.734024755850111319e+02
1.475681512883799655e+02
1.836408233110305162e+02
2.085685668704427087e+02
2.752125692535180406e+02
2.564632922587247208e+02
1.911136304555222978e+02
1.396720873824043565e+02
2.746220719197217477e+02
1.704113570718751873e+02
2.349277986454700908e+02
2.156208762790520552e+02
1.776418005944848346e+02
2.339716778791620868e+02
2.206491428712789684e+02
2.330947071773530865e+02
1.618878265782745984e+02
2.046401585534342189e+02
1.933750889083205209e+02
2.860511554809478412e+02
2.807057772587201043e+02
1.658687377742340914e+02
2.196993442007265855e+02
1.530535044124312662e+02
1.965461481152680960e+02
2.230186837265694066e+02
2.103092400730122904e+02
1.899483250834350088e+02
2.265730843350516750e+02
2.185598722637990079e+02
2.344188291030580729e+02
1.901099394584351217e+02
2.688965503361620222e+02
1.667154051010268176e+02
1.991989635645337557e+02
2.554209915209872008e+02
2.174654101287226808e+02
1.930565621369454732e+02
2.100457932624410660e+02
1.883470868048248121e+02
2.771629434342315790e+02
2.140398807296747350e+02
1.372235925854937761e+02
1.883265518151632136e+02
3.040202232312529418e+02
2.272259412341304596e+02
1.839205458129655710e+02
2.089525801599896511e+02
2.032081085823284639e+02
2.495800986517505748e+02
2.080660416134773243e+02
1.912642147707989579e+02
1.758061252312054705e+02
2.046252652663205254e+02
2.383404185353577418e+02
2.723193694797849957e+02
2.498483713815697911e+02
2.236293637978065760e+02
2.090474964691682374e+02
2.442498342321891869e+02
2.180024292112178443e+02
2.581725408590500592e+02
2.030892992555714898e+02
1.880646119963487592e+02
2.074786789514008092e+02
2.290153039413283693e+02
2.094024225932574836e+02
2.354843291443215207e+02
1.718429005711532795e+02
2.499601647574045842e+02
2.421239237574395986e+02
1.920116656724580650e+02
1.827060536635957817e+02
2.334005641512778197e+02
2.393099216968532517e+02
1.887570432007204317e+02
2.127898505846444834e+02
2.025732186100188983e+02
2.166033614635673814e+02
2.296663051526037691e+02
1.687526277899035279e+02
2.467161276723239496e+02
2.031191068535887041e+02
1.897348458367206661e+02
2.132936885784569654e+02
2.704107300547566979e+02
2.290645741206423622e+02
1.817238887541721510e+02
2.240984572403780248e+02
2.425831929508131566e+02
2.319901794508940043e+02
