8.875118016471187588e+00
6.397394244727451884e+00
4.776914888381604385e+00
2.990313543270351371e+00
5.978449007305298935e+00
4.025257032131806412e+00
4.987068964540835623e+02
1.394907980011523385e+01
6.166375693362303956e+00
1.623620495352262338e+01
8.787018552142210837e+00
6.570383249612119059e+00
6.004663248657357677e+00
7.107708687271922621e+00
6.186664646299649739e+00
6.457149855717505105e+00
1.109033415771606457e+01
6.016554247778040931e+00
9.365598182837258534e+00
1.109274329742930121e+01
5.713048017538623569e+00
2.862058506740823294e+00
6.357875284516076420e+00
7.269128527244580695e+00
8.485932694487434702e+00
1.000267240319386453e+01
6.858961567835627271e+00
5.091686947454893364e+00
1.122308614245211622e+01
1.059477051734529951e+01
7.937065795601572660e+00
1.436406735181046557e+01
3.862842499727311640e+00
1.092287111539991606e+01
1.168602364402213922e+01
7.698696956055743890e+00
6.903930924061218555e+00
2.075185980140822295e+01
4.126431861858284478e+00
1.118847933515541726e+01
4.031042959740919862e+00
1.325351270555970729e+01
6.548715919815249364e+00
7.061766424407984744e+00
7.098704243847355322e+00
1.219294080590338680e+01
6.109871987895282963e+00
6.130088410993501213e+00
1.615856331316879491e+01
8.584009064387194243e+00
6.862376182515849798e+00
7.714225422640159202e+00
8.204960201749310400e+00
7.453355486101347793e+00
7.190021459445148366e+00
2.077797914612832386e+01
4.908527469515370001e+00
6.500570847604629776e+00
4.830527825533373232e+00
9.230440613313678710e+00
9.077777094678141978e+00
5.831163253863896223e+00
1.266700945949618706e+01
1.362841877109083022e+01
8.420738535262694668e+00
7.473312481393111106e+00
4.087416581940992444e+01
2.938111008510213562e+00
1.204399705186764891e+01
1.192396756385009660e+01
1.025146291860025549e+01
2.224860898694562650e+01
1.250842914005859896e+01
2.037638175572028310e+00
5.396493367472650959e+00
6.497678532041866184e+00
1.197215900731214511e+01
6.678376123535209707e+00
1.403233846652375405e+01
1.391999799460918297e+01
1.422814533692347005e+01
1.231357595278390527e+01
5.100264301373137243e+00
9.984962885801811794e+00
5.456110794260436769e+00
1.021606755790912224e+01
1.008079901439382553e+01
6.434782951235901827e+00
1.105590342331480969e+01
1.730074301443981444e+00
4.247079227084519459e+00
1.214691837276308384e+01
1.100387272163207797e+01
9.524198328735941743e+00
8.030114540541722690e+00
5.060111083129480392e+01
1.128617001749868365e+01
7.702164008793517702e+00
4.738684374397732491e+00
8.621461400386120744e+00
1.000343619446150356e+01
6.034662055930089863e+00
1.128143652909203354e+01
7.398125981111904004e+00
1.503860161694928443e+01
1.184667497449093254e+01
1.211527293424665253e+01
5.950241374407844397e+00
3.133547375255340661e+00
4.433862435170627059e+00
8.465637071496054489e+00
4.488246272953334781e+00
8.906674642106963802e+00
8.665159719867311594e+00
1.451879614363263116e+01
3.791222796293248098e+00
8.442067225695009114e+00
1.386851516005334872e+01
5.586457747162111218e+02
7.537948393467637231e+00
1.263712556331556769e+01
1.189481539272482813e+01
4.726262735355496680e+00
4.873773876713670461e+00
6.217972368250380022e+00
1.060313751435192842e+01
7.195244489243750152e+00
4.095473839189328835e+00
7.209669796168166833e+00
9.497282544288939476e+00
8.587823429693568045e+00
1.071056423796556523e+01
4.408527871037319024e+00
3.959275184265844683e+00
6.476502061938593791e+00
9.323846417763512306e+00
1.234668770968986351e+01
1.271995590219804306e+01
5.870933758681066372e+00
6.337614057536408829e+00
6.026266405204436793e+00
3.667819642070519581e+00
1.158491382046242713e+01
1.928621319692268443e+01
6.637627485168952290e+00
1.032106223786267130e+01
8.306328424614253692e+00
8.936217389799971045e+00
6.888099401188434889e+00
3.539552792187622643e+00
6.854149566085262713e+00
6.247170748018965547e+00
1.419682579208236817e+01
9.415759732438905516e+00
6.202000183648901377e+00
4.652875931546406996e+00
1.489999021442259242e+01
6.629213620762629766e+00
2.544099936018741293e+00
5.852344585453235659e+00
1.371581381216379647e+01
7.516281569605123281e+00
4.455029001801817934e+00
1.004752672801913072e+01
5.640838944324168658e+00
1.402481163782002049e+01
8.511222066055454505e+00
1.166875349236095083e+01
1.336089402329242937e+01
4.021316292775395596e+00
5.607934522859170379e+00
7.481316069086624054e+00
2.857739915672545372e+00
7.350303034381362011e+00
7.440476985797261911e+00
1.145615320536503035e+01
9.522900922116550149e+00
2.114396341103552679e+00
5.682490313875590004e+00
7.110287110233300290e+00
3.147886251747971098e+00
8.393281662264008958e+00
9.694220341719343992e+00
1.598363080201224484e+01
9.271668439280425389e+00
1.211482310346438851e+01
7.074878419315916211e+00
1.541506312392485434e+01
8.341461067979972555e+00
4.190127496203913005e+00
9.616945119119307606e+00
9.954890186519481432e+00
1.761917943645252649e+01
3.895407041469097553e+00
5.067568982586994508e+00
1.561824307911905052e+01
7.432924954226604264e+00
5.490801689734265523e+00
1.219484150819538648e+01
1.228817332188217826e+01
6.522661980213528388e+00
4.973848613772989147e+00
1.121779576198374606e+01
3.220264497622438284e+02
3.850460021108815578e+00
1.413655505959804870e+01
8.084074842631711277e+00
3.371209461658684958e+00
1.159522762318352385e+00
2.812993460375674104e+00
4.836732063115474212e+00
2.260878403979984075e+00
1.486762624317004677e+00
5.794921641066170359e+00
6.535822729478002024e+00
1.400018221132048879e+01
2.650471174375281407e+03
7.963873967646869723e+00
7.499625737875264875e+00
1.207482924386250112e+01
1.427503684270383211e+01
5.693640276096577857e+00
6.406099399092226143e+00
5.520323611016154430e+00
9.502629794502530203e+00
2.595391473169541996e+00
2.044531213650630619e+01
2.354862446116741737e+01
6.215672694086928907e+00
2.020710346579919303e+01
6.498597879781775610e+00
1.012228160050667114e+01
3.131357112173253299e+00
2.142785113763457261e+01
6.967551734871742397e+00
5.833104968968086723e+00
1.669440972235433662e+01
1.136253162202029365e+01
5.299967833071525192e+00
1.385089806355661857e+01
7.423280509376021463e+00
2.742283443340114868e+00
9.224860362614036191e+00
7.021389449376838954e+00
5.550391142068157535e+00
1.421199081492331473e+01
6.145883612413834740e+00
8.163884893603491122e+00
2.358284760291305737e+00
8.007048673250670490e+00
1.274732744326407108e+01
9.025515060527409261e+00
4.227711213651898170e+00
3.469513953739711720e+00
1.392073026779081601e+01
8.712294597558133091e+02
9.383749772761582619e+00
7.389563371324499030e+00
1.184023408819486178e+01
1.006234419762059673e+01
1.339399594109033487e+01
1.067817957551108066e+01
1.551680795273868085e+01
9.536874783928524835e+00
1.035188779598423281e+01
1.291885484782054583e+01
1.279926327986779278e+01
8.127381839398427843e+00
8.610446935572015903e+00
8.739324628965519537e+00
8.739023715942243697e+00
8.118060824906603301e+00
8.418094584739414188e+00
6.461952622477364905e+00
1.422379577412478113e+01
3.503193383792726046e+00
3.978330835876563665e+00
1.133418304873262095e+01
9.516673688605367332e+00
5.498685768010142638e+00
9.056865022741838800e+00
6.443507990148170883e+00
8.981353804125678408e+00
4.611273963307545465e+00
1.221818809795263583e+01
6.357719979134574260e+02
7.949743253548059663e+00
3.550295734916406154e+00
1.101798712248973189e+01
1.271927034982142501e+01
4.930420820392469317e+00
4.402183689939141331e+00
1.833151324271473115e+01
4.627982763296856206e+00
3.250996681922293519e+00
1.084077827786841297e+01
6.089902851800107264e+00
8.062721719276375154e+00
5.190498810875500801e+00
1.442746790925002642e+01
