2.005999650740510631e+01
1.535441487686850159e+01
1.163779262255264868e+01
1.188892079497233567e+01
1.851286285762166628e+01
1.219881550516121216e+01
1.001020335987273135e+01
1.717539599855711785e+01
1.388670278520995360e+01
1.066419293625657794e+01
2.060569113838204203e+01
1.220565324329300516e+01
1.306028051068916973e+01
1.231787387499249498e+01
9.585728920719960300e+00
1.373393078441498005e+01
9.048661534636374881e+01
2.221716704009973853e+01
2.076822887213143787e+01
1.517258429175927326e+01
1.091862519013193378e+01
8.200487719556594612e+00
1.537948500941624097e+01
1.832501287655299294e+01
1.572023383053316792e+01
9.144184719098889857e+00
4.471809021256038186e+00
2.190744335740376769e+01
1.869997051315955261e+01
9.955379528839063852e+00
2.060635696270227868e+01
8.784275156996582012e+00
2.583688075191387057e+01
1.818518761930676320e+01
2.894289133965540017e+01
1.102742004687177335e+01
9.664860494048305384e+00
9.038729498206121704e+00
1.603654933902501156e+01
2.052408003614149479e+01
1.380936457166488651e+01
1.666540079736101987e+01
1.428547584753631128e+01
1.374749221084280038e+01
3.099866894812474172e+01
1.026169408210583711e+01
1.554032983701300985e+01
1.275356745098767774e+01
1.694101238943884269e+01
1.274734829864305219e+01
9.635680632973659954e+00
3.143389900338364740e+01
1.964199080192748426e+01
1.601638089619546079e+01
1.100755956683753212e+01
2.828191611902718705e+01
1.439870166519573580e+01
8.899637245058727331e+00
1.929522869113644745e+01
8.744104261199186823e+00
3.134579098346666015e+01
2.424561377725592592e+01
1.950601282592000274e+01
2.333667732606495093e+01
1.187266437833814692e+01
1.264962664044666951e+01
1.445908928318606712e+01
1.118102611886910402e+01
1.489302736472340882e+01
3.049062655362596175e+01
1.165716649119356596e+01
1.192786955565546236e+01
1.640754708276715590e+01
3.598189564695003639e+01
1.407871301755630533e+01
1.679190306721758219e+01
1.499410992658212294e+01
2.018511113246353617e+01
2.300674597047685666e+01
1.052049173379998415e+01
1.915246978721620508e+01
2.601654538209120204e+01
4.680474901330909177e+01
2.801247185586832344e+01
1.938552725973455537e+01
2.860575091779109158e+01
2.104011554081237279e+01
1.323689253650279696e+01
2.350027631010901530e+01
2.079261645337697928e+01
1.890954229892558303e+01
1.641785212941000438e+01
1.740863565717976513e+01
6.788879295085711085e+00
1.320456156108823009e+01
2.148827660260106498e+01
9.549254938006148663e+00
2.241867593058334407e+01
1.859786522994938807e+01
1.960783730583126783e+01
2.030663057937998062e+01
1.436855842862288135e+01
1.564291458006654523e+01
1.610873789817700441e+01
3.374483814385366287e+01
1.326460783992214942e+01
6.001012800587774976e+00
1.523476936079420874e+01
1.408092342012310638e+01
1.049736062683909665e+01
3.911327036714533278e+01
1.378241664151114065e+01
6.435165351582218918e+00
2.128817889897399240e+01
1.394274537704336758e+01
1.792569166691967197e+01
7.117721868128283447e+00
3.242222999624035396e+01
1.872474449500555593e+01
2.094493854554358592e+01
2.272273839310167531e+01
2.805079599206942476e+01
9.470123753634524633e+00
1.784365654576685856e+01
2.247344013712120869e+01
1.198855944463706003e+01
3.363174223677553698e+01
1.648224365604919583e+01
1.105697996661746174e+01
1.539438219081285908e+01
1.588769484849308888e+01
1.761948869535871509e+01
3.242597671757250311e+01
1.315686489730259190e+01
3.484296966990240207e+01
1.234192404929242493e+01
3.520394949918348004e+01
1.353292403213488448e+01
6.618772293592459555e+00
1.948005661237142050e+01
2.559576229687525739e+01
1.577975530951036021e+01
1.639892948713649190e+01
2.817742249745945315e+01
1.050719591672476483e+01
1.043067941130016152e+01
1.184760236359309360e+01
2.995184249002917198e+01
8.718995905203492214e+00
1.321866544406784705e+01
2.182069257174410026e+01
2.294594629160806321e+01
1.292936241192926516e+01
1.891220857845243586e+01
1.093210774378988859e+01
1.567857230617721065e+01
2.825957086047396771e+01
1.290510048384315667e+01
2.189059037505912286e+01
2.051979723216296492e+01
1.462986341898881548e+01
1.212362257402950405e+01
1.570683426447584452e+01
7.047719225975389357e+00
1.296312035126999440e+01
2.546598841100240307e+01
1.289970627169070205e+01
1.505784748842118503e+01
2.273785635080548317e+01
1.371017313985082531e+01
7.121455045919010018e+00
6.012952271949926875e+00
2.941208976705976852e+01
1.030423192688297540e+01
1.838357934326033316e+01
1.028970743256401299e+01
7.408139161888225743e+00
2.358035079811754287e+01
3.080342789699874828e+01
1.485302626061666764e+01
1.038323405597747140e+01
1.196064916113343912e+01
1.277599588015431742e+01
2.778514031766709991e+01
1.032429209016671656e+01
1.960280524766746879e+01
1.044183906483279145e+01
1.145070995954442061e+01
2.215209846146573902e+00
1.102754079934918252e+01
1.257563912707482423e+01
1.245097095295515821e+01
9.384771921548400897e+00
2.067774547522169470e+01
1.213427423634998981e+01
4.368272355918483285e+00
1.312163438065497978e+01
1.411754262135149673e+01
1.857249540645964458e+01
1.476682121102151868e+01
1.865373738064303311e+01
1.652503451337074480e+01
2.257455780820610514e+01
7.211030256239059355e+00
8.752002766103744946e+00
1.048972860464940382e+01
1.225165407952064278e+01
1.273792728935495688e+01
3.273804483266905407e+01
1.197670690523824710e+01
1.794770346815531425e+01
1.073790550767945540e+01
1.519465127132211535e+01
2.355946814556535784e+01
1.556613733874829641e+01
9.983490779207579990e+00
1.251473779566952338e+01
6.642003727627810328e+00
5.333683618278080907e+00
1.443072873821400570e+01
1.706772516628484126e+01
2.373638102360127533e+01
1.578450538283818716e+01
8.136962451852545186e+00
1.604014590224339898e+01
2.041404331714440445e+01
2.226207064710861516e+01
1.901765410874103068e+01
4.746000778323218583e+01
1.093037350661288798e+01
1.939444359831712816e+01
3.205753858638554021e+01
2.401446554204512651e+01
2.110154749954112319e+01
8.053368111434902943e+00
1.648385663731354711e+01
1.195491063166858758e+01
1.732019510678369656e+01
1.217517595322143897e+01
1.678795605037949912e+01
1.003471970946188918e+01
2.872741820363406973e+01
5.078225693853239520e+00
3.968221157532041588e+01
2.918910839022896653e+01
1.626482809862084977e+01
1.523099314355637368e+01
1.071538687547615609e+01
1.509874244539041754e+01
1.799074283265751362e+01
1.544589843029454279e+01
1.152378764965710722e+01
1.272048349514041199e+01
1.240518045680460446e+01
3.190344329983933136e+01
2.008192054583649622e+01
2.420282811766162112e+01
2.126209576669614876e+01
7.709846436950889448e+00
2.757801904676825799e+01
9.492939619214169511e+00
1.660874845626901575e+01
2.374429083407360253e+01
2.504121376607167093e+01
7.469522166595174539e+00
2.451520769761270202e+01
1.098876165928963999e+01
3.362505466469266935e+01
3.148799898754006676e+01
1.827718977662969735e+01
1.612832570970205026e+01
2.141292017583580076e+01
2.378032616066633409e+01
2.513977511885609673e+01
1.336800914751210989e+01
1.095677026771750739e+01
1.864298595896895705e+01
1.517705482863819810e+01
2.212541797499023133e+01
1.711902907847010624e+01
1.208461583409046192e+01
1.242006972174002222e+01
2.592189492127020145e+01
7.476180176859255511e+00
1.849860320351699983e+01
2.060701910442714180e+01
1.165019104443422826e+01
3.115146540859199575e+01
1.212478595424301275e+01
1.861046417332857672e+01
2.628349571521637174e+01
3.572064039048125750e+01
1.536145594183809848e+01
7.012954060349444241e+00
1.487052322112288749e+01
1.291993724355459072e+01
1.001385183387279909e+01
1.795994307137047130e+01
8.601165947326235184e+00
2.923848159123414803e+01
