1.322061708694726121e+03
4.336969286102621481e+03
1.412329201545147953e+03
4.584140197218623143e+03
2.216100316658102656e+03
4.571159034029032227e+03
4.104417405660446093e+03
4.514704542976094672e+03
1.550029157760114913e+03
2.065613955762802561e+03
4.252327850937535914e+03
4.593170359597475908e+03
1.913476353217135511e+03
3.425491844085196135e+03
4.857678476443271393e+03
4.154468365837395140e+03
7.988768683179318032e+03
1.774202719610803115e+03
1.673507931577129511e+03
4.343505992657719617e+03
3.811574178079250942e+03
1.205841013061314470e+03
1.932927788993783224e+03
1.299127872453232840e+03
5.463892724209611515e+03
5.015923098124603712e+03
4.805665664765520887e+03
6.570330026944382553e+03
1.482326271953296100e+03
2.013093176818021448e+03
7.785914037686332449e+03
1.460061131945958095e+03
3.354444555844772367e+03
4.083139309592379959e+03
1.172716825836792623e+03
1.740417836762993147e+03
8.160676436967821246e+03
4.155141007007410735e+03
4.455626862940280262e+03
4.332467019180178795e+03
8.215986045224113695e+03
5.049953872843932913e+03
3.160595070247896729e+03
4.493284420994094944e+03
3.697594817357147804e+03
4.513238631641305801e+03
1.920335671038948249e+03
7.765601389826777449e+03
2.113401127544146220e+03
6.927681101951425262e+03
2.812287255463515066e+03
6.473461735663610852e+03
7.493059244482898066e+03
1.812330988061326480e+03
4.685805540596154970e+03
1.574128356149347610e+03
1.879947534138423407e+03
4.610802044993618438e+03
7.435017117033888098e+03
4.168603071411745987e+03
3.321936984475200461e+03
1.523527638766274777e+03
1.833271710233210797e+03
7.332690266288483144e+03
3.919833841685239804e+03
1.531519660641912878e+03
5.000459754879153479e+03
4.457739480033012114e+03
4.942676847879421075e+03
1.481864899058451783e+03
4.613693987096043202e+03
5.191221058330221240e+03
3.112728337409295818e+03
3.843344230170554965e+03
2.168974606477906946e+03
6.995676877669902751e+03
2.226711547159317433e+03
7.628430001614576213e+03
4.697657887721738916e+03
3.855693421463860432e+03
7.858822676975473769e+03
4.126245846253172203e+03
3.800846893816650208e+03
1.488697861545955448e+03
4.671862209308083948e+03
2.109017423038242669e+03
5.533545108831935067e+03
6.230134368120851832e+03
4.579260064791546938e+03
5.108646583840274616e+03
4.306979361834410156e+03
1.888933957887792303e+03
4.024755207740626702e+03
3.828548093014336246e+03
6.905849165677408564e+03
4.431515476359388231e+03
1.681678377169341957e+03
1.498618620498144537e+03
4.840133131938312545e+03
6.691952510125144727e+03
3.280044715932627241e+03
4.765878508789193802e+03
3.792732919990187384e+03
1.930774369004496521e+03
4.305172532096044961e+03
1.531380861880390512e+03
8.320414455796710172e+03
3.554383203136930206e+03
7.735444662748211158e+03
2.094008285009209885e+03
2.201858313545293186e+03
1.854894096343180536e+03
3.286084711388588858e+03
4.407354233798106179e+03
1.568742830455409603e+03
4.597204416489196774e+03
1.405686292348679672e+03
4.521820651299532074e+03
5.279333039847990221e+03
3.229582179573060785e+03
1.534110565375049418e+03
1.556544125277207741e+03
1.623764470088339749e+03
4.317853329776732608e+03
5.138133817096051644e+03
3.932433487279898145e+03
3.762839037240511516e+03
8.080012238380564668e+03
3.803690605571991455e+03
1.534876679250016196e+03
3.945868613840068974e+03
5.140987246687177503e+03
7.620833127175758818e+03
1.341465141229769188e+03
3.523842444301806154e+03
6.917152278253401164e+03
1.985032866717913066e+03
7.379791893371818333e+03
1.795735046764249546e+03
4.807711095683534950e+03
3.798189352276218415e+03
5.089766817293960230e+03
7.268229447911658099e+03
1.523120756614567426e+03
4.363093290148637607e+03
6.235457562531933036e+03
1.997340150566563580e+03
5.087843500834207589e+03
4.499164287702920774e+03
1.798388371423044873e+03
4.231120836105546005e+03
2.072693951576291965e+03
2.140059894899236951e+03
1.699684947597769224e+03
4.427712409188066886e+03
2.056261855337721499e+03
1.351738968718156457e+03
4.351473536267252712e+03
1.461696322502215025e+03
4.030995389053729014e+03
3.326010361820175603e+03
6.768311332875086919e+03
1.991594537231552522e+03
4.328040953037784675e+03
5.034308413926401954e+03
4.252385503068238904e+03
1.657834116569467369e+03
5.117421444468531263e+03
1.912491669969266013e+03
4.283970478422542328e+03
4.525334050131218646e+03
4.150169086729816627e+03
1.932542934857357750e+03
4.192067004358371378e+03
1.778007244719594610e+03
1.321220187204258309e+03
5.191604617465801311e+03
8.235461673035993954e+03
6.466847155377565286e+03
2.193577686948497558e+03
7.180028990146896831e+03
4.095802487893298803e+03
4.086061073808346464e+03
4.999337950408589677e+03
6.872055784232710721e+03
4.626571356408661813e+03
4.569048488051652384e+03
4.638453333022101106e+03
1.056286993885679294e+03
4.984998768331999599e+03
7.356710623625416702e+03
5.023896147473215024e+03
1.551230744444237871e+03
5.336887783584756107e+03
2.844597082340925226e+03
4.256564265450099811e+03
4.081532177825547024e+03
4.469179151422728864e+03
4.011014889476968165e+03
4.121670265307271620e+03
3.807057392560972858e+03
2.613894680539005094e+03
4.602131027553344211e+03
5.708063897755761900e+03
1.396024313417250823e+03
2.678293311717403867e+03
3.361346921657251187e+03
1.854953133796165048e+03
1.773952005086887993e+03
4.543320208805334914e+03
3.262938693271792090e+03
2.014902384815585037e+03
2.034509738737605630e+03
4.305585789778050639e+03
4.786801115830437993e+03
3.923614928333091939e+03
3.785479328639541109e+03
4.932119415854790532e+03
1.269768734585109542e+03
7.513299996147654383e+03
1.763943662048751094e+03
1.549361313322318892e+03
4.304001845796728048e+03
1.180315275638959292e+03
1.824023771733044669e+03
2.303362972886582611e+03
3.277274323592726887e+03
3.927605677398174521e+03
3.276175203451263769e+03
1.429391497347433187e+03
4.189332821024604527e+03
6.869746021401037979e+03
3.621981252964708801e+03
2.055880614050593067e+03
1.589505208696915588e+03
4.044134667853429164e+03
1.803054547417199956e+03
1.983370987310420333e+03
8.134025217761397471e+03
6.052831513361922589e+03
3.951575283564320216e+03
2.344816182824062707e+03
4.378011783598652073e+03
3.401944440311552171e+03
4.382263167874870305e+03
1.225515146388910807e+03
1.617183554449764642e+03
7.321658064795179598e+03
3.550449054539586541e+03
4.616984136035309348e+03
4.549630191558836486e+03
4.695479275476359362e+03
2.331550726742454117e+03
3.164325824910308256e+03
2.124834632160182537e+03
4.047648919640885651e+03
1.458099631887783062e+03
4.916668711913208426e+03
2.118720236150931214e+03
1.263200219584608931e+03
4.476965074024278692e+03
4.450327919396476318e+03
4.663000808513936136e+03
4.418365005969633785e+03
4.040733233441801076e+03
6.806493433529742106e+03
1.970372322234651165e+03
2.025006694332538700e+03
2.180132800357152519e+03
2.014089623745805284e+03
6.831667957287795616e+03
3.976544743245274276e+03
6.921062486695053849e+03
1.771743187051449695e+03
2.027246580883736669e+03
1.713204041806613759e+03
8.150741851019709429e+03
6.884831355437625461e+03
4.292233374511036345e+03
6.830829811615814833e+03
4.643958387778870929e+03
1.927014942896891171e+03
4.613685486890170068e+03
4.321671935866657805e+03
4.372150863894339636e+03
4.250953378412833445e+03
2.194736430223750176e+03
7.823674032915751013e+03
4.732626042511897140e+03
4.329639718184328558e+03
3.368691196551894336e+03
1.946398563799099747e+03
1.976117503450501545e+03
1.994800795547357211e+03
1.458989364878862716e+03
4.016414302887717895e+03
4.102730947193535940e+03
3.494150403784224181e+03
3.320656810871162634e+03
4.134926684614287296e+03
