1.009978307591417312e+01
6.150834326318580736e+00
1.329791654914531662e+01
1.095963308218780341e+01
1.277088085299883957e+01
1.184699863103300643e+01
5.041492967026035110e+00
8.843153644963955173e+00
1.485619842173046656e+01
1.431869625483791886e+01
7.599230369712253186e+00
1.574106304212109464e+01
7.930712629683945636e+00
8.571300333877569955e+00
6.538194806563061512e+00
2.272187069237739721e+01
2.269710135339069268e+01
3.443459006491230046e+00
7.079203097645713427e+00
4.079770864628333271e+01
1.819859940999550929e+01
1.380474420982299399e+01
8.567056240135119793e+00
1.008502412938651993e+01
7.376825532344383873e+00
1.382439891054879766e+01
1.424781962365858057e+01
6.527545613200153696e+00
9.039405235085855139e+00
7.366889070798379180e+00
1.487052115961140331e+01
1.457413556863616577e+01
1.235346055492204620e+01
9.756157797169569434e+00
1.141160456049308003e+01
2.432371208536463314e+01
1.075181744911770032e+01
1.154740926197315076e+01
1.491868333657331114e+01
1.672939910181929335e+01
1.221044639468555992e+01
1.325105047285806670e+01
9.047507725490435249e+00
1.179077553003908996e+01
1.117620324510881247e+01
5.892074927801545847e+00
1.646486316343456835e+01
1.623719831602271313e+01
6.158534070100154523e+00
1.652025672007004431e+01
1.520498079268508285e+01
1.781401319397068406e+01
7.929021481793718351e+00
9.649608402843728783e+00
1.338115003941562442e+01
1.405592914818318562e+01
5.766470626908177799e+00
2.284056367387914399e+00
9.270276956213418629e+00
1.796389552174582960e+01
3.663946835044085582e+00
2.148244037852485988e+01
1.292676697820153642e+01
9.347239834862023145e+00
7.530032219748906464e+00
8.650812445586433697e+00
1.838093569814391515e+01
1.060537854607567709e+01
3.574171493245599862e+01
1.340867099878479252e+01
1.337750910422656592e+00
1.520583806084409062e+01
2.458661467838930292e+01
1.766346953817772558e+01
6.545934846517938333e+00
6.906642000623477884e+00
5.855172327055972126e+00
4.157254618503811727e+00
1.493669148124397772e+01
1.275548837336264363e+01
8.704291728807124429e+00
1.028641322544273073e+01
1.227020139048400615e+01
1.350269284827353289e+01
1.021757169524802400e+01
4.537661261026597614e+00
4.543059611175521262e+00
2.529269026171542123e+01
1.550092259340302903e+01
1.414780306261913267e+01
2.708984574253751632e+01
1.274459152850075583e+01
9.035651121100421790e+00
8.029948918503574617e+00
2.197403296152812402e+01
7.464249992858977834e+00
3.766147131959882710e+00
1.744134520582228731e+01
1.370663670456116456e+01
2.676186207734507860e+01
8.348689445912039986e+00
2.348734330501420775e+00
8.090600466270355895e+00
1.099627910149065180e+01
5.445046532188089650e+00
5.025162404740760813e+00
1.296261341635131714e+01
1.100020162343535901e+01
1.419643506564992563e+01
5.537521454600484283e+00
1.023572590648364589e+01
1.268762532496256235e+01
5.452605037711783176e+00
1.051693333760782068e+01
4.726853537797800264e+00
1.079814475368412197e+01
1.610042951154284552e+01
6.959487688580456854e+00
2.055577835071032311e+01
1.127014472291562797e+01
7.743899541728477054e+00
5.605112993902206853e+00
1.391588649190914673e+01
1.851106993592569339e+01
1.492830844029499637e+01
1.385601550553525385e+01
5.336265068295494629e+00
1.459216161501466580e+01
9.780938856678501381e+00
1.035506904395771777e+01
6.992352637386693104e+00
2.131632652652204740e+01
1.699431290708540132e+01
3.637773452423661524e+01
6.677249782106007281e+00
1.218045786546680631e+01
1.791328877374996154e+01
5.585785492385069162e+00
1.147400232338328330e+01
1.984733793192279450e+01
9.436189350279764909e+00
2.794027920547987520e+01
1.044414075776071904e+01
1.270921004455872527e+01
1.148992732746358492e+01
1.145504502225272958e+01
9.548299684721785141e+00
1.113220922323537465e+01
1.111728463872268513e+01
7.259542722100490231e+00
1.731665747213308393e+01
8.843944170321135445e+00
1.656942308711322553e+01
9.167793557992938602e+00
7.287722821863951594e+00
9.832256430189952212e+00
1.390621247675206007e+01
1.122076850694252492e+01
1.863257227534974447e+01
1.907285961011714903e+01
9.993787888152956711e+00
1.292238251163872853e+01
1.380087614461033496e+01
2.435679606777102535e+01
1.715671828178144054e+01
7.643598470636272069e+00
1.852872135049103264e+01
1.968934249259414315e+01
1.538551076125179762e+01
1.823389960855267944e+01
1.135488887674771163e+01
1.076225693871518629e+01
2.137129265540369261e+01
1.050241113200531373e+01
1.741691777680749809e+01
5.127892291377617262e+00
1.494657251623213057e+01
1.566224284768612529e+00
1.414221136077376606e+01
1.657116640270382746e+01
1.103791485764170233e+01
6.461703195664312283e+00
4.133430274708715935e+00
1.419240370204966339e+01
9.826699924651903117e+00
1.518714612196789737e+01
4.772043169082627045e+00
1.625120864586092750e+01
1.449286706252868484e+01
5.253692265429386943e+00
1.341746212358452439e+01
1.348202275855377152e+01
1.866328348344087118e+01
5.623973893159746495e+00
1.885367038335130374e+01
5.873984464566686547e+00
7.746689220592084091e+00
9.247367110972968263e+00
1.464381419130232409e+01
2.784762694814736506e+01
1.562291346881970355e+01
2.027975403907465335e+01
4.081904519575161316e+00
7.523749981242611184e+00
7.568771503246147780e+00
7.972185162163283323e+00
1.129086241081988362e+01
5.628898976010236588e+00
2.378618814203315779e+01
1.241260014993067173e+01
6.790951085480143590e+00
1.586399931179724376e+01
4.997375336713492544e+00
9.725505160608255650e+00
6.128364992072860673e+00
2.209675335563697374e+01
1.960595594568793132e+01
1.138911098702390667e+01
1.298827032717628605e+01
7.527868399025955171e+00
9.478751277062020364e+00
1.965904462836924083e+01
1.269983227905326473e+01
9.206340893031821793e+00
9.353653144650964535e+00
6.844512835391938665e+00
1.058603014747604654e+01
6.740946814813970178e+00
1.734107880761630582e+01
2.041764897070594387e+01
9.940703320150120703e+00
5.208517965068460320e+00
8.816744330517666484e+00
1.155583266988624302e+01
1.501613054962697724e+01
2.612454736661254628e+01
5.160005131141996770e+00
8.261786012057234174e+00
1.263872490853994002e+01
8.779307420723563737e+00
8.973126799228698047e+00
5.911118714115481509e+00
2.610908818273592402e+01
8.698006241178868336e+00
4.498371042782729923e+00
1.730230756969910999e+01
5.885387339190046418e+00
1.073044603050616708e+01
1.819187703339390794e+01
1.732103194814671809e+01
4.113094113886817560e+00
1.161944044182465063e+01
1.616485498693243272e+01
1.472716431727899078e+01
1.957343165452569522e+01
9.265216903095621959e+00
6.878149532748520478e+00
1.201704539349411149e+01
1.147263728005028049e+01
9.423252097412307293e+00
1.152052279711921123e+01
3.262161384540925013e+01
1.252247696753276429e+01
7.317857898796527927e+00
5.862791632905556050e+00
4.000493374709797045e+00
2.735769910251531822e+00
1.175889258654969005e+01
7.881856522625667161e+00
2.540801502731471473e+01
3.318782394224920296e+01
1.357234849843685787e+01
9.842081416303720687e+00
1.031678595419097810e+01
6.391172941709677424e+00
1.910607685659061161e+01
8.127375969730390892e+00
1.026317935201908682e+01
1.787618092759027277e+01
9.393267721013577543e+00
7.131791083570584000e+00
9.652822683029151918e+00
1.348764495632210192e+01
2.626493283587949890e+01
1.353531930137346606e+01
2.359540225065289931e+01
4.091241934704119387e+01
1.439887418354506998e+01
8.189043980411632617e+00
1.448500390046397968e+01
9.912548538724589520e+00
9.552323028486288337e+00
8.564494890699952734e+00
5.577739237156259300e+00
7.368974736301888484e+00
8.529568546078616365e+00
9.587434577873919395e+00
1.184424173306753936e+01
1.702909544139143350e+01
6.511248766132100130e+00
