1.021062655058260660e+01
2.058201048611667261e+01
1.304175854826436698e+01
3.416080672463083001e+00
7.926770433374710656e+00
6.450487614351995802e+00
2.010349791604699288e+00
1.005062972840306657e+01
1.236016894216160189e+01
1.582838189096281134e+01
1.665078773901743148e+01
1.529644499626251886e+01
1.326230689907223770e+01
2.067411752367124933e+01
8.377603720445753410e+00
6.982348720228333860e+00
7.795502329694548038e+00
1.244344054608111172e+01
6.971520152267702386e+00
1.575784779919673895e+01
9.969276608667422934e+00
1.833369441627741381e+01
1.014807664492657224e+01
6.263422223628889896e+00
1.660838913741260114e+01
1.348789792597474957e+01
1.415459324896291626e+01
1.266691004449841707e+01
8.527665348281104229e+00
1.444137559892166678e+01
1.739351518616640035e+01
9.424401782375944947e+00
1.678527425805848949e+01
1.936992846454933215e+01
3.589844375330558002e+00
1.544638209419790975e+01
1.188767749973314736e+01
1.386629781836365360e+01
1.167274960416487417e+01
7.392796901763752260e+00
1.315553572867146848e+01
1.155508992957568637e+01
8.617790169424560887e+00
7.922213012994183678e+00
1.312581116895440125e+01
1.567859229105537722e+01
1.344874824167288807e+01
1.689814120154391475e+01
1.445942324902389942e+01
8.222327858654789878e+00
1.200758914088325291e+01
1.333791789271877626e+01
4.339148262053426741e+00
1.463400744814154208e+01
2.644148013162070754e+01
1.132847419095774555e+01
9.117083368081651429e+00
6.498289660197960949e+00
9.846945616204607177e+00
4.372588098043637572e+00
1.035784068781004841e+01
1.871922314371220963e+01
1.090319170763180701e+01
1.313463897009506809e+01
1.527496162766415644e+01
2.192212587498723408e+01
1.315377139087394021e+01
1.516186526889576669e+01
8.026073892584054903e+00
6.680459266636853854e+00
7.951066206814225268e+00
8.577051000582446960e+00
9.715524998574323945e+00
1.564500708109293292e+01
8.523181050489933241e+00
8.456059765254646976e+00
1.359969266293104617e+01
1.815502782273821936e+01
7.565626256594118360e+00
5.634644213815823477e+00
8.303814102305215883e+00
9.195148643868888527e+00
6.754900872342153306e+00
9.198774819471376318e+00
9.985201005950758102e+00
1.521208666245433250e+01
1.199883570644078468e+01
1.891646415429900330e+01
1.640936596696179706e+01
1.412257440424361299e+01
5.959454118684819335e+00
1.338869115225243789e+01
9.834743268290008444e+00
6.740927380731999818e+00
8.276188592986047254e+00
1.199001471470730884e+01
1.147443032678558694e+01
1.254645606593395613e+01
8.060631855517506494e+00
3.564927899727876159e+00
1.884701531611803915e+01
1.289724705134716309e+01
7.045179080502840030e+00
4.162565217840072052e+00
5.089431454671222710e+00
6.119095831587086920e+00
8.190944327551896720e+00
5.637179081200958564e+00
2.107516521118166608e+01
1.034701829153954478e+01
1.851373465185729472e+01
2.259481206857418378e+00
1.918844970145676143e+01
5.574385719612360290e+00
1.596690478116433454e+01
2.155213064805260004e+01
1.030371529703709754e+01
2.754964211270576335e+00
1.700523228078611382e+01
1.572932534795030790e+01
9.681317414630710161e+00
1.056568718268817619e+01
1.837027654284316824e+01
8.930260458994208506e+00
7.219232360546911309e+00
8.150787501105465793e+00
6.589806563308080456e+00
8.390799762500162018e+00
8.429864562876989709e+00
9.312917702432807587e+00
6.758498943758239008e+00
1.326756572239981224e+01
1.186861247537747310e+01
7.736437731634706161e+00
5.950168690575268649e+00
1.920751112610501465e+01
9.283615922029296641e+00
1.315259682005340203e+01
5.492641489766382001e+00
8.956385124199512049e+00
5.626288667179341729e+00
7.542672118051917174e+00
1.435210985065827494e+01
7.320158491264122880e+00
1.329783915444411413e+01
1.511771416585862227e+01
1.021548791397282052e+01
6.829613171885769773e+00
4.543699890696081489e+00
5.404245690612512476e+00
1.816512383074385184e+01
5.610918435354275147e+00
1.428172158026224459e+01
9.141982590862008706e+00
9.312633574103717393e+00
1.195821313610228920e+01
1.377772776717842618e+01
7.861643276689997961e+00
5.558176495253451144e+00
5.644724498767857312e+00
1.411212874298350783e+01
1.048148848835729119e+01
6.044412309384992454e+01
1.404130533102192757e+01
8.033803574592601748e+00
7.353112767051690923e+00
1.246799312724159670e+01
1.200865248848393030e+01
1.148186134633261624e+01
2.153586029356014464e+01
1.418220295494926120e+01
9.082346467076258811e-01
9.383538188596546092e+00
9.249930230720391222e+00
5.986065100426596786e+00
7.817345972361380291e+00
1.718594210601487049e+01
1.392344741284484755e+01
9.132736428362200343e+00
1.727136772711763868e+01
1.453750130332213075e+01
2.164339191731098566e+00
1.697950940022113286e+02
7.649865183263964141e+00
1.104406358859849568e+01
8.771158050375643001e+00
1.582865229463002521e+01
2.092995219794333295e+01
1.117639554292658488e+01
8.724552973244421139e+00
1.481237380356126643e+01
1.087279015412622840e+01
1.059838386349316508e+01
1.995384492099529439e+01
5.774463393329663852e+00
8.144882123525109208e+00
8.302608820634013398e+00
5.656299264051496856e+00
2.638203020884288463e+01
1.195381107756196215e+01
8.177963663919291193e+00
1.264044225959022150e+01
7.869033369076699813e+00
1.618539030380677701e+01
2.044061058031924105e+01
6.197735563986896068e+00
1.051932780403178569e+01
1.051917361385307004e+01
1.431449882399111573e+01
5.544165127468059673e+00
5.796882818556840178e+00
1.627161213999945133e+01
1.959490842997961124e+01
1.657362804687242530e+01
1.003607157857296706e+01
5.842195459487196096e+00
9.676696033771696293e+00
1.886264663468895364e+01
1.162115073620888595e+01
1.226292338156055095e+01
9.141853979193463431e+00
2.142916391222184558e+01
1.891479664870897892e+01
7.479939682096794940e+00
1.364717415805231759e+01
1.805827479569907723e+01
1.029421638564038055e+01
1.156600979469933499e+01
1.069879038844251085e+01
1.012878270302459960e+01
7.821309005706971185e+00
1.014390397526910803e+01
1.257661913646821894e+01
9.865688908997521267e+00
1.555186505941246544e+01
7.247231386713395729e+00
9.518355629270272900e+00
1.101970344391783208e+01
5.719226739824046390e+00
9.229248635412080404e+00
1.377757798018653190e+01
6.981430967507690433e+00
1.082326762536051312e+01
7.827135808642080583e+00
4.684919263737881145e+00
1.083167863179310331e+01
1.096529355346939916e+01
2.296537539151981999e+00
8.050375048848517068e+00
8.704386154255711716e+00
1.955105059548894175e+01
1.417633077881714243e+01
1.746012947881188637e+01
6.623592754155623652e+00
1.317191114601156521e+01
1.303372782033043364e+01
5.055637899973790539e+00
2.367895567013843561e+01
8.179090471721309541e+00
7.083389048181500947e+00
1.364915603460691784e+01
9.414775955262582485e+00
2.111638783594774438e+01
1.500590473580498951e+01
5.820190815756363101e+00
1.473862917298069775e+01
5.970660775550383548e+00
6.883051403655066736e+00
9.133324911384587352e+00
1.321167023149090447e+01
3.914003500345236031e+00
1.132266580250434984e+01
1.273616080552432273e+01
5.161328297504127249e+00
9.936516538062750925e+00
9.105977594829115063e+00
1.520698827584777035e+01
1.375328987993933083e+01
1.274033628230612081e+01
1.997424203014443478e+01
7.524585314788711621e+00
9.019293252884068579e+00
4.605902230772853656e+00
8.169810554593972540e+00
4.705651772871925154e+00
1.053663367880875867e+01
2.579625034898838365e+01
1.045901646013014386e+01
6.963496215444098247e+00
1.400064139701801480e+01
1.214560577978395628e+01
4.456908742455581773e+00
9.092053187904628686e+00
3.938653084306118490e+00
9.110312274951160916e+00
1.090124768081681417e+01
7.527661660504647578e+00
1.054113326212503310e+01
1.038864124598073779e+01
1.011920384649788396e+01
