8.973073386145584664e+03
6.289982988810720599e+03
5.002763306826858752e+03
2.932330271657511275e+03
6.252634518327026854e+03
4.544722765794627776e+03
5.465593866179324323e+03
5.968625038982793740e+03
4.398837465921857984e+03
6.168609088464275374e+03
1.087287687234583609e+04
2.372041814419432285e+03
2.705519330182784415e+03
6.988998747169131093e+03
5.169402159914311596e+03
2.395735695387201304e+03
4.954398815511587600e+03
7.955132100004730091e+03
6.039134289067690588e+03
5.191540177139229854e+03
1.959276926356340709e+03
5.228137498847302595e+03
5.705829068619448663e+03
3.032028371742163017e+03
2.386607712437878945e+03
2.620960518227793727e+03
4.771868939326918735e+03
5.938186960858308339e+03
5.512727093838124347e+03
5.763889155035389194e+03
1.791454934456071896e+03
5.187561636651070330e+03
5.694305428084723644e+03
2.338693472383355584e+03
1.811184583799022221e+03
2.449092098080679534e+03
1.064317702961371288e+04
3.512227269978495769e+03
2.463086143430226002e+03
1.929576241135865303e+03
7.188327395792696734e+03
1.017092349563754397e+04
1.269386696856953904e+03
2.415122693415137746e+03
1.743520536774708034e+03
1.128052700159687993e+04
1.079364443093118643e+04
6.375681591858923639e+03
1.614582611317247483e+03
5.074725164916750145e+03
5.067844392908026748e+03
1.869473512691924270e+03
6.297557108247842734e+03
3.798421101326072858e+03
4.092032473147185101e+03
2.007409940656905292e+03
4.945755641167856083e+03
6.335860373327844172e+03
5.188489205714028685e+03
3.044968499411148969e+03
5.730183064374260539e+03
7.332313796740271755e+03
2.420294224388885141e+03
4.825982092283885322e+03
5.716171513420305018e+03
5.057825742230676042e+03
5.790682732332096748e+03
5.397124669375749363e+03
1.892910250099046380e+03
2.304074095068266161e+03
6.427541596168623983e+03
1.709258867441932807e+03
5.382519595773498622e+03
9.610307939275215176e+03
2.291591902979541828e+03
2.031614904388087552e+03
4.014364253852842921e+03
1.034065388085531595e+04
5.981718500575586404e+03
4.851791861537806653e+03
5.491206008674050281e+03
5.379126380549462738e+03
1.099590906297703987e+04
5.762200145184139728e+03
4.968294162598322146e+03
5.845860249226019732e+03
3.906669866314777209e+03
2.055878029456940112e+03
1.251241475474755816e+03
2.766198166963275071e+03
2.444305006940812746e+03
2.522759363468601805e+03
6.505516092286537969e+03
3.014297250576427814e+03
9.877108614544185912e+03
6.331495069698858970e+03
5.955979856374632618e+03
5.787607992823036511e+03
1.805476442273780094e+03
5.322776305247343771e+03
1.079548433127112366e+04
2.265359865883769999e+03
1.852200357003392128e+03
2.204891026496374252e+03
1.497609993900558948e+03
8.627735153779078246e+03
2.092227087044564996e+03
5.333818908997254766e+03
5.659613758545371638e+03
2.353169048909812773e+03
9.985957532862919834e+03
2.157181014822705947e+03
4.954357593594212631e+03
2.156758136583528994e+03
2.345312758462026068e+03
5.657051717701830057e+03
5.318567608387312248e+03
3.859956806157559640e+03
2.911501279484074530e+03
1.062352269421375786e+04
3.761837590361752973e+03
5.873772320020596453e+03
5.743501580315990395e+03
5.888903901453742947e+03
5.767528515354108094e+03
1.073758474485843726e+04
7.883784012132346106e+03
2.763707350104875786e+03
3.567740383858421865e+03
1.057046463037612375e+04
5.166303683312154135e+03
3.583094268985471444e+03
2.053344168347822233e+03
1.931256721389952872e+03
4.695481294297131171e+03
5.890934511939753975e+03
1.277199753458012083e+03
2.144761867309321588e+03
4.822284712140494776e+03
6.841474212789153171e+03
5.466885253042649310e+03
9.825403020571380694e+03
1.937696494491670364e+03
1.043982283185482629e+04
1.825846305298201742e+03
5.909867722833194421e+03
1.021901569701714288e+04
5.726960038988025190e+03
2.732093053384085124e+03
2.169386644587685169e+03
2.902702600787544725e+03
4.300015923156694953e+03
5.673388957632371785e+03
2.397758792912038189e+03
2.867387581471364228e+03
2.004672688194415514e+03
2.291971819638294619e+03
8.928826471439200759e+03
1.945365922447160074e+03
4.872992109788087873e+03
1.515624909867906354e+03
1.371542656885909537e+03
2.584329267837280895e+03
4.125889366153852279e+03
5.050083325110535043e+03
2.634013361070914925e+03
2.302990937012916675e+03
1.162175071055931403e+04
5.258410979699431664e+03
5.340892668140858405e+03
9.894048846818492166e+03
5.850489620050710982e+03
1.887588052700071557e+03
5.542883168530916919e+03
2.457634196589395742e+03
4.926868103646953386e+03
5.910467929051466854e+03
1.005997512671452932e+04
1.000122460193177903e+04
5.965061565745867483e+03
8.334427995154339442e+03
4.511935400111234230e+03
5.764813440567094403e+03
2.272631528256108595e+03
1.136427217658056907e+04
6.234508063331768426e+03
5.262053302106492083e+03
5.146438074132074689e+03
1.920360475092121533e+03
5.140567540740210461e+03
1.995168351221888997e+03
9.800618605861298420e+03
1.037426566940027806e+04
2.268775018764853030e+03
4.569528049676406226e+03
9.637368846891675275e+03
5.922134064191952348e+03
5.337767422360310775e+03
2.375343797538479521e+03
4.244417924497834065e+03
8.876397392125503757e+03
2.848850342438113785e+03
2.383349344467915216e+03
2.339061703398731879e+03
5.520376522674397165e+03
4.859090749443568711e+03
1.594461323730404501e+03
3.970215525359796175e+03
4.930200669168420973e+03
2.061844187539084942e+03
6.092470531321387170e+03
2.049073049327732861e+03
5.807731603412838922e+03
2.075989547171183403e+03
5.357341378999555673e+03
5.995689355720473031e+03
6.963136302766894005e+03
9.243527467317260744e+03
1.497550793974491171e+03
4.552280758822600546e+03
2.297548559097703219e+03
2.262017468275854299e+03
7.172330381098975522e+03
1.066512259458264816e+04
2.707699225795778602e+03
5.672448978996546430e+03
6.939207115048219748e+03
6.528306027074558187e+03
5.397082136898750832e+03
8.507445147830754649e+03
9.882079568432940505e+03
5.326608660021079231e+03
5.806576928614553253e+03
7.423166874686958181e+03
1.939642434569497937e+03
5.368142852681037766e+03
5.632167156761893239e+03
2.312155937970562263e+03
8.218245243162702536e+03
1.782390973970058212e+03
1.150070179703583017e+04
5.836752231392477370e+03
4.920372445355900709e+03
6.239111667823430253e+03
2.005791258746857920e+03
1.364425753523637241e+03
1.032340125352582800e+04
8.578983691976032787e+03
5.942934411249155346e+03
6.397885759047117062e+03
1.028520937553069962e+04
1.990608826911120104e+03
4.484185978429377428e+03
6.627977184354731435e+03
6.012309473897932548e+03
3.867527580401185787e+03
8.185884084818227166e+03
2.112948932714381044e+03
6.126023360627811599e+03
1.888984238536731937e+03
6.032166313883283692e+03
1.638574822492555541e+03
2.201612325305375634e+03
1.406501496548292380e+03
5.812255784693476016e+03
5.664540808256208038e+03
2.473183081936502276e+03
2.758671712975609807e+03
1.069724205485743369e+04
5.574904926346718639e+03
2.336875624207907549e+03
8.846333405112964101e+03
2.033359610663768990e+03
2.828429787483147720e+03
2.539349884703351108e+03
6.201226849887899334e+03
5.758786619918895667e+03
4.144826499030539708e+03
2.190901618859094469e+03
1.735010297380776592e+03
9.133256680863623842e+03
5.982596602472015547e+03
1.789334937044028266e+03
2.066506318183017356e+03
6.151581221582832768e+03
1.922922667636781171e+03
1.949652232217672463e+03
3.863178835416252696e+03
5.485579079634371737e+03
1.785006300682376832e+03
5.235766693064777428e+03
5.428325752693149298e+03
1.412556047758737577e+03
2.793288689341536610e+03
6.007078419554226457e+03
5.668427480558484604e+03
5.355153804719840082e+03
2.562934478673959347e+03
9.951203654286424353e+03
6.474033713706191520e+03
