1.404984247701673894e+01
1.043298587605049832e+01
6.048580232881055174e+00
3.000570515673250949e+00
9.337445661997813673e+00
7.784784644100651185e+00
1.050243291054762551e+01
6.465694899181515964e+00
8.091382465696932869e+00
4.739115363312686569e+00
9.335174981703003638e+00
9.043295301727704683e+00
4.678093624606290746e+00
8.839212184161430841e+00
9.604398729360800857e+00
1.265218441885409284e+01
9.933951569009936478e+00
5.361197398037689688e+00
2.454247664408013119e+00
2.966874665766016772e+00
1.409200927460725694e+01
8.275966350505891356e+00
9.499989844574431075e+00
1.433950883168357926e+01
2.254553332343203635e+02
9.865049159597218065e+00
5.956569377907959151e+00
1.431323086161344271e+01
6.026332501824069432e+00
9.753628229372823810e+00
1.128768061200642947e+01
8.036791154710298812e+00
4.979074420045138893e+00
1.524785146141577563e+01
1.316384736867683181e+01
6.806502541557307495e+00
5.924246448764010076e+00
8.684959281397860664e+00
1.425249803556577533e+01
1.141418919888057637e+01
8.237153506968187600e+00
4.447686344168020334e+00
8.019839532322494691e+00
1.115851176848909887e+01
6.709217479781000470e+00
7.544925390290052825e+00
9.864096446978363630e+00
9.997689580054167635e+00
7.259064792767830454e+00
1.558949295270543622e+01
3.000658494700144985e+01
1.107664689005889791e+01
9.443143648700910830e+00
9.304677391270242737e+00
8.040017256227812936e+00
4.303650586883159157e+00
1.685055971420048238e+01
1.641804069579625036e+01
8.455526297480549403e+00
9.971834593556875959e+00
1.303363334703698584e+01
1.229482586515698728e+01
3.341928711665910878e+00
4.431064748461236213e+00
9.014302925047143589e+00
6.938725754203692198e+00
1.355105660809702250e+01
5.722845669105451449e+00
1.607064688799135155e+01
1.233601005717729748e+01
7.801808942972074057e+00
5.334875288135786597e+00
1.531789811835999515e+01
4.098378654495570039e+00
1.081012393523085890e+01
5.179766271733977412e+00
1.392652513430263994e+01
4.708752929681765842e+00
7.545173698147616292e+00
7.993228326790459803e+00
1.470257796947328721e+01
9.426448942115545293e+00
4.402385552014038694e+00
1.198637706888774446e+01
6.870460414441206254e+00
8.725525182867011509e+00
1.073750403875093973e+01
5.782846868797335560e+00
9.439260644549431589e+00
1.255838920637539502e+01
1.796613729226613998e+01
7.976346580721296320e+00
3.205128347444521797e+00
7.142784496850415721e+00
2.724900758853445382e+01
3.369797811602801563e+00
9.486345215573205536e+00
5.655203914369196561e+00
5.170003521493236498e+00
8.334979948441812780e+00
4.819932651631602560e+00
9.334033486732209894e+00
7.909978369490941574e+00
1.059652085200678862e+01
9.867801501168623091e+00
1.200484632328983103e+01
7.477972327781531980e+00
1.066670288001153111e+01
1.659954507601403861e+01
9.073206014337097614e+00
2.354939960822993061e+00
8.043645697958867302e+00
2.534115973050285575e+00
8.538443357503698650e+00
1.173922037819908581e+01
6.022152981464249599e+00
1.224709398059377996e+01
9.773877215287294362e+00
2.335600114544757488e+01
7.488066541045315034e+02
4.360550639973950204e+00
3.897072872088553463e+00
8.093833945040543654e+00
6.080145340759371742e+00
1.638301649528414572e+01
1.785714633250039185e+01
8.858881882703158794e+00
5.458057064828468974e+00
1.328880365753431469e+01
1.410683357448786523e+01
6.318121945573093257e+00
6.263831336436984643e+00
1.041417188432653518e+01
1.546273871379504250e+01
1.462231199263062287e+01
7.260456232528024856e+00
1.637692997461903843e+01
1.293010377986990100e+01
1.359218022793529457e+01
6.981848547268473482e+00
4.332407396780173947e+00
2.092133672213268625e+00
7.746337866541580297e+00
1.067661604583143742e+01
1.211820876429419691e+01
1.609336393351793504e+01
8.013738935553156750e+00
1.852816675136065427e+01
7.090410174817646016e+00
2.350294239907727789e+00
8.440270786387296553e+00
1.174827959679105582e+01
1.258380700465429314e+01
6.896526866216628804e+00
1.042438376412540890e+01
1.422406471412556961e+01
1.343553647677245166e+01
2.275169041337212761e+01
5.222213693373519483e+00
5.511508298842808351e+00
3.605680728088995313e+00
1.029222051342869548e+01
7.754783512326474337e+00
6.867709853053590940e+00
1.190656327704616224e+01
7.989675776024787623e+00
4.898693442761096861e+00
3.452713255338879517e+00
1.068886077595738193e+01
3.896524609471167189e+00
1.674606300266134085e+01
1.080888635740240211e+01
8.953128629352269385e+00
9.941782141766950076e+00
6.570496751092249177e+00
7.494242295814862231e+00
4.932203321519449624e+00
4.564020258659172491e+00
1.031795739628302044e+01
1.230476655782875284e+01
1.212082700714890571e+01
4.632665085380438974e+00
6.836624668033704388e+00
8.771833586625229273e+00
5.404602541836386997e+00
6.903611972190925705e+00
7.089229477820681247e+00
2.431220531482718883e+00
1.118354585000599855e+01
1.159149362935913707e+01
7.574780807987713693e+00
7.825415377290723562e+00
1.250346605611162332e+01
8.162897297285674370e+00
8.989651360943717862e+00
1.480771875258908743e+01
2.936467515080851687e+00
9.781061910482909738e+00
8.134649371778419180e+00
7.065551862767049052e+00
9.946930384086144272e+00
9.481997876354267163e+00
3.090379226676603253e+00
7.585613209696050241e+00
5.084813463822209556e+00
4.188255170710259101e+00
1.087076274250030750e+01
9.975223513827540245e+00
2.283966473781555706e+00
9.226189718570978471e+00
1.741817150010124493e+01
9.723324107369125002e+00
1.572769231201153595e+01
7.584850062649131530e+00
2.811629148170157855e+00
9.630289840337278306e+00
5.958446554410074647e+00
1.833382249633922072e+02
7.097345376203334055e+00
3.288156358313700345e+00
1.260883081646953841e+01
8.207594128125428767e+00
1.591921979838897094e+01
6.762661312168796179e+00
3.161279225632066758e+00
1.583406677307266008e+01
8.694594225587007230e+00
7.479780483706871763e+00
7.008636845890246825e+00
2.056512090138043369e+00
1.251000532898945039e+01
7.418537739983796619e+00
1.131586317255744234e+01
9.905330323540489701e+00
4.370175099395256169e+00
1.105758525063591335e+01
1.798913415690778095e+01
2.531261003434692114e+01
9.127038898904991981e+00
6.561740986982994350e+00
4.086580736222265031e+00
7.124211787664466833e+00
1.021961760341458003e+01
6.837684725464407975e+00
6.547454180993335981e+00
7.133377351440541858e+00
1.052403568904455256e+01
1.343883830250573119e+01
1.045300555378911689e+01
7.277511410977313133e+00
1.075726343027657883e+01
6.636218934456516116e+00
1.229718607236191552e+01
5.335713653334428486e+00
1.124160262040201452e+01
1.135694438915339433e+01
5.758947799196784345e+00
9.842180816839016799e+00
9.346501343510066562e+00
1.543124866181816124e+01
6.280245840776098376e+00
2.427041301942803386e+01
3.420502374148990832e+00
9.952305004013688006e+00
1.255151626454077451e+01
3.999454342413774288e+00
1.959233702890614381e+01
9.126383214310259007e+00
3.834214326015401575e+00
9.195415400067602718e+00
5.156419789720557922e+00
4.489196538438530837e+00
5.934215610651886408e+00
4.985949385836546455e+00
2.027933919042585842e+01
1.582890642738218823e+01
6.587407019251084073e+00
8.465140904879298489e+00
9.023140468672757208e+00
2.327263673981924352e+00
1.399509059013763945e+01
6.068934511908384621e+00
1.492876030134890719e+01
9.160993526126580022e+00
6.185677049723351750e+00
8.998455960195061110e+00
3.858386184654804651e+00
8.330345997506928057e+00
2.083484603083672582e+01
4.233674886380833335e+00
4.399322791555450252e+00
2.387955137439542241e+00
1.583086444425630113e+01
9.695520307383739933e+00
7.262559780130089848e+00
7.444493831774777526e+00
7.832243965875961500e+00
5.744270503671757844e+00
7.589206838442573932e+00
6.476914581703446139e+00
