7.892282659791374222e+00
1.046675686591562204e+01
1.217972979914069320e+01
1.186813911560725110e+01
6.212522004517673224e+00
1.017983646329669511e+01
1.326873187700735635e+01
9.752215017802498664e+00
1.017539957158546748e+01
1.277634245296446203e+01
1.784198784361859680e+01
6.688271551440131191e+00
5.379619987081962762e+00
8.301085067373559667e+00
1.389645969006554971e+01
1.555775780661659624e+01
7.143993690547937980e+00
1.384220703543184783e+01
8.571728999412831840e+00
1.478516500984506088e+01
1.371731877978264613e+01
9.109144372992485472e+00
1.060529419406769058e+01
1.508127653235458610e+01
1.246051324166110952e+01
1.001186189426167239e+01
8.105067361009561822e+00
4.132239312321217994e+00
3.550043083141426692e+00
6.258538868542455447e+00
7.636394599216340673e+00
6.986601919346641765e+00
2.753836985308273366e+00
1.328834052725225234e+01
1.294462567747184778e+01
1.185528403169613654e+01
1.556804611015096462e+01
5.882734360723092415e+00
4.618257615633099888e+00
9.319969624807503905e+00
4.915477990232876238e+00
1.353430424466324666e+01
4.486902673447231038e+00
4.634557434889799765e+00
1.080695678452442898e+01
9.149929623041103355e+00
1.022459837661772930e+01
1.686247969424573512e+01
3.690618161785803597e+00
1.629444587706311509e+01
6.022911742126066059e+00
1.374513389061294788e+01
8.697548842794367019e+00
1.261947779725257135e+01
8.042022138005622267e+00
1.106468658914739756e+01
5.620014749673815757e+00
9.527788758078658660e+00
1.081501801650362182e+01
1.207682580133850081e+01
1.547810762737755219e+01
4.547943303271263282e+00
1.755282303090639218e+01
1.303680221537687167e+01
1.989199996406498583e+00
1.801612329900693510e+01
9.172647646466250748e+00
7.685397879612820837e+00
1.501914265362310097e+01
5.000848860543085195e+00
2.159551966221291863e+01
1.284963881813761333e+01
9.875916540617875938e+00
1.520557207619711138e+00
1.628122314373526436e+01
1.379830945295129219e+01
1.006007566225592242e+01
8.056271055917799018e+00
1.100516818914876005e+01
3.911852164912836116e+01
1.299054522906769371e+01
6.897653913055728836e+00
1.662953694083089928e+01
1.457540623331755647e+01
1.078075369168334952e+01
5.424775006796918930e+00
7.030349262214195427e+00
6.219471443685291590e+00
9.233641697705506246e+00
3.273718430979767113e+00
1.597069211094130381e+01
6.830294152166087152e+00
9.691321519348672808e+00
2.767653416698461655e+00
9.782914878455466479e+00
1.050880896498403594e+01
6.322401879464689678e+00
9.741275513083083482e+00
6.842894052713353048e+00
2.224729105345523195e+01
7.597939893438259595e+00
4.184693436424751667e+00
7.876976146581876392e+00
9.796699278154962442e+00
1.522952495819640895e+01
1.238974742105062887e+01
2.103327668610389001e+00
8.646106092322957792e+00
3.356364760594934715e+00
7.953664506958154412e+00
6.642968433573186893e+00
1.266513378960910607e+01
8.070995827444244597e+00
4.486844669222030291e+00
2.470330492202379880e+00
8.737999056639861095e+00
2.035465983144460012e+01
5.739876670136567327e+00
3.899039331564703392e+00
7.880075885992298801e+00
1.048609228853398179e+01
4.910850668219177706e+00
9.401203705380401843e+00
1.305030919618576490e+01
6.913109718526562197e+00
9.696988761885629415e+00
1.221225530491891753e+01
2.976541557541537486e+00
9.821850071285849637e+00
7.497363284872403888e+00
3.962650364395380098e+00
1.041040631310445264e+01
4.066408266944642378e+02
7.622448504432943750e+00
8.563795402637744303e+00
6.164284173770727193e+01
9.707789768744495618e+00
1.136839975994553065e+01
1.416814666519851329e+01
9.609320513753798920e+00
2.709054796828419320e+00
4.415865157543430009e+00
7.739606015951411067e+00
9.651187027260910156e+00
5.338061657787528169e+00
1.324066625825154198e+01
6.990271110875446503e+00
6.148818583505518021e+00
7.051371676276226630e+00
1.167067337476777134e+01
5.714181204365869959e+00
8.544265406476126756e+00
4.411304439230289809e+00
5.723913446404093719e+00
6.611957360320141142e+00
6.034436998483823089e+00
5.659301593980252676e+00
3.947824611208291312e+00
1.111076764956260199e+01
7.145312634076392833e+00
2.937855716022270691e+00
9.690536503364665322e+00
6.885615877442495147e+00
5.313499075996257481e+00
4.513796073141375764e+00
3.643745712975170026e+00
5.378332071593103336e+00
1.056305890773333367e+01
5.961929824655316956e+00
1.133981197050463408e+01
1.130506554255016205e+01
1.027995031011331051e+01
4.166072571345333486e+00
1.682241416288018243e+01
1.829264459297636236e+01
5.182522251192231977e+00
6.267424161613647016e+00
5.097574476649983310e+00
1.238222158660629013e+01
1.033699361597880717e+01
1.306837237047508360e+01
8.010042618540738957e+00
3.649394247243561207e+00
4.760508920510713615e+00
4.918230856850319910e+00
9.476975475636795210e+00
5.441947496756147196e+00
6.816433828366976755e+00
8.509587465181965626e+00
6.756219167652199431e+00
9.093808732405635809e+00
9.830399256729476676e+00
7.341345986376773602e+00
8.503881741912209691e+00
1.438298778927662624e+01
9.486938614402211201e+00
8.238222131147335148e+00
1.087211538788708154e+01
9.121211709131456402e+00
9.787139219382693156e+00
1.380720693571868907e+01
3.906792496762001132e+00
1.816445575930623590e+01
5.185133468726404793e+00
6.015735623817884736e+00
6.331093903795216526e+00
8.161998535313205849e+00
7.093414150171108545e+00
1.015623339786434087e+01
5.583251772390747192e+01
8.398662938184486393e+00
9.191205815984957894e+00
8.802609203694784057e+00
1.049449971776135371e+01
1.365344259029899909e+01
1.753781564022901307e+01
1.170035844281724025e+01
6.438518238205110933e+00
1.138497368282610900e+01
6.463684336002159192e+00
5.820026833710335801e+00
1.292217710770247763e+01
3.924191282113097312e+00
6.771433647597952188e+00
1.132049126986465915e+01
1.072739874837847651e+01
4.312043541189273910e+00
1.612801804135104078e+01
8.124974196910461188e+00
3.960258475703637426e+00
9.181224960323717710e+00
9.210904413877321062e+00
8.500258233059579283e+00
2.188205893552399584e+00
4.056143670723626471e+00
7.863647569452965946e+00
4.604415937957548444e+00
6.747152172748401178e+00
4.728569319571711560e+00
9.219992731327213420e+00
1.091222657389207384e+01
8.300573417988088565e+00
8.510534851569605763e+00
6.207331978663619410e+00
7.200010524719758109e+00
9.696646240321690868e+00
1.086586436561967872e+01
9.056390779524678081e+00
5.089493789102641053e+00
8.418027341331978164e+00
5.212993384578469502e+00
4.388597406959982905e+00
1.206321732042739114e+01
1.000950483871904950e+01
2.480573980165665660e+01
6.282311898712850784e+00
4.713525680072398139e+00
1.412164470042511866e+01
5.829314980330753571e+00
1.677328414068806595e+01
8.547639817135054940e+00
7.445598478295389455e+00
7.657786406139936553e+00
1.848387852900709172e+00
5.782518863338886206e+00
2.367003542105824199e+00
1.399399240525431765e+01
1.660457715577266313e+01
7.623622863707478992e+00
1.012278238368453565e+01
1.254600765739874824e+01
1.871936682130869301e+01
1.172233001834068844e+01
7.575889693319625806e+00
8.017791057983494341e+00
8.329485350931586041e+00
7.370258950752664795e+00
1.427542482316874128e+01
9.378265910407908024e+00
3.560499634016338177e+00
9.159104075481540264e+00
2.031418818806036342e+01
7.642213674449512162e+00
1.291118322391484163e+01
1.013785600969493750e+01
1.689993077913375075e+01
5.079547534302663259e+00
1.880757872581045120e+01
8.898925704524613067e+00
8.549877359558985646e+00
1.344791714973812091e+01
7.993724519237193959e+00
6.530588286146695509e+00
1.971827485947841652e+01
6.158009774930290448e+00
1.297128086397721525e+01
3.789072404080606304e+00
8.436355801057747072e+00
5.930733200581958187e+00
9.088900925471389058e+00
