8.260748997649868031e+00
7.251918210541501431e+00
1.709015407647119744e+01
2.003216711536246919e+00
8.872998355836962503e+00
1.287297554599544291e+01
1.977706614220977244e+01
2.619119297406096170e+00
1.853338257131375144e+01
3.252256461469360538e+00
7.011675770386790241e+00
6.312269510303675446e+00
5.785859235379719578e+00
1.705889738113541654e+01
9.433479406600355333e+00
6.228124233766325624e+00
1.564248086643226010e+01
1.132198054005829135e+01
1.028238117767708459e+01
1.078249756699370465e+01
1.188141456505060134e+01
9.273072355084755358e+00
1.690579105530646586e+01
4.838398756968794956e+00
9.970980019424878549e+00
9.410480509153503093e+00
7.654148261798065178e+00
5.799582331970145610e+00
1.347629556797190098e+01
1.843204834922280710e+01
8.484778052717558694e+00
1.092013469590687436e+01
2.353068909164833133e+00
4.275797588803667004e+00
9.319803312043246635e+00
6.064258697039396573e+00
8.387469114449570995e+00
1.011331616021437263e+01
7.445234524574825485e+00
3.108285887243256163e+00
4.186758109234705927e+00
7.929391165795785845e+00
8.394144882483312031e+00
1.142164647469628669e+01
7.646813880655084716e+00
2.166102517040363637e+03
3.906730141628295350e+00
9.964343401568353187e+00
2.118709852444830677e+00
9.946395735828369666e+00
9.789264088016867760e+00
5.220271508137607874e+00
5.309431538763299763e+00
3.730656282420063263e+01
2.286375745150800221e+00
1.180661128807047078e+01
9.840842549429336117e+00
7.312669845310449723e+00
5.892180102123777630e+00
2.871657310554641906e+00
8.875911821096366339e+00
6.868779207448183044e+00
1.071024952815607456e+01
2.035256461727204780e+01
8.249831982457211055e+00
6.698196522644292550e+00
3.759315016203902626e+00
4.144877887875653144e+00
1.389992618861130147e+01
1.296004955750280274e+01
1.321347773483054588e+01
1.449924229546688714e+01
9.809740942312059175e+00
4.149950989057770379e+00
7.615814722500314105e+00
1.310703474876532937e+01
3.586407025069165311e+00
4.528034449687035057e+00
9.182085947019348993e+00
9.014464154050285671e+00
1.705993324935782596e+01
6.129753922337371819e+00
9.232464252680404826e+00
7.580498097043543382e+00
9.310539967707780917e+00
1.761834227814826548e+01
9.399563641647461054e+00
1.455015580519002150e+01
1.639312952514188737e+00
8.724197656282733249e+00
1.170719221548122491e+01
4.631742173010088948e+00
7.989391738337851656e+00
1.334306637758795411e+01
2.302748502247852880e+00
9.325675983989951234e+00
1.275663702842253144e+01
5.170246904567544988e+00
5.768099248619265929e+00
2.677504708002766076e+00
8.076561124357764854e+00
7.249311218779035393e+00
4.242606867378512447e+00
1.095833441807769759e+01
7.108554945613414056e+00
7.440441684167383940e+00
1.388556180445179855e+01
5.228541210310742038e+00
9.123298719575529958e+00
3.643074317455890831e+00
1.009045794263479046e+01
5.634528053369590062e+00
8.304751073793012139e+00
7.023032653045270024e+00
5.463643958223451946e+00
5.375447590875373827e+00
1.168262851294905147e+01
7.004226756868030535e+00
7.644449960167973401e+00
1.305478544096311033e+01
1.529602930964068186e+01
6.246656588891140061e+00
7.727129201717650275e+00
7.660027459129300276e+00
4.692437673224765682e+00
1.221913339978205393e+01
5.106102738268877950e+00
7.281359756229600855e+00
9.049956163223464856e+00
1.008249203613066314e+01
9.436441935811881621e+00
7.324711921774037293e+00
1.530238832168033580e+00
9.984413562401439890e+01
1.496253015634918171e+01
3.657036217281965929e+00
9.970610258922491198e+00
1.000626944393795270e+01
8.581723082057434837e+00
5.067276102425726236e+00
6.924479480170322887e+00
3.720905438809734900e+00
3.497484407714989807e+00
1.050355968157991171e+01
1.308293341535482135e+01
7.870078019012017201e+00
1.321701804859910112e+01
1.118167045833890505e+01
1.569307141538599915e+01
8.120597870144404595e+00
1.122141933634928357e+01
8.010217810247114656e+00
1.121315460995507429e+01
1.240940056198182084e+01
7.709031394338686560e+00
5.337922414997571252e+00
9.164420727682250245e+00
4.529707724883664355e+00
8.904661764722652251e+00
1.305065141756698743e+01
9.898539910905302719e+00
1.220893729560201102e+01
1.490799282776203327e+01
4.439209662545149371e+00
1.016450069628114150e+01
5.183297966972237880e+00
3.319002643707930300e+00
4.841583548978579010e+00
8.401797174158987858e+00
9.577081280080625092e+00
7.591094567801659920e+00
1.317745995332234443e+01
1.076747080127322143e+01
1.309152426212684794e+01
8.806753282364699231e+00
2.665442348738742862e+00
5.086981420771542695e+00
8.159300328148333392e+00
7.732385814755122766e+00
8.855354729604618669e+00
1.309492223057242200e+01
6.276435107216608245e+00
8.141821730081908015e+00
6.486648509679330488e+00
6.355125845494027814e+00
5.113268257267897354e+00
6.575417339390486227e+00
8.342967112999781776e+00
1.995153340685908550e+00
8.338286202135771319e+00
6.715501819895846047e+00
2.394103489815600838e+00
7.422532378647241913e+00
8.083337963175173613e+00
1.109385065424000594e+01
3.812859529361974698e+00
1.032236784737938073e+01
5.295890743496364905e+00
5.954154973782681992e+00
5.563588374623948951e+00
1.200370400903489987e+01
9.699318226424251677e+00
3.915800022622033527e+00
6.130100825085165184e+00
2.191203792383939231e+01
2.524945934225943489e+00
1.297911219714308828e+01
9.724149332578896576e+00
1.442929061724691131e+01
6.469793655456546944e+00
1.481113013443848736e+01
6.406793156137239542e+00
5.424202803020629737e+00
1.063167763160794799e+01
7.409218712123757378e+00
7.625501407674952326e+00
6.537664208210476779e+00
1.047711832922037978e+01
7.815934108996410501e+00
9.174190386913101847e+00
1.217427453342518184e+01
7.482413202629849991e+00
1.106287472991205334e+01
1.000716833995935673e+01
9.998107146195754069e+01
9.462313096853096184e+00
7.374014264076103942e+00
1.388765921242985968e+01
3.812316888881964587e+02
7.624700583735235959e+00
8.970395343949927991e+00
1.479604345496033602e+03
1.457437160915831242e+01
1.116081361182001253e+01
1.009908340269294413e+01
1.210569469936089604e+01
7.711022419600981337e+00
1.171308616517119816e+01
1.097577620972286638e+01
1.348895271675471719e+01
5.668114752098987630e+00
7.052277082211470649e+00
4.890304504607745884e+01
3.152519889211232051e+00
1.080808459767338370e+01
8.398802142320581865e+00
2.231624998557855122e+00
1.187587635155995613e+01
7.250079099505881253e+00
1.239008613042218521e+01
1.124332771586082025e+01
9.391626439353537137e+00
8.000148230610712119e+00
6.202954533212954757e+00
7.044461263096073900e+00
1.063172498716293823e+01
4.362267074438894277e+00
5.588340317927405820e+00
1.031056907542030565e+01
1.229895089433976096e+01
3.331714547617116828e+00
8.332733930062477867e+00
8.796951855945595256e+00
9.612129999751003240e+00
7.342871079004956947e+00
3.993911606877426301e+00
5.914464423497742374e+00
1.802580978164926861e+01
4.969181294709410501e+00
7.718750590390802024e+00
1.117595236569990291e+01
1.861236696001602908e+01
1.066389455969785161e+01
1.097874834562577639e+01
6.251568003413483510e+00
5.777241993512859608e+00
7.038338044675205296e+00
1.121789913800543559e+01
5.124062848267697312e+00
5.040534749294569572e+00
6.165160638984693797e+00
5.975398673887207579e+00
7.331689050721258205e+00
1.082812970005085873e+01
5.310670351291998159e+00
4.707939419870825759e+00
3.579113748639839443e+00
3.108217945510110436e+00
6.571783927277675019e+00
1.964557440187108384e+01
5.895567009553387194e+00
3.017711722493782833e+00
1.868716497370219187e+01
6.416893535968631213e+00
1.151176555260713030e+01
6.274232919983767864e+00
5.327702739738121807e+00
5.024376312052008409e+00
9.187171048252013250e+00
1.029363805299156454e+01
