1.504279110402150366e+01
2.063201253100745447e+01
2.362903218593690724e+01
1.937507340174602533e+01
1.514141374368552739e+01
2.994020065674312647e+01
2.464477542711674474e+01
1.903021080864851555e+01
2.654906310701516503e+01
1.761673757691143294e+01
2.513501653831623628e+01
3.067976218563676127e+01
2.977112420526024295e+01
3.388734430433814282e+01
3.067241956617894871e+01
3.193709142435550064e+01
1.721534807891153562e+01
2.069517680180521069e+01
1.245658036400113922e+01
2.237785363330279154e+01
2.453604692909783935e+01
1.326510267640926344e+01
2.828596488258152064e+01
2.491258011553557594e+01
2.193949519530866610e+01
1.141841643335790302e+01
3.969419661116406672e+01
3.024531238853686688e+01
1.450529368168582778e+01
2.204136204655261011e+01
2.523870577121758529e+01
1.871810920667553901e+01
2.638475914341168505e+01
3.701259146729572791e+01
9.354725750898964520e+00
3.104683304072815986e+01
2.409608658736681974e+01
2.286420237416352208e+01
2.018798435278421266e+01
2.162313095171682065e+01
2.384076767520893014e+01
2.541287748859027218e+01
1.638133594816567395e+01
2.772820301108739827e+01
2.478203197263722757e+01
2.355108232650502487e+01
1.642725190659232837e+01
2.530469082855513818e+01
2.539559106953051426e+01
2.899332442339416716e+01
1.231523113886959742e+01
1.699024278736247595e+01
1.985441835135589628e+01
2.933935941495974831e+01
1.626014097684901927e+01
2.458048693551908670e+01
2.423284982428245371e+01
1.450489903104750944e+01
3.218934063009489677e+01
2.951073423943152818e+01
2.909338882243637059e+01
3.635609403956122065e+01
2.850515012083717892e+01
1.771778913023662483e+01
1.310867320865693841e+01
2.662358601637074784e+01
2.141385677505739338e+01
2.137589813747112188e+01
2.793657621319443507e+01
1.652194963041484854e+01
3.268731350751716036e+01
2.521610491489212791e+01
3.392167983133858655e+01
2.331527751503937296e+01
2.696083365759108474e+01
4.646658536119461758e+01
3.017736593974679593e+01
2.312646143829925194e+01
1.736672425799189412e+01
3.048934135523457201e+01
4.598998522956225798e+01
2.002665943625202516e+01
2.022436498455162379e+01
3.302055917384041095e+01
1.980461640640307763e+01
3.195638720914477204e+01
2.146068435626119353e+01
1.921107372894745069e+01
3.926553947514400988e+01
2.361809884472169685e+01
1.918536623084688486e+01
1.154207343978960942e+01
3.849095312624763210e+01
1.048461871520152044e+01
1.285373478679271919e+01
2.135634618275254226e+01
3.440649374791781412e+01
3.766753814642176224e+01
3.319399191676434668e+01
4.081741535550625599e+01
1.677088804560669644e+01
1.609446733595472878e+01
1.850673336430246962e+01
2.460973732883448406e+01
2.514636525466909234e+01
2.389323793466204648e+01
2.944441082448700797e+01
2.526207157265699266e+01
2.394222704004831570e+01
4.053580271560305448e+01
2.154547289988894931e+01
2.239710630413140890e+01
2.770619155067605988e+01
1.403184797158732877e+01
4.701017113076172649e+01
2.231669849995465071e+01
2.557871595071888038e+01
6.742553847261291367e+00
3.083160551912021674e+01
7.297098771692761332e+00
1.345877532149236799e+01
1.551876691736908676e+01
2.991219324635921950e+01
2.421041345421838642e+01
1.542794525664001881e+01
1.303194251940377058e+01
4.254157879760163752e+01
1.224874169866166262e+01
1.652054641860470952e+01
1.680716557056543081e+01
1.813575792953288612e+01
1.878988860665028326e+01
1.859376593039288039e+01
1.533032092874739938e+01
1.194255133047243866e+01
2.189141802834756234e+01
1.317685101337707287e+01
3.238201295547391823e+01
2.323848419455993763e+01
3.041118799890860558e+01
2.296500024663201955e+01
1.747472600439987644e+01
8.868222073649974391e+00
2.671280302651328853e+01
9.256790604590230842e+00
2.764174477343283343e+01
2.009840850598672191e+01
2.609933280442887593e+01
2.045714391963211654e+01
4.283076640012983205e+01
3.859226084151924852e+01
1.867252449125521352e+01
1.857879333302833658e+01
1.724432524293540681e+01
2.590506443993549368e+01
3.971744549413047309e+01
1.970172633046364652e+01
1.527782176949887827e+01
3.075009056396882556e+01
1.561194933978421773e+01
3.116902789045812483e+01
3.981109812931025971e+01
1.761890644379538884e+01
2.996629193448760375e+01
3.137877472026647041e+01
2.188224735426314282e+01
3.581962861909774176e+01
1.895890277200808427e+01
2.895627159392369165e+01
2.546701110715200400e+01
1.552718958009660177e+01
2.875289733618668464e+01
2.500280321790909710e+01
4.000397608351102008e+01
2.908100575464923665e+01
1.036539487673883109e+01
2.880695065259716259e+01
3.016074507778394320e+01
3.505578956995346118e+01
2.335638397164174407e+01
1.407123732467384158e+01
2.127464894843671317e+01
2.107310816033664125e+01
2.413445994990374288e+01
2.677473377781245389e+01
1.460425918464804695e+01
2.903129214755686149e+01
3.312214886537328340e+01
1.486703586553303502e+01
2.035287482526333847e+01
3.569062015250278819e+01
2.417992558165973094e+01
3.193363878496451136e+01
2.295254645620108747e+01
7.271756096390918245e+00
2.864363156722302151e+01
1.746589913420518414e+01
2.124572296697077789e+01
2.853552411558702318e+01
2.604617323368998782e+01
1.224864155172229729e+01
1.019494097234673546e+01
2.467629770683376478e+01
1.981502584365999908e+01
1.465792814595011251e+01
2.916270946858212909e+01
4.770707896280026716e+01
3.729643547552210947e+01
2.859313054122554121e+01
1.359203487964347978e+01
2.236365783747558922e+01
2.782534732953576651e+01
2.913669112836706532e+01
1.477846492675560519e+01
7.605458487932149403e+00
1.775307540991897071e+01
1.089087659564906474e+01
1.031974809237257062e+01
1.038097665446417217e+01
2.066478297676886555e+01
2.964351124407757254e+01
2.507124889779982269e+01
1.069846354796098886e+01
2.424587786845323478e+01
2.033064111253207784e+01
4.325845914949291426e+01
1.492022440731514266e+01
4.761589694213261481e+01
1.929489046324846413e+01
1.055588992421002814e+01
1.436450446163587813e+01
2.427710619660813407e+01
2.570622801858440098e+01
1.519860049938009006e+01
2.298246553374579904e+01
1.119208185477644690e+01
2.316230181257971665e+01
2.262830930643704619e+01
2.811342048070726563e+01
1.839085932399184387e+01
2.706791170348079945e+01
3.948854040083408279e+01
3.003233931880354390e+01
1.099733336717374144e+01
1.816880326309831517e+01
2.373111545128670841e+01
2.591950287957587662e+01
1.573504618156271917e+01
3.192877736716086190e+01
1.394526676071436633e+01
5.076427477089973195e+01
2.849783876763933321e+01
3.821301686638174999e+01
1.640184062708395274e+01
5.630159753387690813e+01
1.632733956723014046e+01
2.190824460959592912e+01
2.107824466140601061e+01
3.771596319502510397e+01
3.376269113730949556e+01
1.632375773337938085e+01
2.063570436229347749e+01
3.446107827701719373e+01
3.520255286351876833e+01
4.580576141826649206e+01
2.183685115426065337e+01
3.632932180751200946e+01
4.058968352230748167e+01
1.530414131108422993e+01
1.571990601658132469e+01
5.143511479659031238e+01
1.786778474856591004e+01
2.187817156883141223e+01
1.874879323895034133e+01
2.835751447853424878e+01
2.425399230895241587e+01
1.175850510370616497e+01
3.177098915006191504e+01
2.425838463878569229e+01
2.075331953581383715e+01
2.566065497711669252e+01
2.163229269636257612e+01
1.561026364398052735e+01
1.511529576757870430e+01
3.213902192317877393e+01
2.907018378139924053e+01
2.132349761866605320e+01
2.726914846961494021e+01
2.447942200314672334e+01
2.361165097948095237e+01
1.376659214412361720e+01
2.481207950092320758e+01
1.555934458803669962e+01
1.426667863530704672e+01
2.489317313296489687e+01
3.285641689862367798e+01
2.141002778304835275e+01
2.064509003108858209e+01
5.195352984776075544e+01
2.917222014132536856e+01
