4.078423164171514514e+00
8.329585566651051209e+00
2.265038315747390740e+01
5.640151396499898162e+00
1.292493652133848059e+01
1.815306819571623720e+01
8.430097931176689485e+00
7.591828029893356700e+00
4.761708076843593318e+01
5.880502479278190364e+00
7.699826851065161293e+00
5.874258585637102570e+00
6.952823783927576606e+00
1.185235369995727162e+01
1.365291488333804892e+01
4.543745889570115715e+00
1.675895923797701670e+01
9.740135136464932231e+00
1.241886976359507067e+01
8.259288356287017407e+00
4.800017744664692998e+00
5.230381495911421652e+00
2.056656156619727938e+01
2.139582169869513706e+01
5.393136037623292189e+00
6.469640937391242907e+00
1.424572155054550215e+01
2.001744084133935075e+01
1.858882563008604194e+01
4.467161549775929608e+00
1.085715828449142428e+01
8.348755007138173312e+00
3.229900368692041468e+01
1.442325940415908292e+01
9.806366620705375681e+00
1.910398216061743071e+01
1.454879540926370218e+01
2.467275704183379403e+01
9.937554840304670734e+00
1.611322165999162692e+01
5.286522075630442963e+00
1.479452306033050446e+00
1.206856008163913074e+01
1.941565467952966983e+01
1.359874321473644798e+01
9.353779163205096836e+00
1.481084155652055756e+01
1.112170747450837816e+01
2.165984005429709924e+01
1.850244229377864258e+01
1.204339342714951044e+01
1.677698817483191007e+01
1.496860379535292473e+01
7.745845599250188229e+00
1.109021293027701205e+01
1.397263740968448786e+01
1.553953089443617230e+01
1.123665581710762496e+01
4.741094195759384178e+00
8.761595177850301397e+00
1.601589915462611557e+01
1.057165097750950977e+01
6.061776292282284651e+00
1.006431381465476704e+01
1.279688692143483664e+01
1.353987383989818660e+01
9.916287126348246161e+00
1.171457049749525403e+01
5.497094806877553808e+00
5.049583275136513727e+00
1.897059419562572558e+01
8.180809173313209115e+00
2.173005142240037557e+01
4.236418598075551323e+00
1.193081414059436085e+01
8.969113572251645294e+00
9.893783579848399512e+00
7.402054225774124419e+00
6.902684950827986832e+00
1.106363063823369686e+01
7.732330955306765397e+00
9.869168676050572131e+00
9.940197353308670714e+00
5.232804004319431712e+00
1.686238628938707862e+01
6.675675532399739431e+00
1.504133833278907950e+01
2.347775008458038570e+01
9.380747884626066124e+00
9.924183193439150230e+00
1.027666731543569689e+01
1.708870497724712578e+01
9.434947524395614238e+00
1.865235146261942134e+01
1.588304907556844014e+01
2.901894322957514305e+01
7.996571990272462571e+00
9.921623574118877187e+00
1.205122574377547195e+01
1.464264173584984974e+01
5.870615424819884964e+00
1.044244423318091819e+01
1.746861631895732003e+01
1.000294956672188107e+01
6.247408648622809757e+00
1.086281252280796394e+01
2.536958839282957001e+01
1.253591555459508733e+01
8.339753017878154040e+00
1.297116522049166853e+01
6.893269083890320559e+00
1.693153181849040934e+01
2.967438668433757698e+01
6.112264450031156926e+00
1.784245353060619976e+01
1.333131194767432426e+01
3.555075953870575400e+00
1.490047889254278068e+01
8.083446619487544282e+00
1.937051533096481393e+01
1.302793607828030353e+01
9.823233189039539681e+00
5.829487863424935412e+00
9.694573618680916383e+00
2.064833008406880310e+01
4.851353638765732335e+00
2.386018915017886854e+01
7.412905251703951315e+00
5.803997716318979094e+00
1.410048836996289090e+01
9.809095782673010078e+00
4.156546597998421078e+00
1.672345298815794834e+01
7.333338829786239188e+00
1.665763109836303002e+01
2.914693619173042904e+01
7.619100928903104197e+00
1.129029808888479813e+01
9.475542480198383188e+00
3.500497002032104898e+00
6.191722373501465704e+00
1.623119511535214698e+01
1.340452606027588267e+01
6.139772309037807574e+00
8.095922210326003565e+00
7.626341196000882228e+00
1.330342517214163500e+01
6.470652219526653148e+00
1.238784540277866064e+01
1.085489404769631427e+01
8.612427403052560493e+00
1.380085357770808585e+01
1.208766855256245876e+01
1.429643452455503017e+01
1.845505862614014347e+01
1.884643190896953158e+01
2.218987208328100991e+01
1.338233294962679842e+01
1.515962445783661039e+01
1.827134644103310990e+01
2.418856730160381119e+01
2.457999143359904082e+01
1.195377355037463829e+01
5.063001015662186077e+00
3.098364976181844099e+01
4.762746061029757172e+00
1.258829512072031953e+01
1.404766670535198969e+01
1.337743670626884551e+01
9.844986025517400208e+00
1.376048804241734480e+01
1.318236781937355673e+01
7.344425424968025418e+00
1.989493335703696530e+01
6.895341386145151574e+00
9.873762176314162531e+00
2.161483496872820353e+01
1.875652277344655161e+01
4.021655456729259015e+01
1.120411707860371209e+01
1.524155664127160748e+01
7.486577106582780416e+00
1.320364799601414596e+01
1.097556974142070452e+01
1.307367640783334117e+01
1.654067892346312973e+01
1.886376703990799086e+01
1.083937527027016401e+01
8.462457999997187841e+00
5.167903240142021559e+02
2.392808086976826942e+01
4.254390401686320189e+01
1.805782949641638524e+01
7.623975369767536314e+00
1.662534008081702197e+01
9.869941534505304759e+00
2.117443970807765297e+01
1.717172398639360864e+01
6.846724225594962299e+00
1.457273000045153388e+01
1.663873242121673357e+01
1.309952733982825812e+01
2.509770482187066420e+01
1.643972537729374750e+01
2.673051067656629698e+01
1.946958592089206164e+01
9.708728986723469845e+00
1.178205676728876483e+01
1.069045605464871862e+01
1.973245771408202032e+01
1.504235824348545236e+01
5.240894162756058350e+00
2.793600360245026692e+01
1.979605462761598034e+01
1.358589784510836473e+01
6.589710755103658890e+00
1.945831762320770864e+01
1.816152672953710123e+01
8.155098921545789636e+00
9.978238751185498856e+00
1.382142423975323453e+01
1.290915122439891149e+01
1.669390645453962563e+01
2.935801855899585178e+01
4.096659854319699257e+00
7.992192989150770366e+00
3.591120653118816897e+00
8.645386300853370898e+00
7.522697230503035293e+00
1.314904510024000750e+01
2.077960640813377680e+01
1.778300199790819391e+01
5.681039172304051199e+00
1.232829370934554092e+01
1.592387782202093760e+01
1.470122631362767507e+01
1.504760973840129346e+01
1.563763804377836131e+01
4.697370354784987434e+00
1.020251301383633447e+01
5.531138988463409234e+00
1.413048833853834374e+01
7.926381510900958993e+00
1.379034510417109516e+01
1.225929435507223886e+01
1.479733975295046733e+01
7.460483087795857671e+00
2.140171912698565038e+01
2.307920037875824448e+01
1.423022933043714744e+01
1.726559543621735315e+01
1.027337972789622889e+01
1.405733997823334569e+01
2.065615574092353768e+01
2.045276102045133015e+01
1.441465931521672061e+01
1.369694501971666512e+01
2.709211129280585162e+00
6.665103648949074255e+00
1.897503689764127799e+01
7.009418682296342240e+00
1.302903156531586149e+01
6.775002563247363163e+00
1.496461945019442119e+01
2.640059429374805866e+00
1.727789839049291487e+01
4.408779661250495678e+02
1.278761138569832490e+01
9.883398774943739085e+00
1.926673702864716020e+01
1.441410169296766242e+01
7.235609830487597982e+00
6.257986285911290913e+00
3.451054516466215194e+00
7.452057340220068937e+00
1.214748905741758556e+01
1.371918309564092908e+01
1.261738803794678887e+01
4.640704379566211912e+01
1.296370617897377819e+01
9.163360189101620534e+00
1.823480491714684248e+01
1.009536063446370591e+01
9.240179476005415893e+00
1.137048728724234081e+01
1.237990712164316953e+01
1.406728936637147775e+01
9.043582508233518169e+00
7.923271349520136120e+00
1.082692005877306052e+01
1.594669131342003965e+01
9.224718569580881322e+00
7.256370157630878559e+00
1.106154128758457489e+01
1.978714689024354456e+01
2.154765651811008453e+01
1.206985754257111410e+01
1.420979916813059241e+01
1.387114391589670426e+01
4.756525956164668223e+00
