2.949864143881490985e+00
8.546052822987457276e+00
1.625518907120165579e+01
7.159250367269945237e+00
2.227093744965531474e+00
2.290187965299988360e+00
6.960960524286816664e+00
2.487556553601261378e+00
6.269961106397716755e+00
1.174011724764079645e+01
7.121130244214744387e+00
8.011806670916065798e+00
9.186796517577489496e+00
6.655646961543950191e+00
1.358511903267267584e+01
2.141806859377441086e+01
1.173287041959592969e+01
3.036873114411279051e+00
1.232101967309000567e+00
1.773831620415323940e+00
2.720925979821909735e+01
8.284173073388295450e+00
1.018901189889792391e+01
7.735880332068780341e+00
1.242169846042416381e+01
4.881249776477742941e+00
4.238765865006664413e+00
7.970804329253384779e+00
2.896341725803599942e+00
7.016710245006277269e+00
6.300933102995043278e+00
7.056987771324516601e+00
1.036978036408248194e+01
7.540233588715749669e+00
5.975224042870707741e+00
5.714316696786964300e+00
8.204626246075568119e+00
6.542187063357459031e+00
5.778319319112068086e+00
7.272193548964667187e+00
1.073323888371636059e+01
8.021054468988534580e+00
1.702944739181190315e+01
1.463532595051499108e+01
6.045651412124927404e+00
3.449253099807190637e+00
4.480351562167833812e+00
1.319699318743270133e+01
1.033932695900854881e+01
5.545438690023757999e+00
6.667702252604594371e+00
4.185865747984852447e+00
7.056144704682350444e+00
5.415183858589345256e+00
5.037527440235108678e+00
2.458883572423876895e+00
9.712117986009554116e+00
8.755215961563473925e+00
1.042347875624868259e+01
2.291322542414108820e+00
1.234185036324480222e+01
9.277444281366586054e+00
1.121331569578390663e+01
4.526827215787936787e+00
3.145285162557777348e+00
9.647439478271390811e+00
5.755694483309373943e+00
5.792776120950009933e+00
9.363706548459841628e+00
1.352062259587848558e+01
1.062211644016021239e+01
6.075151533823820671e+00
1.028691477761315909e+01
5.575764810204165478e+00
1.002496462090131324e+01
9.393237596369898412e+00
1.238606785664342524e+01
1.086072080077142843e+01
6.045157415865757500e+00
1.239659125624850766e+01
1.934483483020465400e+01
8.007266353133978498e+00
1.049580473866105024e+01
8.129914180696951931e+00
1.074640779963195492e+01
1.774905147425520369e+01
6.925375456265349783e+00
5.449220722768839842e+00
2.079766397002108036e+01
1.008983141294250885e+01
8.460839126068645299e+00
3.425616701701606814e+00
1.301047985367207538e+01
1.591919084246242555e+01
1.405899523315553701e+01
3.658422872424160310e+00
4.115519085178541481e+00
5.021755012887474834e+00
5.102229528656717861e+00
9.127477903518403934e+00
9.414595609621937200e+00
6.176207874123378794e+00
3.547236392171224661e+00
7.190842862085227161e+00
7.603673162167556399e+00
4.189751809543605710e+00
3.163154925004280749e+00
4.486133805135431807e+00
5.225179328428463776e+00
7.319708821120642916e+00
8.196528118474722291e+00
1.484526098843067388e+01
1.127525041313044873e+01
1.050381549489591926e+01
6.504516678467974877e+00
6.167271577597134069e+00
2.217749869130085116e+01
7.655057002064295624e+00
6.025155935302970001e+00
7.948242169492325537e+00
1.624697869798941241e+01
1.058662449551133733e+01
5.689514413118281766e+00
5.108674271539966227e+00
1.877655748436369976e+01
1.075002268397716598e+01
8.856996759132794494e+00
3.332236770903199030e+00
8.230727202342473348e+00
2.549530540938594658e+00
2.441760619365922924e+00
1.340038997293745560e+01
1.700285284077197545e+01
9.922429076960101568e+00
1.077340333540836603e+01
7.665428316971743428e+00
8.687105626988035567e+00
4.837329872803086239e+00
1.873220826060726552e+01
5.945634319715837890e+00
9.004228271574621800e+00
1.143213040654180190e+01
4.114431393766934342e+00
6.488897151839870148e+00
8.995187947103834958e+00
6.181878618794327984e+00
5.213069337790605218e+00
1.128230352323075891e+01
4.988250089335002357e+00
7.460440198151855107e+00
6.247238541461223704e+00
1.117268022589476750e+01
9.819294249145285036e+00
7.751169053988295587e+00
8.256930631956102218e+00
1.038295467461625954e+01
1.312577748870561223e+01
1.042208348207467772e+01
1.742975644702427829e+01
4.412089499845611051e+00
2.549896442213885894e+00
1.222045620784560249e+01
9.279691915549989290e+00
1.209508589566654102e+01
4.023515262889831412e+00
8.199560336319052567e+00
8.626834549752654624e+00
1.046389875822663562e+01
5.988847587003968798e+00
1.809742374543848120e+00
5.412192385641780845e+00
8.171527301976807323e+00
8.840929018377492454e+00
3.245576780720701660e+00
3.863454422485529172e+00
9.876492670077306357e+00
2.884235199353296419e+00
1.185342666281479929e+01
3.417983014946538223e+00
5.803024249837344328e+00
7.634572895268137316e+00
1.386729812811153906e+01
5.460148592220991581e+00
1.109490957571256864e+01
1.885985210693287950e+00
1.424203341743404927e+01
1.514869324845238907e+01
2.105165831600260873e+01
1.247998618507231505e+01
1.053128242276583215e+01
2.333390522140407874e+00
6.343049820469945921e+00
8.402579299179247840e+00
1.347129025221152077e+01
8.276243925340635244e+00
7.752543179276539576e+00
1.157512087024858971e+01
7.024098582772825061e+00
8.369157021684300091e+00
8.458344361131675981e+00
6.510041698565688151e+00
5.452557681461237316e+00
6.328504891247837882e+00
8.983163151700615856e+00
5.742045433087573869e+00
6.260935966316226953e+00
1.362838854778747333e+01
1.337673389060607221e+01
1.017686408522306962e+01
5.555639072273184986e+00
5.455438825602415776e+00
1.612940408810194270e+01
3.883173716619501281e+00
8.998772196797528267e+00
6.411727529513601809e+00
6.691050708382492829e+00
3.989883989569196210e+00
1.132184178635285399e+01
6.977587390312138815e+00
1.335039229176703124e+01
9.135875302901389716e+00
7.914745357457915631e+00
6.878550005082407104e+00
1.113897979138393879e+01
8.928929747657742055e+00
7.153984943014305209e+00
8.212688670843112604e+00
9.539504922765219774e+00
1.038021381813538468e+01
1.152911322397586780e+01
8.650829864700240179e+00
1.233197921742961611e+01
4.785551130952788057e+00
2.532682804250490083e+00
1.665592962940235822e+01
1.180208597691049910e+01
8.054604182234639254e+00
6.481380132783967518e+00
8.181547990117801206e+00
4.427490775215487062e+00
1.041804762584590094e+01
6.030648941017023645e+00
6.430681026165177450e+00
7.238449392096808488e+00
9.375169415559190256e+00
2.927172601045303413e+00
8.633041937344415828e+00
1.426234817125021337e+01
1.309826095858690387e+01
2.336555612296933759e+00
6.456390062439932187e+00
1.154410771188514850e+01
8.360682463696051059e+00
1.713080785704194042e+01
1.480502143094479450e+01
6.566626789233954931e+00
6.567747428582785041e+00
5.779368459375394451e+00
1.287410122739612284e+01
7.103446141924826485e+00
5.117467487348323019e+00
2.839045554557483086e+00
2.149754918981775731e+00
6.019195336941718821e+00
1.346487065922113935e+01
7.417347866996705008e+00
1.199276098060599338e+01
1.504526362478307178e+01
1.119185712864861770e+01
9.065438328481562280e+00
5.277776132931069064e+00
4.505624420371070471e+00
1.158235810697581947e+01
6.811554934259406835e+00
8.048944315883018064e+00
1.004747406086928407e+01
5.825821150043861252e+00
1.004730353174368851e+01
8.812822846498686857e+00
8.075145725891461623e+00
3.177519930094298228e+00
8.386324448319758318e+00
1.103190081686194546e+01
6.635060983188341588e+00
5.407853614739675407e+00
7.192674872121839869e+00
7.752643918671459744e+00
8.881373179777453331e+00
4.965288453668846635e+00
7.693157717163479070e+00
4.731624841201836240e+00
1.112469821279736415e+01
8.295320966139769325e+00
7.936851234590631243e+00
1.071213863380430098e+01
5.337112648035907903e+00
8.106107081590231189e+00
2.011943236421718240e+01
2.043623656760094676e+01
7.477868956590588034e+00
