1.391081043810001283e+01
3.075554515328426319e+01
3.859907790691806184e+01
3.236851633099040981e+01
3.566687346121360491e+01
1.534912911913949074e+01
4.006096818787246150e+01
2.467725222869063728e+01
4.173846456832295360e+01
2.138696364094744240e+01
2.636516666866253544e+01
3.241436129088893381e+01
2.471048965302462008e+01
3.617203987385757102e+01
3.930734053198720801e+01
6.485116911608824353e+01
3.509561343600910277e+01
4.467946990594003154e+01
5.836911487880942673e+01
3.364406591209773012e+01
3.035449309976085530e+01
2.768508258810701506e+01
4.923907437868033554e+01
2.256590416487282269e+01
4.899689297369839380e+01
4.314233287648089288e+01
3.904560654380193796e+01
4.806350850158872845e+01
2.654527764389306554e+01
2.002263817213550823e+01
3.471590125025119988e+01
2.446509855626062802e+01
4.736564639642248409e+01
3.629704245055360445e+01
2.874378272462461226e+01
5.058005516902917975e+01
5.766417406483641628e+01
2.838618437047933440e+01
4.055309934663547011e+01
3.335233672144190820e+01
5.550053018448536335e+01
5.011801122218164295e+01
6.890347063635853431e+01
3.912224035249246157e+01
2.169649825640468066e+01
5.955044976028540304e+01
6.892975873520195762e+01
5.645708398720353927e+01
4.413797722467547402e+01
2.558406884546509374e+01
2.979995958840468262e+01
5.067403420293633332e+01
6.033065315805621509e+01
6.143886874240116214e+01
1.738363990476922254e+02
4.114892694319648569e+01
3.549894037311803174e+01
1.581947313829397039e+01
3.533119936326081501e+01
4.726575980807968591e+01
2.869475361307330630e+01
4.191347181136477218e+01
1.982773140096706044e+01
4.290255797056143905e+01
2.293786601407554926e+01
4.784299896567689814e+01
2.102529210037850760e+01
3.900336312784286719e+01
3.712386658132354000e+01
4.334508468854979668e+01
3.512797693397689613e+01
3.114436039415240742e+01
3.057003050006223788e+01
3.442420586027716922e+01
5.031908053865972619e+01
3.033009435194932379e+01
5.411086532320357634e+01
5.188897774147459074e+01
3.570513824856870855e+01
5.223286604978213177e+01
5.367668952461692555e+01
2.263072245877492605e+01
3.162799128961296802e+01
7.700467765555355015e+01
4.914573195447199083e+01
2.339869118781095025e+01
4.408723257077536317e+01
4.134570392466995514e+01
4.498386598661021196e+01
4.337277647688266313e+01
3.771031599333350925e+01
3.214300716321640294e+01
1.986285800691820569e+01
2.766403169075769952e+01
4.847061144680289146e+01
3.744084612005963919e+01
1.839594694377693074e+01
2.487944527605663225e+01
3.024716775486843900e+01
3.893004308425354765e+01
4.115229155846981968e+01
2.887747349760552851e+01
7.202859306076557289e+01
4.948945581556130691e+01
4.534815661851617818e+01
4.423388049035722247e+01
1.327348510628848643e+01
3.166019986650628582e+01
6.335148382361881403e+01
3.434855120757028146e+01
4.326850481061932641e+01
5.277013926726362314e+01
2.306916519622676987e+01
2.834884892161648295e+01
5.738156797467712522e+01
5.620030186759428403e+01
2.747367394117204142e+01
3.851812070387212117e+01
5.033793916073962293e+01
3.778698596872356319e+01
4.126315820307021198e+01
2.954072913330473327e+01
2.662658935500228807e+01
3.404534347620644041e+01
4.345211709996335969e+01
5.027563688559767741e+01
4.034193710971459268e+01
3.502140397180386344e+01
3.062998263855822501e+01
3.819158400754209026e+01
3.263603536362059998e+01
4.897422960651245205e+01
4.899335372364978980e+01
1.845614613613761534e+01
2.459977704672185439e+01
3.606780904330234705e+01
3.067313583814448563e+01
3.239220485900079893e+01
1.256790144882847038e+01
2.827903528903478403e+01
2.043792796011410218e+01
3.378210866548295144e+01
2.322976401274188873e+01
4.907044746180375938e+01
4.359012017285293439e+01
3.019074532473836214e+01
6.008816615986776810e+01
2.446756735572745711e+01
2.240176158403624385e+01
4.334477819748458671e+01
6.148701420733018352e+01
3.567027668984856348e+01
3.165134988067294231e+01
3.973220290110016606e+01
2.502969880517683521e+01
4.274271949070463705e+01
3.582807093548780841e+01
2.854987904876943716e+01
3.835302112959712417e+01
5.621143273254286044e+01
3.184898123838847539e+01
3.137679167671197789e+01
5.126831892968172610e+01
3.674381204718330451e+01
3.381935157001538528e+01
3.089860157076251923e+01
2.334839517298943079e+01
5.406012882357342875e+01
2.720457565318784177e+01
2.954507574841077044e+01
3.999406546976020138e+01
5.837464095167867839e+01
5.427406882713761149e+01
4.807720304256819333e+01
3.820822148403621554e+01
3.134200679719782201e+01
6.377002480379390192e+01
5.259305157215312221e+01
3.507062412393426598e+01
4.326911344920667091e+01
4.013479203279064933e+01
3.871568499266721375e+01
4.979013607335940605e+01
4.287735221424239995e+01
6.362137581963331456e+01
4.922846784580553248e+01
3.883293950562135421e+01
4.867753619133997489e+01
2.821567316226225586e+01
2.708496663665604842e+01
3.235468877945764632e+01
7.856717519068739364e+01
5.029723649617129411e+01
3.982972402476969620e+01
4.014891100299684012e+01
6.650392976080991048e+01
3.658103337004405375e+01
1.864772017171211616e+01
4.755972452691242580e+01
3.205220010200771696e+01
5.105736652002389775e+01
1.982053239209021100e+01
3.046470595575044626e+01
4.270381634859946018e+01
3.110027919072584623e+01
3.612056621878257090e+01
3.580121249279397233e+01
3.118561800040730603e+01
5.464670762202529630e+01
2.865111149771306387e+01
3.140684474027050044e+01
6.315612726281845113e+01
4.358273400544494791e+01
2.052210601608134866e+01
2.672671721831476432e+01
4.790360085375474597e+01
6.153554739525782935e+01
1.370182396502456079e+01
3.017987527704235262e+01
2.023282955130907723e+01
4.245408304919463660e+01
2.299565941991336260e+01
3.083553747427546554e+01
5.315609074723769112e+01
2.534625504678876595e+01
4.348474389412621122e+01
3.942972379800382043e+01
3.897868232503726205e+01
2.321373099110712701e+01
5.474092727094050304e+01
3.976998333374520200e+01
2.968002654571902710e+01
2.871026667795412735e+01
3.494158743131060874e+01
3.798451035369115658e+01
2.484546792744459154e+01
6.161970586396833482e+01
4.291594693080698164e+01
5.245543236079300442e+01
3.157710917058576783e+01
3.649171546765406760e+01
5.362476280119443572e+01
4.120152508090899346e+01
2.945511698674115664e+01
1.912895821114253181e+01
4.269764643507442514e+01
5.998466215330255835e+01
1.259727246767991105e+01
2.705896768056615542e+01
9.277103182568193063e+01
3.793025574691590407e+01
4.336650808883680952e+01
4.032553737534137639e+01
4.512921905764555675e+01
3.388810762930975784e+01
7.233792069569682326e+01
3.225501716780754435e+01
5.272616842132600112e+01
4.889228770176615058e+01
2.363709328598609005e+01
3.896562959466594833e+01
1.451897156625069272e+02
4.917544904330463851e+01
5.878842747837849458e+01
3.619846638992413546e+01
4.576101740231693782e+01
2.438646666019856823e+01
6.812673403493620583e+01
2.967450141929656482e+01
2.835733402314922458e+01
4.430698437912273135e+01
5.568450013966231182e+01
9.442002413063465838e+01
2.211355080647878424e+01
5.755682928851801705e+01
3.000317099160244538e+01
4.385079014770423100e+01
6.231173875145191943e+01
5.057333743188866748e+01
6.225783640847529199e+01
5.157274304721934044e+01
4.056829135756748173e+01
4.446200545902317458e+01
3.563358140662315776e+01
4.950317396369936773e+01
5.037381231571938400e+01
2.305998208366434454e+01
2.976652095638123185e+01
3.644756118627731212e+01
6.296269707352649903e+01
1.760832051051293590e+01
3.131124990988138634e+01
5.058792460608943031e+01
4.235412274130394650e+01
3.873949494283621675e+01
2.459531602314773835e+01
4.214682043868496919e+01
4.033541060553547908e+01
4.747046649030048826e+01
4.274903315785452662e+01
