1.330661489774575966e+04
5.682180413953114112e+03
1.359140682279335851e+04
1.579446330502779529e+04
1.259359943085004124e+04
1.289163785715926679e+04
1.251108483379814788e+04
1.270752145117502914e+04
1.270032930534279512e+04
1.516332809061218359e+04
1.589716076923080800e+04
4.412531513980395175e+03
1.536262317668014293e+04
1.473718415061737323e+04
2.401181379465224018e+04
4.849966903965147139e+03
6.475463217449999320e+03
1.402202316056626660e+04
5.293291649524105196e+03
1.444405983161107361e+04
5.491252291317901836e+03
5.611929243999192295e+03
1.307815911215007509e+04
1.563017285660060770e+04
1.593050289093404353e+04
6.733837427074553489e+03
6.634038714771751074e+03
1.579390751648914738e+04
7.842908506005315758e+03
1.340148010097659426e+04
4.600362965449394324e+03
1.497668754916725266e+04
1.323617881040370594e+04
1.394341928778571491e+04
1.480492198820516569e+04
1.333136448650390048e+04
1.446358026154317486e+04
1.595455504593187470e+04
1.331651408124821501e+04
1.240180864311568621e+04
1.474535657778889072e+04
3.707599280296044071e+03
1.511327715771893781e+04
6.613484091566673669e+03
2.697033212806906158e+04
6.378498478747615991e+03
1.343973066562678105e+04
7.328370374674945197e+03
7.910295899423483206e+03
1.539371704378528921e+04
1.105662157568020484e+04
1.144684214502183204e+04
5.129397228966045986e+03
4.375185344679007358e+03
1.568817963264310856e+04
6.818229059159701137e+03
5.089619192041957831e+03
2.331761261652217581e+04
4.748403811060649787e+03
1.620308463295804177e+04
1.111803970179035241e+04
4.898889432373727686e+03
1.616053357227057677e+04
1.400142881901991859e+04
8.431892097980940889e+03
1.985247852048150162e+04
2.456075954744474075e+04
4.786648091326437680e+03
2.399968006388034337e+04
1.463870565000122951e+04
1.542916906818551251e+04
2.153311003367894227e+04
1.626173216350929943e+04
1.590803259101044569e+04
1.461794831643243560e+04
1.353987598140175396e+04
4.247344375877515631e+03
5.569302201832461833e+03
4.803518640290706571e+03
1.338378863529782211e+04
1.565463739184071710e+04
1.462518955248911880e+04
6.241800565539456329e+03
1.168691790680582380e+04
7.511044129853362392e+03
5.087997309880861394e+03
1.537593927390305726e+04
6.127166515614422678e+03
5.659884239934936886e+03
2.349731837994172747e+04
7.202898588768575792e+03
1.555317399040700730e+04
6.510578024802258369e+03
7.177822508780469434e+03
3.227983139989340089e+03
2.816703878694819650e+04
1.563799646133965507e+04
1.733495348717488014e+04
2.863770322475392823e+04
4.656242933795328099e+03
1.365772351260956748e+04
5.370017711355390020e+03
2.519360099001148410e+04
7.009392682821201561e+03
1.581472962285400354e+04
1.130632132751320023e+04
1.422150823815163130e+04
4.352205473493479985e+03
1.510477951645042958e+04
5.624085909650037138e+03
1.040033544602962684e+04
1.364526462735304995e+04
1.333116733790641774e+04
1.403802340316541995e+04
2.284644597152973802e+04
7.350659900833865322e+03
1.266883120701237931e+04
4.525120810627999163e+03
1.301384945200596121e+04
1.503753308017126801e+04
2.356403712745670782e+04
1.638907244319803794e+04
7.282444746657565702e+03
1.341770899888034728e+04
1.485873342473479352e+04
2.385427347320749323e+04
1.358038837540212626e+04
1.093563193290831623e+04
6.263813724158252626e+03
1.472115376287414983e+04
4.684658540852071383e+03
4.234804437127624624e+03
5.345924743495857911e+03
1.567598053104740575e+04
1.548449651804152018e+04
4.452778985325475333e+03
1.655851916175568840e+04
1.076067222231868072e+04
6.893326558844664760e+03
3.227012512806895302e+03
5.768572890556567472e+03
5.235909304023583900e+03
4.904009303029426519e+03
1.473455060911436158e+04
5.166773290294943763e+03
1.737092036550085686e+04
4.863809655339402525e+03
1.331425947497693051e+04
1.378532432130652160e+04
6.070906731116116134e+03
1.448401863556415447e+04
2.589811337150596228e+04
1.586109079661561918e+04
6.195503918041444194e+03
5.167587621350425252e+03
1.108394483314246099e+04
6.128422328008934528e+03
1.419418505588945663e+04
1.583037690075657702e+04
4.406076396101875616e+03
1.376784774778603060e+04
6.660177191592433701e+03
1.529280702305818886e+04
1.352140526845526438e+04
1.032482964275498125e+04
7.502376993553339162e+03
1.419981069533452319e+04
4.808648420209468895e+03
1.329104315467893321e+04
1.517974528414577071e+04
4.998886686038194057e+03
2.764064560747995711e+04
1.389884052511941263e+04
2.494123839299990505e+04
1.484723460717886519e+04
1.597206714187598664e+04
6.147385156642656511e+03
1.438373161270367382e+04
1.457353304638358532e+04
2.571458375351589348e+04
1.602109649282269129e+04
1.527629160360290189e+04
2.151442910459123232e+04
1.376452296626554744e+04
1.503266079581666418e+04
4.804629617521468390e+03
1.389582418497039180e+04
6.035318913134469767e+03
6.627997434036005870e+03
1.538102947176676571e+04
1.535437972330793673e+04
1.132771262996624318e+04
1.594840747996853679e+04
1.487058943854796598e+04
7.152576546304559997e+03
1.546497666039531578e+04
1.467150094157558306e+04
1.353391839826922478e+04
1.569984665693691750e+04
6.521618180557316919e+03
4.820546532083324564e+03
5.457701203463562706e+03
2.784731201804804732e+04
5.418495033636842891e+03
5.818730782586328132e+03
2.610249046546034879e+04
1.284576596992732448e+04
5.247332928707509382e+03
2.514151419408638321e+04
1.489623118367777352e+04
1.067738665323235728e+04
6.033636047304132262e+03
5.547877904892170591e+03
2.810545819914358435e+04
3.521765264452772954e+03
1.667294521652498952e+04
2.410561760205022802e+04
1.401320971434453531e+04
1.625590603213603936e+04
1.395510901442786962e+04
5.242789561666691043e+03
7.104828382464151218e+03
4.603451715806510947e+03
2.522669058349507395e+04
1.197051306229629699e+04
1.329138921245167148e+04
1.401418128411901125e+04
7.195491695596515456e+03
1.687768060798570514e+04
2.516598479157547990e+04
5.877917951115912729e+03
7.457974533148719274e+03
6.053477263406925886e+03
4.871453641646326105e+03
1.191589168775666803e+04
1.608271236944655720e+04
5.036045520531703914e+03
1.369630614255769069e+04
2.673408264414780933e+04
1.399876293506215916e+04
5.251895020435411425e+03
1.245399206510126351e+04
5.640211479852206139e+03
1.489225695724013349e+04
4.893959810614588605e+03
1.555830866093928853e+04
4.682785439664225123e+03
2.516274159466703350e+04
2.628024482185190936e+04
9.200361203078189646e+03
1.365650734138883308e+04
1.517554680234382795e+04
1.225947187415721055e+04
1.218466270881770288e+04
1.468758665372346513e+04
4.332608890398173571e+03
2.688619780752496445e+04
9.507928956354171532e+03
5.562901169051418037e+03
1.452815303119183591e+04
2.404683139508383101e+04
4.521172635554178669e+03
1.605448342905946629e+04
5.427609093045882219e+03
5.981419278156152359e+03
5.213648680722483732e+03
2.135601078883907758e+04
1.215365726566323974e+04
5.434582705677412378e+03
1.216648994569703973e+04
7.239299495366608426e+03
1.394025627065897061e+04
1.611472857391924117e+04
1.227912515313069889e+04
1.335834644329376169e+04
1.556999142901605410e+04
1.197604378853861817e+04
5.489767247190413400e+03
6.684419418835494980e+03
1.495229628720143228e+04
2.655076281998120612e+04
1.567283894128674365e+04
1.234976727744775781e+04
2.326476951142709004e+04
2.204216500993530281e+04
1.477297616023997398e+04
1.309027000747600505e+04
1.389860070500030633e+04
1.574373676544984119e+04
1.333122090262390702e+04
1.294668695336641758e+04
2.810986538352504795e+04
2.743104056752018369e+04
1.423226855191415598e+04
1.667454079473421734e+04
2.555637878585239741e+04
4.745431356894601777e+03
1.425715917205141704e+04
1.487565088211817965e+04
9.894729708971000946e+03
