1.057170027086180113e+02
7.763082650122302653e+01
7.865601246544291314e+01
1.096768638597981607e+02
1.182511815968433666e+02
1.082483557677969799e+02
1.437234595474727143e+02
1.246390106903740786e+02
1.008591491410516454e+02
1.320980956856501791e+02
1.417836168759381223e+02
9.618923997989610086e+01
1.217766583668916240e+02
1.282254415973155517e+02
9.444086938342958604e+01
1.278018048523972112e+02
1.356367878905186615e+02
8.524905343403814584e+01
6.308439290666763100e+01
8.685820714288549027e+01
1.021928614376299294e+02
9.091500351718843831e+01
7.625827900506772039e+01
1.427441395906425043e+02
1.150019335465358381e+02
1.549831075954348307e+02
1.162506549055128033e+02
1.567023681145973342e+02
1.356264089525271572e+02
9.300735476741037644e+01
1.157430970327140898e+02
1.324432439661305239e+02
9.268923015541982124e+01
1.614096997874331407e+02
1.302995314098639312e+02
1.376850140123577262e+02
1.369539586859858673e+02
9.893526525267542127e+01
8.018950382805871868e+01
8.345065132860838730e+01
1.123083105189877386e+02
1.115655722443886617e+02
1.205333065335055238e+02
9.291787639005163157e+01
1.768878296975826174e+02
1.184582020794571378e+02
5.583634689115597638e+01
1.193068312664906756e+02
1.114842848779521916e+02
1.328247604495273890e+02
1.793726877441104364e+02
1.734636391267615636e+02
9.221888867746268659e+01
1.355034421767461765e+02
1.104483837584531614e+02
9.181100962379156272e+01
1.376089609547482837e+02
1.242494253329647904e+02
1.384141610960586206e+02
1.238240649553442978e+02
1.192784451313947471e+02
1.324312088108895296e+02
8.911079254770737634e+01
1.135617005811626683e+02
1.292186579669825903e+02
8.343808483675772436e+01
1.314201014332283819e+02
1.441168800874389433e+02
9.939823252185837532e+01
7.633644759186175577e+01
1.131780291753717336e+02
9.893384379208984569e+01
1.149456788396157805e+02
1.364896578427157579e+02
6.940807442678051586e+01
1.284959002278530420e+02
1.360089574765726752e+02
1.162849818499866217e+02
1.090920798647835568e+02
6.387300176997717926e+01
1.241742781085194309e+02
1.239071709727031561e+02
1.493764170314869943e+02
1.075249129926694280e+02
1.344449733279722068e+02
9.472848113527339819e+01
1.606592008545639203e+02
9.588249338333380933e+01
1.265809503119942292e+02
9.063036268695529429e+01
1.185052983606888546e+02
1.321402690650473630e+02
1.015428928351418278e+02
1.238258582157956766e+02
1.103665438819610500e+02
1.350607676588901711e+02
1.177247251881026102e+02
1.290817476541569135e+02
1.425814198986340955e+02
1.170907853817300435e+02
1.299525993084888285e+02
1.060045232446329777e+02
1.290698648422703059e+02
1.248968150490701419e+02
1.329372929515724309e+02
1.239375823235165655e+02
7.108449788607561004e+01
8.888406378341802849e+01
8.064949152169754143e+01
1.408537946260798321e+02
1.039185271415205705e+02
8.857849179589362620e+01
1.360003114443341019e+02
8.094949199167713516e+01
1.017115152365221746e+02
1.102020898109640825e+02
8.266680234616254097e+01
1.297362877561621985e+02
1.904568863612832104e+02
1.274171651210059935e+02
1.389989192631235539e+02
1.044027931484151708e+02
8.703115966674428705e+01
1.621145042587230591e+02
1.071884153012880461e+02
1.305217705633341723e+02
1.412889223619187646e+02
1.010929944700726395e+02
7.161490000875524231e+01
1.431678860523191474e+02
1.167083768157075525e+02
1.491563370186062230e+02
1.324009325903708145e+02
1.622461902224472396e+02
1.388650348830123846e+02
1.082320815790721866e+02
1.056038163614379215e+02
1.281365746998366433e+02
9.886373283483285945e+01
8.040281769981812943e+01
8.536269521663982118e+01
1.159150306247381508e+02
1.257755566584463907e+02
1.525760575412009814e+02
1.371990486829866995e+02
1.188155590385748468e+02
8.145906099786952836e+01
1.238193622706357786e+02
8.962822538978346643e+01
8.198100842225260010e+01
8.613184271251387258e+01
1.029659759986295455e+02
1.186082370375258108e+02
1.388089056007079307e+02
1.365334349715533904e+02
1.184787057925636020e+02
1.001468290684129983e+02
1.370077363304583002e+02
1.533001697799187468e+02
1.293762592314417361e+02
1.453366459832952557e+02
1.274616894540933743e+02
1.194241000632998180e+02
9.847815932551557694e+01
1.377569851709369289e+02
1.354049889864588465e+02
1.038179597374407734e+02
1.125298862669824729e+02
1.169788365681407214e+02
1.411740878683608003e+02
1.087191783665828240e+02
7.177231901708039175e+01
1.316073881940925503e+02
1.603066813487068032e+02
1.221467610201545142e+02
7.838365978763417274e+01
1.279100215008711814e+02
1.470472222674368368e+02
1.072603666508344560e+02
1.347564103845396346e+02
1.667095032425863224e+02
9.231254500156367726e+01
1.181548301961931742e+02
8.487399729395055203e+01
1.469997338023959799e+02
1.222982673669760345e+02
1.548638553489437868e+02
1.061266851623408201e+02
1.099764848585656694e+02
1.166663111309251946e+02
1.397561282139282639e+02
7.446068720027371057e+01
1.220251679866892545e+02
1.156924818513824533e+02
1.235468659161003586e+02
8.308115999603644752e+01
1.350009851381846886e+02
9.611696815314444109e+01
1.198268500205723655e+02
9.738406600118790379e+01
1.224394377689852291e+02
9.884801296889598632e+01
9.825273113068513453e+01
8.314975464341618760e+01
6.228823744844463306e+01
1.255975699158831134e+02
7.647349040574988521e+01
1.207703424730954822e+02
6.951545496606637187e+01
1.158682981235107121e+02
1.310992924309118450e+02
1.121133827616156395e+02
1.171753377474807536e+02
1.309977716863394619e+02
1.038504052116687859e+02
1.651080937762957888e+02
1.124008870954016430e+02
7.948257607078332398e+01
8.050530888173511812e+01
1.192773617210457502e+02
1.259437697651942756e+02
8.140278658494635522e+01
8.684127093727141755e+01
1.607434494922792112e+02
9.447996522679191855e+01
1.033943707294967140e+02
5.765271627868714432e+01
1.284386240284447638e+02
1.469101130341558701e+02
1.110096327776764440e+02
1.416073179922078964e+02
1.163873205306043701e+02
1.411796016275848160e+02
1.216280127741252102e+02
9.634765261635855893e+01
1.135872694871492712e+02
1.104605240096876457e+02
1.121627986341246555e+02
1.071649482978553607e+02
7.709914668861240727e+01
9.920978775910182890e+01
1.464960492366668916e+02
8.940042501113747164e+01
1.460604272129311596e+02
9.121119219963993885e+01
1.402915287148776144e+02
1.157227050495290115e+02
1.078738230241457643e+02
6.622001946991673549e+01
1.075404523004535520e+02
1.487795106418099635e+02
1.228683142417985579e+02
9.723012269542519448e+01
1.488524015020269928e+02
8.940068646666503582e+01
1.118525894017931535e+02
1.072716206040999367e+02
1.214495272934443335e+02
1.159992074878390014e+02
8.344926965182858680e+01
1.484322890675531426e+02
1.392884200725607116e+02
1.196006879489693944e+02
9.426724902263342187e+01
1.458284135093773841e+02
1.438126810186044224e+02
1.166166977537137797e+02
1.276241926480468720e+02
6.316741972827990992e+01
1.035656598227493674e+02
1.287460247513688785e+02
1.461877453791949222e+02
1.119685548626438560e+02
1.038974591498444511e+02
1.007901717225912108e+02
8.943072020812115852e+01
1.053173285786612752e+02
1.085433981233167628e+02
1.087182457845977694e+02
9.546426520705360019e+01
1.104528491448714647e+02
1.365218180201685527e+02
7.620720523948081393e+01
1.231265536543129713e+02
9.949669254003288188e+01
1.620309423633556491e+02
1.110393565963057085e+02
8.062231548052723440e+01
1.199763367149411977e+02
1.573503191085658557e+02
1.101686556166402369e+02
1.110109921705761167e+02
8.970690467586078398e+01
1.314966053292390882e+02
1.147311236749607559e+02
1.309593228197004180e+02
1.264081290418670704e+02
1.331413287200317654e+02
9.857104761095411050e+01
1.113274159638615401e+02
