4.225652431090755101e+01
1.833489992947885483e+01
1.767576616768228703e+01
1.846872922833632558e+01
2.832741779724869957e+01
1.594046803881348140e+01
1.708176368293226943e+01
3.284966674286976485e+01
2.216736444926037919e+01
1.394217816150322342e+01
2.286250180304636359e+01
2.153760632628119609e+01
2.268961823651831011e+01
2.938795766606348181e+01
1.600009754633739334e+01
1.408087525479828095e+01
2.453666517216342413e+01
2.822594501414081236e+01
1.286959526632838902e+01
1.395048147807508698e+01
1.395346870281031215e+01
2.096213860179175370e+01
2.871654780028941190e+01
3.775397122376424619e+01
3.143985796526444076e+01
3.188456224640657410e+01
1.445804008707722232e+01
2.118534992572316611e+01
2.555744282806121248e+01
2.356760071748646368e+01
9.791411699674826608e+00
2.800909786650657196e+01
1.954106026557531450e+01
2.644359572845259265e+01
1.093428152355956584e+01
2.843401367458339735e+01
1.923703172324351840e+01
1.835419280671569453e+01
2.040866343964294671e+01
1.664810052028212795e+01
2.732704103474492641e+01
7.054024190544808448e+00
1.084943313276638932e+01
1.983770584688853589e+01
3.729072987952250173e+01
1.337032335668343386e+01
1.887557972080266921e+01
1.956307149885501317e+01
2.823395239768334264e+01
4.146751754290244207e+01
1.088117809075124320e+01
1.032090120908529229e+01
1.201957787680482959e+01
1.579851410644429244e+01
1.974199802140643811e+01
1.252007239940667560e+01
3.239057646890605469e+01
2.503182650815014654e+01
2.848560492026630797e+01
1.077508515292675284e+01
1.783721832994617174e+01
2.756141184121991117e+01
2.138732251744300328e+01
2.204156824901462741e+01
1.831953995888184394e+01
2.425289762444920783e+01
7.544156170803927530e+00
2.907727915859953782e+01
2.397891025316783242e+01
1.845711661332441267e+01
3.594994563414353195e+01
2.163350218700876937e+01
1.897258209826457076e+01
4.126960509037221669e+01
2.431528972695868873e+01
1.752347894323631650e+01
2.976214535474010603e+01
3.042481372757781344e+01
2.895635365349680157e+01
2.248061103364205593e+01
2.174790605892960116e+01
4.089396034272144931e+01
8.944071090594832185e+00
3.361163460224940280e+01
3.468602627967158014e+01
1.873239352348334918e+01
2.870250166661467262e+01
1.369845744910201546e+01
2.574335285619876501e+01
3.970050511394376969e+01
2.277560162386947695e+01
2.516189672302859748e+01
1.493956873538368946e+01
1.365132139154992075e+01
1.091255058728647853e+01
4.163467208578108369e+01
1.831447373719466043e+01
1.937724212883912500e+01
1.815060401763787468e+01
2.152482783461475790e+01
1.249553663571847650e+01
1.032042842326660548e+01
1.908508482717961030e+01
1.590698806671395715e+01
2.306754217127558348e+01
1.346530312440727251e+01
1.254028931552075754e+01
1.572288775063768718e+01
4.082089812136617013e+01
2.240264330635067935e+01
3.028441596882335318e+01
9.751647180853337815e+00
3.039578796361175606e+01
1.396722986630971164e+01
1.611290231329096301e+01
3.374090653870964474e+01
2.022960484798965552e+01
1.454194184520152788e+01
1.751842084236275454e+01
2.768999531228703859e+01
2.640690439046993987e+01
3.015730896123690030e+01
1.131767005502375589e+01
3.161523495567818287e+01
3.725009379839008261e+01
2.447858052170890630e+01
1.433561484848863365e+01
3.077310932366566121e+01
1.741692533111031338e+01
1.854042288697531404e+01
2.865215316779469035e+01
8.192688032013881738e+00
9.798402348989895927e+00
1.666704704999352771e+01
1.211101246994504699e+01
2.112192383714039678e+01
4.382284243453236883e+01
2.057803812263340859e+01
2.044472605243415231e+01
2.529356666990736713e+01
1.419316114477035917e+01
2.152715672033572858e+01
4.055792105881513976e+01
1.514224580553618438e+01
2.833679687661775048e+01
3.644578968558388965e+01
6.526669158665192150e+00
2.247991249064698849e+01
2.062810031059349569e+01
2.719376178223184226e+01
3.092607854961831038e+01
2.498517135161608849e+01
1.173293496328729191e+01
2.028961287560601434e+01
1.639015659185644225e+01
2.368360823780231783e+01
1.946819376348000574e+01
1.854855008038401820e+01
2.142475681479502825e+01
1.826840999614771732e+01
2.868959912445249572e+01
2.107667362937463906e+01
1.975476037337481472e+01
1.835798210921533169e+01
9.357007108448089028e+00
3.137712171062871747e+01
1.586513400032774967e+01
1.650913008760511147e+01
1.616006312430855019e+01
4.571476428507215672e+01
1.952759172599318660e+01
1.962825525442653429e+01
2.175303605481593650e+01
1.438159839372173643e+01
6.805882214925756735e+00
2.138842099497305327e+01
2.711685417413284682e+01
2.081871301062336599e+01
4.122099413004716695e+01
1.144881609997098160e+01
2.686910956289034047e+01
2.456938492304617583e+01
2.353990486050647490e+01
2.539288457510185637e+01
2.145273927452130991e+01
1.927117569296100541e+01
2.155856124631618087e+01
3.240638854869614960e+01
3.870362582638716731e+01
2.538794788735113528e+01
2.134699938877526648e+01
2.085745719217772987e+01
1.243579725715524553e+01
3.320035252452284169e+01
1.861449329655907192e+01
1.172462792823841582e+01
3.312638364223215603e+01
2.727702282161005698e+01
3.126339289047048098e+01
2.573566225111090588e+01
1.497480369193076655e+01
3.569225074182681823e+01
2.447896931229603013e+01
2.243678899720642406e+01
3.346285725310954007e+01
3.821333393963443825e+01
1.767451822918789262e+01
2.416870573802219013e+01
2.815185989144283241e+01
1.426704564072822201e+01
6.038023909996513794e+01
1.791074712293960047e+01
1.344461976298859440e+01
1.681334099612604760e+01
9.725622123584912515e+00
3.908780949448794928e+01
3.027720356711679628e+01
3.126970454746798822e+01
1.727196731151190434e+01
2.429581726398965458e+01
1.592944063600247695e+01
2.196931257366847845e+01
1.993738239534616241e+01
1.951051366323608249e+01
4.234128534183771819e+01
2.610677683220739098e+01
2.153600299213309555e+01
3.284263021395542381e+01
1.661931061643987917e+01
2.622820819496732980e+01
3.664878902935161875e+01
1.581877805773946832e+01
2.275690942274977857e+01
3.106007522266676801e+01
1.850377406565702287e+01
2.267303598986125834e+01
2.715274421882239508e+01
3.489657357505573287e+01
3.260246513953356384e+01
3.140102468250522350e+01
1.433006179153731097e+01
1.281886418311161790e+01
2.021455408946488674e+01
2.771684664694323885e+01
1.265437351256546705e+01
2.643568332657711295e+01
3.158829147781617763e+01
2.020149902019898747e+01
1.714952613145263172e+01
2.547423403757370863e+01
1.281797017615663670e+01
2.657860418028772287e+01
1.212713605168481656e+01
2.722397516967288666e+01
1.698226080174685748e+01
2.350597932260468426e+01
2.601481351170196277e+01
2.121403702391842572e+01
1.347889945400830847e+01
1.460088900784032973e+01
1.360460818728068411e+01
8.510074533681930120e+00
2.736993818994473315e+01
2.170243290916245726e+01
9.084523612672734671e+00
2.543445689117385200e+01
1.837581497558710808e+01
1.330413141481008310e+01
1.995707250171705383e+01
1.541879419787164807e+01
1.118940783233681024e+01
1.724270325240011914e+01
1.835584804832652850e+01
1.485108885930492306e+01
1.608956506688381793e+01
1.040790300144285396e+01
1.119381810783194453e+01
8.251061051648484579e+00
2.956383277449976177e+01
3.080457444339963757e+01
1.522457075717960606e+01
2.046872812362112626e+01
3.066337568231194410e+01
3.653181980736280821e+01
9.312010291203517198e+00
2.614746071681640061e+01
1.633996310805843777e+01
2.626071016016279458e+01
4.075281092432874175e+01
1.805838456683937920e+01
2.019650834107377690e+01
2.950978864474663155e+01
2.274330391555849573e+01
9.915851456405658126e+00
2.729971735740938854e+01
2.597411821745924243e+01
1.642669655239963689e+01
2.571110219229040084e+01
1.700128209220659059e+01
9.792555523701130582e+00
