8.644158333873624755e+00
1.041137990379907308e+01
1.059700736857092274e+01
1.642412501293271276e+01
4.567028350029889161e+00
7.469437216074552133e+00
1.597135614717597107e+01
2.429045470897489789e+00
6.934707347005497624e+00
1.429125445240033621e+01
8.769159781084081118e+00
8.257953788510445037e+00
8.560230423161291569e+00
2.274061749226394724e+01
1.496949650794298314e+01
1.190474829767193796e+02
4.705731478053253980e+00
9.570972008863909863e+00
1.005413381252658311e+01
7.206297229340300703e+00
6.437233034565955414e+00
9.659904433098802201e+00
5.576268630089805001e+00
1.375907993636261040e+01
6.973123495213478407e+00
1.426345381202225937e+01
7.873922733367921367e+00
7.794458288340947227e+00
1.201303371548013921e+01
5.555373440677120911e+00
1.109639711091465841e+01
1.047770236850454850e+01
9.637475975522720617e+00
8.625737646740814668e+00
6.307045373558987755e+00
7.038076519081539750e+00
5.450845005563661694e+00
7.043598926098346702e+00
3.433964816047470947e+00
1.869202863625715594e+01
5.496415479806144866e+00
1.021063654596274262e+01
1.615190803253629426e+01
1.472960975980158338e+01
6.515421202830957270e+00
6.464736721120850405e+00
7.230984413545066047e+00
1.469787018843457638e+01
6.493101481906532690e+00
3.877051694429083817e+00
1.420736973777351686e+01
6.063452230007959187e+00
1.247902959572205717e+01
5.425616363265701736e+00
8.744225118087602056e+00
2.067934661224377990e+01
6.697533959855704211e+00
3.831344512808248837e+00
1.320269341754836034e+01
5.028066139411533797e+00
7.723128236616200404e+00
2.963376022858575709e+00
6.981410762161611494e+00
1.057242317763038564e+01
5.125857627603682687e+00
5.968090332052380376e+00
6.431841182832530812e+00
9.092256962552262678e+00
6.660176742374400938e+00
3.510727382935687313e+00
1.108436989892769908e+01
8.202006354582239922e+00
8.319268689764825808e+00
2.257453022278967492e+00
3.049760074033438517e+00
3.665823664030109175e+00
1.236907864119391043e+01
1.154756644603202353e+01
1.575124057188809346e+01
6.479422663150806727e+00
6.033193440124918538e+00
8.201213854587622976e+00
1.089305358531074042e+01
8.275219039027636114e+00
8.917940233836567643e+00
5.406354147406873700e+00
1.553646591008576827e+01
1.509158666396937633e+03
1.096187650399391345e+01
9.309416146281886739e+00
9.328661760883573351e+00
7.741056072403292632e+00
8.328714020956363484e+00
3.144995954284102879e+01
8.341371933456823484e+00
1.328964312835159767e+01
1.436902997527458048e+01
1.646696153183864908e+01
8.731341848906108538e+00
1.420467379619990567e+01
5.930790291206726295e+00
1.091708351642474284e+01
3.212991597787823839e+00
3.846200863058601538e+00
5.829278179929359816e+00
1.438084861913045209e+01
7.228941010985296955e+00
9.421921707041242655e+00
4.886188176541934602e+00
2.819138852012619267e+00
5.168953390522959808e+02
1.204581570945200575e+01
1.656661523780856626e+01
9.286395551676232429e+00
8.922841780623308239e+00
8.099566665171973767e+00
9.701744440331907526e+00
1.182668417545388628e+01
1.890085506765437273e+01
5.886016141012843761e+00
1.473963724020139487e+01
9.067037502215244160e+01
8.376988142139563109e+00
9.489355144381413254e+00
8.222362640068025641e+00
1.022436095806454404e+01
7.747179810485530282e+00
1.178847455661868970e+01
8.447427966569064139e+00
8.435140155556851482e+00
2.147503718374517234e+02
3.333268187306444030e+00
8.885558182302652597e+00
7.103585819083476416e+00
2.327211660357419731e+01
1.927377397918145618e+01
4.123679666387111808e+00
5.177392576005841462e+00
9.455780093427149424e+00
1.080127863252361742e+01
6.608087435414209843e+00
1.326678487701930109e+01
6.308666766280797589e+00
1.374332897088415173e+01
4.719213908373333766e+00
6.655042650336216781e+00
1.660892720358933161e+01
9.487288937436815672e+00
8.796319455363972750e+00
5.115168637153569620e+00
5.107780385323012595e+00
6.567611226472394925e+00
1.359855919178687778e+01
1.024638715416716828e+01
4.326077167014217295e+00
3.394743569776238701e+00
8.169342109212260894e+00
7.230982283709497693e+00
1.129258863269456015e+01
9.672084659128385553e+00
1.673641742990356462e+01
4.728408849198074471e+00
4.284372480975776831e+00
1.104501525456015720e+01
1.139230922295312354e+01
9.831118728679657082e+00
1.146159287645631863e+01
1.447190573022338711e+01
1.097292969283957476e+01
6.787630909056337032e+02
3.194714741882459741e+00
8.723621363938452333e+00
5.294440331506573116e+00
4.705160722756565974e+02
3.888133914041347783e+00
8.814586759700466345e+00
4.122098799703336702e+00
1.424023001873935002e+01
6.593339509550722788e+00
6.617769359248130812e+00
1.221296362923122025e+01
9.081494354418591541e+00
8.000060337334044647e+00
3.779351339505937712e+00
8.250717290571449425e+00
1.301051619394415271e+00
1.460577964808881291e+01
3.376846551360419557e+00
3.177670215426406042e+00
1.020145926307714568e+01
9.712729716373299738e+00
3.364874844157444045e+01
1.055756744198708752e+01
3.950546908025487358e+00
1.486836435711565763e+01
9.141110281908128243e+00
6.021578196564814967e+00
1.808407331730352041e+01
1.268629104883844683e+01
8.119549492100611943e+00
7.089881374947801795e+00
5.750742511417743508e+00
3.335367875301752161e+00
2.382803341658763330e+01
1.059284473452791708e+01
4.516310036778634185e+00
8.728264604062264453e+00
7.592665182584508621e+00
8.039949797547466304e+00
1.283084695229916505e+01
5.822288330309516979e+00
7.947422225597448708e+00
6.616908878100285385e+00
1.990995986511321192e+01
1.002996411889886552e+01
1.133522758700936173e+01
1.490915854753602865e+01
4.094150476007784256e+00
6.397318040712939080e+00
3.940059268256030922e+00
1.108507221385481145e+01
3.737699501419085912e+00
1.529365620768432343e+01
7.339375655358229444e+00
3.913029266858151889e+00
1.230293170794072743e+01
5.883337220452873773e+00
1.365647989808944196e+01
5.060291071410547126e+00
1.747911661914018921e+01
5.895998014042289626e+00
6.488189385073671822e+00
8.074520242679437132e+00
6.225460053789756643e+00
4.379786901325450899e+00
6.779694808243621473e+00
2.975712245905226094e+00
1.301189850370674606e+01
1.308312619325798387e+01
6.203034333513555154e+00
5.799283310698291949e+00
1.454955647394250384e+01
1.042740710387284686e+01
1.720645331786742815e+01
1.056377532475283942e+01
4.271939752830082426e+00
6.391172564839352255e+00
1.149444027646581645e+01
9.566964064189296124e+00
6.505916157488112361e+00
7.838900061105270822e+00
1.214777765346894611e+01
1.139122358560585191e+01
1.240115966118972501e+01
6.239873311273195888e+00
2.117472622614746314e+01
5.809354053460303646e+00
8.135804483110485208e+00
4.860525088626110879e+00
3.913589920398977906e+00
1.042021037281670104e+01
1.081112424820881479e+01
1.195533624684104446e+01
8.216003569973898024e+00
9.970235311780305310e+00
3.445612277165174486e+00
1.107658020113886543e+01
2.560131360011553614e+00
7.403861349533165992e+00
1.495772308991194421e+01
6.007442315750992634e+00
4.699320391139587549e+00
9.106342459131051115e+00
3.927936199761587144e+00
5.022306370769936912e+00
5.016238278277953988e+00
4.200463914242650532e+00
1.416737182799549188e+01
1.116483593779376982e+01
1.213136104833330187e+01
2.776414200297095292e+00
4.753867541759921878e+00
5.338166657462158682e+00
1.075535930167773380e+01
1.907093454418030021e+01
2.269457192838302717e+00
3.743057787427011451e+00
7.455655421987971820e+00
9.361982653704544077e+00
1.285577282118530995e+01
7.091890717027188984e+00
1.098862353828084082e+01
1.618775324032712959e+01
1.424635583815946127e+01
7.158566832149313441e+00
1.273377124607298327e+01
1.161750200514063813e+01
4.293597050424194705e+00
6.427037924385657242e+00
3.689943385265946230e+00
4.894935022751766951e+00
1.114122228412421123e+01
1.820247225315089068e+01
6.745704828059521319e+00
7.413996996873880363e+00
5.713942998294508691e+00
3.828211549074877595e+00
2.647384745276757201e+01
9.315786745910617839e+00
4.905005530081179010e+00
1.137375611940180775e+01
9.692176640635546292e+00
8.309385037834248422e+00
1.206350401700461639e+01
9.816717410969154400e+00
1.629842311641752417e+01
2.390315961963138136e+01
6.884008205915224110e+00
8.960012982278103166e+00
6.893229087276925959e+00
4.948143565923030174e+00
9.640982754365687413e+00
7.319156110004451321e+00
4.349832247290823517e+00
1.390749000809660174e+01
8.671895013374083305e+00
9.191993807094663183e+00
1.832200469588217473e+01
1.864866741654259030e+01
4.284628647316769623e+00
6.668051369444141230e+00
6.406621773483895943e+00
4.508043862270231017e+00
1.099429417738440584e+01
1.455056415596410346e+01
6.835188885466519260e+00
5.876247629470147338e+00
2.386770347433865069e+00
1.394367388684107745e+01
7.127702132452753858e+00
1.232025574332105222e+01
5.003723441842311992e+00
1.157629865512170930e+01
1.572066581901386151e+01
8.578775461825232540e+00
7.890684536950666406e+00
1.105172815209526860e+01
8.734290899040884071e+00
2.244591870863692051e+00
4.211454930200825508e+00
2.420584287735498918e+01
1.524466851129946932e+01
8.478139544544589512e+00
5.923305853462167647e+00
7.181417889262688092e+00
1.034786443948490131e+01
6.157347251539364130e+00
5.359047412854174297e+00
4.664749487139373763e+00
4.099406157254241734e+00
5.721017212152008646e+00
3.698956404631624117e+00
1.805023278141706911e+01
1.450287331982112349e+01
3.941556486477461263e+00
2.679770464172997180e+01
1.070942276552046835e+01
4.491603523290716993e+00
5.560479132305292005e+00
3.169678716794049222e+00
8.965185159939872861e+00
1.179438825464665008e+01
4.832344709343733058e+00
4.553028256703354870e+00
5.347091079618968124e+00
4.251135321322951910e+00
1.464058631385432818e+01
5.533295751677061780e+00
7.568256715132282153e+00
1.158423897789720591e+01
5.377496310931105583e+00
1.493390297785728826e+01
1.853046721340378156e+01
5.795696717003431253e+00
5.418144486615888766e+00
1.010044136786319768e+01
1.208313225796326051e+01
9.470558899374379891e+00
4.621476758829934361e+00
6.769742938591171821e+00
1.273054764017297380e+01
8.070086952079300602e+00
9.411706418460582313e+00
9.273696513102771988e+00
9.066467212910627183e+00
1.639229250538268090e+01
1.297143981382759570e+01
7.604945277391269798e+00
9.228412261633469171e+00
9.933091488294261140e+00
1.030734886731289457e+01
4.831759750989522040e+00
1.179752297233463842e+01
6.496434258596708311e+00
9.665488016258755977e+00
3.127052799767323865e+00
5.361928382548615701e+00
3.312141806253617649e+00
8.743960313251481153e+00
8.934352835735353437e+00
4.164637396908480227e+00
7.086684591814508494e+00
9.525714820558144780e+00
7.422414740176756176e+00
3.716967733750812464e+00
1.075011702726514073e+01
7.290882704058462949e+00
7.593906222912714554e+00
8.031177161996678748e+00
4.685926199766064393e+00
1.904301607241157868e+01
4.501594721627125928e+00
2.425295023586314969e+01
1.129812728654302134e+01
6.051515480925103496e+00
7.064838171121547994e+00
2.047752092715257177e+01
1.553370806946007576e+01
1.008410502962832922e+01
9.384646054108003455e+00
6.869717199001303065e+00
9.880408773212961293e+00
7.695338649085986304e+00
1.563141129212096381e+01
4.718661866578208297e+00
1.831743718542741917e+01
7.287662531216413164e+00
8.696893118958930913e+00
1.488048149286212229e+01
1.288267472524910673e+01
6.171391812795728349e+00
6.518582698881222548e+00
7.073570371739459794e+00
1.091781871331793496e+01
5.183584220909958518e+00
6.493452091062581033e+00
5.175518393727991828e+00
9.560776914452349118e+00
1.125693395363236426e+01
1.069393484067613898e+01
8.402298725246510003e+00
9.674837362705885013e+00
1.301348845941787147e+01
3.476176383740565257e+00
4.536659550689753573e+00
1.573672675454496606e+01
1.303487119789254578e+01
8.563480783327362289e+00
8.907116321013374360e+00
8.570776998768179666e+00
1.239783819943673748e+01
1.468949510896313981e+01
6.868101437363385742e+00
7.263926646932739928e+00
6.353632186517934599e+00
1.255419817323043752e+01
9.648337229165630191e+00
5.438132099861196167e+00
5.014929279350064384e+00
2.064876189822991037e+00
5.692099617485263607e+00
5.611297844487435071e+00
4.213416276644209368e+00
1.280596318706844983e+01
1.252208638469847024e+01
7.404889641366350084e+00
4.507579539966985571e+00
1.351305881003153075e+01
7.318835056566006969e+00
5.025616202003733157e+00
9.339958987404445523e+00
1.621286313599109974e+01
2.657077960431201369e+00
1.060664010748571506e+01
4.694060164899699572e+00
9.430822767924246008e+00
1.297102659666075830e+01
4.006721286008443350e+00
5.844411156958798870e+00
4.240079625703502941e+00
1.072476055790503580e+01
6.547449861391491766e+00
4.114993968029219573e+00
5.882531773815665055e+00
1.020470463137169936e+01
1.179851338352447776e+01
4.575897113313263986e+00
5.715426094685488678e+00
2.013902080100828229e+01
8.551175726201110550e+00
