5.481407171571461845e+00
7.912347863682769322e+00
8.200521310192273816e+00
1.364891769573825364e+01
3.381393495763053814e+00
7.742002956159616645e+00
7.577527840307117124e+00
9.733439104380412488e+00
1.128543821840964867e+01
6.595975859633093741e+00
6.594543387415300550e+00
1.668376528402943393e+01
2.261560510105916855e+00
5.931877284838898312e+00
9.003707551127062558e+00
1.307319891475808404e+01
6.655595793721149178e+00
1.770903080369505744e+01
1.152812387818114459e+01
8.773415539227720217e+00
1.730736548934033081e+01
1.014295937525738189e+01
3.618227899795106950e+00
7.632960682552737630e+00
1.459489876370264305e+01
8.802592143368398681e+00
1.127572089215894380e+01
1.182043921181107038e+01
6.765033503769718237e+00
6.114519004576913552e+00
9.403902747732729495e+00
9.235758017008025789e+00
3.003357264940557414e+01
1.074834755182526891e+01
1.064129931049705213e+01
1.050237388566268137e+01
1.179301124109166388e+01
6.229840687407156352e+00
9.055684201135131062e+00
5.322917191808170578e+00
1.650610656664121834e+01
7.591344069080525614e+00
7.831348726267672866e+00
1.016332782587674011e+01
9.900719581284400661e+00
5.962145269983710527e+00
2.144344973691329592e+00
1.060305409110056196e+01
3.821417182238572519e+00
5.576280917310312724e+00
1.124945852313840788e+01
6.687176614939052577e+00
1.038389717177321359e+01
1.740434399048497482e+02
6.987202432367295657e+00
2.198758570305622584e+01
7.363125298297870991e+00
4.278318113156744040e+00
1.069594040987040451e+01
1.363130600791417280e+01
1.308446099951182262e+01
1.841074362900890549e+01
6.396048204517835956e+00
1.597075019513214933e+01
1.330029508641198355e+01
6.160015803532071565e+00
3.352165361960118162e+01
9.817613676904386466e+00
9.185695754872424956e+00
3.911172849258572892e+00
2.936658321912061442e+00
6.184796444981330410e+00
1.514788512962034162e+01
9.753252169342651712e+00
2.661354235257415546e+00
7.349885936146868026e+00
7.822139164116193477e+00
4.059295099698336351e+00
9.174490255654777826e+00
5.801131210907143121e+00
1.486258176574783008e+01
1.333900453361407301e+01
1.587796756007107390e+01
1.725271686658264869e+01
1.057149412154990742e+01
1.232348913129403556e+01
1.684975678723500536e+01
9.790879745984103693e+02
1.441561677353423221e+01
1.569523719329609790e+01
3.702552462576897074e+00
1.515626994709576181e+01
4.079588213812545661e+00
6.928921762355938263e+00
1.111581383030278225e+01
5.842498685382723878e+00
3.255637913066829370e+00
8.147499765252518955e+00
1.225162653603456064e+01
6.854341985963537276e+00
8.687274082271381204e+00
6.369617614366318570e+00
1.621079125461607262e+01
1.178342493832719562e+01
1.001126961494338552e+01
1.150548897207691290e+01
9.636207131536513870e+00
7.910936723735388476e+00
1.452066988857063912e+01
9.945271877581044251e+00
5.002083260027497147e+00
6.161788983748786919e+00
1.122080610248487176e+01
1.703819335188570960e+01
5.179662984467308107e+00
5.296874611018406398e+00
9.302488563438426894e+00
8.432568763198416306e+00
4.648055056610726155e+00
9.372125934312453666e+00
5.401952048728655420e+00
7.191481760547037361e+00
7.268028324053547706e+00
1.074106709186840725e+01
8.353824957416225772e+00
2.134632755831472828e+00
7.944551595946619749e+00
1.116685423051926662e+01
1.210949102255088761e+01
5.749682754464372714e+00
1.323162978764421460e+01
1.212761341983913255e+01
6.063488984832360096e+00
1.188104362304269301e+01
1.190783280948078016e+01
1.353805011604984543e+01
4.448918952829034268e+00
4.551136057358368348e+00
3.526166557066145124e+00
7.216543052304856154e+00
9.180349323982040843e+00
1.050816197156502518e+01
5.018482103472507561e+00
1.143350114526946903e+01
1.405268467410345501e+01
6.909783941443369493e+00
7.471892993505965030e+00
1.187197615486702773e+01
1.168630882866622045e+01
1.000051851771872258e+01
5.292550306259728110e+00
7.398114836854014165e+00
1.466794832398273662e+01
8.849339813308889191e+00
6.215738160336182538e+00
5.243024703345200876e+00
1.456556354443789836e+01
7.847855855672876579e+00
9.454822380011028926e+00
6.538873274018010662e+00
1.085659292507171969e+01
1.158967101520464027e+01
1.504272197099227704e+01
8.824079089759859329e+00
6.725709439284843327e+00
6.859389623125056623e+00
8.874568825671101280e+00
7.397921194426787750e+00
5.771175793753849703e+00
6.580956684069347418e+00
6.719021896162422181e+00
1.253281888938059119e+01
4.494699070506340099e+00
1.620697939172411139e+01
2.271945708866944358e+01
4.809413272028455921e+00
4.333064800552276274e+00
1.761450687816500604e+01
9.026129152476835671e+00
6.992052918864293254e+00
7.133757040537820338e+00
1.026606692980104008e+01
3.365423838828259573e+00
5.672210000944631680e+00
1.871047114936235189e+01
1.596113861442820259e+01
2.165511909604861529e+01
5.967974194165025281e+00
7.884627683935800491e+00
4.439014551910073436e+00
1.686843349881431209e+01
4.984132990946124941e+00
2.852599708174284743e+01
1.285546880429534866e+01
3.621195097717937905e+00
1.998707983016127798e+01
1.321591135547266838e+01
1.082076508674174953e+01
1.074410124681490331e+01
1.170043845459377785e+01
6.453485929301598922e+00
5.038770022763291223e+00
6.895348579916673160e+00
6.412002242818447328e+00
1.446195888078447922e+01
1.194016702917631356e+01
1.412555965524058443e+01
5.744582887876083177e+00
8.708759327189701693e+00
6.057297938755829669e+00
9.669468235901646835e+00
2.184076850798011904e+01
7.512384780573902354e+00
1.327956433772999567e+01
7.740132180382705229e+00
5.039909693800829871e+00
1.415926436338502015e+01
1.630722480595004242e+01
1.690479285308223112e+01
1.218359953595075140e+01
1.219473060576320655e+01
1.478777781319456430e+01
6.016560567530075510e+00
6.760622548652913899e+00
1.231690034276678247e+01
8.587032274327754067e+00
4.526977580354892616e+00
3.255681263080265619e+00
1.108984868369540777e+01
5.403402678774408940e+00
1.128399335144724525e+01
1.727473677788398021e+01
1.372172987724058757e+01
7.300679086697146047e+00
6.721320195172832968e+00
6.047350847810054830e+00
9.071519668587407992e+00
8.592186252062907315e+00
7.539876793801884247e+00
1.323616152959117720e+01
1.457843140111868685e+01
1.650314949879138382e+01
1.601547859099396121e+01
2.708222324325238350e+00
1.062978919136716272e+01
6.333738951936487283e+00
1.091662162803510050e+01
6.889671147980819477e+00
6.983448405762011646e+00
8.804533893834861402e+00
1.007759403909242835e+01
1.493806989831844589e+01
7.564161953813710149e+00
8.076932752257690140e+00
5.688441107652540296e+00
1.319020983211751030e+01
5.048055088081699004e+00
1.487146606760675027e+01
7.025654545165260778e+00
9.585639080011683077e+00
7.008396061591900761e+00
1.157320940918342345e+01
9.598988962199349828e+00
4.923635352623453976e+00
1.121227955463925774e+01
8.408875423011878070e+00
1.033913971721988823e+01
1.251880056353675563e+01
3.983362093550293359e+00
8.144811635193963895e+00
1.340558762892372791e+01
1.933430430699387514e+01
1.703078625686086767e+01
4.209003502170540756e+00
1.053267961371765260e+01
1.760520544439332014e+01
3.851422829910065460e+00
3.809406807626340985e+00
8.843681512423801294e+00
3.596442075199838051e+00
1.719063779036878969e+01
6.282038779224014213e+00
9.578337027961852712e+00
1.050243122664115525e+01
8.303377652618483040e+00
1.211268558056092992e+01
1.281172339976394348e+01
2.951007357624756189e+00
9.001850585371284907e+00
6.806180149317537342e+00
3.807795544019827449e+00
1.376122658283184030e+01
7.340746929394601494e+00
6.687747846255385653e+00
1.745862486803217450e+01
6.361944264161634166e+00
6.366134310685984232e+00
5.586312635234964574e+00
9.096206904752106581e+00
2.181920830856881111e+01
