2.584129176272817929e+01
1.384679417295107662e+01
3.954683716909364044e+00
5.838917887699873077e+00
4.134676096430408343e+00
2.171861096290898629e+01
9.035763454118331595e+00
7.953179172826900789e+00
1.053250366410007643e+01
2.520313742586610317e+01
1.073626638085221963e+01
1.377714681000414920e+01
3.497816085262908103e+01
1.108721981984584382e+01
1.502072575054116577e+01
1.372704211248784389e+01
3.388369346787948100e+00
6.807038980173275355e+00
1.890745805883739905e+01
5.288195463799621798e+00
9.017276232882302622e+00
7.768142325691179906e+00
1.189505621430064863e+01
1.078643324055049746e+01
1.607936631190132744e+02
1.203288599660285740e+01
1.549940196074654430e+01
1.669949907577757742e+01
1.340088941349561757e+01
5.333672535138803994e+01
1.900917860461261100e+01
1.455103713708239432e+01
6.346785576176884547e+00
1.706411628517076906e+01
1.511381652283053967e+01
1.461394512880766783e+01
4.834510077147345264e+00
4.532587075140178001e+00
9.588171246252532143e+00
8.369836736773645924e+00
5.064122588852844054e+00
1.250560216253338375e+01
1.579376970997387986e+01
8.299681393487775338e+00
1.298170573761862023e+01
6.146420134158475435e+00
9.969273179368890681e+00
2.119506845575758192e+01
2.365964177534819157e+01
1.228519483438345361e+01
2.644813539857140583e+01
1.438748974818732762e+01
9.137881170959571975e+00
1.150932124137888657e+01
1.318069474654219952e+01
1.681474903773671059e+01
3.199531832756627026e+01
3.317280721906203667e+01
8.532929606312659843e+00
1.089700003059961020e+01
2.222655544686441687e+01
1.134885096809150795e+01
1.708405100694687562e+01
2.636987655740425396e+01
1.151589891062281623e+01
1.333852349571516349e+01
2.828200754957937235e+01
1.097025917035905351e+01
1.336682527508435570e+01
9.583163206281323454e+00
1.120957806268613055e+01
1.486902087598585176e+01
1.630283483946090684e+01
1.451178914759863225e+01
4.771308555615490832e+00
1.406085574364496082e+01
1.729964478485815249e+01
1.911392538524913931e+01
1.017860048865693479e+01
1.922625799792852419e+01
1.243023471766850641e+01
1.806341687881329250e+01
2.498877183499788046e+01
1.427891022804941201e+01
2.548969988653080421e+01
1.656619745844508884e+01
1.562560584004099162e+01
8.333378549379837352e+00
2.185222177544216393e+01
1.470718640100908559e+01
1.356866276197993315e+01
1.356079118858083099e+01
5.808505351727585975e+00
1.346119256807114439e+01
7.885973348247873105e+00
1.031374033388937228e+01
1.270696248292708042e+01
2.175127550650787001e+01
1.465885585869422414e+01
6.262908747355598216e+00
9.465285247820483860e+00
1.335908891285623490e+01
1.024142082323402825e+01
8.880636801282662418e+00
1.216741639462235192e+01
1.399313751499739666e+01
1.069190461098295586e+01
1.350970579619427170e+01
1.888990721247208171e+01
4.944346550507485283e+00
5.555995342701764983e+00
1.068646137090691184e+01
1.126296156718740349e+01
5.343995844585895050e+00
2.910296871662971441e+01
1.166927203121213630e+01
1.023957363638339046e+01
1.690656292031238905e+01
1.439540305218901040e+01
6.520937298027017270e+00
1.052347890463264513e+01
1.414062932812749018e+01
7.652123487634934662e+00
1.510321203494232556e+01
2.079035730457673381e+01
2.209195488212973402e+01
1.498602222459055966e+01
1.053237061666316343e+01
1.695687980662029659e+01
1.412658493193285913e+01
3.668204321849970739e+01
1.339277147070302654e+01
1.362205281158807857e+01
1.164829062236085022e+01
2.357775646815085580e+01
1.498934137358930130e+01
1.136505020125106391e+01
1.790294600654872781e+01
9.825421943910908951e+00
9.360428797800240730e+00
1.209642624093117291e+01
5.704577991859542507e+00
1.442538261403697319e+01
1.857666898315289572e+01
1.577202814099700312e+01
1.394358853293459966e+01
1.433490654271184717e+01
7.930338226381546285e+00
2.215764934296818112e+01
5.217791351124535737e+00
2.475238464916589720e+01
1.701924894924520615e+01
6.902593107070990719e+00
8.587787014307799893e+00
1.652864491683494563e+01
2.379459724519196939e+01
7.273990822485643548e+00
5.780171223588281393e+00
1.012365944688192343e+01
1.410622674186548586e+01
2.436794536540369904e+01
7.643000928263457894e+00
1.930245296333529836e+01
1.012599432703365387e+01
1.182084190958312853e+01
2.081031452268521420e+01
7.994068684522278367e+00
1.542926475702507538e+01
1.714046600196233427e+01
8.811681109203156836e+00
2.563421362051991892e+01
7.935236073497689446e+00
8.080461776178456290e+00
2.904140825275139548e+01
2.139492549235776053e+01
1.482798697950420319e+01
2.187290152483735639e+01
1.006333105277954054e+01
1.305583735674875534e+01
1.973219072713290956e+01
8.715617086075623021e+00
2.709389799646914199e+01
2.265661109503232495e+01
9.742614754556266021e+00
5.599233899142127768e+00
1.174747335189264064e+01
1.773915750521643275e+01
1.114850032229097110e+01
7.608261749138990560e+00
1.065061920912738103e+01
8.970021915204664964e+00
2.340291931897086641e+01
9.201477702234319267e+00
1.562840496828478010e+01
1.161848328232836636e+01
1.436750962482422267e+01
2.256664365151125295e+01
1.128391712966714699e+01
1.172150771823086401e+01
3.286511967914963606e+01
1.284032978952260962e+01
1.559291015856100948e+01
4.214187715460798955e+00
1.242372567068215261e+01
2.790360813580216259e+01
1.403348686088075681e+01
1.469359349058132835e+01
7.073287795276903545e+00
2.123813515553515074e+01
1.031860028824780784e+01
2.055947037671218780e+01
2.194550839434509371e+01
2.152839370346356773e+01
1.959588188568877598e+01
2.821385883048238341e+01
1.827749461446637724e+01
1.260905051854681780e+01
8.019109255482755216e+00
6.671975288745646715e+00
1.483132584463436565e+01
1.151234893299799467e+01
1.711725845555935877e+01
2.935708001839538639e+01
1.387357986433421964e+01
9.308306862460810294e+00
1.485441438124577473e+01
1.406638234324976544e+01
1.204863920274462785e+01
1.126364877754314087e+01
1.601870526656059823e+01
6.767796718163447522e+00
1.735091830343202446e+01
1.160052443088533103e+01
1.143380681887257033e+01
7.346184707216397491e+00
1.198255010159529199e+01
1.163259075941269494e+01
1.063597592282718196e+01
1.619303225468249252e+01
2.517690586277633358e+01
1.196757355796366973e+01
1.395533979977724925e+01
1.981819291008320505e+01
1.408911974336751349e+01
7.215319128283092631e+00
6.657408926501360291e+00
3.110958978571809652e+01
1.820067553679486139e+01
1.451160040757769210e+01
1.531552060942991389e+01
1.237580611275393494e+01
1.452145106901066285e+01
5.708843318217317275e+00
1.132252020640488155e+01
3.555470320672797335e+00
1.949682704383964449e+01
5.319924056911800925e+00
9.573461479765429161e+00
1.195174422908215206e+01
1.176197652596598608e+01
2.728154542279422046e+01
5.469758621963661582e+00
1.322876859348253298e+01
2.261349625789276985e+01
3.083287023191957843e+01
1.097324206056427798e+01
1.436909489225998371e+01
7.866570713401028314e+00
2.187225599888677863e+01
2.356976897429769835e+01
1.036221641342938327e+01
1.258653489404951031e+01
1.544453006138175155e+01
1.109318538122500541e+01
8.607021122225944509e+00
1.266719608024426869e+01
1.525473976956311084e+01
1.050317110825859501e+01
1.125853566405921136e+01
1.219371732222146321e+01
1.699248789783051095e+01
2.000592352677604779e+01
2.148692330152552543e+01
1.380415010266258236e+01
1.017829881432389172e+01
8.963591409206053129e+00
1.135644132214635960e+01
8.669131024491289139e+00
1.384625968051155809e+01
1.885355962771723881e+01
2.097161716177402013e+01
9.035565090667441623e+00
1.239225193755110332e+01
2.102610825447375476e+01
1.907198874626280016e+01
6.526266821410483310e+00
1.359131789338054652e+01
1.125381264442699525e+01
1.001841233577634327e+01
1.528873931619879833e+01
