9.477388053833418979e+00
4.136321455654538681e+01
1.191515069378254310e+01
4.785287082604843079e+01
1.247090555988029692e+01
2.322251549383373970e+01
2.063186635733425689e+01
1.925782587259089595e+01
1.027047071558579816e+01
2.036235415666531878e+01
2.095253244827816275e+01
8.448815779907175028e+00
9.813330840643116559e+00
2.176741361321451151e+01
2.614545520740311346e+01
2.736497629955755073e+01
2.416928975281994596e+01
1.244820930045434615e+01
1.195683086394021011e+01
1.313435580670259739e+01
1.639998861369020844e+01
9.883545874791540342e+00
1.341126138400577439e+01
1.259003713359638787e+01
1.866942754762262524e+01
1.999989857376638724e+01
2.815228237489255392e+01
1.474645050373709587e+01
2.043600141492171218e+01
1.029765088308510101e+01
2.615223591060576780e+01
1.838543915125163863e+01
1.505526582650401402e+01
2.645392390642815883e+01
1.993111933045112494e+01
1.306005654807555061e+01
1.311266605786566508e+01
1.543682364742583424e+01
2.534405650917094377e+01
2.019863782265580454e+01
1.005103127020030129e+01
1.682762605921257659e+01
2.473021566964116502e+01
3.369953644004841209e+01
1.303203379689415620e+01
2.043936757231213264e+01
7.149897148860840268e+00
2.273110890905194381e+01
3.326084562292269453e+01
2.158611505239699824e+01
1.061247227016048456e+01
9.931051198247320855e+00
2.047761354212793350e+01
2.342784390787256044e+01
2.402649362566718949e+01
1.365848889106673880e+01
3.420524996961411546e+01
1.784036443647951131e+01
7.789420293319211375e+00
2.569292493585301429e+01
1.582554959102842140e+01
1.133494197227404854e+01
2.753932198711411061e+01
2.260838443476939830e+01
1.445924942773180710e+01
2.001662429145176247e+01
1.386382708373337280e+01
1.991586133410982029e+01
5.854364780626089448e+00
1.365647089084778010e+01
2.077990269701521697e+01
2.242247486602881423e+01
9.497541394638986390e+00
2.556239420438485510e+01
2.152561746266200515e+01
2.805309650903562257e+01
1.723727311048718391e+01
9.774116678050782880e+00
1.939404718186603560e+01
1.792691607421984301e+01
3.283593984595745496e+01
1.627973948547503724e+01
8.003477271939383186e+00
6.462414718144463777e+00
1.924792083577953861e+01
1.505749171436591638e+01
2.273578335425057517e+01
2.240955645984769617e+01
1.276473712612712674e+01
1.347536497552137469e+01
1.084809175447850826e+01
1.278309230056869694e+01
8.088823761381485511e+00
1.315485376806788054e+01
1.305542909162099718e+01
1.183913157301651964e+01
3.513032541294849409e+01
1.377868107650168561e+01
2.371315095134292150e+01
2.712623418697271305e+01
1.586954342676410867e+01
2.899181533327383420e+01
2.815159795684500565e+01
2.215260252852155887e+01
5.392366298324063223e+00
1.982934893611539806e+01
1.221610117808822338e+01
9.542103649090433848e+00
2.972890245145877586e+01
1.311984055155033602e+01
1.082888919586541476e+01
2.991125535625556608e+01
5.324088467872946318e+00
2.901152811082790350e+01
1.321795734073720574e+01
2.639692072136660883e+01
1.600207992044360239e+01
2.600801077214729418e+01
1.245913231795906917e+01
1.679586127603660017e+01
1.894960790750054258e+01
2.579619753354451817e+01
2.574460377364780683e+01
1.401079070997968756e+01
1.669412640144637194e+01
6.325114864144564031e+00
1.481970048233117332e+01
1.636018551450695213e+01
1.264923059646391579e+01
1.353434839301349868e+01
1.425106140756469131e+01
8.606364847163504805e+00
1.234458975212147713e+01
1.493089774198786834e+01
2.679953320570060527e+01
1.626008663974178958e+01
1.821688323668558951e+01
1.094393156522867372e+01
2.541486529900920832e+00
1.576235117906226613e+01
2.711030836285797463e+01
2.284788141359569380e+01
2.040099290495041373e+01
1.268451571185397597e+01
2.535247636123012782e+01
9.037192875670514880e+00
1.653243366137219184e+01
2.462222229879712287e+01
1.264284675744061381e+01
1.114899176303292627e+01
7.342279413622474493e+00
1.617010041217878324e+01
2.046394067893729130e+01
3.092245186441680360e+01
4.446402254591185432e+00
9.928365649073727539e+00
3.647752980461425665e+01
1.121042594256224056e+01
2.899200175075808161e+01
1.586250512640044974e+01
1.692935901672869647e+01
1.024623724212347575e+01
1.813409754147324193e+01
2.057510398622213188e+01
1.468383128681009531e+01
1.219414849194103390e+01
1.784169458877305914e+01
1.531665690045182515e+01
2.042784959434741410e+01
1.060221358336607089e+01
1.021244226252358267e+01
2.823875952665721911e+01
1.321346687502129136e+01
2.075519836881491642e+01
3.828301749655861386e+01
2.908751222232748290e+01
1.646767854357079841e+01
9.689236107219217686e+00
9.939554538405127815e+00
8.800950235731487936e+00
1.967490047836199096e+01
1.877678065247883410e+01
1.420101395077317719e+01
1.795300904308285439e+01
2.271590695252801240e+01
7.221869256799129388e+00
2.118746330373501152e+01
1.154821517007293252e+01
1.247390294811617473e+01
1.917577733673571316e+01
2.361124580257198957e+01
4.530289943814895537e+01
1.370543552679270860e+01
1.042487587094888823e+01
1.818672900100886736e+01
1.398279998749433339e+01
3.691680055036285069e+01
3.887011670654723616e+01
1.463601075473000712e+01
1.726276432817532935e+01
9.759196423000075171e+00
2.746885484091383489e+01
1.761724268342342725e+01
6.537985752045585741e+00
1.240268395120810752e+01
2.211197054302262544e+01
1.530498709169662064e+01
1.485856472707789599e+01
2.131494311842101297e+01
2.324709237952339080e+01
2.509947108778502312e+01
5.143777150594906367e+00
1.131910820105806437e+01
1.394647822900720691e+01
1.526492902965253151e+01
1.040286415193615355e+01
7.296243890690085721e+00
1.452336877652788338e+01
1.559639871819164014e+01
2.619523553785299441e+01
6.420401828016271573e+00
1.590880993035928803e+01
8.398451532410744491e+00
1.359748351210707007e+01
6.301597802009412774e+00
7.474362639716980894e+00
2.026346570051511975e+01
1.629161251687548884e+01
1.563597098826318899e+01
5.902656790099823247e+00
2.466667538730316522e+01
1.602917658638498466e+01
5.417331440803294207e+00
1.749492729316383688e+01
1.643050058385992429e+01
2.466387634883933444e+01
1.164406255323294026e+01
1.090931027013303556e+01
3.755387356838666335e+01
1.848007370666926974e+01
1.410518201616519107e+01
2.134071102007407106e+01
1.097842509845655101e+01
2.040853289664740444e+01
8.317201610543179413e+00
1.851579993396151025e+01
1.705850801034927500e+01
2.211391821280556869e+01
3.150574208089741290e+01
1.999378395400322006e+01
2.334905075281288234e+01
1.826153739878603233e+01
2.214256627201831407e+01
1.298417659769144272e+01
1.704407986253385587e+01
2.906075223486050518e+01
1.930789797425369869e+01
7.015929494389471444e+00
2.740770497952422247e+01
9.613893183780742646e+00
4.106260775635369953e+01
1.011840813102840286e+01
1.420172536634644977e+01
2.264886319678588222e+01
7.632308768288448952e+00
1.960760794753273473e+01
1.330690521752748090e+01
2.676257424056894862e+01
2.038862137736110114e+01
8.984107180025578288e+00
4.497637374454441783e+00
1.848948270661232129e+01
2.560675324489178095e+01
2.668294136064322686e+01
3.072504877377573251e+01
9.485829868591711289e+00
2.560358967644295802e+01
1.037446449393784498e+01
1.123711196531032108e+01
1.246471918126897727e+01
1.436671420267166255e+01
2.430319788964057537e+01
3.779554175549420592e+01
1.584393200979301319e+01
2.536300161793336372e+01
1.600733967392666202e+01
1.673078448969449994e+01
2.036979310334483984e+01
9.381460352053235141e+00
1.610181004036239116e+01
2.324956631238756444e+01
1.342146030236683529e+01
4.010591528855329813e+01
1.091966613777454498e+01
1.479881165819928945e+01
2.700093162221977039e+01
1.668325002055670225e+01
2.339978445751500757e+01
1.238963065137380681e+01
2.678806348566577356e+01
