4.608486484178988540e+00
9.075468762523742683e+00
8.370464318557663930e+00
5.096917004507309557e+00
3.798040691359009902e+00
9.629231093867039348e+00
9.822991244187605275e+00
1.253871989051118696e+01
9.641594904998767035e+00
1.345974960512441321e+01
1.047925225601861854e+01
1.405982792764456768e+01
3.920327806469692256e+00
8.234853111037262252e+00
6.503496861721825617e+00
9.986520699274823443e+00
3.272507540162655992e+00
4.820639175878307370e+00
1.072560037012584644e+01
7.178667655207775056e+00
1.701073538600509849e+01
7.941435062247100163e+00
1.013336474306733948e+01
1.040759408951518949e+01
1.131678222874890771e+01
1.649413353188576181e+01
1.248923991764564434e+01
2.414609611281098633e+00
5.869163728794230650e+00
7.811618434942618094e+00
7.637354302296690101e+00
1.025886196239300574e+01
1.293364984228967351e+01
2.734642427858974933e+00
9.813785745232856073e+00
9.017884976108849315e+00
8.606163817395589888e+00
2.047975222920267058e+01
6.949760556251748156e+00
5.693249739543740695e+00
5.556568225439926678e+00
6.676225965120463179e+00
1.389281504780948673e+01
4.139573978287725886e+00
2.803891082127830003e+00
1.000446426587636317e+01
8.854324927186350891e+00
1.406051463615814612e+01
6.958017026778390957e+00
3.915893258191700976e+00
4.173672442244377168e-01
7.406853667224830851e+00
5.842373373412162785e+00
7.780407048693765759e+00
2.062154722549558272e+01
3.417154027615345591e+00
9.074580264007492403e+00
9.430631788836125295e+00
5.748988587019983498e+00
1.132465410644091719e+01
9.275673317467077794e+00
5.536966328856732567e+00
5.037119994517822441e+00
2.189654820640074107e+00
2.118159445574204103e+00
3.561470210933171732e+00
3.855065140359157816e+00
1.387650424125378024e+01
1.144798403188583080e+01
3.754629029774772864e+00
5.518473879308792185e+00
1.714840265906725492e+01
1.308414315707989850e+01
9.387611951683766165e+00
4.688205864674735324e+00
7.743396957910098521e+00
4.473077695885079308e+00
6.982481236494630927e+00
5.297720298910726378e+00
7.552821138640298138e+00
1.175472252965045605e+01
8.945053087971855277e+00
2.094238042786009046e+01
7.362278396893904286e+00
8.225721126835050967e+00
5.133407444749430226e+00
5.603621520090211305e+00
5.608380933356470699e+00
7.613395983172024373e+00
1.294071106093210943e+01
2.814262125291400629e+00
6.284896339689773903e+00
1.385581549103813614e+01
8.357082015901008631e+00
1.640058922896806948e+01
1.161861041017650820e+01
3.821008299524911056e+00
7.154437250960526740e+00
7.971373286654833024e+00
9.054419268436486590e+00
8.166425654162368986e+00
9.993689581562836821e+00
7.772497884278690705e+00
1.450901244319709704e+01
7.587725801748065102e+00
1.054356420880445988e+01
1.209271530064791911e+01
1.614302587824478152e+01
3.612338449412875629e+00
6.591333998896780955e+00
1.645380064990746760e+01
5.723103949660768741e+00
8.327331645635382529e+00
1.198503837878719835e+01
9.522714046816192379e+00
1.201571737873373280e+01
3.663616048531212588e+00
5.447606488103305722e+00
8.726959435451153269e+00
1.012125854234411904e+01
1.480192395000515582e+01
7.023262342418892246e+00
1.218666375922243539e+01
2.664004554965811788e+00
6.197197003138258609e+00
8.379477453632185657e+00
6.583050862768264899e+00
9.450581946827401936e+00
1.653369934176331668e+01
2.136320372327962680e+00
1.143167650480141795e+01
1.465130351892533334e+01
3.385442020808838492e+00
1.390415521473138583e+01
9.504949544554744278e+00
5.105184943969816658e+01
4.636560433998286435e+00
7.266368070009510127e+00
8.696742121442790463e+00
1.065971923904249508e+01
4.784793429304366796e+00
6.791831878229071862e+00
1.978208905355907632e+01
4.952351577969779761e+00
1.100890416142131478e+01
1.291231324360080635e+01
1.089922259958141737e+01
9.582429841412587024e+00
8.604727883588838111e+00
1.006011339826427609e+01
6.153455760172941602e+00
7.268199291192676270e+00
5.742367357427405672e+00
5.141881288920076010e+00
1.228031787215621762e+01
5.418976325337802713e+00
8.439617046934108302e+00
9.562894013503514756e+00
1.318545269213481674e+01
7.671956754620650187e+00
5.252577926307324674e+00
1.310733493170337027e+01
1.682040357163392130e+01
9.448544787003422485e+00
1.199227192950491094e+01
1.134351381946538595e+01
9.266969358992287908e+00
5.458831447437618500e+00
7.998315835401503371e+00
2.843154823713171186e+00
7.773092037788413400e+00
3.454578640608299001e+00
1.386933075100322910e+01
3.572765156187043711e+00
8.628889797978548160e+00
4.474565616533926260e+00
1.120313217103218584e+01
6.111003440707567513e+00
4.656384670872351528e+00
1.099776654568226153e+00
1.401358380082620236e+01
5.710168657295015215e+00
8.304585091899490124e+00
7.631382207390105421e+00
1.005057743605842546e+01
8.796994693981735836e+00
6.491326452035786509e+00
1.505048617040459114e+01
1.533210735310773387e+01
1.348337645943567686e+01
1.990712076297592148e+01
1.067771204788691186e+01
6.431042125659458542e+00
6.840726089208442051e-01
8.584135121510705346e+00
1.051354148786476195e+01
7.646586360703285123e+00
7.857428593846762510e+00
6.781131093111982366e+00
4.402703810017494668e+00
1.071682296436651782e+01
7.112309540597779645e+00
1.250140578293248517e+01
1.047879860411554098e+01
2.414629980970562251e+00
1.246150279876154343e+01
8.521249070548501336e+00
4.567987472409640759e+00
2.465281102575575289e+01
9.886596305440678023e+00
7.676881559705718061e+00
3.068902540574907967e+00
6.871656716274912036e+00
1.091053881336423181e+01
8.750745195579549218e+00
6.886951302128051289e+00
8.201167784610833067e+00
4.773740812232903252e+00
6.102437632523560751e+00
3.636616035472102215e+00
7.938233481348702547e+00
6.268708764674935985e+00
5.981732620867863659e+01
7.634393298925008509e+00
9.021856988658980114e+00
5.555511001010885686e+00
1.023669053702150400e+01
8.494954020232915681e+00
8.411904645658475843e+00
7.280379652871201479e+00
1.540996401012600003e+01
1.557964805337666192e+01
1.181040887335981537e+01
1.808263593617862242e+01
1.674742990934657172e+01
1.011663152728917936e+01
5.193078995289860167e+00
1.380798202732695046e+01
9.686109324938527720e+00
1.009591172328939734e+01
1.072944259620257945e+01
1.345680904350512286e+01
9.803696593171563833e+00
7.366177179952225984e+00
1.003515882185371488e+01
1.201977199894243853e+01
1.186317230596006311e+01
4.459051673505408431e+00
1.489904808788072543e+01
1.230325571198920542e+01
3.767255158988050301e+00
8.895253984025838889e+00
5.830924556683577897e+00
5.352307684915348140e+00
9.983193735780314881e+00
8.632978668035280023e+00
9.923586463750989850e+00
5.959923690949870512e+00
4.284202154090916537e+00
7.206121875339551508e+00
6.543144205376947298e+00
4.401951334205500999e+00
1.023818533143263920e+01
7.630195051302578690e+00
1.898977433735095488e+01
6.921589073227794486e+00
7.277395517499074096e+00
1.254987105201631437e+01
7.253669331999006431e+00
5.053448830525633539e+00
1.518898328079746385e+01
7.951613485743923349e+00
4.102620116281023854e+00
1.224944826614592763e+01
2.183105833340440505e+00
1.407584348659128715e+01
1.487748502901103009e+01
3.704101318155535782e+00
8.851148889452096213e+00
9.018196364269313037e+00
3.687965519548609183e+00
1.015724444333130450e+01
9.935071142420651924e+00
7.167622812150192146e+00
9.459452730484731120e+00
7.430690891053868263e+00
1.313891225167109944e+01
1.510976310901719444e+01
1.172206401669495968e+01
7.436977181310795437e+00
7.039925734561212067e+00
5.911606278068715525e+00
7.589665776939487962e+00
3.052992070705535355e+00
9.445430409238005254e+00
6.868405704563916636e+00
1.067866639164113707e+01
7.479613159289503876e+00
2.237281491129836652e+01
7.494229387653245311e+00
