2.546861489963905854e+02
2.621334165064640729e+02
2.941783623620905246e+02
2.233791939720483128e+02
2.678217305960325234e+02
2.538558339855731276e+02
2.693864637960824098e+02
2.066451472619934577e+02
2.511932538729452347e+02
1.861026373037313704e+02
2.148578599671536722e+02
2.674215361998577123e+02
1.910128916059124435e+02
1.876510043441451216e+02
2.294928208771129619e+02
3.182363080230717856e+02
2.340450538550368549e+02
2.442472119228767440e+02
2.202904591992944745e+02
1.807200774267140844e+02
1.954169885496553150e+02
2.980650444527618674e+02
2.370895969147420885e+02
1.909694290096048519e+02
2.988901869492952983e+02
2.424990538021794748e+02
2.942247198744731804e+02
3.176749857008492768e+02
2.430372847552215205e+02
2.235332793864841676e+02
1.846025044754433964e+02
2.341114182492904092e+02
2.388449218263432670e+02
2.321509950345087816e+02
2.240453722158242442e+02
2.284363647094614862e+02
2.001125722562553904e+02
1.989110271151877782e+02
2.514181610433836056e+02
2.475858393888653666e+02
2.330954788940058506e+02
2.881402033990555083e+02
2.390049993748937709e+02
1.721055401774237907e+02
2.389767270521841454e+02
1.957406268457220335e+02
2.861382927623903356e+02
2.696113885834388384e+02
2.968595317078636526e+02
2.821263181014847419e+02
2.254096873267567958e+02
2.509041984462410255e+02
2.479690324982496463e+02
2.658187820742016356e+02
1.749067732752351674e+02
1.793855923036197169e+02
2.795973587520585397e+02
2.903571133108888489e+02
2.067975025298862874e+02
2.655660073912428629e+02
2.395309805007011335e+02
2.768687199618092336e+02
3.092696558588349944e+02
2.061409596865078413e+02
3.026969344878764900e+02
2.528533330909487518e+02
2.263868696647026013e+02
2.886756125324615141e+02
2.463781542137973020e+02
2.336959406941056443e+02
2.812792955120560237e+02
1.892409141611032339e+02
2.776864638159913738e+02
2.586346784957957539e+02
2.398373672474115210e+02
2.696557495998736158e+02
2.337856504086454947e+02
1.995970495949540577e+02
2.167571659378570530e+02
1.995032231929696707e+02
2.204239286573623531e+02
2.570473395025229024e+02
1.992461887508052598e+02
2.476401232821420422e+02
2.663830782688553995e+02
2.491280475130026844e+02
2.933472858310569791e+02
2.352079244364902024e+02
2.741674610788056725e+02
2.645353677507811767e+02
3.219297441735758412e+02
2.604009356956854049e+02
2.603203997510230465e+02
3.382727202043172952e+02
1.854666924397742207e+02
2.629610238640769353e+02
2.360857057055179098e+02
1.928428081418203135e+02
2.197547246153531830e+02
1.891322371327869121e+02
2.194266737597305905e+02
2.112262507045949462e+02
2.731644630128165545e+02
2.523377997684584670e+02
2.204921068805645916e+02
2.367315029069069112e+02
2.597542878043835799e+02
2.064270761671811556e+02
1.587218838155790195e+02
2.528892609626261390e+02
2.158026418378058509e+02
2.067928877146095488e+02
1.705069940102391968e+02
2.284848820111170937e+02
2.027401897692405441e+02
2.080476866364205080e+02
2.472353215980014340e+02
2.772442093000078103e+02
3.267320542137405255e+02
2.588895642117151397e+02
2.035974549500368767e+02
2.190808773118531860e+02
2.546316247702049793e+02
3.330278620522161077e+02
2.634905406310634817e+02
1.827079774318615364e+02
2.852714575574464675e+02
2.534221880270791587e+02
1.958351202950540255e+02
2.394084444494506272e+02
2.376349507530080700e+02
2.873568310726852246e+02
2.541313326244021198e+02
3.138536284190641936e+02
2.084617824633614305e+02
2.922583217757309058e+02
1.563449051903656937e+02
2.684149266659221098e+02
2.946762093102214521e+02
2.022141129505139929e+02
2.650073945273710478e+02
2.319226793497619497e+02
2.681606017971732854e+02
2.442065497264654539e+02
1.940645575198755068e+02
1.980693179956935239e+02
2.971454031248808292e+02
3.080630671199199355e+02
2.405594823241064262e+02
2.347019874464881752e+02
2.089901924061239811e+02
2.065252201988205911e+02
2.131726530960819730e+02
2.369108972653324372e+02
1.905727246956097360e+02
2.303552943483141462e+02
2.697506336962288174e+02
2.157112822441205537e+02
2.492491012605499066e+02
1.511300838208910591e+02
2.275524737423349677e+02
2.161120738325978152e+02
1.962185501587546241e+02
2.557537910317215903e+02
2.144824575032280336e+02
3.149918248571155459e+02
2.183077260659209742e+02
2.290165310064626851e+02
3.063606959531234111e+02
2.448827010903466999e+02
2.754091592639115902e+02
2.619653314216371314e+02
3.198690751953948279e+02
2.093656304137083453e+02
2.582403500989848908e+02
1.643880607111179870e+02
2.870186568608123707e+02
1.673643847757896026e+02
2.193329814558011606e+02
1.965104586518782241e+02
1.775760207666378108e+02
1.984203144125442861e+02
1.702232963766218177e+02
2.764710997974952988e+02
2.973591963455872360e+02
1.838893586313155879e+02
2.462963186234088084e+02
2.125382331564230469e+02
3.254223211578871542e+02
1.554072610729862163e+02
1.616552024018035354e+02
2.464345247395997092e+02
2.127749457324233617e+02
2.672449429839727486e+02
2.569958134847649944e+02
2.514143403109766268e+02
2.026171238549547411e+02
2.618736927601006528e+02
2.694977260149651670e+02
2.602374776121847617e+02
1.819130859521135335e+02
2.319528283793828507e+02
2.620483713808476978e+02
2.346484944886364588e+02
2.726231121346318105e+02
2.604943017431712065e+02
2.147425205292011299e+02
2.502363547226488265e+02
2.308261543359387247e+02
2.309068730780864485e+02
2.390690176477763487e+02
2.711598270518547338e+02
2.611215655141639900e+02
2.131195457333037666e+02
1.950604646673905336e+02
2.098495530468889854e+02
1.792508875534174990e+02
2.367061381999814671e+02
2.019505423893125453e+02
3.095516362070887340e+02
3.058537441739014753e+02
1.696483241949373451e+02
2.394328505646054168e+02
1.679172507757998005e+02
2.134693721422533486e+02
1.909501681971526352e+02
2.004247190000223213e+02
2.609300937582801225e+02
2.875668845240485894e+02
2.225361117427295881e+02
2.485290881564693279e+02
2.057146061436849322e+02
2.749834174255684616e+02
2.919543560009020666e+02
1.555832213420450501e+02
2.266824921207761463e+02
1.671571148970022307e+02
2.463215104666495847e+02
2.675808368432911379e+02
2.427970032907678046e+02
2.190858422711672233e+02
1.823700417994044471e+02
1.679280697045754209e+02
2.056412732770007779e+02
1.813658289810827853e+02
3.273583072319191274e+02
2.520081832140040490e+02
3.086310996413973271e+02
2.177405351457866800e+02
1.828228773143793546e+02
2.512062390541760806e+02
2.324818376202903778e+02
2.651600220682637996e+02
2.342089957304961558e+02
1.986358181917905483e+02
2.063867798832924905e+02
2.121028387910566266e+02
2.213502696919735229e+02
2.989608005184535386e+02
2.093713808268170453e+02
3.172771293539466910e+02
3.056580200749540381e+02
2.573615200831442280e+02
2.339248599720535537e+02
2.310026766432274883e+02
2.743459723317622547e+02
2.022392475473467357e+02
2.228373784266145776e+02
2.375514672007425645e+02
2.701118198494368698e+02
2.215578469945787674e+02
2.279252599485974429e+02
1.737432550856461546e+02
2.403170095253511249e+02
2.118858800048775777e+02
2.448430319313477810e+02
2.562907830310409167e+02
2.388025611143639537e+02
2.371752196057661024e+02
2.938159399750707621e+02
2.310091188423191682e+02
2.025338629913212003e+02
2.320892987001591052e+02
2.721768720051600212e+02
3.530592276422999021e+02
2.331270658892532879e+02
2.192776152306584549e+02
1.871267561816192710e+02
2.818907491982869828e+02
2.761700900850798348e+02
2.358153320094023115e+02
2.177182611557909411e+02
4.912530207534225042e+02
2.263259488270690269e+02
2.149557933416323579e+02
2.538766024289297434e+02
2.918243639331921599e+02
2.294039640435829881e+02
2.267775571977239508e+02
2.823439710283918771e+02
