1.470959907285700297e+01
3.073430689488730039e+01
3.731096918197918200e+01
3.500588836735514064e+01
1.733495299094602515e+01
1.596774500111413886e+01
1.442496743741481957e+01
1.252614443186951476e+01
1.289313409775588148e+01
2.161893571271491865e+01
5.171236239329858364e+01
1.868167315191539046e+01
2.011407092427168308e+01
3.557096702988720693e+01
2.393854127079141136e+01
1.263248580499437601e+01
1.422895531018842341e+01
2.287908514805203808e+01
1.712442099800825090e+01
2.223852206701966594e+01
3.672468115063343674e+01
1.350866889618220412e+01
4.209390158261621195e+01
9.613354670987463990e+00
2.413358435815096925e+01
2.840076010805848128e+01
4.285038461117581932e+01
3.205846263011794406e+01
4.848495085266499416e+01
1.468802168977979150e+01
1.326046495971406713e+01
3.181182053308059210e+01
5.390162648060282891e+01
2.517862680000031261e+01
2.062391499971442599e+01
1.731244826209420395e+01
3.726313316849418555e+01
2.392432655967303035e+01
2.156529067980474679e+01
1.833408191213457528e+01
4.213430692741921035e+01
9.975776308712159590e+00
2.436071876213954823e+01
1.176006638062509779e+01
1.778796803733958143e+01
9.149114054314749112e+00
2.367584959998281846e+01
2.913498408855543431e+01
1.001689225512890502e+01
2.147140638564084369e+01
2.542965277965122439e+01
2.210516200615046500e+01
5.209334997390710953e+01
3.974593168185371894e+01
3.593099087427098937e+01
1.200367500863249504e+01
3.218133700790954066e+01
2.750414967685417622e+01
8.619455025647543067e+00
1.887897542370498272e+01
2.257112783931424360e+01
8.901279111176641834e+00
2.620044060160135047e+01
2.064776581806424360e+01
2.609251994609733316e+01
1.251749093062323581e+01
1.771096158419221922e+01
1.308893699134047850e+01
1.493936051869987125e+01
3.431961215051001268e+00
1.433184902792990734e+01
3.618693750418049859e+01
1.457968293134138982e+01
1.211858517240472466e+01
1.896226295322028221e+01
1.421351031278417665e+01
4.742477262527785342e+01
4.828428345393404442e+01
2.742954754321443289e+01
1.002091991245956493e+01
1.923951109980858121e+01
1.362078003127546033e+01
2.572276407404746834e+01
3.011191049736465075e+01
5.040237609980414391e+01
4.746041158974387741e+01
3.137969454013711967e+01
1.704863447874546267e+01
4.110369944471941750e+01
3.012024345249967183e+01
1.530199568438055557e+01
2.034645791264681236e+01
7.310611023930588814e+00
3.617605100425927844e+01
2.732920842227582980e+01
4.843971423610736338e+01
1.698744182947309156e+01
3.040444002076166896e+01
3.451909978021998882e+01
2.162049626513340073e+01
1.205600237668781816e+01
1.938673681966934126e+01
3.258465907222450397e+01
2.686224116041187315e+01
3.069440772752330915e+01
1.232627373381668612e+01
1.553229809644592585e+01
1.813922290281136185e+01
1.770038754170935391e+01
1.461802771156504654e+01
1.752909888777432101e+01
1.839749436032931129e+01
1.886417590112253251e+01
2.532340597950023664e+01
1.932678958792293855e+01
2.236268480235568390e+01
1.326481575264923229e+01
2.537423250041562639e+01
2.100962014717448412e+01
6.154060949322850860e+01
2.701749261270542846e+01
2.597636888795107524e+01
2.468309114291753659e+01
2.239305706402720730e+01
1.895015160144829380e+01
2.391102958551540780e+01
3.036865216400348189e+01
4.044505443883117835e+01
1.682679536348848970e+01
2.835549468843524679e+01
2.347617800214578310e+01
4.684765825344061163e+00
1.747272535326728971e+01
1.508266570199179313e+01
2.163024565723295467e+01
1.510390157605196038e+01
2.164148371532838766e+01
1.541434814057362246e+01
2.169386100587473365e+01
3.681731733266072126e+01
2.580034021164194158e+01
2.994472909397456561e+01
1.802807972536436765e+01
2.610830926088449999e+01
3.874309115739026055e+01
2.678645368475893562e+01
1.474067046656242397e+01
2.220839950893807924e+01
8.179214650983833934e+00
2.489378402659234268e+01
3.153342302079774839e+01
2.860779952725773967e+01
1.952908961735056081e+01
2.753022342975509673e+01
1.470177818329358921e+01
2.263969217501130871e+01
2.712424921860707272e+01
1.635698458703407354e+01
6.993768257244848030e+01
2.418207379546608138e+01
1.796797088840130385e+01
1.372580668952401695e+01
1.433710919145468665e+01
2.006969863477223370e+01
4.780186575772545154e+01
2.734462363991061196e+01
2.988057197269134235e+01
1.296882839017920652e+01
1.570469668846246059e+01
3.452483924065862908e+01
5.055979377688485954e+01
3.636369435660228078e+01
3.675369824859769352e+01
2.200123259814624888e+01
1.211807747441520355e+01
1.050829850857488523e+01
1.412931864205636856e+01
2.670870452180988508e+01
1.851028019538858160e+01
2.905451697145004175e+01
3.055939002909561708e+01
3.330531330777577637e+01
2.649538482941310491e+01
2.187482741642904571e+01
2.919413559616272735e+01
2.171252395662929402e+01
1.194155917432568792e+01
5.028341925210764884e+01
3.095271371356238177e+01
3.190509085990905191e+01
2.779821257485026820e+01
1.996562489738520441e+01
2.102571462843587469e+01
3.274621232129020854e+01
1.608800524405937438e+01
4.146707704771836944e+01
3.214405930013682422e+01
3.371654141858760312e+01
2.952929904481078793e+01
7.216192568898893711e+00
2.029449776129790806e+01
2.091373019121888177e+01
5.355077286269526127e+01
3.571681608862459711e+01
2.948775164954956551e+01
1.390171884546658276e+01
3.244199818763459575e+01
3.050821663900855185e+01
2.636575103427501077e+01
1.793986015476752982e+01
4.310515852222788880e+01
1.988960647922801073e+01
1.582640363151781848e+01
1.435359648344783601e+01
2.175753328392904962e+01
3.057831008427615416e+01
2.115657320922509754e+01
1.623467581959059203e+01
1.550883170492447682e+01
3.949928161119954240e+01
2.086662611569530412e+01
2.855909073995597680e+01
2.251882033747841660e+01
3.844718897450884754e+01
2.733726505923728567e+01
2.203990277662076736e+01
1.436607174653977204e+01
2.119740408898065454e+01
2.231653556755151868e+01
1.366466620926296827e+01
2.148524010456904065e+01
3.216198679218646106e+01
6.954249508479069419e+00
1.974712383299234375e+01
4.365180012888457384e+01
9.608976136553367908e+00
2.626296832147203375e+01
1.233390264819045790e+01
1.656236481260446780e+01
9.823430694897385962e+00
1.316341592317291997e+01
2.123109628338327681e+01
2.869870373008581055e+01
2.214556521503471131e+01
1.945691945809568324e+01
1.021761286508090016e+01
1.682654905151865066e+01
4.524726033265408631e+01
1.779285797943105507e+01
3.755398858078066127e+01
1.666334189700011592e+01
4.080894496784834757e+01
1.707652860738283707e+01
2.447311059772681929e+01
1.525376741126787472e+01
2.533259288797444952e+01
1.552588316141608082e+01
3.941545909837650186e+01
2.428259799926793860e+01
1.679564636816097334e+01
2.322726364518216258e+01
1.926995864571212280e+01
1.136752919030856646e+01
1.476364042864933523e+01
2.867154104917386448e+01
2.694933873828586357e+01
2.175849198715030752e+01
2.418044443789816356e+01
2.274120671059715093e+01
2.254929726479019436e+01
1.434049467415834478e+01
2.315406629253168092e+01
1.757408165136161315e+01
2.720599383996501786e+01
2.190562006416586627e+01
1.418526598565364338e+01
2.252015680142065790e+01
1.373258817585544556e+01
3.214824088822565074e+01
4.012650085606983552e+00
1.959463214214991211e+01
1.915716973778502918e+01
2.724738931217775573e+01
2.624001550189326082e+01
3.428420362620414608e+01
2.417881893475804134e+01
1.739162826410660401e+01
1.912615862314040527e+01
1.449212017974798172e+01
1.320827963476331135e+01
1.659927862996519110e+01
2.365886219810454705e+01
3.425113539797280993e+01
2.333893175983745749e+01
2.478823595922610323e+01
1.040014938207256812e+01
3.365627326170225331e+01
2.991537860684075056e+01
5.390072682123975056e+01
4.970560712427809946e+00
