3.323791519514061044e+00
6.699273736415782388e+00
1.149608567176195706e+01
6.544527529393316279e+00
3.790205790067522340e+00
1.218384952021042267e+01
1.269040002924401733e+01
4.633670216656249785e+00
3.007812012726054807e+00
6.265296963427725352e+00
4.543539411262258909e+00
6.324933946696101650e+00
8.315737562469042388e+00
1.094784922306786434e+01
4.141955886909248541e+00
9.460524667799143472e+00
3.172940310240913053e+00
1.096114982268414018e+01
5.603298204500918978e+00
5.444776821754376606e+00
5.734130477956854932e+00
7.377770240573772398e+00
3.820650501232456975e+00
2.045270134761210912e+01
1.269288278734187791e+01
1.088237584884615572e+01
8.285825149740487561e+00
4.519203049954648499e+00
4.946177088225535812e+00
7.910373644446978325e+00
2.610585791215076501e+00
9.554636045012228962e+00
1.261068750945647565e+01
2.013685584552511187e+01
6.612467380820936214e+00
6.167614206886632644e+00
3.024392871538045480e+00
5.482834136336004249e+00
1.168454336537003435e+01
1.317807169309715931e+01
8.653934085531034270e+00
1.388471443425621210e+01
1.535206028854116056e+01
7.298025215438678437e+00
1.095655069269748338e+01
6.787651126045019190e+00
2.700516212525284345e+02
1.791314399899141208e+01
1.833744204773966047e+01
6.990417903884559969e+00
7.663180246490437497e+00
8.362785271314495006e+00
6.494453159934317377e+00
1.282403205124861678e+01
5.814770483739086337e+00
1.103556848832023007e+01
9.398588216029073905e+00
7.946683299710866955e+00
7.902472793839211640e+00
8.747192835180955583e+00
4.179629931395815845e+00
3.649506130042932561e+00
4.873867039629004694e+00
5.980206703556710579e+00
5.824192717754732129e+00
4.057636039634538783e+00
1.688975014443582623e+01
5.254578233324524561e+00
1.227854504016589843e+01
1.159830256260230463e+01
5.781405839287955040e+00
8.735351134372226767e+00
1.060452553976779733e+01
4.672086139189835841e+00
4.705910162531475649e+00
7.609893881845068542e+00
4.966199158624801768e+00
4.715689876473379449e+00
9.391363602468263849e+00
9.023592542341203782e+00
1.138094489321838765e+01
1.054492632595639101e+01
1.127241302825551017e+01
2.948828664118993803e+00
3.805016562987739714e+00
1.400914503365681796e+01
3.116361391214100607e+00
6.844577419888603131e+00
9.675282404822590721e+00
1.622119491090605337e+01
7.441818747109855359e+00
8.764131656327441178e+00
1.470669771192601871e+01
6.920667681198476195e+00
1.123712217426295901e+01
8.096083591202090091e+00
7.216364529331563027e+00
1.412196738565273257e+01
7.471808486890449963e+00
1.015822876340599912e+01
1.294993031978913933e+01
2.157176329171068829e+00
5.694899449691211757e+00
3.840163481290116643e+00
6.305667533981345052e+00
4.552642967870983881e+00
8.067898298126095824e+00
5.430289845850283292e+00
5.940374382229705930e+00
5.510263349840170299e+00
1.701086373022792841e+01
1.234444053930604923e+01
9.343944381799554222e+00
7.766732988943613414e+00
4.428722751189186013e+00
5.452101928016569232e+00
6.300056147534316864e+00
1.422191472981562121e+01
1.446394687032647042e+01
1.238781582306190643e+01
9.616742844848742422e+00
1.521894548675372549e+00
1.027351917713251339e+01
9.841768380266106675e+00
1.167941918479345631e+01
4.854229843682684731e+00
1.093457838873172250e+01
6.137305530468124104e+00
6.860182985927262500e+00
7.621287353266318121e+00
1.121906326416099908e+01
8.527452320248332995e+00
2.976437166916259258e+00
1.053729069479800273e+01
1.543490422876301515e+01
2.372054487101681630e+01
1.403966967073005634e+01
9.412166368019553531e+00
1.777690669283225589e+01
4.649258973497727432e+00
1.359425904485251380e+01
1.095094140214845746e+00
5.249162323634569027e+00
6.482966921000615557e+00
5.084708790233845477e+00
1.216304278835481689e+01
1.786743352103216509e+01
1.080585948830247212e+01
8.299350467365258055e+00
1.130993278322821283e+01
3.736228803578392377e+00
1.219891274786766289e+01
3.621686213129504228e+00
6.822802064884163187e+00
9.593603596436430792e+00
1.479967883181467947e+01
1.303758805960477574e+01
2.437079904741562331e+00
9.724395998367247884e+00
1.306291494253233587e+01
1.223957921030882368e+01
6.830018410507133098e+00
1.563830369914818519e+01
2.051118440736538773e+01
8.283350839379481911e+00
4.890252607816880648e+00
3.929823437471822611e+00
8.082708926954119022e+00
6.450348435863713981e+00
9.322732188691356114e+00
3.741077126754337456e+00
7.200466994399092435e+00
4.488365140614016369e+00
1.309652638254571677e+01
8.500225929121473456e+00
7.940286717847150122e+00
8.976990090717004378e+00
1.693218255628744728e+00
6.659672534722925974e+00
6.115792065714572345e+00
1.182635831566050122e+01
1.272118419075487239e+01
8.942515839008430945e+00
1.134969693128347856e+01
4.464653906660024596e+00
9.015491032443625485e+00
5.026315043361699431e+00
9.898501453494676028e+00
1.060561422650009256e+01
1.258303060000510598e+01
9.252426976553442373e+00
6.404054182077989488e+00
6.394103747855666597e+00
4.927084666039808880e+00
4.754543451291311840e+00
1.262537568028417034e+01
1.102679936146329709e+01
1.001828256767024250e+01
5.904199104238033513e+00
6.307122427965175859e+00
1.059695610244216724e+01
1.525900120560222994e+01
2.303233790557561633e+01
1.090161641749613075e+01
3.149937855657310593e+02
1.153109565364363220e+01
6.797320921055932885e+00
2.134579459066112683e+00
9.439602760978768714e+00
5.992908438336947974e+00
1.307314923894786540e+00
5.965103756307793326e+00
1.493961023228724905e+01
7.132217474700635051e+00
1.366469974658021336e+01
1.154140301697336390e+01
1.217188169480978921e+01
5.459642937903715243e+00
1.040171258447890601e+01
7.390887061854634510e+00
1.045865249073608894e+01
2.051095970384835709e+01
1.299375713196977244e+02
4.846468239538264555e+00
9.654830800848603900e+00
7.363799243237163061e+00
6.137725214552734343e+00
8.583677142910055125e+00
6.008092359681269201e+00
1.197697447402562787e+01
3.836677733892693620e+00
1.097483220438365770e+01
1.032259407050217881e+01
9.318509202026024951e+00
2.570075387214710183e+00
1.024927223704899681e+01
1.018520589445604507e+01
1.104246421497019348e+01
4.461780922793564308e+00
1.279199272273946875e+01
2.575491877544199504e+00
5.575819407467234257e+00
8.358815372714344605e+00
1.102285974265558366e+01
8.373335343672231090e+00
1.153579144368289100e+01
4.721578607475637845e+00
7.316098020551806691e+00
6.880517762216883604e+00
3.841547253702918940e+00
1.943176725586748921e+00
4.850461516061830736e+00
6.922436798449715489e+00
5.515305357622438898e+00
8.185440572577308060e+00
1.428150688969171433e+01
8.883737607530692415e+00
7.860741153037450246e+00
1.479280898634029384e+01
6.649857609120659596e+00
1.486578977206431418e+01
5.394052947791108110e+00
1.931315855707569895e+01
9.209126678240988628e-01
6.232022479453471320e+00
1.366772866960748267e+01
3.866986589727914758e+00
5.541570708693525305e+00
7.913079142585009329e+00
8.470654068116207469e+00
1.573516274094884615e+01
1.967427145341453709e+01
8.524922925773751103e+00
1.128381201784027965e+01
2.523337449269466859e+01
9.488379676056629464e+00
4.169810811105673309e+00
6.578310782917923483e+00
4.395947259196466561e+00
4.269459471304377196e+00
6.437541873328058273e+00
4.562468011429697157e+00
1.188168293866806557e+01
9.705790714806925124e+00
9.223980133953849858e+00
8.849149046102393612e+00
2.063932207978097111e+01
9.121478812840818406e+00
7.075842243820713584e+00
1.399205090764258586e+01
1.191925739938327844e+01
4.681092514752068112e+00
1.758768353642174631e+01
1.118070477871989254e+01
1.797822839790792315e+01
7.239917653332597958e+00
5.044412030802376989e+00
8.481609637612276487e+00
3.319799864840297321e+00
9.596937328281418544e+00
