1.359512719398254887e+01
2.579505031268188731e+01
2.530628966095338939e+01
1.865033418701394652e+01
1.509280451800114697e+01
9.376018192630326098e+00
1.660806995600955105e+01
2.265899256910715209e+01
3.753753082888623194e+00
1.864504020698837294e+01
3.203185747228366864e+01
1.761415427743945372e+01
2.352442213704859952e+01
1.686734303335701313e+01
2.141788942313220545e+01
3.109219276366148321e+01
1.565733823964266946e+01
2.447102759401745686e+01
1.536519783766593505e+01
1.233549507977515169e+01
1.565138879053357535e+01
3.453350766957302653e+01
1.687534343256865910e+01
1.963976388035348108e+01
1.325667126153907738e+01
2.742017046090023413e+01
1.589200982340625323e+01
1.954524775443744034e+01
1.077475316006412420e+01
1.674713571647605548e+01
1.114293652953955771e+01
1.425464716720779457e+01
1.709376937780345784e+01
1.685622335417073003e+01
2.206770593823506132e+01
2.022958930994076709e+01
3.446932704905957934e+01
3.562224285488595399e+01
1.097448068368979435e+01
1.667917925930145984e+01
1.860583881581447585e+01
1.456423312995625530e+01
2.051420768070429901e+01
1.240237464830934755e+01
2.506221674033032798e+01
1.895591577098432623e+01
3.336885005567672380e+01
1.469744302194804142e+01
2.178994642261048398e+01
2.818731461289361562e+01
9.710977305981719709e+00
3.374851367313627293e+01
1.545673969312756491e+01
2.825080733801207700e+01
3.101469676876766712e+01
1.325797640342175399e+01
2.461658034104742043e+01
2.315034668316434718e+01
2.115076490210059390e+01
2.608653072182564969e+01
2.083789263565340732e+01
2.171108044645027135e+01
1.390756072831456613e+01
2.611455557185411536e+01
1.266829527766801178e+01
1.722282852374991080e+01
1.930834239385201911e+01
1.483273325414860722e+01
2.879299960227607613e+01
3.002468564637083759e+01
2.554128723827155056e+01
5.184635451906414616e+00
2.323589536666779765e+01
1.818976466507796275e+01
1.534065372378974068e+01
2.665228083363596312e+01
1.495723123929312059e+01
1.793201489119366698e+01
7.787022254005374400e+00
1.886444104876400374e+01
1.546250372683825347e+01
2.586066291708959142e+01
1.731629661024423328e+01
2.418136373603345035e+01
2.828274599415968282e+01
3.159143840257438995e+01
2.643772975405824255e+01
1.284281904538722863e+01
2.907606537468241470e+01
1.864128190354399095e+01
2.014522605235286079e+01
1.112216907264506816e+01
1.638855870852503926e+01
2.122134505454511810e+01
2.167526933528322175e+01
1.327679628911805132e+01
2.195247556720862292e+01
1.615713086097527906e+01
2.448134946671146395e+01
2.290191696007949673e+01
1.231860522550153902e+01
2.386456685715776160e+01
1.705234241086749236e+01
4.233517463351488175e+01
1.386335020290032816e+01
3.610129576319364020e+01
3.199861612775242747e+01
1.127282625141627115e+01
1.542640378133887502e+01
1.581563020818565590e+01
1.609345307858652063e+01
1.842261111356472369e+01
2.767804139025744448e+01
1.682849233116396448e+01
1.181422223159760243e+01
1.625137522405630008e+01
6.468980103714306651e+00
1.838803602286415639e+01
2.672554391143615860e+01
2.040281070007048569e+01
6.130500156409918411e+00
5.647909751916052556e+01
3.985446294112421839e+01
2.048697254334530626e+01
2.099273137319149285e+01
1.645416288003702832e+01
1.461799965561782599e+01
6.528821214881815216e+00
1.829332759330889147e+01
1.969358975324593786e+01
2.338162405624025197e+01
1.643012097408796279e+01
2.492349669500760712e+01
2.737777197712999566e+01
7.816784904989194871e+00
2.480702424694026220e+01
3.033917676577781819e+01
2.298245168865853572e+01
1.389954476830622987e+01
4.843483586896837778e+01
3.351117788066823522e+01
1.695191235857340573e+01
2.034522928005032938e+01
2.007246693454078823e+01
1.398497402069125251e+01
1.010049451221721029e+01
3.567951487443377800e+01
2.403888373714850957e+01
2.691639028465221273e+01
2.422983438197631756e+01
8.563433174910317192e+00
1.812857348459692020e+01
1.746293651284304360e+01
2.233406080297287488e+01
1.951441321168286080e+01
1.461956122721138662e+01
1.365887737698330717e+01
1.346812043622666444e+01
2.465286849825125870e+01
1.817475088403994476e+01
1.673514829100270518e+01
2.310405394105744392e+01
2.279817135372328707e+01
1.782549964683559196e+01
1.565107597596887601e+01
3.043152590120798706e+01
3.995970507587907150e+01
5.584225004071908138e+00
2.785595531041280992e+01
4.727567558436641093e+01
1.183571394377286445e+01
2.411541202613825519e+01
1.120095526327716939e+01
2.038320215029390070e+01
1.036472151564685085e+01
2.183117644082203768e+01
5.640032576218816018e+01
2.408409950498387886e+01
1.310271774710072101e+01
1.144407837848665999e+01
5.100338906979430931e+01
1.673396584875765569e+01
3.382194313249886619e+01
1.680660555640529807e+01
1.473285329593252513e+01
1.548793307496151073e+01
2.292598639587767195e+01
1.767634790701277936e+01
8.748191414718380798e+00
1.067036958111770240e+01
1.396986573715805591e+01
1.445286336548049100e+01
2.532507554253350435e+01
5.298240470482208764e+01
1.103543148415786845e+01
2.632924194738193435e+01
2.759399461796190423e+01
4.215293718978913518e+01
3.630304137966379852e+00
1.618420200943955578e+01
1.704849548245726965e+01
2.308674191296025668e+01
1.360712348799959059e+01
2.004730388193121371e+01
2.770047051177984088e+01
1.183274345225452073e+01
1.727532950338189721e+01
2.059976414854559934e+01
9.611522892868583412e+00
2.393366515737299949e+01
3.087403448555706476e+01
2.093239948410490570e+01
1.943734904629912918e+01
2.168348693720627907e+01
2.321286395058258378e+01
7.396604391892139141e+00
1.285602547960490583e+01
1.519259243175108054e+01
2.020237047374573791e+01
2.979111779499897494e+01
1.295350173905991298e+01
3.044958382863816126e+01
2.873722423951354799e+01
1.199718408605438391e+01
1.977704562321413206e+01
2.713282925457349393e+01
2.127288097702825453e+01
1.878111191437592353e+01
1.899925663600844317e+01
2.310915674444876089e+01
9.011552953436066105e+00
8.967254648167539699e+00
3.528945181002698206e+01
1.693244016812476715e+01
2.272820612749875480e+01
1.146050647183577453e+01
3.985102955289866600e+01
1.717849180262782482e+01
1.364605271676755649e+01
2.359520162449949865e+01
1.094606335115798146e+01
3.833580880058333662e+01
1.318594533399620872e+01
3.533516384461037774e+01
1.968334641052029355e+01
2.342798313617171502e+01
1.640404358128884610e+01
2.123549615403781843e+01
1.313472391738717526e+01
2.646276570175084686e+01
1.416668630550527830e+01
1.828231505622925113e+01
1.252962796873423912e+01
7.940830063419331175e+00
2.174987103813818123e+01
1.965264571983932740e+01
2.624415188470013049e+01
1.560931711299296332e+01
3.656648061541298489e+01
1.824204714046328135e+01
2.771367533772392733e+01
2.539832617021490080e+01
2.129328003089636567e+01
2.196442472507280641e+01
1.402910405591781640e+01
2.013237025633255683e+01
2.773462806042559947e+01
1.269165155072522211e+01
3.039666108288556856e+01
1.438516088759740974e+01
1.333818111112846516e+01
1.474635090783114322e+01
1.964758157861407994e+01
1.420241287193110935e+01
2.700209564999342149e+01
5.708731084931438104e+00
3.707154391600976595e+01
2.348567194934775557e+02
9.784461279531969424e+00
2.571268194531297979e+01
2.405137156944594068e+01
2.044447528969810435e+01
1.022267236735562612e+01
1.269269576362058061e+01
1.699915821825069528e+01
1.742027675880211035e+01
2.519741179804568176e+01
3.720108315605504146e+01
7.802796270430679471e+00
2.525746991038931455e+01
8.272511305653855729e+00
2.069285616162875385e+01
2.621981233049714177e+01
2.352555342224899704e+01
1.520180395065555778e+01
2.799861222994627141e+01
1.143141077780523496e+01
2.308883237391025389e+01
1.641267655812470494e+01
2.018023797600796954e+01
