7.485718082861272649e+01
6.889733338322839984e+01
9.790841227062766450e+01
6.002732446568688829e+01
9.044701956773459983e+01
8.861870275341247805e+01
5.810826701870055189e+01
8.212171564128826162e+01
8.928319315252711874e+01
7.879560236125217898e+01
1.066872336104283505e+02
3.411242475929621065e+01
7.294531449030894521e+01
9.822096796345282144e+01
1.240915301298051361e+02
6.686848238456168758e+01
8.129315966559207141e+01
4.873999325497383239e+01
9.984200293668989445e+01
3.793196527478709612e+01
6.834876746146937876e+01
9.871952094883101836e+01
4.575916735723848916e+01
4.613354858354245636e+01
7.316525855256973898e+01
1.205512572743000419e+02
4.652093770263895323e+01
8.863121181803029458e+01
7.764003618124598916e+01
7.780314789947719589e+01
1.057073159969156535e+02
1.074125688845018090e+02
9.893443670114160682e+01
8.203660213648072386e+01
1.216678831884634633e+02
1.015587784358564392e+02
7.372191389290385644e+01
9.194508558138623755e+01
4.703188623037137006e+01
9.342155939183761859e+01
7.941621913292210877e+01
5.574010996562761733e+01
8.924526045595158052e+01
6.283040247649410759e+01
4.461004762537996982e+01
9.874228916510794818e+01
9.824846179066462071e+01
1.022522660216054220e+02
9.485354795796453686e+01
9.088877253235482101e+01
8.467286056088073565e+01
7.456928251182296208e+01
8.428642128334367101e+01
1.101694470636345926e+02
6.497310963550937402e+01
2.045103301913221401e+02
7.235644627680225938e+01
5.173802756654388446e+01
1.236771870811962515e+02
8.511211378497814906e+01
2.325752408531883475e+01
1.067191260696920807e+02
6.487111934868379137e+01
8.909288725373380657e+01
7.685309763638095149e+01
8.764699547477070496e+01
1.318457106452684968e+02
1.054747331957143643e+02
1.364512087903196971e+02
6.817677770116208080e+01
1.188759608916462014e+02
8.170102391535124298e+01
3.840323679441953431e+01
8.801880021054461167e+01
8.301820306863153576e+01
6.352520196590966606e+01
9.578200403116912298e+01
7.827269110083027215e+01
5.428429520621450877e+01
4.168432110106240884e+01
8.320076988343289770e+01
5.040519650786997374e+01
9.659035957452771015e+01
1.017075854895721818e+02
1.095538154153881010e+02
9.446992834553596197e+01
6.214477767631386484e+01
1.024806810679504565e+02
4.311886031969174837e+01
8.362564908382593387e+01
9.561122436562099836e+01
7.888135309542508367e+01
1.301423542290395119e+02
5.062662444251149907e+01
5.819149124268776774e+01
6.919748447171059524e+01
2.431553169103884215e+01
7.676519046768088117e+01
4.553860121649808690e+01
1.505405246274245030e+02
3.590378825829424159e+01
4.157283778174760158e+01
7.100650824371032854e+01
1.049413798923877152e+02
1.147930750450861268e+02
8.803696965384210671e+01
5.781551383969529923e+01
4.520590130804588114e+01
5.472426372772049774e+01
7.594893126180949139e+01
9.072208980321273941e+01
5.295725063392449528e+01
8.090220669961573208e+01
6.638741362013725222e+01
7.476630401729431696e+01
5.146022626056226557e+01
9.740797271025532211e+01
4.672568731032718858e+01
1.102718545770598269e+02
5.949204152130275958e+01
8.753649386992682935e+01
8.309865358313031436e+01
1.022781635015939941e+02
1.008106999031675315e+02
6.406060426754113735e+01
1.243561627877257507e+02
1.007492782046093538e+02
7.156647264155729715e+01
9.900655924290560961e+01
3.673190161673907284e+01
9.569887852034074172e+01
8.634740871778947735e+01
5.681728560885979107e+01
7.331522708197837801e+01
6.089870746933379309e+01
7.567262784012523014e+01
6.782736974678624620e+01
7.843200762008571303e+01
8.521870670453428431e+01
6.439824786395590195e+01
9.554809317618919806e+01
1.342909596819391993e+02
5.794328225344088423e+01
8.594252451195444564e+01
6.799318806750353872e+01
8.239003092929930006e+01
8.240751597795491534e+01
7.550920819263707529e+01
4.575285599434539563e+01
6.973845577643491822e+01
1.011075985576707694e+02
1.202707358334345571e+02
5.817653917866212510e+01
8.264651849170907383e+01
1.082496907367576426e+02
9.798020029712249368e+01
9.153827279873060263e+01
8.770646434060823537e+01
7.561676745826022739e+01
9.643919859167056075e+01
5.400406846906255964e+01
6.003975077261165438e+01
4.929226636797188377e+01
5.923522305256670961e+01
5.910670326398351193e+01
1.298042280161971007e+02
8.582226208854655169e+01
4.205023714376577715e+01
1.064054462492923392e+02
5.502263138981099644e+01
4.335704205689296487e+01
8.093676647024177839e+01
8.682402420173393409e+01
6.634366669977423214e+01
1.229605748898279245e+02
6.240658199442509613e+01
6.073006238657382738e+01
7.044280700686125840e+01
6.365552608415212887e+01
1.314801395015184937e+02
9.399403288961512715e+01
4.875497925461543502e+01
1.068681726406233707e+02
5.312485857721603111e+01
5.410457732220975657e+01
7.338204342419246018e+01
8.318983292907324767e+01
5.655227333450280724e+01
7.245456871892250206e+01
6.160221288593976396e+01
1.027151898360279603e+02
6.518896092450835056e+01
6.431234895487015990e+01
1.142066163516258115e+02
9.365067969314465302e+01
1.033487289694505336e+02
8.767896537754990050e+01
8.257919554419996189e+01
6.906524874247595847e+01
6.635406524989150512e+01
8.603705382219769149e+01
9.095184799370194639e+01
4.637542103373553459e+01
3.987374588784614815e+01
7.441175436996709891e+01
7.090406499473486690e+01
5.253749577058142251e+01
9.257160090282546605e+01
8.005167577918250288e+01
7.416346208558836395e+01
8.843059097301254212e+01
6.753226281947006271e+01
1.202787024540674850e+02
4.148681853046057455e+01
7.929933214541235031e+01
1.031073939381471263e+02
1.041296960594232104e+02
1.116728372851175806e+02
5.891707204806037623e+01
6.611776600225142886e+01
7.833291397224843422e+01
6.746866998715618990e+01
9.220393804102963031e+01
6.522174421512484344e+01
4.701473710811441009e+01
7.114145586739022065e+01
8.489280016826019448e+01
6.395647051276913686e+01
6.251982153314922641e+01
6.532911787793125313e+01
6.746353248018728266e+01
1.311689454814191151e+02
6.381356377763161447e+01
8.489499138048539351e+01
8.168062803132501415e+01
9.309729789789636811e+01
6.742418518104564384e+01
9.202366764255920373e+01
6.412434055171156899e+01
9.927225412657467984e+01
6.505688924686900521e+01
3.782215708869649262e+01
1.149683525277703779e+02
1.064900026428892943e+02
8.452022734992438302e+01
5.371392863584492972e+01
5.929563886425557229e+01
9.090696040000020162e+01
7.524988801892392587e+01
1.049238861213967198e+02
9.076954526892825470e+01
7.761678137793437315e+01
7.691917635306799639e+01
9.010143512102035857e+01
9.226308886313798041e+01
9.871646777817818474e+01
4.654827850906744402e+01
9.496279385518914751e+01
8.399956201942562473e+01
9.825732439701206999e+01
1.105937683726535710e+02
5.693227172458829699e+01
1.021455844129096278e+02
9.071249249130819692e+01
4.943659789470178367e+01
7.806499102030991821e+01
5.174790691612030002e+01
4.402863172448900997e+01
8.185039607327490785e+01
7.664738870635665080e+01
9.419852791143497939e+01
7.188820994394797026e+01
4.801942835242067531e+01
4.256035679456136478e+01
7.228569297349127964e+01
8.194231819105836223e+01
7.852692080019829746e+01
5.534224703043007310e+01
6.482891018713458209e+01
7.715610925280859078e+01
8.169473015556573614e+01
6.807595376794775177e+01
1.504888759500533126e+02
1.035217142004889013e+02
2.530117018179068822e+01
6.523060539334257157e+01
6.206281771618478160e+01
9.852684615950590796e+01
7.661979894736479935e+01
4.870130703411930284e+01
8.085909150368064502e+01
1.109527290859251991e+02
9.130856619509496852e+01
6.272351074673977678e+01
7.649618163200638321e+01
6.308485009465856308e+01
6.904301806429579358e+01
8.669937916580825288e+01
8.448956736306497817e+01
6.236117717260535187e+01
