1.805626416397684153e+01
6.017218474652231919e+00
3.107980157185555647e+00
3.112903383752630315e+00
5.301956209518166041e+00
6.875911041980538485e+00
9.778789304350128830e+00
7.211340137793716742e+00
1.320294574467037307e+01
3.508319176879776791e+00
1.173050989644353415e+01
7.364556894736961290e+00
8.201539107168176912e+00
8.478286394789613212e+00
3.657972931780510528e+00
7.929311684666681792e+00
6.676648993744700888e+00
1.562293994609895265e+01
4.124784643165449793e+00
1.041365259706705615e+01
1.200936553882825919e+01
9.584066387412566002e+00
7.065747168778086618e+00
1.263509417953161851e+01
1.320601545423933132e+01
1.718680995406974077e+01
4.433311589707478184e+00
1.515725712166989814e+00
2.092467399679415152e+01
1.533921626007861505e+01
4.857808866404812242e+00
7.003684963668545649e+00
8.381490972199454603e+00
1.108079004789432709e+01
1.413125562377685895e+01
1.036891585161731300e+01
1.641894784794474660e+01
8.494939130713671460e+00
7.782858761700476080e+00
1.407529913084985651e+01
1.940857579667939703e+01
2.546403224797577192e+00
4.712697536928640574e+00
9.366042317126073158e+00
7.756926824785693064e+00
1.144492162902744958e+01
8.948123553270677988e+00
1.910214489574035568e+01
1.213262351529421323e+01
1.437740541427803720e+01
2.467197314230877225e+01
4.783311037239698749e+00
1.185066779666199466e+01
1.583322960128134760e+01
6.514026701488314863e+00
7.484704059521192221e+00
7.673928797743183594e+00
3.789952922429430160e+00
7.766847904013637560e+00
1.152288837224113038e+01
5.973161370548691451e+00
1.658545191766608085e+01
1.041814814026776048e+01
6.946143921748679340e+00
7.547225883208098729e+00
5.809927917334165137e+00
5.442528696808719424e+00
1.515515886217441199e+01
1.411317661348487995e+01
8.461152971292580816e+00
5.737750643039142950e+00
1.129409963807335515e+01
1.405428716144629320e+01
4.063514639484797186e+00
1.313042100035550064e+01
2.945227574802089521e+00
9.943634283512635008e+00
1.902039271383375052e+01
3.296286935849709110e+00
7.040822419612775107e+00
9.544042690261230533e+00
8.751210290634249489e+00
6.460335071206562141e+00
1.734866287720297606e+01
1.373611279739090385e+01
5.790411764167480158e+00
5.072645130594870544e+00
1.352236060043120602e+01
6.357031461750087153e+00
6.362682930935195103e+00
9.073425494325496388e+00
1.123243818826102647e+01
1.050157778533756670e+01
1.401606159200251778e+00
2.339848983244894320e+00
1.250363141781033960e+01
5.993530060029335971e+00
6.998527899428891530e+00
6.332070387253378563e+00
8.119304692127819578e+00
1.259077285258086576e+01
1.034325278510488566e+01
1.736192843085545334e+01
1.574194041945805722e+01
9.687618301296826218e+00
5.185211765553747298e+00
1.917825043153504438e+01
1.391680734289692012e+01
3.235871974639613313e+01
1.244922713273920500e+01
8.208219524001938439e+00
2.221976748776005905e+01
1.216511956337348010e+01
7.259662763234254967e+00
1.026086651595510446e+01
1.646944169443885642e+01
2.510806558906638486e+01
7.948078160935905245e+00
1.118616185671502450e+01
2.911974921321122789e+00
2.229706843512968106e+01
7.100957771681146724e+00
7.865166433172002591e+00
1.341608306049117516e+01
8.499080199589007734e+00
1.026524752151640563e+01
7.595917373035685927e+00
1.648356367419254553e+01
6.747189012714932765e+00
5.960300073922686792e+00
1.216661849643729987e+01
9.167526172432557630e+00
9.448533949998465076e+00
9.909803205792655945e+00
6.059823013343009102e+00
7.829634353163903882e+00
8.365619364347447018e+00
9.309669161163263595e+00
8.505801776823636473e+00
5.172313001965557433e+00
5.119779570099235677e+00
4.689229472176916325e+00
4.733004346789122962e+00
9.352919299269197850e+00
7.986154727238870876e+00
1.509441166224092790e+01
8.470498973618088456e+00
1.302022688328516686e+01
7.375993828424335597e+00
1.181888826206174947e+01
8.590863437815773551e+00
3.689387066378417845e+00
1.287227083922293502e+01
6.161570423248262429e+00
4.646809885484564084e+00
8.799117648982548445e+00
7.962152179256190010e+00
1.224414373486761676e+01
7.890697160116330267e+00
6.803518492570319154e+00
1.891153779340623942e+01
1.057622248868924686e+01
1.028656000668290460e+01
4.799674553481955819e+00
6.208618269934602196e+00
9.809821915536108605e+00
9.072890659594873952e+00
1.013708751058064195e+01
1.675800117629180619e+01
8.843547622070735414e+00
1.037601037086898259e+01
1.409688353289045537e+01
2.359304553733196919e+00
4.630788294340830724e+00
1.602556021578473988e+01
7.921532573100361851e+00
9.578869825670027538e+00
7.056642948704705098e+00
1.040822978162635692e+01
7.804666314235078950e+00
4.070676668265904574e+00
1.021332274664549722e+01
6.876745494060721775e+00
8.561138414433896671e+00
8.328079772183151874e+00
2.289345058381467979e+01
6.237734788253038509e+00
7.631897034394786949e+00
6.618066832399541077e+00
7.257046078546957268e+00
1.070849108371250935e+01
7.404450883517255555e+00
9.618534031633878101e+00
2.096292376629475598e+02
6.533587865353577051e+00
1.054220448637606466e+01
8.064238003688210199e+00
9.737513994114017635e+00
7.568568352849308845e+00
7.334811777974703517e+00
1.574862978871537145e+01
8.061940770991926186e+00
1.247938778431009510e+01
2.522764102986561507e+00
1.504957670232868949e+01
1.307767967568853251e+01
6.228984992515352204e+00
1.792104020009572096e+01
5.047084377589543536e+00
3.062523869888131856e+00
8.890256501289435676e+00
2.181760265153624090e+01
7.364101608835291302e+00
1.822797005177888252e+01
1.189467136530644709e+01
2.291049996838198766e+01
3.198838142220083824e+01
9.416711845211890974e+00
4.343048045028616855e+00
1.142121266882429609e+01
1.006319150653031436e+01
7.074449643870348581e+00
5.876990256422653047e+00
1.116036495785762561e+01
5.916875008369617106e+00
4.403605905001463761e+00
2.219256496728425887e+01
1.539170138282674039e+01
3.497778816479572583e+01
7.359116774434823149e+00
9.902033015049813258e+00
6.615442913848762707e+00
4.910902862863369300e+00
6.986037524926876685e+00
5.256809884875249139e+00
8.914876508664859145e+00
7.845986524702623477e+00
5.914452864062495152e+00
4.085822947520447279e+00
1.101297632155302963e+01
6.304157717913168923e+00
1.210292147406707208e+01
1.405852597865322196e+01
1.113827922301105033e+01
1.623725623771933968e+01
1.268552166461013364e+01
1.546315077922390557e+01
6.047475207991308110e+00
1.461140855829765606e+01
6.651439388706736011e+00
8.388656363048967890e+00
6.909774800046886156e+00
9.197261960028288996e+00
1.002540735826688412e+01
1.443733704344260182e+01
5.596291240772401920e+00
5.438737399884850277e+00
7.740162753499213899e+00
8.297519464917369802e+00
8.523386665788910577e+00
1.251242530650857532e+01
6.155017881149700720e+00
6.555428810433238773e+00
1.188443998891822240e+01
1.140342552284649358e+01
1.425164424159614107e+01
7.537755754667932351e+00
6.767527305521969794e+00
3.219342464102708732e+02
1.153240374379504551e+01
8.312518774723768544e+00
1.190409323503920369e+01
9.150827728232837188e+00
1.383564233776629138e+01
1.125556457599851434e+01
1.063812156501714412e+01
8.476952442952327971e+00
6.151788515433093352e+00
1.407104901486493276e+01
8.183546879395517948e+00
9.467949596549832592e+00
1.132329662331524744e+01
7.841656790003483479e+00
9.095357058489033975e+00
1.560419645478205730e+01
6.060506724130169331e+00
7.573447304596869323e+00
3.462263612434074211e+00
5.483669249713979177e+00
1.591991323483863496e+01
6.535816840335839117e+01
5.714428048669068616e+00
8.893251869484707584e+00
7.315503063477040158e+00
7.522077555315859421e+00
9.639040810713359164e+00
1.044710843469982997e+01
1.161160254950666371e+01
7.729182147185297502e+00
1.954715251170871326e+01
