1.169497881615597557e+01
1.817423386808124519e+01
1.502621291348600963e+01
5.240644021110528072e+00
1.321946367412574652e+01
6.228211630904051610e+00
3.331528521452171532e+01
1.519430666414057995e+01
9.791443038369299856e+00
9.853049268168051711e+00
7.907049508024959650e+00
1.628735930967938828e+01
1.679494797366469072e+01
1.677984140672809943e+01
8.571722790251982360e+00
7.912296345190116043e+00
7.117417731465103259e+00
7.024298904713936587e+00
8.865858821358475694e+00
4.289200188780268519e+01
4.407630104982326102e+00
1.717370211130999280e+01
1.627694197455468483e+01
1.482832309269555537e+01
1.837929421669559105e+01
6.843483454570066016e+00
9.004667859982204092e+00
1.424679585982799068e+01
7.853716277006411950e+00
1.080165678370967441e+01
1.782728537112728162e+01
6.660777609955970568e+00
1.463370229653801147e+01
3.174040256289496398e+01
7.949238906090780432e+00
4.108450739579730993e+01
1.739279315736423115e+01
1.879260223906454641e+01
9.701613392949530734e+00
4.743464803030076560e+00
8.829615899694086778e+00
1.424848614477118858e+01
1.297682470756710060e+01
1.879299329316757650e+01
2.147404742240015807e+01
1.141474288523662217e+01
9.494661100101080109e+00
1.670310440939628549e+01
1.762023344524938651e+01
1.044644923855562091e+01
1.596291566114468452e+01
7.637427566682174707e+00
1.408885197588208271e+01
7.753018530465322300e+00
1.272435516539726663e+01
1.855516304643121828e+01
6.392026402059699741e+00
1.176645637954004364e+01
3.685894917485654787e+01
1.098696287948308203e+01
2.839983092480871107e+01
1.263501411764258009e+01
6.364467469033188607e+00
1.011801332864831338e+01
7.530251445525741438e+00
1.451976776730388430e+01
1.393526533481678520e+01
8.113707752737004952e+00
1.098177315960658440e+01
1.866418010970820873e+01
2.814495391290649096e+01
1.568895990199535539e+01
1.053315452332635438e+01
1.849449841346190837e+01
1.685025046770558532e+01
1.874155041567722080e+01
1.716337400119881451e+01
9.069921747388805855e+00
9.534335889028691113e+00
1.309827717966523153e+01
1.449779439998295949e+01
3.794427727326291944e+01
2.778834304968930979e+01
3.817978228011589703e+00
1.339521664749065444e+01
1.098983675704249308e+01
1.084409749658915167e+01
1.792125859337374649e+01
1.102961377654264474e+01
1.704980748943609825e+01
2.044230367947262295e+01
7.969575669274442831e+00
8.903597678967972939e+00
1.062822516618374813e+01
3.883521692969915051e+01
1.199327183890166104e+01
3.247579033345487431e+01
4.395902107842159623e+00
1.591227658599029837e+01
2.239122436317748921e+01
1.509101696792583347e+01
6.681905386167962924e+00
2.263731703599209766e+01
1.537578711925488761e+01
9.047429659112456335e+00
2.064068445011923814e+01
9.222186116061969585e+00
1.463925398487209506e+01
2.705191072562248422e+01
1.293665030565851914e+01
1.473128661682433282e+01
9.802982046669200145e+00
1.912888474310248910e+01
2.548090159475640437e+00
1.947225261323575651e+01
1.089215092297770582e+01
1.233910859714359454e+01
6.505577016634344290e+00
2.357105064088264257e+01
1.672078459919264404e+01
5.510365361985406274e+00
2.739810429597891073e+01
1.247891349627341917e+01
9.105442476306629729e+00
8.861299086522878454e+00
1.535295827256063639e+01
6.189955540878805174e+00
2.583385129745772701e+01
1.974290072566524401e+01
1.522874100572404643e+01
1.383244893441585788e+01
1.533750147856158819e+01
1.131553021933125613e+01
6.113126844702094331e+00
7.435029897226376860e+00
1.522629407169601734e+01
1.665194724368418377e+01
1.588531356341243495e+01
1.284674042123634941e+01
1.558611174987787606e+01
2.188552672738591554e+01
5.517229804311979180e+00
7.240090151851533484e+00
5.688312195465023535e+00
1.599918925856398566e+01
9.819383768452350836e+00
1.855531736616617877e+01
4.121573145915738756e+00
8.113134254101362686e+00
9.282405158828625602e+00
7.221874650057408473e+00
2.458392056714813023e+01
1.362539015633260853e+01
9.988028678109387215e+00
1.527204212935169636e+01
2.882110442694779096e+01
1.082760482173899774e+01
1.249368802715338411e+01
2.741174305736951666e+01
1.802275269099296651e+01
1.508934080144578971e+01
1.123266977512919240e+01
2.492577465718393626e+01
1.951808999207668904e+01
3.525433895242676385e+01
1.105706415164456757e+01
7.319858922187945538e+00
2.419987708712913843e+01
6.781124923991713516e+00
1.075605434848047004e+01
3.356310191883699723e+00
1.431493951237662543e+01
1.665501679332519203e+01
1.746760289657349929e+01
2.250097595667377703e+01
1.188150911385413977e+01
2.053395699310341271e+01
1.281101841605826941e+01
1.406334166502163008e+01
1.262803516327438835e+01
7.123636796498561630e+00
1.581348061615082656e+01
2.205225273243711825e+01
1.306495670283033661e+01
1.035042122056920810e+01
1.125773260254354291e+01
4.196413888164530981e+00
1.891291641864701134e+01
5.147552811125978955e+00
9.950023187473876263e+00
1.001951307104897637e+01
1.598227005828199765e+01
9.102359472699301790e+00
2.870354934965973470e+01
2.223315474040941098e+01
1.176415646261725101e+01
1.267969150130078404e+01
1.853276817718591829e+01
1.122758085359256519e+01
1.441151459086843545e+01
1.787459876134636616e+01
6.804706853309417269e+00
1.278058640712310634e+01
9.495586740403888726e+00
1.570242709617941834e+01
4.208412813627439242e+00
9.708106455222026199e+00
1.340402717665154064e+01
1.829767226267580327e+01
9.184234178397376880e+00
1.969428866822986635e+01
2.104481118850914712e+01
6.379039461200127548e+00
2.105440491871765829e+01
1.156538787975693161e+01
1.366383946919082604e+01
1.133167615993570188e+01
9.473786494419877968e+00
1.392622575054083001e+01
1.952015591618303958e+01
7.352651104699460483e+00
1.360834286525057735e+01
1.873071901755135826e+01
1.282675698619132199e+01
2.139593443639935799e+01
3.396355749928329715e+01
1.259638888547934954e+01
1.698000833207594340e+01
1.092089469602125362e+01
1.551725256294566968e+01
6.111994063070566696e+00
1.327486673369286407e+01
7.717908811941476266e+00
2.496120326752606999e+01
1.932287098912091849e+01
8.378009505385431765e+00
2.409597737128863670e+01
1.134737335157078419e+01
7.739172088451172549e+00
1.482390987036972341e+01
8.176935603604830405e+00
1.111860666203599202e+01
1.734690804231917127e+01
1.011175699395768923e+01
1.432064667742788444e+01
4.906887053863096426e+00
6.591914856660091360e+00
6.768444782546876759e+00
1.409260850806662724e+01
1.540264561067316507e+01
9.172670415776231323e+00
1.721199818222936884e+01
7.473123441173560089e+00
1.367543694523979880e+01
1.506399597533914125e+01
1.269229148648299876e+01
5.484446666592319275e+00
1.362165815895205512e+01
1.442260421395005388e+01
2.256741455300768706e+01
1.006675834335838893e+01
1.189071644204142331e+01
6.535407500912588041e+00
8.901604624821384704e+00
2.100127179575947167e+01
8.224727788725289201e+00
1.675428304003256841e+01
1.149499282249751175e+01
2.203420136604426816e+01
2.370624212551977550e+01
1.889003893008846546e+01
2.410700851096818198e+01
1.157925974477264219e+01
3.426561909007609330e+01
2.379214605861375986e+01
1.190267685135023790e+01
1.268953751991503154e+01
2.130381197889031242e+01
1.774554053665652731e+01
2.647548345472640108e+01
8.158347457431844418e+00
1.373771186897437602e+01
1.613053083016095357e+01
6.387162523627071486e+00
1.328995696895029432e+01
1.515188425174789089e+01
3.333228195517542503e+01
1.002178485776082617e+01
1.127847975129101066e+01
1.231692380053659619e+01
1.622582828626511997e+01
5.390305697590592970e+00
1.077275389781810588e+01
9.434297628269641578e+00
1.086683901000702335e+01
1.008959182910271757e+01
5.027387612037223619e+00
6.641529478162859768e+00
8.096599779160671417e+00
1.578673709815882198e+01
