5.700440657135101219e+01
3.767041064542703310e+01
2.840532635296004216e+01
7.811932752828155913e+01
6.409408050907072152e+01
5.404749536812762045e+01
5.202502389167682395e+01
4.773620316043152911e+01
5.746755555287713690e+01
4.451324353188113747e+01
8.916149699601824352e+01
5.264618789046937053e+01
9.507345504561743610e+01
7.053215088166172109e+01
8.427749842662724689e+01
4.896286229461261286e+01
6.346076864813125695e+01
3.646976762382367099e+01
6.113579409965900169e+01
6.156302151795291877e+01
7.180808204790687910e+01
9.074370204696691644e+01
4.741497067007829003e+01
8.236922540019379824e+01
6.762797636958852365e+01
5.259886484353025793e+01
4.407081490479498598e+01
1.432404414321971160e+02
7.707725180263879849e+01
5.232643973576578134e+01
7.456109165036023967e+01
7.991397750697353786e+01
4.356081634925011059e+01
7.277077809301479761e+01
6.327916033554337361e+01
3.373115358299025957e+01
4.939031219966624064e+01
8.747189049796097038e+01
4.977778899909516497e+01
6.199779567076634379e+01
4.964268199490336286e+01
5.433921585555115996e+01
5.604677964238985766e+01
4.586491581122999861e+01
5.227695355208381045e+01
6.175640740068543977e+01
7.318863698128866702e+01
4.904410771686767845e+01
5.131833169843613263e+01
6.278903746549561760e+01
6.833680573328484797e+01
5.213079701282780576e+01
5.609377993535851914e+01
6.762902023343333724e+01
4.091455836720223971e+01
7.364342766324189427e+01
4.816755567995813436e+01
9.388826094425863289e+01
5.681386558377219131e+01
6.776637618520723549e+01
5.598269297597355632e+01
6.929404276361567838e+01
1.109097316039247261e+02
6.195074362540646007e+01
3.168975490669306794e+01
5.874451651825608423e+01
6.335441256379891684e+01
6.136578577884092311e+01
5.135772796107151095e+01
9.095658704599689770e+01
1.081330818873886557e+02
5.620356027214634764e+01
6.757942671663535350e+01
6.338719894843235636e+01
3.581353214890125258e+01
5.480299378106533226e+01
6.513720881944325924e+01
7.286042951908257237e+01
4.001071860267393276e+01
7.133862847490499348e+01
1.350795740978538788e+02
7.159899319159066522e+01
9.521647521741041942e+01
6.201616078628156004e+01
5.962180468516262266e+01
8.897335460666428730e+01
3.551283985967580747e+01
4.427255890169008268e+01
7.977082457565688856e+01
8.955915249380227294e+01
4.414846247542409685e+01
4.435760037638490871e+01
1.021005728406341007e+02
4.596171078296491430e+01
5.013950985326746945e+01
6.015228184878295536e+01
8.068334827607480975e+01
4.202716567146550375e+01
7.064810392581162546e+01
1.069020667667388551e+02
4.881355253009758854e+01
1.485249330351441586e+02
8.580420298243207355e+01
7.464746752125802232e+01
5.095259241455386956e+01
6.529561552926499246e+01
5.619717164435462564e+01
4.751465497111284719e+01
4.845768630749306993e+01
4.342169594866801674e+01
4.112683774158544026e+01
1.128049267458828524e+02
8.431909501113280214e+01
8.206039130870206577e+01
2.531505708259817666e+01
5.714682472190912677e+01
5.415665477402684047e+01
5.063131888610773501e+01
5.522739184734275852e+01
8.944232534629973941e+01
5.314008017753808844e+01
5.407669005957020403e+01
3.746823280214095320e+01
6.013341258069699080e+01
6.043509730935024749e+01
5.979162276540284893e+01
6.162138171972245715e+01
4.053017280953417867e+01
6.070988979331482227e+01
3.075318916386371271e+01
7.804553778484449822e+01
5.784536566228219812e+01
7.721999326945048381e+01
4.963119273800380427e+01
1.530399782304342864e+02
1.011670183264208873e+02
4.296806612332053277e+01
6.083864294884322277e+01
6.610787836998079570e+01
5.762661068473645543e+01
3.222472576255383814e+01
7.032368170713671418e+01
6.484802745023053205e+01
4.709197175554734827e+01
6.200199324422091252e+01
6.716467969144409267e+01
8.387704507653458563e+01
5.843292933031619185e+01
5.995280145162371355e+01
8.151673965608496530e+01
4.713197632043860352e+01
3.230108334710620710e+01
4.212380230291540784e+01
6.081893615393811814e+01
3.457329075197701229e+01
9.382737543136376246e+01
5.133924843089950230e+01
7.291945993951969740e+01
4.908115427165345324e+01
4.228887193906469122e+01
4.077737394133343685e+01
6.909119062283618007e+01
1.019123346849923450e+02
4.633848027155981697e+01
5.629253542331120030e+01
9.117446768502037457e+01
5.478482602251116163e+01
2.790981217202018527e+01
5.683471754063261017e+01
2.834896931898116890e+01
4.734870763674184957e+01
1.167363406210793926e+02
4.985206882579095122e+01
4.846711555055880183e+01
7.724513790158526660e+01
6.635490820725179617e+01
3.119189338176971660e+01
9.364999287640230818e+01
6.429826175473816363e+01
5.148493434243617628e+01
4.213215949877780986e+01
2.493776528595562780e+01
6.504029829323076228e+01
6.237240921437488339e+01
3.892936725378823581e+01
4.184257343452579647e+01
3.774056470569802002e+01
5.183635496654348174e+01
3.157399145529036488e+01
3.522723706183280967e+01
5.299837138573604989e+01
5.196735039400605416e+01
7.145662664206278691e+01
3.756087865337088516e+01
5.820926141950479860e+01
7.560528109607928116e+01
4.202612262877600813e+01
5.632706398566374872e+01
1.045088042486581799e+02
4.469319241078316907e+01
4.076256870551163303e+01
8.321109803789768478e+01
9.559825578821966019e+01
8.613900245324242633e+01
5.768298848622985986e+01
5.110399923225237018e+01
5.609634549958125405e+01
6.692468373695757577e+01
5.796812808403734607e+01
8.255640632520606914e+01
3.034571882713714075e+01
5.756697925183205200e+01
7.224495784739421822e+01
6.179812264772191810e+01
6.407386564709457843e+01
7.233896731885684517e+01
4.803862123621905056e+01
8.050363657250109384e+01
5.677001764071750500e+01
8.926671035232355678e+01
6.832669217988934918e+01
5.298320890762389723e+01
7.400982977890873826e+01
3.974035351926094961e+01
8.389414467974175693e+01
5.850320497989721247e+01
5.803658374355337912e+01
6.703617792118254215e+01
5.521571502285667066e+01
4.332523695861490154e+01
4.785440133784732097e+01
4.010793514507378177e+01
5.046994619282583017e+01
4.530987409814905220e+01
6.695833589891866211e+01
5.897846975019766802e+01
6.861526403094835302e+01
6.016598383721542831e+01
7.130419132687160300e+01
4.120152104888313715e+01
6.170215254236691749e+01
5.308053191207864785e+01
8.750280357909402085e+01
7.174606813451519827e+01
5.103000998630975005e+01
1.061887323238700986e+02
3.871853734970090954e+01
5.114012063174565981e+01
5.187609669602452556e+01
5.110066239521683684e+01
6.057285377986849539e+01
4.753148960792264432e+01
3.189405772851434051e+01
9.024548406711109294e+01
6.530812592842769959e+01
6.489384694313990565e+01
5.185056507777222379e+01
4.802810351927233512e+01
1.162313934420675565e+02
4.983664151104893136e+01
3.741857681777737099e+01
5.063177006384267997e+01
6.101333477243424852e+01
6.445450656971087255e+01
5.644514720381536677e+01
5.976745869246757792e+01
7.885533460972914099e+01
6.650934936017172561e+01
4.360064382689506601e+01
5.628562567400052075e+01
6.302079102312289649e+01
5.240047663680966394e+01
3.463678324660805430e+01
3.501707806276817792e+01
7.823719645611025442e+01
2.726447261778683995e+01
7.456430205320421578e+01
9.901700804589235361e+01
5.145448572511838137e+01
8.583415412210383977e+01
5.219235778086333966e+01
3.318982246703788519e+01
3.168009413267589025e+01
4.759390194193093748e+01
4.489893351075033223e+01
5.670183218921153667e+01
5.883101442840681017e+01
5.265690280091093456e+01
5.834981643160308806e+01
8.970394429567350869e+01
9.936047627196909104e+01
3.189280315758706763e+01
5.506869797928737853e+01
7.264140361970119386e+01
6.044699862816585068e+01
5.870251736661724351e+01
6.210995901656283280e+01
5.062266545761249148e+01
4.756548557910615926e+01
4.562058787751215760e+01
