1.065803688132288926e+03
1.294714800392500138e+03
5.223194904932275904e+02
2.454766952900836714e+03
2.477912481634290089e+03
1.505009331219684782e+03
9.837618976784765437e+02
3.882688921565107307e+02
1.467674967198459171e+03
4.976645825844902902e+02
1.402803112459588192e+03
2.572205908092842947e+03
2.428610511472290000e+03
5.891474391591681297e+02
1.341227593883600775e+03
1.954371064698039163e+03
1.209374239173620253e+03
1.510169874037312184e+03
3.993368611308023333e+02
2.386845207924300212e+03
2.209356551823941572e+03
1.178388264173555172e+03
1.136960829912322879e+03
1.171029689448777845e+03
5.285695070881990887e+02
8.748511168927676636e+02
2.419770217400758611e+03
4.418347946161092068e+02
5.424550850229845764e+02
1.200090188135360904e+03
1.231372347008064480e+03
2.452799465510109712e+03
1.627662980473788139e+03
6.284244431823112791e+02
5.849795473292409724e+02
1.295118143934548016e+03
1.682790174683676923e+03
6.180570452856121619e+02
2.567768137118850518e+03
1.346131480913737732e+03
1.010208351706273106e+03
1.216181911403152526e+03
2.140495640493588780e+03
1.380968195737222686e+03
1.150995595273619756e+03
1.410126469668212621e+03
1.312540417765871553e+03
1.424396300869100742e+03
8.116268599464696081e+02
1.445249761895329129e+03
2.128383699758156126e+03
1.276874803444467716e+03
4.703668239875879067e+02
5.412322916168784559e+02
1.599534237438468836e+03
2.459482130493617206e+03
3.972873007604021041e+02
1.363182498904624708e+03
2.497682026664007935e+03
5.272136580509351234e+02
6.001613437082503424e+02
5.540979292659644670e+02
1.261515593821023913e+03
6.761016180237477329e+02
6.943814772983232615e+02
2.647014243353746224e+03
1.283685866010615428e+03
5.034159333960524805e+02
1.447612225524535916e+03
1.113101221617313740e+03
4.283749520911127320e+02
5.888079715215624219e+02
4.111495053947327278e+02
1.610430677294233192e+03
1.228608790171274450e+03
1.793381989268443022e+03
2.349328994189692821e+03
1.258666767588954144e+03
2.272942618195776959e+03
6.577394042960310117e+02
1.247670888948735410e+03
2.097048551318209320e+03
8.318545264357352380e+02
1.465314359490272636e+03
1.229755428345092014e+03
1.224918035119592332e+03
6.147629537541347418e+02
6.665649398139177038e+02
6.799597504868827400e+02
1.103491605490116171e+03
3.926614421030640756e+02
7.194944845767803372e+02
5.835321015504327988e+02
6.125369443817472757e+02
4.194857485902762733e+02
1.479115111138974726e+03
1.604739243238480412e+03
6.104739569071158485e+02
1.334710899928084700e+03
3.843174763173171300e+02
1.292515510911956426e+03
6.487743523240990271e+02
1.369897592425131961e+03
1.418934896217143205e+03
1.138511612831116736e+03
3.769606119920581477e+02
7.054228377934780383e+02
1.623022039171294182e+03
1.065828177670773130e+03
1.333859197002402198e+03
1.382276934337787452e+03
1.243677555662807208e+03
2.174220838720032134e+03
2.137605684823391130e+03
4.348207441450393276e+02
1.209444884319963876e+03
9.040136395389017707e+02
8.635828433698649178e+02
1.002216450174923125e+03
5.474945414182233208e+02
5.352065730378541275e+02
1.457901476995909889e+03
1.397696649072420541e+03
1.164051282708315966e+03
1.378943760922570164e+03
1.304834051042085321e+03
6.396373579046487521e+02
1.618182465349943413e+03
1.036367934801969795e+03
1.504599312095900359e+03
1.178381398008371434e+03
1.261819491049531734e+03
1.490826098926983377e+03
2.368196072903444474e+03
1.270684817821705337e+03
1.516757677599751105e+03
5.211596739619075151e+02
1.444038293836277262e+03
1.392007327076012871e+03
1.401497989806154465e+03
2.663079460897553872e+03
8.150763261785558598e+02
1.616121608511090471e+03
1.236071086997402972e+03
1.345038652347291645e+03
1.028400523439135441e+03
2.352472699847220611e+03
5.637708908803136865e+02
1.155949228227366348e+03
1.303828874973253050e+03
5.116666866780726650e+02
4.506975675947612672e+02
5.611020337558800293e+02
2.188579152782874189e+03
1.106134799941367874e+03
1.131333962319437660e+03
5.171017712644802486e+02
4.833769568699860883e+02
1.359033935613543008e+03
2.062653781394953967e+03
1.199380410355691993e+03
1.424915300566105316e+03
5.935862341263892858e+02
1.052174663186792486e+03
2.489171158777857727e+03
6.199313939624413479e+02
7.509021615504494775e+02
5.499742247598516087e+02
1.396190537082196442e+03
1.704435008187944732e+03
9.286162119877675423e+02
5.780659930900480958e+02
1.264262223637515717e+03
5.482950288942163297e+02
7.565369917709625724e+02
1.302601351607339893e+03
1.801062376829828054e+03
2.438445087827210955e+03
4.976308710018207080e+02
1.534578314677830576e+03
9.760502441743921054e+02
7.269575253718711565e+02
1.297849126340822977e+03
1.353871092069771066e+03
6.473844845406667901e+02
2.448580862889352375e+03
5.261920577559044432e+02
1.716533675422236456e+03
1.242241464768859259e+03
3.225827612487708507e+02
7.908072353845110456e+02
5.354439848959833625e+02
5.662609868595599210e+02
7.028850652757213311e+02
3.517624119647225598e+02
9.812981179299204086e+02
1.438527941062093760e+03
1.208256129732500995e+03
5.166048167392949608e+02
1.488440263962542758e+03
1.362211200561759142e+03
1.133456841027063547e+03
1.408536967766119915e+03
5.031692574097322108e+02
1.491944522347644806e+03
2.655443767207877045e+03
2.181764402265772333e+03
8.059321748460183699e+02
2.344163999414378395e+03
1.094618880745838169e+03
2.318475648281952544e+03
5.162554563654541653e+02
1.417882879841772819e+03
2.334210019371470480e+03
1.571901117631227180e+03
1.445867991419641612e+03
1.348548572775459434e+03
1.431626180417580144e+03
2.490467141988152889e+03
1.029327110138127182e+03
1.309844618404214089e+03
5.926873599629809632e+02
5.633712956662891429e+02
1.928599654976539568e+03
5.718353866588122401e+02
9.536058162973239405e+02
1.464764114930346750e+03
2.008109489260593591e+03
6.769408593875862152e+02
1.010900724545974299e+03
1.085520817002913418e+03
1.391341296116438116e+03
1.434577045689215311e+03
2.492312494594651980e+03
1.357222857015037789e+03
1.312990751069427461e+03
5.681791122334306010e+02
2.125724144281041390e+03
1.164262966662364761e+03
1.219722012514421067e+03
1.500948663221462084e+03
2.352946459101453456e+03
1.543086999334471102e+03
1.374819864102809333e+03
1.267007759241748090e+03
1.433936968841958105e+03
1.526217131682209128e+03
4.593523298792077298e+02
1.271767660837685298e+03
1.146330978478382121e+03
1.205186180217173842e+03
5.691123249222725917e+02
2.294954376579074960e+03
1.410982085210675223e+03
4.992673474337612447e+02
1.126481809123221410e+03
2.363837069864640398e+03
4.297487665840386057e+02
4.892504824500661584e+02
2.130739604351069829e+03
1.266439358328736034e+03
5.384496098510887805e+02
2.522976985307201176e+03
6.225810978015975934e+02
1.048507760400132156e+03
8.997846141149872210e+02
1.317266195237751845e+03
1.543657219578438571e+03
2.548713344198602044e+03
1.405810069572552038e+03
1.504112237113352649e+03
2.298974911049376260e+03
5.701782243024457557e+02
1.309100871940993329e+03
1.514783523550342125e+03
1.494223504660617664e+03
1.676393869069030870e+03
1.136537789383913150e+03
9.378954734934285398e+02
1.436833218545846421e+03
1.163930671220542536e+03
6.104974610532590305e+02
1.887095440089726935e+03
1.444428780171404924e+03
9.083409979167239499e+02
1.241277386538824658e+03
4.293675883072327792e+02
1.021882154251927773e+03
7.828016119248027280e+02
1.019252758076030659e+03
1.069712744575713032e+03
5.938026338176670151e+02
4.445363221534717582e+02
1.030759028659568685e+03
2.458823279415803881e+03
2.274978103434907098e+03
4.329503413701646082e+02
2.161236750147181283e+03
1.800964399490284904e+03
1.395773845659672133e+03
