2.918390404234406788e+01
2.078619863238228049e+01
1.529203732453249387e+01
3.363242214051470569e+01
3.313603180089219080e+01
1.492114368353269427e+01
3.877899246978810055e+01
1.572707094657675420e+01
2.504454286031721466e+01
1.054547243748679008e+01
1.576444611217080727e+01
3.345405902368423767e+01
9.298390059448571776e+00
4.676148437061476670e+01
1.077778612644258160e+01
2.254731357207605313e+01
1.821668422750493121e+01
1.832292589011049344e+01
2.017047250112441859e+01
1.949521844287971106e+01
2.024421522167532927e+01
2.932137775742695851e+01
4.179242469985065611e+01
2.663274431244240148e+01
2.695781126936446626e+01
8.224640381583975923e+00
3.347180898081976608e+01
1.621329829152853463e+01
5.879875559990070499e+00
2.359952294100823522e+01
1.374681110648874771e+01
2.484622622875470910e+01
1.456541031978929013e+01
1.366052978475230262e+01
3.635794611173330537e+01
3.019765656910258400e+01
1.207240974866016714e+01
1.258170603215013905e+01
2.104287654583369971e+01
2.200524868868069106e+01
2.836885605851317393e+01
3.757579754881396639e+01
2.014682571220810203e+01
1.953370632888858438e+01
1.057931202257792158e+01
1.933991088582133955e+01
1.544573933664076648e+01
1.000511704517288969e+01
6.053769349628256080e+00
1.545479231045171709e+01
2.674614157104936396e+01
1.663331385068388357e+01
1.973932542394699752e+01
2.677152919426384159e+01
3.029646691734772190e+01
1.863257127589260520e+01
2.367411363173261307e+01
9.276137405914578693e+00
6.289358945059682071e+00
1.870762029641681323e+01
2.742876869267525919e+01
3.269240943478476424e+01
2.693537823396946962e+01
1.999671690942333413e+01
1.250300967971813648e+01
3.140825721891122768e+01
1.414669369556799872e+01
1.617117302355348585e+01
3.807249467612690097e+01
2.085088238160062346e+01
2.032388266065300186e+01
2.652890944517655925e+01
1.903866644768153193e+01
8.839257750593688456e+00
2.478006391154595178e+01
1.558219495751520078e+01
2.004462198067667700e+01
1.288954458056318408e+01
1.654371940511355987e+01
1.720240783936002416e+01
7.493728005623070842e+00
1.458353266814371807e+01
1.100737534788636474e+01
1.523735195483047633e+01
2.878630580859802990e+01
7.373505252968463708e+00
2.457909750592044063e+01
2.687968294542387326e+01
2.181262134995090562e+01
7.399357652102309224e+00
1.668575921550558050e+01
1.672993314024581935e+01
1.551370764274895464e+01
1.333616449386413905e+01
1.281616856574128960e+01
9.106540579720110884e+00
7.311583222209630151e+01
1.091879481775185390e+01
1.797886753327255960e+01
6.088341083979641688e+00
2.555517702830950455e+01
1.339113084064618064e+01
2.148432820703554924e+01
1.874625021410387760e+01
1.364876716861039263e+01
1.813461511453647290e+01
2.223206648280959641e+01
1.800492961572310691e+01
2.231548707436136070e+01
1.604238214474823820e+01
1.667635150873616112e+01
1.091236359371748676e+01
2.362456885209767776e+01
2.972600999001976874e+01
2.340957984554562188e+01
1.460018455469384691e+01
6.041439981802794179e+00
2.129242381548182550e+01
4.100756440446455287e+01
4.192427096880951609e+01
1.947783787821309431e+01
2.223314927345372993e+01
9.690368617548477559e+00
1.946097254127704446e+01
1.332234582127825817e+01
2.094704775703869259e+01
1.290249617760844103e+01
1.221553820722993144e+01
1.145665863570619436e+01
2.253251012733651137e+01
1.189920013086724992e+01
1.833768038950385204e+01
2.127109277570912127e+01
3.097271423686492753e+01
2.355100813388115100e+01
9.136514636979280013e+00
2.762728019044549299e+01
1.590665403348713092e+01
1.568147314282375149e+01
4.298094803486737447e+01
3.403347939192965743e+00
2.205793152288644876e+01
2.174122950462739112e+01
6.200604764925859769e+01
1.325108961130803564e+01
2.315585284117710430e+01
1.681664230646474323e+01
2.604749933432789533e+01
1.195580971532844394e+01
1.219905814968246816e+01
3.645114930265125963e+01
4.830998747910219215e+00
3.232575346745873901e+01
2.123187189045577483e+01
1.684456168384499719e+01
1.652221907213862906e+01
1.519220909647610185e+01
1.261890874956849373e+01
8.563336577590213494e+00
1.917828659342474396e+01
2.716256420136312144e+01
1.835537060912414731e+01
2.202938556017668503e+01
9.800560854293996371e+00
1.662236951071830404e+01
2.737450898422818568e+01
2.951346487307998245e+01
8.057002751942244245e+00
1.380716371710909129e+01
1.500695632117883882e+01
2.048173703222406417e+01
1.682458622957402383e+01
1.657998237712478229e+01
2.525627796161109018e+01
1.811801938072288110e+01
3.065930619261638235e+00
2.302518859077739322e+01
2.160124514880296687e+01
1.389954365538809711e+01
2.481652920107866933e+01
3.224401219875817048e+01
1.198636259262088544e+01
3.030347299520013848e+01
1.495563184524552902e+01
1.314881594331771097e+01
2.423887083617675842e+01
2.062031360658876977e+01
3.301031078474620983e+01
1.054851069731456192e+01
2.137026317376217222e+01
2.612567391726924626e+01
3.028923451133442057e+01
1.952556651573440405e+01
1.170899220473424585e+01
2.255656907591562188e+01
2.732256770752933406e+01
1.359983628207289996e+01
1.983346803031878025e+01
2.605795592373956637e+01
3.264876136038375165e+01
1.176228207586683006e+01
1.927294507271007262e+01
1.340848362490698698e+01
1.431939809426040533e+01
2.114828574958264440e+01
1.676055362193736897e+01
2.384292265942340450e+01
3.500731753425959170e+01
2.462466726489001445e+01
1.917072099427626242e+01
2.027329302332585215e+01
8.079423106600843951e+00
1.852976634461804650e+01
1.238618257474344375e+01
1.955536918372758493e+01
1.629347153168744811e+01
1.513865002544084959e+01
2.815191273688481743e+01
1.140353981802205396e+01
9.137242553842835235e+00
1.265893261350074894e+01
1.388002624535685392e+01
3.367098095875835639e+01
2.705912304487019071e+01
2.545844718194116751e+01
3.105093856415092546e+01
1.805060396882391771e+01
2.142029669542274561e+01
1.416478298601147223e+01
1.401251188220213173e+01
1.338842419824190166e+01
1.645821591100331815e+01
2.413165032764324280e+01
2.046066278903048641e+01
1.728475961173568720e+01
9.945988819658907687e+00
2.405023177201856299e+01
1.113247249537759309e+01
1.186365906146811788e+01
1.497522744685737450e+01
3.292392966523819098e+01
1.100572573482476280e+01
2.170374712607750567e+01
3.718231458992372040e+01
9.640289215178464488e+00
9.097939600231340407e+00
2.403679549211546984e+01
2.752479921563077880e+01
2.671351808547092332e+01
9.287891468133375739e+00
1.951820873231459075e+01
1.581989351119348974e+01
6.676511274375377170e+00
1.572261177942778865e+01
7.950440036195010052e+00
1.560938571233508299e+01
1.738482526157628172e+01
5.238812652927586022e+00
1.823593010218436206e+01
1.152718053969169709e+01
2.164063947491658269e+01
2.333343252091354714e+01
1.800142360984790102e+01
1.776927445063509126e+01
2.308335855630510025e+01
1.163860553584218493e+01
1.755309108609605673e+01
2.147406747389168657e+01
1.396033521258758725e+01
1.799183786198656421e+01
2.149622412644060887e+01
1.494758960981367935e+01
1.592375090393928616e+01
1.428731894903257604e+01
9.209143088003685307e+00
1.940860828189561005e+01
9.610597807740397513e+00
2.731804839754680714e+01
9.720739478456664528e+00
1.313767679439906644e+01
8.465084684009017479e+00
1.550510526011957246e+01
2.597274555975580768e+01
2.739747345344006035e+01
1.319658432552303040e+01
9.232258654157259770e+00
2.255736118184884376e+01
2.851308647278106179e+01
3.569043807569985916e+01
9.192861425811146958e+00
1.000819567842805391e+01
1.776083249569608569e+01
2.178344660546053291e+01
2.556938105211761325e+01
2.170801958067280069e+01
2.477823963372289029e+01
2.642425396715998431e+01
2.093858174442798159e+01
2.598962452139438639e+01
1.960422851836632319e+01
