2.202918052306272045e+01
2.109024287257286190e+01
2.598526652008914439e+01
1.276568360782088085e+01
1.277705258192186122e+01
1.117794751331898873e+01
2.554849009348677669e+01
2.254571822639077894e+01
9.026873429726627762e+00
1.193575587190480292e+01
1.666815499273098666e+01
2.428805129256636874e+01
1.265249699173262776e+01
1.262673467641972636e+01
1.545143642004457796e+01
1.609402369970090874e+01
1.527844377393190989e+01
2.411661386605645419e+01
1.480429714944913933e+01
3.718382310914399369e+01
1.938533074944991696e+01
2.270389103575951140e+01
3.022247962512083319e+01
2.159705658401161443e+01
2.421780533331052609e+01
1.358669826080863174e+01
1.773152809292205490e+01
2.471270969491300917e+01
8.256993573066596426e+00
2.096577253434750787e+01
2.088784041666813351e+01
4.540801873909390451e+01
1.661351092786409822e+01
2.252649118890123603e+01
2.025319883816102973e+01
1.690335880691072390e+01
3.039878499210302465e+01
3.173470936660686448e+01
1.298743521562759007e+01
1.697483650353507656e+01
1.893472466573846447e+01
1.330810232539805504e+01
9.798483911585460504e+00
1.565173384265218814e+01
1.089494522806888988e+01
1.282114273934088367e+01
1.443957506953960390e+01
1.276429342442624915e+01
1.091039831985402131e+01
3.045581769907862224e+01
2.152118934441602249e+01
1.222760821162570544e+01
1.731108893279258965e+01
3.196705696113729900e+01
1.283900272932019249e+01
2.806265282320636345e+01
3.096833635751323044e+01
5.029213106175755144e+01
3.031661810656967049e+01
1.632874078259699857e+01
1.184046823418815642e+01
1.883903806384917701e+01
2.429637409620107391e+01
3.146329124769437868e+01
2.899288986557920111e+01
2.756248607380771887e+01
2.898430801556694902e+01
1.823663379869477197e+01
1.501838247074411825e+01
2.152218793617215908e+01
2.022747028094255128e+01
2.747080452474399337e+01
1.439279071629120033e+01
2.588754580531534444e+01
1.694746251318893471e+01
2.126759147136305117e+01
1.925604749719569142e+01
2.292996873138546121e+01
2.035990799927628103e+01
1.263657425568138670e+01
1.905729397601358244e+01
1.831261121029011818e+01
1.433685400869510929e+01
1.267302448405598625e+01
1.614452263474122873e+01
1.761895071257615442e+01
1.428118983098468142e+01
2.665424317894903083e+01
2.431562918272105733e+01
1.153772605805701801e+01
1.079604638691326812e+01
9.879418458676234138e+00
1.279882207886084267e+01
1.175880572474201280e+01
9.365197869964786648e+00
8.529221358355929539e+00
1.524542642785683988e+01
2.588201358345343905e+01
1.286043181161669224e+01
1.611860069176032795e+01
8.067595631399562706e+00
2.264343445486817785e+01
1.738447282769373814e+01
2.682237418990574795e+01
9.880398595619780622e+00
2.702040030492398515e+01
1.546998646564496482e+01
1.775710278385668062e+01
2.630264215851365961e+01
1.940795214151954085e+01
8.685603423066195816e+00
2.288844652685910930e+01
1.347842976640563428e+01
1.828882495132766195e+01
2.266750342081696346e+01
3.450041167231240991e+01
1.426485181410839687e+01
9.098454195325853533e+00
2.579728914139816354e+01
2.280888244071076798e+01
1.707972197158126093e+01
1.382872645292959923e+01
1.140737668597425980e+01
1.336203739491157627e+01
1.571399348941778840e+01
2.432903330926236762e+01
9.441842875571472504e+00
3.370653452619828983e+01
2.477148496880954198e+01
2.143287863594973786e+01
5.253732919469059404e+00
2.077028697018246461e+01
1.494443724214120905e+01
2.257453182674313297e+01
1.409693687779627425e+01
2.556186727729226504e+01
2.019970944289002901e+01
2.564786482837475390e+01
2.788475455418808835e+01
2.850084857075488287e+01
2.048467006534864865e+01
1.430425840757273903e+01
2.238245753901318125e+01
1.051644945807143294e+01
1.073133903171601666e+01
2.207939406224147660e+01
2.325407252761118571e+01
3.513330419599071064e+01
2.097271058690038359e+01
1.938770364886599040e+01
1.495634070955255979e+01
2.182184786286850908e+01
8.304867395576980726e+00
2.580116252164702928e+01
3.040886665658491239e+01
3.013844429605663677e+01
1.800628501478244914e+01
2.084841570899380869e+01
1.404339665084991928e+01
1.931144515290262831e+01
8.620269662861693050e+00
1.167717568205210554e+01
1.304382140743794061e+01
1.683602061813846618e+01
2.634871650367916374e+01
2.084490628585628258e+01
1.285373204162558203e+01
1.739375764822100479e+01
1.075991338230193151e+01
1.605343642103228063e+01
1.901730212204138937e+01
2.747375115217444730e+01
3.039079562502036325e+01
7.573604593444634325e+00
1.748885247511022456e+01
1.716280443076410123e+01
2.570866172736179323e+01
2.034399850764356543e+01
6.785413831632805426e+00
1.080450828140009101e+01
1.615305046444098735e+01
1.577660292000786768e+01
2.062724477008627488e+01
1.717871073047896502e+01
2.445442602893623629e+01
1.301699266417604584e+01
1.428825505059396050e+01
2.279361325494912194e+01
4.873048145564709444e+00
1.306029511452747727e+01
2.525633074721646310e+01
1.915140805230806720e+01
1.191002329710345364e+01
2.152761337326131397e+01
7.888950090204791543e+00
2.177990087190780688e+00
1.027783086940478618e+01
1.739843031741389012e+01
2.275113631705151462e+01
1.744381313867582506e+01
1.387087586447790777e+01
1.904375571310715998e+01
1.629921430317991238e+01
6.656394566352443576e+01
8.136224990209980135e+00
1.144942127547063215e+01
3.213105505975892839e+01
2.134387773237923724e+01
1.136922784185660795e+01
2.510890676892751472e+01
2.458305347320254697e+01
2.504678888635698186e+01
6.205953271460999332e+01
1.706658755650456172e+01
1.823493649721589449e+01
1.936249182048316797e+01
1.203039211217493509e+01
2.925696341221793517e+01
1.793273953579733870e+01
5.217543608228164764e+00
1.562372780265651251e+01
2.625953989217339313e+01
3.460783414956921433e+01
9.009682874134266939e+00
2.158958018795349432e+01
8.912777143123863155e+00
2.377311330386421773e+01
4.456241658713810949e+01
1.860481244065190509e+01
8.986684701034114653e+00
2.415604692313068114e+01
3.592381888504810661e+01
3.111086935693501587e+01
1.958859856790674314e+01
2.205604128301313338e+01
1.250368324091608585e+01
2.883801667622184439e+01
1.125048312966562314e+01
3.055128632096561958e+01
9.225839650157755756e+00
2.126316255298933910e+01
6.948246039640317839e+00
4.507660851082128772e+01
1.450806590434658006e+01
8.504360538817632431e+00
1.458972416003703110e+01
1.863408594869942903e+01
1.213355269463970032e+01
2.301142804035117351e+01
2.739620121552063026e+01
1.407570729003564125e+01
2.509677543083000728e+01
2.452122284370551597e+01
1.637849583947397036e+01
1.579881901347477147e+01
2.860418616482819232e+01
3.516361905390659359e+01
1.864152315064768928e+01
1.448103156587991158e+01
2.927226368419666613e+01
1.119782305268654810e+01
7.623813942533681498e+00
1.202104419842864047e+01
2.036234791135819933e+01
1.787864334903773056e+01
1.366064145739658287e+01
4.955241239786480634e+01
1.728440039705761322e+01
1.155196551800577431e+01
1.721703615823105338e+01
2.993552518685616448e+01
1.733984240470056548e+01
1.639598832841256737e+01
2.051778316122470969e+01
2.927973531256009920e+01
2.624199382393270241e+01
2.358654799479714725e+01
1.915956336745220767e+01
1.156758005705756709e+01
2.454658065942566481e+01
2.570397930625143346e+01
7.801211381661607547e+00
1.464931352058098213e+01
2.805333229881998847e+01
1.396159896508840959e+01
3.263700866133885370e+01
2.098802773083273721e+01
1.865900442333508380e+01
3.063524373936901668e+01
2.893122314649239613e+01
3.511646731054202064e+01
1.035220815292149332e+01
1.054070143992851527e+01
1.911432594916784211e+01
3.944858596343404855e+01
1.657060171211357158e+01
2.251395995889313895e+01
1.904547372104790881e+01
1.403256490129075296e+01
7.350658116414422238e+00
