1.523210021416917748e+01
6.118394899288103872e+00
1.035448224882174983e+01
4.985066011243986850e+00
1.892913914830293720e+01
9.979470412578386629e+00
6.866184144217630347e+00
1.266961324448622861e+01
6.376070889501661121e+00
2.718787030185506381e+01
9.087876126637205232e+00
9.385336876948398910e+00
1.461554512075644041e+01
7.565445865284005755e+00
1.065987506189632228e+01
2.014799768653102063e+01
1.834779260575267656e+01
1.965913672917380595e+01
1.478679672818406132e+01
1.070609853830245228e+01
2.382926826938924592e+01
5.312965392140714727e+00
1.410758443839289455e+01
2.339350558080197118e+01
1.700938443915769582e+01
9.041871380250910306e+00
5.801207379701989630e+00
1.042473965559400817e+01
1.106440816502680136e+01
6.448294383313508682e+00
5.044668693728205255e+00
7.868018493199829599e+00
1.485887035378451770e+01
1.146588687560884878e+01
8.674006722615002829e+00
3.544092055194781921e+01
4.411193414604458241e+00
9.282726459859967250e+00
9.620246521620016367e+00
1.041673335843378112e+01
1.214899961869426193e+01
1.771212593420748149e+01
7.946123855027470206e+00
1.027482276830934538e+01
3.993939479948423354e+01
5.001939774067682976e+00
2.904252885497387471e+00
8.263580955971670861e+00
5.554912644068682681e+00
6.238425102537044964e+00
1.142753129832583525e+01
8.120779619255126036e+00
1.404791676439032599e+01
8.772276185328038878e+00
9.823360580468406766e+00
2.376529005659233817e+01
2.528337104879406638e+01
3.470197150314369594e+00
7.432347421153534306e+00
1.305818770401082851e+01
6.653465412146699620e+00
4.322527682636248869e+00
7.620928094775433870e+00
6.669609094033810415e+00
4.039462993243108535e+00
1.073119182101439328e+01
7.797372284553887312e+00
8.175304101205574270e+00
2.273332681444254888e+01
4.341639341738909863e+00
9.854628127121689118e+00
1.382614793620724392e+01
1.530143256076830127e+01
6.083593325257201201e+00
1.008841169853038977e+01
8.842429430936160628e+00
7.517024862789741135e+00
2.023731588672128723e+01
1.124010529123781588e+01
1.290965316925327500e+01
9.385934582007461557e+00
9.539322070056837077e+00
2.460252524672002394e+01
3.076165713049984429e+00
5.542403462535177461e+00
6.548013545445590999e+00
4.343653944573373060e+00
1.055488591705320722e+01
1.209106326746450577e+01
1.787600374823599481e+01
9.396916441353402760e+00
1.095473708724403394e+01
5.731771489648410878e+00
2.192042174396194554e+01
6.475855519518588288e+00
1.023435995058674308e+01
1.187099083378630304e+01
1.346015918817819390e+01
1.396787684848779065e+01
1.070606715811523557e+01
1.705387236805016471e+01
7.547362019576626224e+00
1.730318285612965923e+01
7.801765642686803837e+00
1.276430133363516362e+01
7.634699216482193407e+00
5.681253572717877454e+00
7.275716009578667709e+00
6.896876588053896917e+00
1.538392998052913896e+01
9.177825030201880452e+00
8.738628737719613682e+00
6.664165289010538729e+00
5.525670835987843255e+00
1.990567509402058022e+01
1.720050854830457254e+01
9.080627343579052990e+00
2.690312616572505888e+01
1.234012926661320186e+01
9.051475627894346232e+00
1.804003819907395467e+01
6.614870637621283578e+00
1.222531003666793126e+01
3.992475214038886389e+00
1.443769550556640091e+01
1.708625511738010516e+01
7.648418329562820084e+00
2.385481619771820760e+01
1.190301632016410238e+01
7.482814050209591450e+00
6.931653853098691087e+00
1.399860212037838991e+01
1.445901850710218994e+01
1.089444093518596191e+01
1.805096972161047475e+01
7.798019250384498946e+00
1.027701352612214691e+01
8.521585139746919779e+00
1.217798347615013910e+01
5.958477581634006981e+00
7.194392301723121719e+00
1.038491494961260386e+01
1.333075011754763750e+01
8.749895824168453018e+00
3.747123935089037960e+00
1.354904842809979471e+01
5.724617541321901371e+00
1.201294725258317975e+01
1.767379014178371932e+01
3.648687041154414334e+00
1.194172441229848403e+01
7.278981112179970125e+00
1.823567835557074091e+01
1.260972452924050735e+01
1.883917705889485106e+01
3.334775801954184882e+00
1.095711391547534141e+01
1.735160908181509853e+01
7.035605504033371815e+00
9.104350802853003799e+00
1.285293695075234233e+01
3.163150197250178763e+01
6.756555887190367926e+00
2.064280727665848758e+01
1.292976740724639484e+01
1.250611759334212358e+01
1.432804956909067684e+01
1.076191152392643247e+01
3.159568854566086937e+00
2.366140587495252845e+01
9.255899073651297826e+00
1.598845381702333057e+01
9.966938663359968587e+00
7.747403271122148105e+00
1.609296736355744173e+01
7.878329878097871664e+00
1.854091938146791563e+01
1.088989314814598686e+01
6.633326639052520513e+00
2.057854851999752555e+01
8.545944747395516572e+00
1.103465631385073564e+01
9.551734100670829619e+00
1.061510812481052213e+01
1.495478019611121567e+01
1.120361476450745641e+01
1.240222596886465567e+01
5.959454493522251539e+00
1.542253579019518739e+01
5.726887533883686210e+00
1.759998642764050913e+01
1.096452395323392004e+01
1.170295217464886761e+01
1.504554070728628012e+01
1.201664343026052784e+01
8.571602776818092906e+00
1.135868939773919983e+01
1.290965860231155737e+01
6.893384735956130882e+00
2.409212610464237514e+01
2.065681233623090307e+01
1.744510674127388938e+01
5.891305124639502289e+00
1.276153048417756963e+01
9.540289175277541389e+00
7.700278848036495205e+00
1.694492212888039262e+01
3.392433183898107441e+00
6.790328255185506201e+00
1.171979799219619522e+01
2.824551242325280320e+00
1.692611522839389693e+01
2.175124836412681262e+01
1.541649893357637957e+01
8.138823235947299395e+00
7.132918797036732705e+00
1.326487541624457833e+01
8.821886293114619804e+00
8.130856163667798953e+00
2.247095925102307845e+01
2.773982424797913993e+01
5.576900642114542173e+00
1.638429298592287608e+01
8.510591884544991714e+00
4.838450925654076862e+00
6.664460002575700592e+00
8.053560340390127692e+00
8.774972482242343830e+00
6.703621281756976025e+00
7.931173767873229252e+00
2.395098366809054724e+01
6.944186150852823758e+00
1.036199434536153774e+01
2.037436898714967271e+01
1.192301780437729342e+01
1.807792278457920077e+01
4.168899218375806903e+00
5.358214699918854684e+00
1.572734722110822858e+01
2.338169950686949150e+01
1.465144542963304097e+01
9.580203750725271306e+00
6.742618893667138735e+00
1.882770810249930804e+01
3.315667425920277189e+00
1.613522875150324509e+01
1.321199999191874497e+01
4.513406882743320914e+00
4.838802070430597624e+00
1.595542826901998801e+01
1.556397186844242242e+01
2.174901628977074353e+01
7.583497099808166553e+00
9.617186929847262533e+00
1.026569791055950809e+01
1.633864624605394056e+01
1.288330455627273174e+01
8.135792753815259459e+00
1.847450477483867459e+01
1.554918541639283980e+01
6.032979380879019082e+00
1.050619599547500727e+01
2.496188223015974472e+01
8.075824212310783068e+00
1.264275664140243904e+01
1.319294829971187255e+01
8.580233880337090113e+00
5.434270688347209166e+00
1.242042585596847459e+01
1.270614253492633772e+01
8.007981773351485089e+00
4.117391834173528053e+00
1.186487038606344413e+01
8.774236319106195836e+00
9.677372684289464289e+00
1.513581923763205772e+01
6.905975683187880243e+00
1.373673303333221973e+01
9.505437443830389910e+00
8.123860766691510804e+00
5.574532014325424889e+00
1.557665166521795008e+01
2.238649586817154358e+01
1.095011458445049612e+01
9.282818456074277691e+00
5.553094863659731928e+00
1.824656663345878016e+01
1.830776726057941062e+01
6.727674604107469314e+00
9.791140220338823141e+00
1.924375627833125080e+01
2.680422443191275050e+01
5.649880908756935050e+00
1.247287722333170912e+01
8.750105334298423188e+00
1.014342355823001007e+01
7.980094106361104167e+00
1.957245248371516055e+01
3.300497379076396953e+01
1.410506641542681017e+01
