2.035383311217325542e+01
4.715657478201051589e+01
4.465936653416877533e+01
1.800123760796424577e+01
3.457799887162049401e+01
3.687954826391293039e+01
2.122300018479725381e+01
1.227567907241538414e+01
3.228780500779900819e+01
3.158514370112555270e+01
3.220322446656249582e+01
4.353608403905080593e+01
1.993666257380935036e+01
1.711318701041822621e+01
7.734161671648980274e+00
1.728219113806810725e+01
3.710594783179521272e+01
2.232194114559536757e+01
4.483086337697666579e+01
2.458040158223359839e+01
3.571704553738650390e+01
3.296812882246535992e+01
3.323846177127892076e+01
1.757464530873521369e+01
2.052048348801466560e+01
6.640050626187840699e+00
1.932320219468077127e+01
4.208878770055893170e+01
2.429788615713246003e+01
1.835206332648171212e+01
4.864266329191389104e+01
2.143511350168740037e+01
1.983242286075665817e+01
2.316729116843804448e+01
8.131448026367745996e+00
2.464915383426104967e+01
2.516068011056448839e+01
4.869049260844510485e+01
2.144210268007202913e+01
3.723821050989076298e+01
2.110474619085720960e+01
2.608058373314723966e+01
4.743205271286866775e+01
3.213229945520919983e+01
1.443254066091017229e+01
2.558766852073603459e+01
1.147976178696920968e+01
1.530174669045440972e+01
4.245375549267745185e+01
1.290775273038386040e+01
1.592854636502644361e+01
2.649634393503027141e+01
1.654566460263192340e+01
1.693516499376177009e+01
2.330609068647614279e+01
2.736844163350450643e+01
1.187409871830562835e+01
1.093907089565983881e+01
3.011954437882587854e+01
2.904064003118952897e+01
1.216291094759504432e+01
1.433620704269645962e+01
2.561273283284419477e+01
4.231920606075807711e+01
3.704410126881754906e+01
1.753193996982404457e+01
3.006572322539967601e+01
2.558043051302969673e+01
2.398426389582194673e+01
2.912086337395500735e+01
2.310142379396304335e+01
3.378582771747156244e+01
2.053752194430544264e+01
1.138160778304095011e+01
1.914210361729105969e+01
2.099467953992700942e+01
3.741692240271384406e+01
2.030991919094468301e+01
2.924012247113003582e+01
3.275461353289708200e+01
1.276438465639243880e+01
1.004484930107528839e+01
8.275343527446372249e+00
2.717436894002309700e+01
2.702406473871352333e+01
2.570263507350456322e+01
1.661614500854226506e+01
1.928575544967555899e+01
3.198910103956012208e+01
4.201460026838301332e+01
2.032637793306026808e+01
1.184683893354797135e+01
1.862153564721440802e+01
1.427263921483949893e+01
2.830303020560754845e+01
1.157994502903865985e+01
1.940620913352308108e+01
4.033310715033675820e+01
1.731800826080988998e+01
1.972950140063918667e+01
2.577605111647877578e+01
2.163831428404083113e+01
1.137104876440343659e+01
3.778520105402921558e+01
3.820666543741680954e+01
2.101254624438375274e+01
2.127622393457420102e+01
1.336064622373446120e+01
1.661761118942595772e+01
3.020610641851929401e+01
7.609220747128292217e+00
2.839381202139487925e+01
4.724023363023233202e+01
2.914247777042124099e+01
1.954920003869177236e+01
3.471576626156904410e+01
8.910944098896452559e+00
1.962654639513989707e+01
2.898280657197448562e+01
1.762689294169852872e+01
1.028957319814991855e+01
3.377551993850183010e+01
5.370600961446032073e+01
2.434340480703796672e+01
2.728790828845840011e+01
3.103265027474786564e+01
3.069984021936262764e+01
3.101196921765410508e+01
1.309857683991940114e+01
2.093984530139478295e+01
1.540458332281218645e+01
9.725389261427695331e+00
2.755521953389355971e+01
3.267296478751216426e+01
2.897205099939515094e+01
2.609682357863868063e+01
2.027182173064058901e+01
1.991593585656200105e+01
5.058903843479468065e+01
2.194901669886263917e+01
2.425735364649745662e+01
1.736532977177189707e+01
4.189888098227081770e+01
9.944570163999893353e+00
2.153206901054954159e+01
3.825031348037458656e+01
1.419689619215586518e+01
1.785648596084471507e+01
3.596326856678278716e+01
2.621840867814783849e+01
2.586688515119136511e+01
2.682084055256170174e+01
1.415297915113525917e+01
1.836716825945076081e+01
2.597173044223346849e+01
2.073594561090114397e+01
3.281532680742871122e+01
1.218217015107880385e+01
3.466180091134427244e+01
4.111123184311388457e+01
1.864120066671243592e+01
1.682497946996919680e+01
2.406603994568141047e+01
2.870767995838184916e+01
2.208150553506760616e+02
1.854703809163252259e+01
4.412751680958796641e+01
2.454854532362578823e+01
1.125621278565734862e+01
1.990044836747349066e+01
3.309625561229051272e+01
3.095841389912393637e+01
1.569132368328530625e+01
1.905046026142810689e+01
3.170422557746923431e+01
3.571313902758497250e+01
2.571582695646811700e+01
2.867664578130093389e+01
2.952137482009772285e+01
2.034154962240426912e+01
1.199396860425772360e+01
1.222089519650459266e+01
2.722513498987694547e+01
1.429173848558543725e+01
4.350676789029935776e+01
3.024541200390114071e+01
1.344817906664331630e+01
3.899854069641695986e+01
1.325950263144895835e+01
2.212159302964242258e+01
3.442531070238157298e+01
1.865939302534198774e+01
3.854362713827210030e+01
2.081885818488093065e+01
2.599032193722647222e+01
1.078022365229374202e+01
3.437165681759839941e+01
4.326993019454958045e+01
1.494270825127057378e+01
4.666710386334943905e+01
1.977613666102735124e+01
1.233841006607871549e+01
2.902911603637007687e+01
3.169746754240849285e+01
1.724029275148157225e+01
1.220434781887619913e+01
1.350609609367572261e+01
1.531320933473208079e+01
1.817118719216193057e+01
3.090513638466578428e+01
3.427167668227333053e+01
2.859258602615421552e+01
7.434022706363900568e+01
3.544903983155741400e+01
2.663321352237355200e+01
2.473684269357748278e+01
3.348356641236431130e+01
2.126135021200746067e+01
2.954708725335112618e+01
1.148227586764315866e+01
2.471538791736656648e+01
5.900937397716766242e+01
1.994238392816085792e+01
1.503031051260439988e+01
2.717013794602788579e+01
1.670746030922494185e+01
1.169316808978279632e+01
3.362873854343367697e+01
2.448951517375001430e+01
2.933726384165429479e+01
8.642134387780140869e+00
2.729105267336023743e+01
3.366524439094377641e+01
3.571714383352558286e+01
2.402349308684462059e+01
4.715576477992711091e+01
3.443078294133464112e+01
3.602943895917840678e+01
2.088235207083747014e+01
3.125663125176854606e+01
2.686988403055118013e+01
2.502914551241635976e+01
1.314169737998989085e+01
1.894303874916949582e+01
2.391226606875936866e+01
1.798140871714519307e+01
3.080950881222247517e+01
4.083673505347501020e+01
1.766759723216537381e+01
2.892725541071341411e+01
2.316263936473653118e+01
1.809775641474012176e+01
1.728375608722303269e+01
2.375558167758312678e+01
3.125117950369779507e+01
2.372394855192586860e+01
1.117061551897305272e+01
2.560475807844436247e+01
4.694667915334368047e+01
1.848993122251305365e+01
2.209919471872698793e+01
2.032081388505845965e+01
2.308399261840158445e+01
1.107449720090493983e+01
5.538654690611323161e+01
2.125678544601457176e+01
1.429951918762264818e+01
2.391812097246306834e+01
2.101518159049057388e+01
7.916648722152508526e+02
2.652058457247751022e+01
2.849478093202255025e+01
1.601522442900125753e+01
2.711879019855697592e+01
3.935877051794528825e+01
1.360684500067565672e+01
2.427974920126941072e+01
1.047545254964975570e+01
3.388929047482753276e+01
3.383570900129365810e+01
1.876381335602105693e+01
1.933180780626342354e+01
2.174620860314742643e+01
2.454337223601546469e+01
1.893414945586510001e+01
1.249983671880961289e+01
1.313179899272117268e+01
2.380288297050826785e+01
2.519181291767132791e+01
3.160149313166518326e+01
2.435974321999042047e+01
3.163253215882565783e+01
3.632483396222981042e+01
2.507058573918234856e+01
1.135331018601210040e+01
2.188198169557362505e+01
1.452779414110585776e+01
3.161918853190573131e+01
2.114112581602602248e+01
1.070604465894762569e+01
