5.531145922379949553e+01
4.925072296561651086e+01
3.868075229025081541e+01
3.778285995350322679e+01
3.147100192040811351e+01
3.845399185295570987e+01
4.565177654676406149e+01
6.387135641971443789e+01
4.225091489725849669e+01
3.749418212768584624e+01
4.274583463397955541e+01
4.922509882349127963e+01
3.712555785131780084e+01
4.526739612521244283e+01
6.639116191152540125e+01
2.608499825902277180e+01
3.202614048923286560e+01
4.506994752767532475e+01
5.120604705416452163e+01
4.696734941437487265e+01
3.600984740653147043e+01
4.100427499772260376e+01
5.148634729665908338e+01
3.765195179600759445e+01
5.045595943069412215e+01
4.488514411815607019e+01
3.073966607474141810e+01
2.407594807940999004e+01
3.385214455859001248e+01
7.196652117062726006e+01
2.049438428159992043e+01
3.362615558757901368e+01
4.158884850599228855e+01
3.096631404013945144e+01
4.192724899248820236e+01
3.838361210747272878e+01
1.844099392995707021e+01
4.601993525317526945e+01
1.991526047149915257e+01
1.729101274006165667e+01
4.042200003948359210e+01
2.135061577811228872e+01
5.461028621135645977e+01
4.142758348597414653e+01
2.868806878366016022e+01
2.471659981402903483e+01
3.605153557314643820e+01
3.863463074797201102e+01
5.700377644883061379e+01
5.320323469212615208e+01
4.150436456740678892e+01
3.095717085267418156e+01
2.390697525308639371e+01
3.069309086178604673e+01
4.211572623842549490e+01
3.474113280864911957e+01
5.172041596709475186e+01
2.320705172355938828e+01
2.004642750789489014e+01
2.986606149370953389e+01
7.002853187573067828e+01
4.500154364079538993e+01
3.753716392785059242e+01
4.349942824685273024e+01
6.142971464831104100e+01
7.131656744219860400e+01
3.285806486573609675e+01
2.994817458552204315e+01
2.592553198825026328e+01
2.351342313387369387e+01
3.465447891744221920e+01
4.283170916398394468e+01
4.839299966235001449e+01
2.973944499971990396e+01
3.204744084703345663e+01
1.553208021299355323e+03
4.289929304222684436e+01
5.165836832957162272e+01
5.111906032936002475e+01
4.571760907940606700e+01
2.662305568136105194e+01
5.570654652647820626e+01
3.807997644199689802e+01
1.462266667205406279e+01
9.350762978813500581e+01
3.024449349534338793e+01
3.238528966654810404e+01
4.973996339472204653e+01
4.029861076968119704e+01
5.004514271631897770e+01
4.951766572760855922e+01
4.311286507764389597e+01
4.904633549696868045e+01
5.204868745550446363e+01
5.926320403676376003e+01
4.849452855508391025e+01
4.232418358879756681e+01
2.457885334228228658e+01
3.243881056683999020e+01
2.768205905516845533e+01
3.153366422450645246e+01
5.592921296024383082e+01
3.683229137038956225e+01
4.866499500381923582e+01
5.022169378893393343e+01
4.550771327972453406e+01
3.509909755508600426e+01
3.476168490453117244e+01
5.199680676654904943e+01
2.783610530280126483e+01
4.924012260310386324e+01
2.875039871275291858e+01
4.023901906228396541e+01
5.663052729227170801e+01
4.952370788641903232e+01
2.867195466550950655e+01
3.519036168569852663e+01
1.973176474931014823e+01
6.517742061576458923e+01
2.901005102477630970e+01
4.483561147000931868e+01
5.109180463460513266e+01
4.014484636206066881e+01
4.081402778547975174e+01
3.819222848073749788e+01
5.333358747323953253e+01
2.333396145550771550e+01
4.299913034538738543e+01
4.771249256536372485e+01
3.560892540578029752e+01
5.659332858133279132e+01
4.258649311065963872e+01
2.295150665101588316e+01
4.765702378558446384e+01
5.857306783017337182e+01
3.186557740224209212e+01
4.947126725720531226e+01
3.411094656196248565e+01
3.593241684422310556e+01
2.813024009542977666e+01
2.523243542824155483e+01
4.922482705890838872e+01
4.717329653685774815e+01
4.221905736005541598e+01
4.007292199184232118e+01
2.197284636461117557e+01
4.991801777798387718e+01
3.981434206677656107e+01
3.730299603195769009e+01
2.987114055555487013e+01
5.075245012781402210e+01
2.214493773928624520e+01
3.350448824578463558e+01
6.422188115335548275e+01
3.600056698182766723e+01
5.199116551746702442e+01
4.590997903532216640e+01
6.265315523170367840e+01
2.391444615504381943e+01
5.413232694855865645e+01
3.967407667081126732e+01
6.281364131639048054e+01
2.907837898005979227e+01
3.894318629324676806e+01
4.668547514231652684e+01
5.214547448048983824e+01
4.182568491642793873e+01
6.352319654187033393e+01
3.950056831243735900e+01
6.386140576506494426e+01
6.344026046753845804e+01
2.742096986460391861e+01
5.192508643697726711e+01
3.692356334530607853e+01
3.049382331152741799e+01
4.496365959021778025e+01
3.106004243613647020e+01
6.059565718061792694e+01
2.912106476284467149e+01
3.101660667669959892e+01
2.143225340833523163e+01
2.428120896368175252e+01
3.077548336930365735e+01
5.059783920722433948e+01
3.821468196388574512e+01
4.800810057023794997e+01
5.689972529974323123e+01
4.742133095155749345e+01
3.799457898877180639e+01
3.204672529170745321e+01
3.306835994731532224e+01
3.496842893379778161e+01
3.453550320965704401e+01
4.107922190444355692e+01
4.311293466881858194e+01
4.282955544575470697e+01
4.096096229017773993e+01
3.659152362025348992e+01
4.330053697567258553e+01
6.537782855353839295e+01
2.953530398128855339e+01
4.414166140757688339e+01
3.100237740836237421e+01
3.665336049850132838e+01
6.195810632812904828e+01
3.572232994377647231e+01
4.456333622897086144e+01
3.142402757886113562e+01
5.347553668051613585e+01
3.892578917885473544e+01
3.859345087724209833e+01
4.393864478530733919e+01
1.011699630322366232e+02
3.962763708056926504e+01
4.575871257498121025e+01
4.777692945005421166e+01
4.491876644253810014e+01
5.794286934257194588e+01
2.562253444757898535e+01
4.471505068477357270e+01
4.148372513285456620e+01
4.178224374369696648e+01
2.906273502723842128e+01
1.621789292584446329e+01
2.208431338728060922e+01
5.214370336874890910e+01
2.752281073872970651e+01
3.281300422165035258e+01
5.226789334976611201e+01
5.762636348423062316e+01
3.385695001205606758e+01
4.226590137177760198e+01
4.351091204559816106e+01
4.348794555399668837e+01
5.849531149308089084e+01
2.935017034478694598e+01
5.265007720152616599e+01
7.172990655830849960e+01
6.100971098996204489e+01
3.545596593886752856e+01
3.442790156781363464e+01
4.119875673613809397e+01
4.740773858053869105e+01
4.664496293483626488e+01
4.477806475918390561e+01
2.683694356693109384e+01
4.623925649807254246e+01
5.059392001356954438e+01
3.160964711175772379e+01
4.737935080192493587e+01
4.672269446095324241e+01
4.200975118475011527e+01
6.211744465800851600e+01
2.319925422776263346e+01
3.261092807199237598e+01
2.051709788302871118e+01
4.342858593344418949e+01
4.038384087275354517e+01
3.554254567216379002e+01
3.153413643611541417e+01
2.265514874728634709e+01
4.135389934831622583e+01
5.897815984187811722e+01
1.747258223271777666e+01
4.326632111789276536e+01
3.103594467910752641e+01
5.050641659185664167e+01
2.509043598761594751e+01
2.033032008672418200e+01
3.727059346560380249e+01
2.538330928612546700e+01
5.671650742116560906e+01
3.665265295986559835e+01
4.955540225844904256e+01
3.455447133045712604e+01
4.258588719431801906e+01
4.605991933168639463e+01
4.903263138547544742e+01
3.477188367341830144e+01
4.430413159695559244e+01
4.816796598883476577e+01
4.946898327881378776e+01
2.805154674029173023e+01
2.390201593155758530e+01
4.609437441855625650e+01
6.474974709157785924e+01
2.846548338559309954e+01
6.226071348046003351e+01
4.758661043557885506e+01
4.667813651492592442e+01
2.496512811109984398e+01
3.306992567220996193e+01
5.348159794199698069e+01
4.592647814580220000e+01
3.857353169883862876e+01
3.925571861741989466e+01
4.174424774504047519e+01
4.782179823596468538e+01
4.061199126072984456e+01
3.257051144273059151e+01
