8.175001982110313037e+00
5.591195250961924046e+00
1.050022877241932129e+01
2.298007854764217317e+00
4.269679713638485197e+00
1.552517816783303140e+00
3.914845359293855687e+00
6.176163331049165706e+00
1.187163417771592044e+01
8.358144781731860817e+00
6.627798391550219215e+00
1.895199909581005926e+01
1.874949922865415530e+01
1.469016023669895254e+00
7.865074599512886344e+00
1.077229883036099878e+01
1.010422484122926967e+01
1.625604017395879453e+01
6.885073281076463658e+00
1.572122566753317585e+01
5.103127104599631814e+00
5.821621545903968631e+00
1.804043365752012917e+01
3.420264588013421481e+00
2.031387710527337731e+01
1.178655248302399450e+01
6.734742394301857615e+00
1.155333290910752631e+01
7.075400372585347597e+00
1.309423164863225963e+01
1.122094606672280470e+01
1.147011948059130937e+01
6.994374049483043976e+00
9.586825906649927731e+00
2.904648508124451745e+00
4.474989677813926647e+00
1.183583176903029432e+01
5.002718820890589058e+00
1.504974051920274292e+01
4.885003880478404170e+00
1.132607407988282056e+01
7.334461524726376247e+00
1.243772425731130049e+01
7.254591832855640909e+00
6.211043339229295412e+00
9.144245802898064213e+00
5.518860227071612279e+00
1.202329587546860523e+01
6.118395579363102854e+00
8.138530926062649939e+00
1.225943887782023900e+01
7.546271429875117676e+00
2.479292382275103179e+00
2.618958608438201274e+00
8.212955531708050927e+00
1.854053123558189142e+01
4.123704578758751182e+00
7.581245553171472196e+00
9.426635965063333344e+00
3.500204437461051477e+00
4.802219802050622377e+00
8.377441430984895021e+00
1.563593519519387698e+01
1.332451556545784577e+01
6.755590149656257815e+00
1.095992759155346974e+01
1.957574128749900311e+01
2.839528401309316497e+00
1.049745650033825584e+01
1.052747280208266645e+01
1.749500186072588548e+01
8.920147629331488304e+00
3.556767669595970460e+00
5.853807613023338519e+00
9.324065877626656729e+00
3.337672616641471635e+00
7.770824219166566849e+00
3.260494918310558710e+00
8.131418757784807383e+00
8.535136191723728061e+00
6.440547055110445562e+00
6.207231853177478165e+00
1.237709583727946416e+01
1.132479381401559770e+01
1.300783231211334368e+01
7.188885132589418525e+00
5.917290220317697802e+00
1.150890110519720899e+01
2.172438336598690789e+00
1.459676792953827551e+01
7.803058151870403414e+00
9.067741252735881829e+00
5.549307976850792024e+00
8.563221701077752712e+00
8.328833743183688298e+00
5.818772500356647726e+00
1.294931871015524294e+01
1.202734860196923350e+01
4.154469283800631629e+00
3.672334636610042224e+00
6.678427759950073650e+00
7.138417540293210628e+00
1.297277622233004024e+01
4.086730016650169439e+00
1.480376168039563467e+01
7.757228574174645175e+00
3.014976868322930770e+00
5.804380023861390292e+00
8.344377898796533799e+00
7.458366754829651057e+00
8.493854080150528674e+00
6.111792945177318082e+00
8.124764758337612136e+00
9.995840882304612762e+00
1.629504920797460699e+01
1.363046882710148289e+01
1.402379133350324736e+01
1.023242504419840770e+01
6.304311261693890778e+00
7.413996798905923669e+00
7.775871821107879001e+00
5.877994042544103515e+00
9.317363533704028811e+00
8.478376427431845386e+00
7.813478392906084480e+00
5.624885948552998727e+00
3.755063070312128826e+00
1.134510635049101346e+01
5.264985557000952276e+00
1.132388658777670365e+01
8.402697518913775809e+00
9.623753794335645040e+00
9.515276058008172555e+00
1.676791169859762931e+01
5.621452240036839854e+00
5.101902563109419475e+00
9.120973886812526743e+00
1.063724405283715413e+01
1.144149669433918248e+01
5.390047773060875791e+00
1.951506135638790695e+01
7.358311030178973589e+00
5.191320217149278271e+00
9.594550433816827706e+00
7.645887978735019352e+00
1.518872803674395122e+01
1.048346983761766360e+01
7.394972826330581839e+00
1.397325859114652502e+01
8.909369635282864408e+00
9.157026285126935505e+00
1.931037508308270256e+00
6.429511264385689984e+00
5.822926720817116930e+00
9.898553494688686172e+00
8.126340213576934701e+00
4.984468433980679514e+00
6.966981287606042628e+00
3.226500464757993569e+00
6.238619391216686516e+00
1.949388037627859660e+01
3.017740749677086498e+00
1.368127833841055363e+01
4.585862266167586299e+00
1.069473687732212674e+01
1.503317874388279840e+01
7.678249351808953627e+00
4.518740072148006881e+00
1.289238526710669319e+01
3.577993734123102954e+00
3.638669537154226585e+00
8.547636914023462040e+00
3.330657552812154254e+00
6.969214700818435304e+00
8.611905337761223578e+00
7.149448740423093973e+00
8.997909402840134518e+00
7.892278323992956146e+00
1.104722683141565831e+01
9.697457234913757773e+00
7.354734797753613940e+00
2.968612960677066148e+00
2.389992700239989176e+01
4.266760072860916964e+00
1.297863126014969737e+01
7.592183203688622761e+00
1.199829125158471044e+01
1.193818876093848225e+01
1.824393731866263124e+01
8.470268312509272590e+00
1.134197570678355937e+01
5.907312626664491972e+00
4.241019884150013297e+00
4.626753361666798625e+00
1.745343190218655494e+01
1.360467079887074604e+01
9.529852053570607495e+00
2.184955796126464023e+01
2.658100153918305786e+00
4.123536511994043252e+00
3.164995675792825480e+00
5.303506751521896767e+00
5.475524617584425435e+00
6.814217392302913012e+00
2.678853261299912969e+00
6.463889931718888704e+00
1.533443184927867442e+01
6.158345994177459204e+00
7.233841338895786066e+00
8.923584078579262169e+00
6.787368100968944162e+00
1.185286924926236019e+01
8.365999476452453010e+00
4.108732825102217490e+00
5.885018125438658210e+00
6.566549552329280282e+00
7.866056129499908955e+00
1.213424557573491924e+01
6.699746016185076591e+00
1.037481911495433273e+01
6.640941847248172714e+00
8.836466689206726954e+00
7.851434257651268567e+00
1.541261355217264750e+01
2.792965998577425335e+00
1.116566394771064097e+01
9.903432592444733729e+00
8.740482910163525077e+00
1.581862532379448893e+01
1.214440792968993144e+01
1.506480074591569007e+01
5.814564715040278386e+00
5.181049991445723535e+00
6.787807233977993349e+00
1.077472437398643734e+01
1.117316507396547998e+01
6.925630731955818575e+00
4.409193442860027012e+00
4.807569223895702848e+00
3.966833124273028144e+00
2.385137537288029908e+00
7.430656305332540512e+00
5.608075191868536535e+00
7.887861938746976165e+00
1.316589780172989776e+01
7.309316862555000682e+00
1.273327868471004010e+01
5.338746847150686037e+00
1.938556538218520586e+01
1.236765972172991290e+01
9.900162240778584533e+00
1.093478559531252969e+01
5.438545231195458740e+00
3.186839933924142088e+01
7.242668491697099142e+00
6.629588519023933202e+00
7.707563306120666979e+00
9.655212222964937752e+00
4.131493136312341719e+00
6.702215592432826163e+00
8.473814837520370347e+00
1.042887587664646354e+01
2.175441531517769977e+00
1.378735583468676218e+01
7.252702283168660280e+00
1.120837920205010185e+01
1.073618562381766850e+01
3.594741116218073351e+00
1.211790479929765674e+01
6.661066765206582474e+00
8.580498215226725733e+00
3.212448122425819452e+00
1.161472632269499705e+01
1.295495055369889137e+01
1.260621255227653315e+01
5.117502211964801262e+00
1.500673372015635998e+01
6.395061858138742394e+00
1.798622476622373867e+01
5.480915070541519718e+00
1.105291177612221531e+01
5.232942124474434742e+00
1.939389434385131850e+01
5.236964683030365109e+00
4.256395660210605669e+00
2.037518674101828076e+00
9.943450470034294497e+00
7.081936021580824026e+00
6.966200514842004310e+00
1.347384585722544514e+01
5.201034169104092442e+00
7.714564470525565376e+00
5.773263213144372408e+00
3.505535892772945417e+00
9.825957663353740656e+00
9.745902631729162380e+00
5.846788308513644061e+00
1.691095467272690911e+01
4.070524575576563109e+00
5.866601820479147023e+00
1.099420293771560964e+01
8.174044582748228649e+00
6.091823282376579662e+00
1.158865377475303049e+01
2.380806295779008508e+01
1.309303485088891783e+01
8.450853261734922128e+00
2.736119839729963754e+00
9.027672074554670800e+00
3.026169741238131206e+00
2.486491776228430979e+02
1.429566359092148886e+01
2.060219850351481341e+01
2.478457682850131683e+00
7.564225645979245627e+00
6.643998910521831114e+00
3.448788170230694838e+00
1.028531375655712488e+01
5.453651074451236980e+00
7.406198385169732035e+01
6.594932322458385343e+00
4.990826151430183266e+00
6.857011126597000406e+00
1.492013771453488147e+01
1.411079863668585865e+01
7.780687370000076264e+00
1.027101608902938601e+01
6.342413497256843335e+00
1.026766723828274941e+01
5.192733469183646200e+00
3.097979182734142523e+00
7.947043395165024116e+00
5.290151055034588268e+00
1.097958091706382255e+01
1.328386250977148464e+01
4.261454316649248675e+00
8.426616540994416482e+00
7.868269752734533107e+00
1.185202626363945022e+01
7.876403733020517883e+00
5.365727007349272881e+00
1.186454514295102847e+01
4.493088401644492080e+00
1.408498265037529151e+01
6.685012553819496439e+00
8.290556357172009783e+00
3.468956821313475825e+00
3.533940381858612145e+00
1.040522804204200114e+01
2.340958582503277441e+01
5.526722658756525242e+00
9.555315188620591371e+00
4.693660551453851859e+00
8.698853728340781188e+00
6.226775090501978305e+00
5.168247861644514884e+00
9.343726259330574990e+00
1.205430948296848825e+01
6.047358223176118486e+00
3.735300116472942467e+00
4.870174821070502702e+00
3.644434850467722420e+00
1.673352323104338168e+01
5.323043815388906808e+00
6.054132056697469011e+00
1.209576162740086858e+01
4.212765839387877520e+00
1.012332104925692455e+01
1.256928687807753064e+01
1.282330529677978248e+01
6.067056428888764508e+00
1.011823039237849109e+01
4.823804144275875672e+00
2.096607081703912456e+01
6.410099845911159555e+00
8.332357853160896610e+00
4.114605675587127642e+00
6.904000736496461066e+00
1.272331192493334306e+01
8.329475711296145946e+00
2.920743708957202145e+00
7.000538559643255887e+00
5.591454449046286967e+00
4.603994902074655116e+00
9.874717949107624904e+00
1.339046776302338948e+01
1.292615159437809425e+01
1.050796290399382116e+01
1.059970250718911799e+01
2.918523254629495867e+01
7.810268568019564484e+00
5.960588275806101954e+00
1.052360370702715464e+01
8.803431353425867911e+00
1.459151206346393082e+01
1.178546314243758708e+01
7.484871854322983076e+00
3.611222779497411661e+00
1.036456431203141904e+01
6.399743728628386030e+00
1.583466772331456163e+00
6.772920147005183189e+00
4.916835574847976176e+00
8.965323848107045634e+00
2.009026805256890924e+01
1.001096389532742137e+01
1.538565097423708750e+01
1.617143060319460801e+01
6.426602679641898241e+00
9.698323200620567519e+00
2.869759000425029516e+00
8.931009835502397465e+00
1.256241310459039262e+01
3.712088982916584623e+00
6.944902968162902646e+00
1.026926061336851248e+01
6.320452377666901711e+00
9.808816646993282262e+00
8.082850146405558434e+00
9.534858631652401328e+00
6.571654061691808657e+00
1.867059310097322467e+01
3.265687596224276401e+00
9.724253736772526580e+00
7.210786283452220502e+00
3.209105979293953581e+00
8.886321273153969358e+00
9.692553756156552680e+00
1.831836408971405206e+01
9.731444388641493859e+00
2.673406305770157587e+01
8.269845421838619259e+00
1.142318937272360380e+01
3.849293928469502912e+00
1.873794438937931872e+01
1.101720046859307622e+01
4.570061419690087057e+00
2.972895762735138447e+00
6.422380087555907835e+00
1.813842460902825593e+01
1.185602889935670134e+01
7.176217766965119260e+00
4.444946462814032273e+00
4.182061055710803998e+00
1.465981540870942013e+01
6.527540264833991301e+00
1.146282004235013829e+01
4.815542722102095219e+00
4.634510741179235005e+00
5.267336833332663559e+00
1.770621593745118361e+01
9.215099575514292596e+00
5.259801858661354856e+00
9.629035942462587983e+00
1.557987847295644457e+01
5.024662264539352385e+00
8.422301703780018300e+00
9.170855199061017871e+00
4.681045046777489560e+00
2.270116014425394013e+00
3.180938219358407704e+00
5.267417684432393443e+00
1.176869175045626115e+01
4.214266513577650919e+00
1.102050556769366629e+01
9.113296710283753654e+00
4.793955887323055443e+00
1.018979104400668412e+01
1.281714740148234100e+01
2.277128845070562679e+00
1.440363989495142683e+01
4.050207255087208580e+00
8.048901317804656230e+00
5.613919782045408091e+00
1.008777136957924192e+01
6.055177306737665077e+00
1.505177100912649557e+01
5.541367139461139679e+00
7.563476259593923778e+00
1.043374252652320955e+01
1.459261997516349396e+01
1.054982108254460549e+01
4.237633390020437929e+00
1.087406022206461387e+01
2.253960526139900367e+01
1.697638148565366478e+01
9.821041435995663704e+00
6.080964832459565095e+00
1.134660627306605463e+01
1.146012811696425615e+01
4.499688923473403435e+00
1.192458919957106289e+01
1.156280931690512936e+01
1.394493652461405198e+01
1.133745467527675821e+01
5.973802007372509770e+00
8.418035057566529034e+00
6.604877508596679547e+00
1.272904894676002918e+01
1.061080462620070719e+01
