3.553486785071166310e+01
2.937521476300507217e+01
3.518051570281888019e+01
2.073059141435786756e+01
3.259642469951910471e+01
2.189726321028077294e+01
2.961870700410287327e+01
4.103242760463243854e+01
2.467630148777034549e+01
3.622222921566472564e+01
6.288487817129234259e+01
2.185364578641399902e+01
1.365331734177714829e+01
9.874649031113867181e+01
1.743257606786355751e+01
4.372668574942188968e+01
3.764395560845083111e+01
3.733699521934073573e+01
3.230802664141129554e+01
2.753314543424793470e+01
1.214437825448264903e+02
2.321162207349902218e+01
2.887073705521510192e+01
4.489345177539183851e+01
3.370486492984055360e+01
4.249105878777812251e+01
1.377339971752651060e+01
2.236748556209741423e+01
4.657231439946130536e+01
2.771890067665030344e+01
2.851344209178505196e+01
2.569513235430035181e+01
3.139337494312573185e+01
3.665921053024273135e+01
2.078037852330952973e+01
3.596590669384538330e+01
4.211202080550649640e+01
2.268724458921933262e+01
3.489506533326341042e+01
1.865610599344564235e+01
2.245404300650305629e+01
2.844227866861177390e+01
4.865509614005803485e+01
3.620635681837139686e+01
1.346284305788215541e+01
3.266112941332298902e+01
1.735776708929471113e+01
2.339271745773966416e+01
2.859392879526975406e+01
4.002629396817034291e+01
3.411234637118572266e+01
2.416026093532556374e+01
2.541553874551135195e+01
2.264212722442269765e+01
4.343980353653448390e+01
4.293183110467905550e+01
6.063821145944614699e+01
1.444514521143489461e+01
2.999230902488266892e+01
2.281093320466897367e+01
2.740034152301942783e+01
1.562530322279966377e+01
1.989186649771924564e+01
2.691672474141038407e+01
4.647874822884546120e+01
1.197672559710118634e+01
3.882058714824872681e+01
3.774536770887678472e+01
4.148969334291979294e+01
2.201337278136355735e+01
3.107153836548884485e+01
2.296106594994351013e+01
3.393107958380349487e+01
3.591987453770354932e+01
1.950317460415487503e+01
3.471282066080586759e+01
2.922468358825404167e+01
1.317862017163963451e+01
3.485170596003016641e+01
1.902969348494026036e+01
1.852622438814076489e+01
2.608261328676040236e+01
2.684976572410166185e+01
1.831695275277003887e+01
1.963965377238577403e+01
3.583711338697651883e+01
3.887719773152691261e+01
2.663794246316396652e+01
3.969591521642177412e+01
2.872040646656547835e+01
4.871502612384598763e+01
1.765073962053554268e+01
2.252840585364212345e+01
2.465386079685922027e+01
2.450803451851671610e+01
3.742807932214304856e+01
2.146982301250850256e+01
1.911470503491493389e+01
3.529934709839459828e+01
2.025688918633581537e+01
2.810008320693755124e+01
3.255823687280796008e+01
2.615974534233510695e+01
3.262910067159422312e+01
3.044770551735241781e+01
2.013676258741653058e+01
3.887171294521362341e+01
2.687438148407034078e+01
2.821589763959218899e+01
4.083050130245543130e+01
2.082161276282189633e+01
4.101674132692956931e+01
3.231354566769882553e+01
4.048928212239675162e+01
2.003741321609849635e+01
4.332833722797332854e+01
3.306798475956950512e+01
2.242819379930538659e+01
3.440320174607630577e+01
3.281810322442222372e+01
4.739977799263834157e+01
2.237285837604827421e+01
1.875641721488045732e+01
5.166693631910498397e+01
2.700696291435254537e+01
3.257639308644895237e+01
2.650425475789311847e+01
2.394528559387319788e+01
5.184606907214751459e+01
2.693381250377344216e+01
2.443789146200498053e+01
3.251471331565576861e+01
3.965483697831938059e+01
1.944362273031343236e+01
1.810070847964838947e+01
4.085513576903527877e+01
2.145920171629320095e+01
2.504560018101314256e+01
1.979918088311393731e+01
2.778516770551642168e+01
4.183254558854077487e+01
4.665182862780573458e+01
2.297859809885546767e+01
2.242494533737970386e+01
2.570845823349156944e+01
2.843460858785755718e+01
1.896701622330282078e+01
1.880741523821477301e+01
2.787533728485691142e+01
3.090488347567393035e+01
3.988264583121035400e+01
3.018060769982922764e+01
5.594272283115614641e+01
3.233427929036218984e+01
2.135623194484785259e+01
4.255713235645531256e+01
3.162583163369263062e+01
2.076456009669229630e+01
3.391470193392972021e+01
2.076826842299771059e+01
1.874330819324087472e+01
2.038852816595562700e+01
1.873410428758855772e+01
2.894004488779183859e+01
2.438070597021883401e+01
2.667736805076102513e+01
3.142839863194981831e+01
1.776294252987218414e+01
2.306317885668937251e+01
3.692847479745341843e+01
2.886510253577260698e+01
2.227525979879817442e+01
2.807937346201716977e+01
3.421745297723393975e+01
3.205686768552992305e+01
6.623748928166574501e+01
3.833066736570918209e+01
2.837069489579809556e+01
4.432558108989244516e+01
4.539348428212343833e+01
1.374482335352097095e+01
3.299628893947288333e+01
5.000567876863890859e+01
1.241231603503315384e+01
2.667822275949561828e+01
3.956142231704002654e+01
4.869970891990998041e+01
1.634967978765054752e+01
3.499789438517910156e+01
5.786587508123064083e+01
1.689572300178496533e+01
2.981769543862254679e+01
1.934542691460841723e+01
1.888398048374181215e+01
2.024294499852391027e+01
3.888630715861530973e+01
2.972592924193964237e+01
1.837145634628082291e+01
2.376175875491427547e+01
1.537538942525579522e+01
4.797051407752537244e+01
3.192309672152883593e+01
3.289377721687745293e+01
3.902383090466156546e+01
2.998309738029416494e+01
1.455499640289481889e+01
2.809156086429618782e+01
1.372943590505275857e+01
2.228685742427988359e+01
1.456130709731547235e+01
2.925020234981576550e+01
3.266386377457020984e+01
1.514338712849621693e+01
3.295875060325565187e+01
4.765729151834108990e+01
3.208607802375600926e+01
2.775345584543012123e+01
2.649395641862846773e+01
1.778388391539012048e+01
2.360851695159110619e+01
2.720044960181568072e+01
2.809673800823539480e+01
3.706010079117314149e+01
1.562342461186641458e+02
2.979967523280904018e+01
2.070121340956870526e+01
3.066151136805459387e+01
2.062429600219977743e+01
4.013465657196500302e+01
2.974848646821601150e+01
4.008750019104531503e+01
4.524674927704348448e+01
2.863305405426498140e+01
3.366631252191639589e+01
4.355064120368904668e+01
4.177796735697843644e+01
3.625614048960635927e+01
2.358687317244317327e+01
1.204823357270836581e+01
2.397537324766465971e+01
1.369256541596272569e+01
2.942481647057091010e+01
4.945710786659606129e+01
4.195701350918623262e+01
2.424753651625468009e+01
2.183702946458974026e+01
3.017399323651806498e+01
3.302990064633926437e+01
3.261643875723679287e+01
2.002356293162445056e+01
5.550788538238560932e+01
3.379435774458012531e+01
2.720961733367513702e+01
2.524462658070337184e+01
2.627219159029539597e+01
3.846601542200334478e+01
2.043951652022154875e+01
2.420276430277076329e+01
4.229525053524213263e+01
4.023788748966761375e+01
4.509481485293445502e+01
4.672077686760988513e+01
2.416219448339323250e+01
6.179112749872457044e+01
2.272589681538672224e+01
4.413714088024374860e+01
2.774099233351086724e+01
2.501943080329646207e+01
3.065587940812481449e+01
2.578119425014044097e+01
3.394527558319776972e+01
1.965131155898336957e+01
2.229185172174376461e+01
6.831803391608814309e+02
3.393409843288081618e+01
1.193869861415604205e+01
2.314951082890971534e+01
2.329619171099540864e+01
2.681540091386046498e+01
3.352547144066136298e+01
1.558064846517489599e+01
2.307465223783053432e+01
1.233124998163514086e+01
3.510843845325253909e+01
4.338027980722661425e+01
2.306053951081933207e+01
3.301323567910821311e+01
2.341140379072825084e+01
3.754295987177224703e+01
2.005499483242934744e+01
4.050244820438624060e+01
2.490915124895388288e+01
4.263653343360429915e+01
3.685944454477002097e+01
1.941906403722888541e+01
3.096926228187553320e+01
3.964075227023241865e+01
1.299180052643126437e+01
1.883326809462161933e+01
1.929745999317353267e+01
