6.189482259867806846e+01
5.465804252370732286e+01
4.854378914394151678e+01
4.786294544448143284e+01
5.500017373664582720e+01
2.610528828789510669e+01
9.885872701434318799e+01
5.183318104429045547e+01
4.583470152096558792e+01
4.093842750935856145e+01
4.532651687585398292e+01
6.924157651817803583e+01
2.875939477227444030e+01
5.248951648088361566e+01
5.090751419048596915e+01
6.847999595550980700e+01
5.972456880471810337e+01
5.218759937798242277e+01
7.778230045899090328e+01
7.470757585182168725e+01
3.588312072896377458e+01
5.444715963879117027e+01
4.196538009961442839e+01
3.803350105195800523e+01
6.146397292685031033e+01
5.721623323984996290e+01
4.067735755294886246e+01
4.621461582351510344e+01
2.878776358406085834e+01
4.236790390589413846e+01
5.418729334725312441e+01
3.943372729098973650e+01
4.323003061407804637e+01
3.722332966168607982e+01
2.982615545832109660e+01
5.177276179192772076e+01
7.282184693609870862e+01
4.986815958698132079e+01
4.997302294548633483e+01
4.845124020462477432e+01
4.301049955593156682e+01
4.705739968118009386e+01
5.740331069477068127e+01
3.517244177857456577e+01
4.686241490503402929e+01
5.098795884593666727e+01
6.161067448267063895e+01
5.267874723350875144e+01
5.135932843277119275e+01
4.520444520439295388e+01
6.981367153547991222e+01
5.455083130432765870e+01
3.960833126919692404e+01
5.503101563431167165e+01
6.850690038203717336e+01
4.161946745564717531e+01
6.780571224111896811e+01
6.337281055986495204e+01
4.323210282723765374e+01
4.548230311929738434e+01
3.650182820049731447e+01
4.427579007994989269e+01
7.363344577188323115e+01
3.460486414429821167e+01
2.842371926961248363e+01
2.350986866188022972e+01
3.629542046410713141e+01
3.028578294042663188e+01
5.610820368250627155e+01
5.294107168019289134e+01
4.244696922322449240e+01
6.807785973057183071e+01
4.280254724494410823e+01
6.571571229522849933e+01
3.581891344730509275e+01
7.701954055775807717e+01
3.418886719374089012e+01
4.011417761260597814e+01
4.675387062044569575e+01
4.233171940982566070e+02
4.365925661797966484e+01
2.718921884244745613e+01
4.511649925806018047e+01
2.780241058240705598e+01
4.862346698547903401e+01
2.424302413454192617e+01
5.243719746379206725e+01
3.950980454361218364e+01
3.679702782148168438e+01
3.548967968014088115e+01
4.234568814872346820e+01
1.635092554528932851e+01
6.758007673616432953e+01
4.140021741829811219e+01
4.388323775638362179e+01
4.567662142529667335e+01
4.240689381187435458e+01
5.582513129796968343e+01
4.495224080869810024e+01
6.361964165095101009e+01
4.436551172011075295e+01
2.979646208881743163e+01
6.194444085736839867e+01
3.252902737699221802e+01
3.429746281095541605e+01
4.206274335423174904e+01
5.029325335002581454e+01
5.633728823441123268e+01
5.173867559836794072e+01
6.399619654012131065e+01
6.430511708546373484e+01
5.411528928253562754e+01
5.825048337620578565e+01
5.607567192154215974e+01
4.242983606171039668e+01
5.311208539531880746e+01
4.772511131794497174e+01
3.513777529076570261e+01
5.902680979037397435e+01
6.204314759977206961e+01
7.114347071442826120e+01
6.719894542458939668e+01
3.955901751134013722e+01
7.221057013912876243e+01
4.247646042788785508e+02
3.611801242192422734e+01
2.854906332119467649e+01
5.536057541085833122e+01
3.462970726339760574e+01
6.694464051604676058e+01
4.992546370436136272e+01
3.218047745588239650e+01
2.838370125083687157e+01
5.543706579650717003e+01
4.854177551003579083e+01
4.289606236008374651e+01
4.946876232972604015e+01
3.513317111056095854e+01
2.876906999287630384e+01
3.848100653062351029e+01
4.257213745268670380e+01
4.915185645274893034e+01
6.126464015604327074e+01
5.086887640908688724e+01
2.424376334293497592e+01
3.355493224176090905e+01
6.966156327671049553e+01
5.156375962397956414e+01
5.855348776605306682e+01
4.113589810551268044e+01
1.588770280420011005e+01
3.271245049804333860e+01
4.199495301107319989e+01
8.617718539741353823e+01
4.501165842007112161e+01
5.459442417508191880e+01
2.834402379098713354e+01
4.984799921636626152e+01
4.119144407880558845e+01
4.602947432783118842e+01
4.479981753400432609e+01
5.270710120982936076e+01
3.179239399983870129e+01
3.461677590479411037e+01
5.863595455631911335e+01
5.528280891996246993e+01
2.855835389861053031e+01
6.232987745918103428e+01
4.033353339499371515e+01
1.815248527355484498e+01
2.600223814614219009e+01
6.522979599492501279e+01
4.982535932570071679e+01
4.126800943557160650e+01
4.638395637831329310e+01
3.511456142190662177e+01
5.795788190593567180e+01
4.302369709764131045e+01
4.225985672134248716e+01
6.254936223463035105e+01
4.743276603544887138e+01
7.633522247597342414e+01
5.383470002292125400e+01
5.570729569319424712e+01
4.691832827119100102e+01
5.124688588687211421e+01
4.784298038895028782e+01
3.669255080087965126e+01
5.976277952489458301e+01
4.377332153989583219e+01
4.069143501585737255e+01
3.640216161121946215e+01
6.653612861555623681e+01
6.002466755447004942e+01
4.015195681160744812e+01
5.829143718327905788e+01
5.481083283500692005e+01
3.607137015063668173e+01
4.089524474734060533e+01
5.122182912245773423e+01
3.702831298082394085e+01
4.484549605418023788e+01
8.142068067852440549e+01
4.365776556701953837e+01
3.407078225210883460e+01
6.273111590134159599e+01
6.947583455147788811e+01
4.636918436968533541e+01
6.294001317396096340e+01
4.950359994995962865e+01
5.702738942494533347e+01
4.350438721041219736e+01
6.659232143097867151e+01
2.635925240161303407e+01
3.846797265460331516e+01
5.133308563866837204e+01
6.316553860902266848e+01
5.684112898318353757e+01
1.482854235836944667e+02
9.581485431175464385e+01
7.177570743932494679e+01
4.486857672597056279e+01
7.388190086838693560e+01
4.216473128400305370e+01
3.706082239784981880e+01
3.628408367524367861e+01
4.118339888508243263e+01
2.346628360754609162e+02
3.447454916837148176e+01
5.051332932361500383e+01
3.232634719387764477e+01
4.864905528757072517e+01
3.957447669881924668e+01
5.871697284968168162e+01
3.316058610751866809e+01
5.126037609831251984e+02
4.358661828079306133e+01
4.860214919561231994e+01
5.542297984940096711e+01
4.654021102907550755e+01
4.404793609485452777e+01
4.389382956463538221e+01
4.320481171579240964e+01
8.652770659483998372e+01
5.750916921097414303e+01
6.135188421146332871e+01
1.939236827993364898e+01
6.335033565107966780e+01
5.692547656518316757e+01
5.273338128282375692e+01
4.610462968924922933e+01
4.926107068574861358e+01
3.350925867539130820e+01
4.351567548026162768e+01
4.623751545757572501e+01
8.040112443082549021e+01
5.164633517445910371e+01
4.432212583419006080e+01
3.511596103182057504e+01
7.086690989800034401e+01
3.551710775125348363e+01
4.244871757821090341e+01
6.198273512433586774e+01
3.866478783029488397e+01
4.872509977459090180e+01
2.874822730847596830e+01
3.477221994835959151e+01
4.775136197294794727e+01
4.419002967709521101e+01
5.164237822254696653e+01
2.649540655240052445e+01
3.749942428851419152e+01
5.862387857598591978e+01
2.505955328422464135e+01
5.345141863158912798e+01
3.917793171682561848e+01
6.386607870190936609e+01
3.866337893247708735e+01
6.415675747096688042e+01
4.988922879496482921e+01
6.375425610932453679e+01
7.945674001787361362e+01
3.723360877434586058e+01
4.965365992327271982e+01
4.691331718449572463e+01
5.690407847619104587e+01
8.886957658333120946e+01
4.345979489466080992e+01
5.472748416665533711e+01
6.501659305989534232e+01
3.014549992528561262e+01
4.949055994923573820e+01
8.937664495058275804e+01
4.869854569684692081e+01
7.529875931152854207e+01
6.581423969891432080e+01
4.605783796340391945e+01
6.278720481188145186e+01
5.123654367300662216e+01
6.122695026893880055e+01
