7.786892798489174261e+00
1.012496567066759567e+01
1.224080414802928729e+01
2.175234017258771502e+01
4.008687760422136037e+00
1.273545663482189383e+01
2.426670695793608612e+00
6.866799782099991312e+00
5.539290256614554764e+00
1.162615253252097247e+01
7.901274606332663986e+00
1.363935900943054769e+01
2.573564911599067528e+01
9.136386848942668948e+00
3.762654369795785048e+00
8.572441763555474381e+00
1.032097075829900312e+01
7.787704235583992052e+00
2.039292124314842969e+00
7.527115964103629153e+00
9.172361325483988637e+00
6.417072310999867746e+00
8.545455736116847945e+00
6.507661346210259268e+00
1.472404851767715783e+01
1.266575687027531316e+01
1.215509681530847352e+01
6.886010028801403671e+00
8.446049391319064625e+00
1.039976168596678541e+01
6.614976634680576950e+00
1.536908254278731967e+01
1.165246699899762994e+01
1.740069983729647163e+01
9.644252863055223557e+00
1.317846727793896022e+01
7.264192800906906555e+00
5.705858788072009524e+00
1.134358882175670935e+01
1.147375294332563733e+01
4.432515978067599782e+00
5.346375830183196065e+00
7.751182890650255786e+00
8.557265065301765006e+00
7.541525260839341271e+00
1.074199864900280588e+01
4.217562877463868709e+00
1.009430801827333646e+01
4.254808534215985816e+00
1.483996012927866381e+01
7.347643244846257637e+00
1.608968048275512785e+01
6.034349767647020357e+00
1.269826286474305199e+01
1.672343798426017614e+01
4.345928518255221640e+00
9.401305271438557654e+00
7.407992878357024580e+00
8.078109924174059486e+00
5.410196548773782865e+00
1.024081045407482016e+01
5.949079109692378076e+00
6.938134088766794605e+00
1.541491796778576351e+01
1.153661040620014155e+01
7.983826567684991993e+00
4.952269575401214929e+00
2.048828755709777028e+01
1.930890505313356442e+01
1.109103249715771256e+01
1.244471190432660812e+01
9.130602846961162200e+00
1.103913731451931746e+01
5.510585727934122602e+00
1.183486659145462205e+01
8.575712900664287375e+00
1.152511958893385291e+01
2.814614837963582517e+01
7.519865437286664900e+00
2.194086752988556910e+01
1.178590144763564851e+01
3.343686826662990885e+00
1.374500472742120571e+01
9.926192666967747158e+00
8.368462651433015154e+00
1.282971519946729977e+01
9.456116980642891079e+00
7.791874784472899051e+00
1.348564885523119017e+01
1.134996331717503892e+01
7.824906893357710835e+00
1.103854592543738633e+01
1.196280696480662620e+01
1.126512120480969159e+01
1.554230617388778768e+01
6.437669530241221238e+00
2.391746516170329073e+00
6.471027589220512688e+00
1.526671267154509337e+01
9.186631450841023394e+00
1.184769017995530049e+01
7.902898127926909488e+00
9.682636871385255972e+00
3.325019696865661700e+01
9.181388386842785465e+00
3.916875434815421997e+00
1.402853576746734277e+01
6.611847591863624807e+00
7.496373236945815144e+00
1.262056960932783589e+01
7.161401919240747205e+00
1.672735355327273865e+01
9.421188144953720922e+00
7.907229181191139489e+00
6.030666265448436647e+00
7.470777201512996513e+00
1.321389290762339819e+01
1.326727266598264876e+01
5.069680876321186247e+00
5.160209250931670155e+00
1.050497442212933663e+01
9.852218204674345614e+00
9.712532214123934082e+00
2.042993956311626746e+01
4.873464530704545439e+00
8.292269229656612950e+00
8.397107678821594590e+00
9.994925956158848379e+00
1.638882771958333251e+01
1.105284129662135939e+01
2.341132639109171976e+01
6.266134964107002325e+00
5.065812855226562661e+00
6.072471150063240231e+00
1.640016603452581379e+01
7.039542157669795408e+00
1.331475531964099801e+01
7.224091445831633429e+00
7.556363717752494047e+00
7.208960915062519348e+00
3.672634034256161861e+00
1.112524121665817134e+01
1.695962953628772141e+01
1.133991694081522006e+01
5.503483682116473652e+00
6.262776302686349439e+00
3.735538326359267636e+00
1.379808069207106058e+01
9.828281163251764596e+00
5.881981985239714383e+00
1.162645856058484739e+01
2.285687775453552462e+01
2.466798929725215572e+01
2.111927893510615561e+01
8.418595863917435196e+00
6.513633315666349510e+00
1.165400060085168832e+01
1.072667097271601300e+01
1.214713315642992519e+01
8.677988504859651897e+00
1.583911921670691747e+01
6.335799507628005145e+00
8.442344036885355507e+00
1.140999750756403053e+01
1.909235430656798727e+01
7.424927730173619622e+00
1.082578283299602973e+01
1.129478198821222357e+01
9.507698607170443239e+00
1.422631061816075260e+01
8.308369250455751143e+00
3.807558032983866969e+00
7.560267196254551791e+00
1.091618006604196900e+01
8.526420476049990427e+00
9.472882500032342890e+00
6.319188509600682124e+00
6.514112207234218133e+00
1.091725673617624004e+01
2.985880705106894961e+00
1.509217388546771410e+01
1.142749129450768741e+01
1.027216763014082623e+01
1.127683472525846931e+01
7.581499218654479400e+00
1.264084307667883955e+01
8.545617874184822327e+00
1.070804717706851861e+01
8.539468551286409692e+00
1.110163941180849712e+01
2.185394439412097256e+01
3.589420621550067914e+00
1.166318009821845081e+01
7.369553044306329959e+00
7.378927924163031449e+00
2.553264076479601741e+01
6.340009711394229974e+00
5.365199957460744074e+00
4.551209747295628105e+00
1.566360555285885781e+01
1.088750139349663826e+01
8.286872131534295249e+00
5.663009893569123321e+00
1.503206268324660222e+01
9.816597024079568357e+00
1.222464527795716904e+01
9.495561110694971774e+00
6.634779925624050279e+00
7.308709163846883072e+00
1.125669850952331252e+01
7.875270792095447447e+00
1.210053807412619875e+01
1.365721880293293822e+01
9.148248019240034168e+00
1.135251435397029063e+01
8.446673934642015880e+00
3.684563921074341053e+00
6.971704890851001757e+00
1.880732992317348007e+01
4.710303270161522171e+00
1.589890702404830058e+01
8.862041980071568403e+00
1.449363401969432630e+01
7.786376023548219116e+00
1.335610797374970460e+01
1.565769907400151695e+01
1.308444358033843713e+01
4.052046200607528625e+00
8.499119348723958467e+00
1.023295767015858004e+01
1.415097126418808848e+01
9.535631738430128124e+00
6.710174931975098289e+00
7.434475957523188683e+00
6.335016574474228612e+00
8.568177328345509380e+00
3.638792934398513701e+00
7.334580063483925549e+00
6.254325366509888795e+00
8.544946297091581044e+00
5.921350521990205173e+00
1.423349860752496632e+01
1.705052916235911198e+01
2.107148627431495314e+01
2.951249350651993009e+00
1.624617564885758014e+01
3.876093213772175528e+00
1.050436728473744807e+01
7.788028433793757088e+00
1.010440538789498532e+01
2.390687258622040900e+01
9.355218702961396460e+00
2.215633678106451399e+01
1.730342257507582815e+01
4.957020278278241321e+00
1.591279735969916764e+01
1.479979957184236206e+01
1.619778078077314021e+01
1.260877501111467858e+01
1.821636895977477621e+01
8.352935826620218052e+00
5.701583794135892447e+00
5.837216684680877066e+00
6.171941406259514373e+00
1.005631829965255442e+01
1.057043639503733168e+01
1.753196429120519184e+01
7.104400671020902891e+00
5.220607709248396233e+00
1.843212339829690904e+01
1.456403346149921596e+01
8.486022749339618088e+00
2.590371832940752128e+00
9.169628056929726156e+00
8.840188797199264314e+00
9.817241697410945989e+00
6.701066497641471109e+00
8.009205830068768961e+00
1.099905290265379776e+01
1.091456517749031896e+01
6.213395220720257406e+00
1.006280483065885889e+01
7.465239035920070876e+00
1.732284207374955898e+01
1.698809249858091519e+01
6.834747171579920177e+00
4.553337416679536176e+00
3.517116152481356561e+00
1.047015179717192268e+01
7.954769342367522533e+00
9.556668649184423714e+00
7.480882693739767220e+00
1.321858456174159180e+01
1.311456994711468305e+01
4.369919496723887242e+00
1.391831838249836295e+01
1.688039844753590479e+00
7.784147363992905078e+00
6.253187275320073013e+00
2.967684435282902822e+00
