3.770393127628721430e+01
1.232784724363141038e+01
1.106435001584591049e+01
1.888282565566234084e+01
2.553576090689038836e+01
2.905266907730942805e+01
3.745423080304409069e+01
5.878769367794217260e+01
3.394593067860104441e+01
1.853802695709396531e+01
2.162990745550605354e+01
1.959494742370940301e+01
9.237712512047131952e+00
3.246532031682039587e+01
3.456667397673603404e+01
1.750076587571760811e+01
5.576981522062993690e+01
6.350786277456957230e+00
5.938863334379976777e+01
2.066801246006642145e+01
2.622715326440983219e+01
2.165987120635475449e+01
4.114937653687577779e+01
3.702935298803456021e+01
3.100927449464566266e+01
3.478412503097523967e+01
1.977498387836417493e+01
2.101928460637778784e+01
3.309847319198354398e+01
1.946113586939557649e+01
3.146094894733927561e+01
1.546814507492658386e+01
9.414295968468371356e+00
3.038814482342409917e+01
3.413110750200631571e+01
2.604142048803508658e+01
2.054076694843662665e+01
1.897263623524316500e+01
4.433789476016828246e+01
3.850262086009578866e+01
3.705494487179290530e+01
4.037139225737159620e+01
1.729534635226745465e+01
4.211834827478342902e+01
3.568130175912567381e+01
2.211460950060579833e+01
2.763491267767627591e+01
2.432880458279523950e+01
3.650666017999681401e+01
4.464715395120915531e+01
2.976139451093351695e+01
1.056424674228143168e+01
2.659059273797790723e+01
3.251358076922525697e+01
1.039228973655015054e+01
2.447134110018099662e+01
1.836768120102316715e+01
1.694000101566502892e+01
5.725178285589950633e+01
1.010148850906140261e+01
3.707115532070916686e+01
2.637623022300296682e+01
1.027038108108621906e+01
2.956073975914444674e+01
2.491618459293806964e+01
2.598322117703443013e+01
1.430765717056297959e+01
2.962467873721939426e+01
1.677403525089783543e+01
2.370217569645685884e+01
1.826083376518747770e+01
4.459133624333214385e+01
4.893542544856256171e+01
1.433404214914669872e+01
1.239539761765792214e+01
2.298137599507079187e+01
1.551970833075357348e+01
3.304762652096634667e+01
2.061595390566816377e+01
4.041933563077279956e+01
1.685034674370118069e+01
2.317673234073769706e+01
2.292868640741844999e+01
4.216627924281442574e+01
1.890113305790880460e+01
1.700636709005852865e+01
2.262030865248444655e+01
2.756999705408092538e+01
2.702465705111855243e+01
3.283347031724132847e+01
4.194415006070702390e+01
4.821762382784100964e+01
3.071359288565135870e+01
3.633809848856371616e+01
3.192489561082838989e+01
2.191753034851329929e+01
3.181447931303956622e+01
2.034074712534254559e+01
4.233414117901813256e+01
2.898245906576189412e+01
1.758146118140526681e+01
3.131320721256252781e+01
1.005847921836601699e+01
2.037663774771320035e+01
2.515878097570518790e+01
9.885586150429439556e+00
6.192348735492844014e+01
2.025883846844064351e+01
1.079761873375803560e+01
2.697811895110454827e+01
1.459128598310956093e+01
3.646958123465449120e+01
3.953635313274936891e+01
5.559807089362210775e+01
2.912628509007623023e+01
2.437992161036392957e+01
2.372392515976832073e+01
2.624044185218262371e+01
4.395710915378555228e+01
1.107427464272394246e+01
1.592585583379356251e+01
2.394199060411524727e+01
1.646869813877472666e+01
1.723580241146461134e+01
4.278672355159471863e+01
3.074483678240732942e+01
1.624646531016458439e+01
3.542145484525483567e+01
2.136414702318764114e+01
3.954283212031962336e+01
1.485383321060714934e+01
2.795431494438421893e+01
2.271627933891120676e+01
2.929322187500529751e+01
1.455332248107914950e+01
3.527593112274417564e+01
2.234574895415351747e+01
2.916001621765809304e+01
1.426018413245520655e+01
1.592628633518902248e+01
1.627635894369234393e+01
3.274412668728918874e+01
3.308594753575047065e+01
1.758881945947443981e+01
1.588184306773134224e+01
4.078684014810720271e+01
3.101698606854610318e+01
4.160103058376768104e+01
4.058806975920674631e+01
2.079137880383462900e+01
1.976212297546063468e+01
2.186788084764155116e+01
2.439870504646860283e+01
2.109701752611471193e+01
1.871224429933874944e+01
5.225559351796722751e+01
1.946057338969984585e+01
1.225656170399914302e+01
3.584787796272141236e+01
3.084334236782866512e+01
3.125452440452949787e+01
2.997267161986353301e+01
3.146158811296286117e+01
2.895431918366070079e+01
1.943431813116227502e+01
2.818374897346393482e+01
3.230126097833809951e+01
1.175082875644110558e+01
4.299069698116012006e+01
3.022475925456667412e+01
4.212371935234193643e+01
4.608423405500932546e+01
1.585146828876970382e+01
4.936869993422678249e+01
3.225087281806537476e+01
2.518528935601739249e+01
1.923456362361458005e+01
4.817267129460280017e+01
1.916201062282607381e+01
3.928322842456832831e+01
2.858869719981262492e+01
1.397354676384534677e+01
6.211612173610827625e+01
4.616179606731191143e+01
3.420274412435741596e+01
1.856670161101701311e+01
2.638849926233979915e+01
4.672832482437522117e+01
1.483593631890874853e+01
2.524657033874702705e+01
3.017183820882363676e+01
2.005192957946457355e+01
8.531312927148368530e+00
2.549630532013865292e+01
1.759537329156686525e+01
2.689345912437643449e+01
2.657161305094537340e+01
2.191760315422564176e+01
2.113720434844293905e+01
3.073980078946722827e+01
4.633587527977964982e+01
9.470120254516858793e+00
4.374240601872493528e+01
4.781011710714754770e+01
4.681662530335444927e+01
4.359444331948870399e+01
1.393030139491754937e+01
3.929573908710464991e+01
1.080583732215027304e+01
2.787501375771022438e+01
3.394828403581733056e+01
2.933000390567653071e+01
3.138683492253326079e+01
4.672088266257667044e+01
2.306880376184806991e+01
2.900051374824491646e+01
5.823015327768363392e+01
1.487601962095024888e+01
2.912592631766980489e+01
2.272453534797704222e+01
3.517556288623286775e+01
1.627711783497353792e+01
2.471361779636164613e+01
3.379754433226077737e+01
2.392255178658660597e+01
2.331613049414400507e+01
2.433691326201689975e+01
4.437649005802237667e+01
4.562770673683721157e+01
3.290379967878453726e+01
3.571640026929036793e+01
5.113138890497996414e+01
2.029396571302865482e+01
1.762438131775288497e+01
1.813673531753852330e+01
2.848920260648455027e+01
3.478444264163992727e+01
3.681256113336665692e+01
4.101506730325908734e+01
2.887251566060918506e+01
2.966530183015998645e+01
3.377739403005330132e+01
2.989216682785392720e+01
4.915608240024687348e+01
2.961403004538736283e+01
3.003933483675438154e+01
3.851669723938270096e+01
1.823425807624772332e+01
1.885347664831473580e+01
1.069997968326305582e+01
4.415769584614898946e+01
2.310817048866999102e+01
1.719466422846024756e+01
4.692573211489687424e+01
2.810867210065786281e+01
2.173525843439556837e+01
1.927652956791968109e+01
2.508565532381464536e+01
5.638668070837221791e+01
2.818848547647088054e+01
2.532562219238699086e+01
1.072156265307471834e+01
2.073260797710402059e+01
1.764770895478500989e+01
1.706179383227451041e+01
1.417554315297630829e+01
2.778696507010383243e+01
2.372869823858549765e+01
2.101451715896617145e+01
2.226559464158961887e+01
2.107255221850619265e+01
3.849687614641403854e+01
1.577780922885151682e+01
1.481424653858837281e+01
3.754452911082344002e+01
2.828484392105138312e+01
2.130108004564698732e+01
1.264710761785091719e+01
2.019116991542356132e+01
3.564455392166413361e+01
3.179899867766537369e+01
2.623079455354325873e+01
2.406557501855182224e+01
4.466632287349325736e+01
2.747778698811789866e+01
2.424502735313332735e+01
2.353098604908465674e+01
3.337003356797993803e+01
4.114335567864222298e+01
1.264080705967642082e+01
1.139199122463278790e+01
1.136544116339480581e+01
2.167155612403641740e+01
2.736143524190542564e+01
2.930144694690934415e+01
1.839466116547643892e+01
2.509869379630424646e+01
2.390789111684241419e+01
2.163019520736247969e+01
9.457287483407966988e+00
