4.591294016306101611e+01
5.311216955038067766e+01
1.925336952631429455e+01
1.096655950368252235e+02
1.880085087594039095e+01
4.541348504148469090e+01
3.703472621250242724e+01
4.591089177868833104e+01
3.434156879736949008e+01
4.274798514898495938e+01
3.549000578665906858e+01
1.817454052306316470e+01
2.749563359195163059e+01
5.688649972793707121e+01
4.505580449101873342e+01
2.790252853010354173e+01
1.303159054256419935e+01
4.786587378715334040e+01
2.554616647695762666e+01
2.422741640671528529e+01
2.834055329092420195e+01
3.096548647894397277e+01
4.099253271803365095e+01
6.980988966582071953e+01
3.982574473017091066e+01
2.958821167047610601e+01
2.638623742992361798e+01
3.375867706372756061e+01
3.756993396348710235e+01
3.271119771701352619e+01
4.019993181162718798e+01
4.331216595811604719e+01
4.435170175567004236e+01
3.034954158711528649e+01
2.909291314291484909e+01
3.248314528895635078e+01
2.487114272820397076e+01
3.880382526357634276e+01
2.951546927868831460e+01
1.804875948635922001e+01
2.304336426569795293e+01
2.799627614483223681e+01
4.338766942096009416e+01
4.225990346530551278e+01
3.625658545275304334e+01
1.091646839965554783e+01
4.294785173455108662e+01
2.600932652496719300e+01
4.225892335450289039e+01
3.094902207589600707e+01
4.949606441072431551e+01
3.264730450875327250e+01
4.707174843031015854e+01
3.306018413612874696e+01
4.573397798887171462e+01
2.137556687059949923e+01
3.467817555496313986e+01
1.520978611393617363e+01
5.688853705779310843e+01
3.853186743121935365e+01
2.895014746808995909e+01
5.801928163453613507e+01
2.837801421529837498e+01
1.787038164435674048e+01
5.739819760882367206e+01
4.465530779792526772e+01
2.048329234158577705e+01
2.903897102129008090e+01
2.766066719297751675e+01
2.872727485540682935e+01
4.865579842110751940e+01
2.903507122896436243e+01
2.522561594707488197e+01
4.146565411980199656e+01
5.714502799261169486e+01
2.771057070066007810e+01
2.341170463004919000e+01
4.997583641079901895e+01
2.809129839400303652e+01
3.102303601090899576e+01
6.993969376330727528e+01
6.871778633061913411e+01
4.188513409561657852e+01
3.445287488251838681e+01
5.153289956477213707e+01
3.218092877752719261e+01
4.446182487636777125e+01
5.018188386514025012e+01
2.460419416544514704e+01
4.366730246877148147e+01
1.809179379018241818e+01
3.600083130787971442e+01
3.052388562206636990e+01
2.988869364551381125e+01
2.264050650291460443e+01
4.365530267272427523e+01
5.083560286370986603e+01
2.940235478257725532e+01
1.649813027898590079e+01
5.753733537967175948e+01
2.688505553347924604e+01
2.735103748525260059e+01
3.106826084909868868e+01
4.332652514802092014e+01
3.687688033498284312e+01
3.604518758905626896e+01
3.475107040610084397e+01
7.153203209383542571e+01
5.063113393165503595e+01
2.590686712375159217e+01
6.281087476537121717e+01
3.574308294048152135e+01
2.629421120536790113e+01
6.841077700615744561e+01
4.925227251440711029e+01
4.098321791530697311e+01
1.753073021409258558e+01
2.660273088030545097e+01
2.166553824137645634e+01
3.343322268921350116e+01
3.367785259765858541e+01
3.180118068216524918e+01
1.790250205363405911e+01
5.682697345216871554e+01
2.088296584308613646e+01
3.750317543481950366e+01
1.576618458317277671e+01
4.091909959021643317e+01
2.867133408525073435e+01
2.951454287236428087e+01
6.242559903306531766e+01
4.168763528157520426e+01
2.941794490320852873e+01
4.731220995950143049e+01
3.835237902958063927e+01
3.705017062942163619e+01
2.359703432892708719e+01
6.213046193782918891e+01
1.908447856407104837e+01
3.119633002188689019e+01
3.194451843407895453e+01
4.359165807009330962e+01
3.876793228417091797e+01
3.284851242261771631e+01
6.573400213722301544e+01
2.549742235270387880e+01
3.768749239632114723e+01
2.112495807079131183e+01
3.306920662333411798e+01
4.332233335980667022e+01
3.779217083474718208e+01
2.209929813873506532e+01
4.735797905846057176e+01
3.218884617597485942e+01
3.118792284538277926e+01
1.830712918189299288e+01
1.685531129306897569e+01
3.345812664677844595e+01
5.695566711706044316e+01
2.876857432838647100e+01
1.018789235346535804e+01
7.632365132049991985e+01
3.970987791834603797e+01
3.006958557232643159e+01
1.947946550580399716e+01
2.013109076457872959e+01
4.857162207162610201e+01
3.440548379201344176e+01
3.076249930463189131e+01
5.764020210690836876e+01
4.954879179036136350e+01
5.394596356238978530e+01
4.201926521230409151e+01
1.872033980592285118e+01
1.931200149564450541e+01
3.784359891747850213e+01
2.156228966198226260e+01
4.767261855656128944e+01
3.414745217668554744e+01
2.712606187139074265e+01
5.513334195451248121e+01
4.648515526876279580e+01
1.477926056093409990e+01
4.654090651551097579e+01
2.913267733008594007e+01
2.884934443417128591e+01
3.609783013423144382e+01
4.248742971091943588e+01
5.047049680169558172e+01
4.382582336654238020e+01
5.640535490275890140e+01
4.092515499354610142e+01
4.016041157510421300e+01
3.111334179207076645e+01
2.221022557056356561e+01
4.783590636843444344e+01
4.857140000277748726e+01
6.123038299045313693e+01
3.584389175724120236e+01
2.518740608624826649e+01
1.050283040249771034e+02
3.536719169567008692e+01
4.044556416152776990e+01
3.009724040333935946e+01
3.860952401079035212e+01
3.286725308684273017e+01
2.928209831499233573e+01
3.439265418881032588e+01
4.469521103640560966e+01
2.184519987170450861e+01
4.987885858938373218e+01
5.078912435918625334e+01
3.853782198447355967e+01
4.562043200356053774e+01
5.274105452387354376e+01
3.324705104778399090e+01
3.193952325177859564e+01
2.298053397910802076e+01
4.111123188288119934e+01
3.870836126651030895e+01
4.840890228091750203e+01
4.392441631135075397e+01
4.086502672141804027e+01
3.466575006604697506e+01
2.824296634973632436e+01
3.183270965472819114e+01
5.263865597637022375e+01
2.011191915881462222e+01
3.207503127783432717e+01
2.298767279310845879e+01
4.343339158315104953e+01
4.158844063666111168e+01
2.997535912795781243e+01
6.030028159056716675e+01
3.134036903001854313e+01
2.244383967784339262e+01
3.089868814705406663e+01
3.408914767482028196e+01
4.577640033755133686e+01
2.095827857917771553e+01
3.654653986804231636e+01
1.706531653619572353e+01
2.496479615607677260e+01
3.295839694730642577e+01
4.437846809653386515e+01
3.538388104544009138e+01
5.087723768627035525e+01
6.785651826504722806e+01
4.075125397522668891e+01
2.572690031696253854e+01
4.104679473068519968e+01
3.854527506205847942e+01
4.386908782417950903e+01
4.343928901019764766e+01
5.448277771804822578e+01
5.085923269639854283e+01
3.888903692564082348e+01
3.176933567813395243e+01
5.357078165885919674e+01
6.392359422865391849e+01
3.092466921395344315e+01
3.665051681650642479e+01
3.533417375241772618e+01
3.282605012118423815e+01
4.327380597748373958e+01
3.759368130392982721e+01
3.901514359904158624e+01
4.186096886524373417e+01
2.800632037834105148e+01
3.219817621584566325e+01
3.551456664895211901e+01
3.199652949684311309e+01
5.469480628972590353e+01
2.336653112815631417e+01
3.353071293585139045e+01
5.945752099705156724e+01
2.218920891327435996e+01
3.230510026180964900e+01
5.182833778426450522e+01
2.705484506835276548e+01
1.735812413942194610e+01
2.219552476846222078e+01
2.401370736377668536e+01
3.110445939321990494e+01
5.667284764447775558e+01
2.560080626124991809e+01
2.297173916446629960e+01
3.797874140303756008e+01
4.111241111487353805e+01
1.650432657446704710e+01
2.738720343409213953e+01
3.053616431418598154e+01
2.431433048064279490e+01
2.476260385024611210e+01
3.170376342598250474e+01
4.277749813804262402e+01
4.133542207084156672e+01
3.677442494160820274e+01
4.344352522609072764e+01
5.465246960380719798e+01
