9.725932395539642528e+01
1.068694095814660585e+02
1.367320693896113255e+02
8.933508303210639667e+01
1.481799590343435966e+02
1.166337031224490062e+02
1.199136242116338025e+02
7.891696525638330684e+01
8.421713691493117437e+01
1.424121183707683542e+02
1.272029887991329247e+02
9.429343152700404289e+02
1.223057842514613327e+02
7.529342331267150712e+01
8.851432403515987346e+01
6.994459503284991797e+02
1.003876662731925649e+02
1.461911205727762422e+02
9.420029770367840172e+01
1.078114743358270857e+02
1.055679618233856871e+02
1.093782503585979811e+02
8.553099007383991648e+01
1.287926018115802265e+02
1.061760463695270573e+02
1.491604607958953466e+02
1.289605015519256312e+02
1.047482881161976564e+02
1.027761894294959149e+02
1.192022932948450347e+02
9.304720382018800251e+01
8.883760806987646674e+01
1.060209984236502976e+02
1.149262696262517949e+02
7.715494345331832449e+01
1.078254735771781441e+02
1.260247473629765835e+02
1.049913375025848978e+02
1.320309117357391528e+02
1.229027770509390507e+02
1.309245607217243617e+02
1.196204985430582326e+02
7.237407887898972092e+01
8.982682486133506927e+01
1.542200628999762841e+02
1.089182080618344202e+02
1.136494332324740100e+02
1.474457826263633251e+02
9.482011226627196265e+01
8.456725735281990808e+01
1.259233859999555420e+02
8.410549250329903259e+01
1.184788614036455812e+02
1.021447424618693418e+02
1.258267342664366311e+02
1.004131186610023008e+02
9.298215032656699464e+01
1.197223971999855792e+02
1.199871057963661372e+02
1.064010984484409477e+02
9.971405293008896820e+01
9.549089510629995914e+01
1.139320379468999107e+02
8.679834760665704607e+01
1.243969057751931047e+02
8.780462586360013688e+01
9.393854341337686265e+01
1.224444755991638658e+02
1.027507155192339354e+02
9.001841570169995066e+01
1.869491597681586086e+02
8.390818400908347030e+01
1.454958061796814377e+02
9.711258244974723652e+01
1.186594468476372981e+02
1.126757097356112212e+02
1.185787938144676588e+02
8.934201232468097942e+01
1.527364723595669886e+02
9.415394170939582352e+01
9.041629324841848359e+01
1.078476720652877674e+02
1.324095763518091644e+02
1.067468706374493621e+02
1.050130980811323269e+02
1.193429053091619920e+02
1.043636753004014963e+02
1.351636795699965319e+02
1.260257913386373332e+02
7.905852375299672019e+01
1.051192532952252634e+02
1.125412143370903806e+02
8.162032980768154289e+01
1.524738278221384746e+02
1.126368725419744692e+02
8.707200476146778101e+01
1.093839899146226031e+02
9.421588023062996342e+01
1.046867787631554307e+02
9.399570146223197753e+01
1.084603986917449987e+02
1.192274998157369339e+02
9.728909053300831999e+01
9.414560994932946869e+01
9.286691989803377112e+01
1.033239834852594754e+02
8.124518497966062114e+01
1.380433368968183458e+02
1.027958162204345598e+02
1.283328837104713216e+02
9.741814357902393340e+01
1.164944010160450745e+02
9.272928157280433936e+01
8.203855666395621427e+01
1.404162501617423402e+02
1.377103308998865714e+02
6.506803982790290775e+01
1.038611320777234113e+02
1.229553494115703671e+02
1.066791100999867155e+02
1.146869347254483955e+02
1.342073614278013736e+02
1.015945567016874094e+02
9.383978793800173435e+01
1.005161642331322440e+02
1.411628434670979573e+02
1.138964932826183940e+02
8.634192145468256285e+01
1.397187167677430466e+02
1.340958329406381608e+02
1.079679985300074776e+02
8.418873828909674728e+01
1.438652167903628083e+02
1.261377479916804987e+02
1.044919846029920194e+02
9.994305452173196613e+01
1.129606973093757887e+02
1.188472892282604221e+02
1.221254170315276895e+02
8.724884097032443719e+01
9.228426391823325048e+01
1.127396093024570263e+02
1.328716511648710821e+02
8.588546897802919489e+01
1.211532500361753080e+02
1.114150439320706028e+02
1.641003948087673336e+02
1.226395132547136910e+02
1.103870926147504292e+02
1.009772764027280658e+02
9.005725435435221016e+01
1.313209709528568681e+02
1.093886989305205901e+02
1.055125071769927985e+02
1.360089973842635231e+02
1.207091503050621668e+02
1.784523538092298338e+02
1.004998644257166802e+02
1.168902383875917650e+02
1.341793390360260219e+02
9.556641371044327116e+01
9.655321417362031866e+01
1.054602111183798456e+02
1.251764705722818434e+02
1.248522821614029823e+02
1.120903749656336146e+02
1.022458809098075392e+02
9.111471450954800844e+01
1.054686895974316911e+02
7.495298502975174415e+01
8.941412407381014305e+01
1.115859195238725619e+02
1.258386336316502110e+02
1.046110976077559371e+02
1.450720707414946560e+02
1.021117190242742652e+02
1.172764012690307709e+02
1.162962114874530215e+02
1.740069127697967133e+02
1.314185734456061709e+02
1.052965480096845994e+02
1.260949762418315743e+02
8.721988705523229157e+01
1.117382370992452820e+02
5.569718407697322249e+01
1.008177653003864833e+02
8.272373778265860267e+01
9.522730912919720936e+01
1.128031157254404206e+02
1.429708757724267230e+02
1.285319548936281819e+02
1.213340599831112883e+02
8.740377006374271218e+01
1.038988267849327798e+02
1.027423658026052919e+02
1.326116541884705100e+02
1.452193398694982704e+02
1.176438225182909889e+02
1.203067865569001071e+02
1.131883228473333105e+02
9.753279458240879762e+01
8.997190317474658627e+01
1.207297258308956458e+02
1.274325549654908798e+02
1.175525969375473636e+02
8.616640225528774977e+01
1.052834992493189645e+02
1.409869371913534053e+02
1.201395153362496870e+02
9.472327288717374927e+01
9.465032241464741958e+01
1.217691526318640598e+02
1.265554586223423854e+02
1.123799088278303913e+02
8.113646043609180936e+01
1.212946249373410410e+02
1.285706298312686613e+02
8.826695754676711658e+01
1.164277880304606327e+02
1.213359895086184537e+02
1.487614492868568448e+02
1.246196159865753259e+02
7.143613056768130321e+01
1.031167738154752840e+02
8.707313527929910890e+01
1.223673112684489439e+02
1.141353067034054334e+02
1.125894135020441098e+02
1.071353887569599266e+02
1.035267430311159842e+02
9.809345323650730109e+01
9.250787028400577583e+01
1.267172552540393440e+02
9.105519727335257585e+01
9.262236566223397460e+01
1.091166011175716193e+02
1.264186196577720409e+02
1.077772617283928724e+02
1.177291806698576124e+02
1.385873550487495152e+02
1.239344758618311602e+02
1.064303113930038904e+02
6.538846605895942332e+01
1.501875227326621598e+02
1.013663607757122662e+02
1.061404834952699900e+02
6.230555299057843399e+01
1.104101331988140089e+02
1.382556818953678146e+02
1.008473569667757914e+02
1.619683838452092459e+02
7.510931783590737609e+01
1.307068552726427981e+02
7.324127679732893625e+01
9.570246265101273764e+01
1.134856874543219760e+02
1.055050970978056171e+02
7.907495655146877311e+01
9.974893236009013719e+01
1.039762050515006280e+02
1.230459976913605402e+02
1.381017557335875097e+02
1.238044013116707021e+02
9.973438123094535968e+01
9.464766695067670810e+01
1.273768421648483553e+02
9.212437702680770713e+01
9.305827400508715641e+01
1.410373935351156263e+02
1.006765140199936610e+02
1.341837819516288448e+02
9.122885009976573656e+01
1.173262866856157416e+02
7.213247575562405700e+01
1.137591709139100118e+02
1.379869307642650540e+02
1.385371300444202518e+02
1.542614605563460373e+02
8.306633419347195968e+01
9.122048367573987093e+01
9.451328751676865636e+01
1.235761005242478063e+02
1.046764092504739665e+02
6.659923001970609846e+01
1.022672547101985145e+02
9.710000778971652835e+01
1.283320110015936848e+02
1.195957325275311689e+02
7.926192342668197455e+01
9.124742969928250602e+01
7.016172838936988398e+01
9.881433576258463347e+01
1.055735565673740837e+02
9.780136730160208458e+01
1.361811425217377405e+02
9.922416685277768522e+01
1.137760602618968733e+02
1.018790475828780018e+02
1.512885358228448069e+02
1.022351892488352121e+02
