3.093171829639192438e+01
4.580130649429888479e+01
1.418548501949616281e+01
2.229103002129446054e+01
3.576722273020371290e+01
2.776911626886998974e+01
2.378322988916498915e+01
1.525551706593910417e+01
3.040498834117614280e+01
1.733124724499753455e+01
4.577856427368655545e+01
3.774065649686626500e+01
3.167961674519300530e+01
3.038484071122510954e+01
2.776976654150324819e+01
1.461082664541500797e+01
2.764877296050508804e+01
2.231137010064149351e+01
3.594081798906164238e+01
2.331425130588325345e+01
2.717793139349630493e+01
3.288195734372432355e+01
2.524420481466381716e+01
3.831513129960928410e+01
4.357520743062408997e+01
3.479890658360087485e+01
2.066169170245952458e+01
3.686499196224049513e+01
3.719591283207726917e+01
3.225423656329216726e+01
2.102536980343731088e+01
1.259093282648401235e+01
3.109933313611277939e+01
2.369012933685394273e+01
2.755935177459393515e+01
1.723328171179708690e+01
1.822349937947636889e+01
1.088668721263835515e+01
4.862023106068569689e+01
1.911300011690189393e+01
4.417976072619963190e+01
2.265018966272412015e+01
3.734849477705839860e+01
1.314501591596212648e+01
2.302013680446674471e+01
4.142491266613374989e+01
2.681341955040956293e+01
3.381580171288264580e+01
3.812676981807719301e+01
2.098314777303367862e+01
2.764466317917433358e+01
2.222423419013452417e+01
9.371172518747226121e+00
3.021908953056979286e+01
3.242628408606899626e+01
2.947752399086084907e+01
1.884807029238552190e+01
2.384705771263602969e+01
2.176959457119193075e+01
2.734398016190648306e+01
2.243407986528255904e+01
2.527844429621690736e+01
3.764635385481296481e+01
2.955777262312993514e+01
3.406641315104259604e+01
4.073052308209130246e+01
2.918071066870990293e+01
2.489750525291217187e+01
2.760250434204029446e+01
2.144963651358262524e+01
3.714177591487570851e+01
3.721708381690689293e+01
2.833075408481909108e+01
2.916909060588713487e+01
2.871280046828349342e+01
2.205445223118344344e+01
2.085972230841236197e+01
2.756322192733394871e+01
1.667429779586365513e+01
2.999977130203123465e+01
2.927240240643558167e+01
2.965525805448151075e+01
1.103780491933195208e+03
2.577016828811290239e+01
1.297288786763133217e+01
3.016918220783660232e+01
7.884000047561329438e+00
2.540183707171830818e+01
1.828702472949422386e+01
1.999809942767251769e+01
3.269184190537123413e+01
1.849482033141916659e+01
1.427972270452097803e+01
3.169513771073649266e+01
4.206838987189674839e+01
2.526188146364438936e+01
1.527438195202724103e+01
2.216941181499049662e+01
2.756537758737153965e+01
1.740187339193968796e+01
2.564256673068526737e+01
3.328562189337960575e+01
2.036781765859034721e+01
3.474737682650627590e+01
2.505059841267499365e+01
2.640220956742999547e+01
2.948146550777559582e+01
1.060289302820040191e+01
4.224029540506700897e+01
1.771795442529377596e+01
1.625267118459336402e+01
4.015292227372827938e+01
3.334114020254914124e+01
1.553769876546749806e+01
2.361802809839646855e+01
1.875984528231211002e+01
2.326371203927898179e+01
2.516809948326042701e+01
1.896427606079473449e+01
4.386291209234629207e+01
1.649298474059103015e+01
3.099757927987160500e+01
3.386138708237852768e+01
1.155384292851479699e+01
2.983593683962757126e+01
1.270953803886015621e+01
4.464956222267260699e+01
1.910385522912894984e+01
2.754711862991540272e+01
4.077507997400525852e+01
1.713762275472917196e+01
2.748536492049542090e+01
2.358441425640772238e+01
2.304237324938321052e+01
1.232862514172658308e+01
3.837521745224475467e+01
2.919822011913458937e+01
2.649538031852642916e+01
3.149381824694847509e+01
2.060846267424448541e+01
3.000562377759651156e+01
1.769583025816514521e+01
4.169199267091179451e+01
3.267141111418266064e+01
2.014373031071681552e+01
1.794728773996424209e+01
3.405409102735679028e+01
1.506479984008739059e+01
2.839849208520408652e+01
2.607004627948187192e+01
2.772870109115392623e+01
3.514054469594516661e+01
2.057332517646549519e+01
2.473346335568691146e+01
2.668976494775373354e+01
3.922425427279154064e+01
2.044023033128242517e+01
1.395447116876030336e+01
2.797703037961941064e+01
1.872739129000861524e+01
3.516481851726967278e+01
1.802467641452670222e+01
1.811621163810534085e+01
1.384740439219628350e+01
3.646257525428909219e+01
1.841048317855021921e+01
3.461253866851460259e+01
4.467001990068262529e+01
4.996392896906694858e+01
1.506075063740984277e+01
2.348505886634010054e+01
1.775787722560859194e+01
4.278984488207017733e+01
5.215130365320189476e+00
3.473697425928899207e+01
5.012020977224481300e+01
2.842381811700334993e+01
1.907621914327743085e+01
1.921847046036073792e+01
1.813451428191937254e+01
2.071568153921235833e+01
1.726416256986638942e+01
1.877091221033088075e+01
1.968171618647051346e+01
1.427095524521860526e+01
2.697383110344158297e+01
3.559798379819137182e+01
2.972185372539723502e+01
3.166470556422999749e+01
2.312918403066677087e+01
2.346596121789378486e+01
3.012161945181104628e+01
2.350383877124094312e+01
2.279111325433545687e+01
2.581550606980435703e+01
2.380072877171112111e+01
3.061799296397689574e+01
1.615552949727071308e+01
2.686689325418742058e+01
2.978078089549691043e+01
2.541768147619949048e+01
1.405008779238695737e+01
1.885138270715702546e+01
2.407074527172611766e+01
1.930184877657034193e+01
2.604845364587136203e+01
3.505097376279421439e+01
1.817525878685052021e+01
2.559980362204822057e+01
3.099365140203707014e+01
1.920551188905407258e+01
2.370254372559298517e+01
4.183950066138373813e+01
2.787590245288651403e+01
3.112640193200570238e+01
2.018251782382575499e+01
2.182211246188891707e+01
4.237582443279113420e+01
1.754860547849559538e+01
2.274469634456265155e+01
2.937894983058464504e+01
2.213691137075893778e+01
2.379817356184216948e+01
3.054674417603877856e+01
2.084268483592278187e+01
3.192136463505898192e+01
2.272273943105965088e+01
2.875799092875399410e+01
3.053612093047359721e+01
1.793959776999929900e+01
1.393306080000346370e+01
2.246437348229073194e+01
2.651474224096053689e+01
3.641579091286406822e+01
3.525807656575224769e+01
3.644444904069388258e+01
2.257734510757840241e+01
2.063374510306349308e+01
1.831387629159038966e+01
2.912677136753714890e+01
1.970812484802272735e+01
2.649962553674338039e+01
2.148324562459611897e+01
2.808004071059664142e+01
3.709532496019988912e+01
1.556326244495038402e+01
3.176419382563112492e+01
1.926077868632590295e+01
3.144725472078569339e+01
2.076890090392378596e+01
3.277200392605911361e+01
1.631780185934505667e+01
2.308852280002798452e+01
2.800163219077375487e+01
2.325115405777529887e+01
2.717785524576625633e+01
3.353405484086005828e+01
1.883998402918075499e+01
3.710898033254189698e+01
3.402275337191750992e+01
2.004010909685283437e+01
3.913877751153442830e+01
3.051023563212199363e+01
1.069041301156723378e+01
3.604909206855726467e+01
1.393524141842220487e+01
1.185925266341864415e+01
3.168007563515429226e+01
2.682953840177519211e+01
1.707619283561897561e+01
3.731303739277966258e+01
3.842626760914227901e+01
3.165626401067263984e+01
2.038389164627230343e+01
2.669429957591887970e+01
1.986460843781311425e+01
3.169930386584260518e+01
2.881949969692060876e+01
2.026937101851602563e+01
2.965378313148782397e+01
3.159195062788550601e+01
5.474200763339192122e+01
2.495932694627157034e+01
3.698456384314862078e+01
1.288335097083482594e+01
3.523556599603828232e+01
2.447265797895726891e+01
5.309494325664134351e+01
2.827176099474741022e+01
4.961652314082326143e+01
2.618444777427176717e+01
2.449005347035478408e+01
2.829638465669181713e+01
3.919843748225606817e+01
2.113921192960664541e+01
1.805609293049337083e+01
2.247159552036891128e+01
3.908351876191970575e+01
3.164801391596762770e+01
2.197518290053560719e+01
