4.894137465609938999e+02
3.696589072075658464e+02
3.808550187986861602e+02
3.913223807080173628e+02
3.787396706244966822e+02
4.418290021839204087e+02
4.703316287915611724e+02
4.017114453516052777e+02
4.034550551887320466e+02
3.800848643174069821e+02
4.445170774882327009e+02
4.822227187527006436e+02
4.476229350542335510e+02
3.919074195567269498e+02
3.787121369584687613e+02
3.897726043114651020e+02
3.997535430479427987e+02
3.843561153862492006e+02
3.901882640271423384e+02
5.260048934355320398e+02
6.122414518766271385e+02
5.472768302070668369e+02
5.043626566005818290e+02
4.357620470893507445e+02
4.355391194532880945e+02
4.418470114505302604e+02
4.279849668093950186e+02
4.646668004835702845e+02
2.499321960829803686e+02
4.906154699442034826e+02
4.227184269633865483e+02
3.862288886668992518e+02
4.422796747108338877e+02
4.110632908539101322e+02
3.670690162884846472e+02
5.120844333830426649e+02
4.155627506174201358e+02
3.646414191901832282e+02
3.811036964277373045e+02
3.920486029647896657e+02
3.910253354438916631e+02
4.513288603470506928e+02
3.446365511877227732e+02
4.260378960876268479e+02
3.805319306482855950e+02
4.160327490637853884e+02
4.907010348153471568e+02
4.478447769933371774e+02
4.192510964611599320e+02
5.084672364310245030e+02
4.104264947726156265e+02
4.504990837972279678e+02
3.825794314399725522e+02
4.059090443071343088e+02
3.753808353356185421e+02
5.330656833691765542e+02
4.015274800066715670e+02
4.747710764175067197e+02
4.014197264010588242e+02
5.072675619318392819e+02
5.457340926835173605e+02
5.805077193678713456e+02
4.541722785832637328e+02
5.198549892157139993e+02
4.031667874523480464e+02
4.084697601220948968e+02
4.219059772282580525e+02
3.615929129687793875e+02
4.200595467694220133e+02
4.521037972900306272e+02
3.742751993001821234e+02
4.200687316004066361e+02
3.785250668622398393e+02
5.847228673850781888e+02
3.484377698506652905e+02
5.393570122223665066e+02
3.825200857994558987e+02
4.357969823547276746e+02
4.221086851930922421e+02
4.131584915561363687e+02
4.768738335259313317e+02
3.751742343073866550e+02
4.887179988408072404e+02
3.910184938597264477e+02
4.265389216697817005e+02
5.039280452689739036e+02
4.715571274060088740e+02
4.588931704362907453e+02
5.072731838643667857e+02
3.810879779188062457e+02
4.395358036459123241e+02
4.224900736508588466e+02
4.008441999572477812e+02
3.972862415585024678e+02
4.381731345059529872e+02
3.896704889059182619e+02
4.686833929764705999e+02
4.316725587169937626e+02
4.092144528209908572e+02
4.773298891010577449e+02
4.198971946737397616e+02
3.900020369251193983e+02
5.146024637499461960e+02
4.583635663542346492e+02
4.451679607300549151e+02
4.149940732786212720e+02
3.738709857692125524e+02
3.739994623586332523e+02
4.229380933569713079e+02
3.603281492394421548e+02
3.739374998721360726e+02
4.669022299649474803e+02
4.662753437283298013e+02
4.057977729274015815e+02
4.520381768831202294e+02
4.273873464683035763e+02
5.001359155893928232e+02
3.689003939511401313e+02
4.162345868670378195e+02
4.683201526670661679e+02
4.487186065953177376e+02
3.513337127552360357e+02
4.436495699741616932e+02
4.696349362063542685e+02
4.168366487549886301e+02
4.346885981563338532e+02
4.273478817051770875e+02
4.024771490581877629e+02
4.355856891734059104e+02
4.047427450523703669e+02
4.827288851021804703e+02
5.309581578787482385e+02
5.801651733524226984e+02
4.051467064403553309e+02
3.996557510681598728e+02
3.340158308015223270e+02
4.632298908311730088e+02
5.090083612247304359e+02
4.571781712939933300e+02
4.420431189217206907e+02
4.256454407442425918e+02
3.588546242520662304e+02
4.903356375461497692e+02
4.554863447299903214e+02
4.226325369871597672e+02
4.544348807495061919e+02
4.305351435415716423e+02
4.329383662928328249e+02
4.562459311612096258e+02
5.116622969668775340e+02
4.934630878639360958e+02
4.297756901570693344e+02
4.336784969502507465e+02
4.366420637778278433e+02
4.474970990101174948e+02
3.406855313087667696e+02
4.882846394019424565e+02
5.265096306351092608e+02
4.290772406451300753e+02
4.767327532428288919e+02
4.033045195560300158e+02
4.850798025971241145e+02
4.351957362588216256e+02
4.061145720791477629e+02
3.638868930171841498e+02
3.242041627219146562e+02
4.046166928521648174e+02
5.080237960612494703e+02
4.941580563919963538e+02
5.084178716410775678e+02
4.776067655357126114e+02
4.755200662502102773e+02
4.998056498187663124e+02
4.613934076432225311e+02
5.404075972559063530e+02
3.614878758164216492e+02
3.112275029136612829e+02
3.743134645388759054e+02
3.849289372911883333e+02
3.960411830024339679e+02
3.695610283730622427e+02
4.197291582936112491e+02
4.619326148790646016e+02
4.553642139229956456e+02
4.271829057931651619e+02
4.509922378187824847e+02
5.209541149914190328e+02
4.525987783547059848e+02
4.644620432894077453e+02
4.370469013659757138e+02
3.859657299720782930e+02
4.502195191175397326e+02
5.356591143694729453e+02
5.076778032966471983e+02
5.130157391325307117e+02
3.961459198118086533e+02
4.209626602178670396e+02
5.175041774969824928e+02
4.791727633771160413e+02
3.956559493394844367e+02
4.072189387700924499e+02
4.852089748747362137e+02
4.936885195630283079e+02
4.795278858832834317e+02
4.910509432248846906e+02
5.168230654582340549e+02
4.053863013942410021e+02
5.367396566436848389e+02
4.250448987265060055e+02
4.303446955128056857e+02
4.419679556579728796e+02
3.333898974981062793e+02
3.738141176522196929e+02
5.107375758057017947e+02
4.412287878953868017e+02
3.758595077114039213e+02
4.800903035968362360e+02
4.235809994645201186e+02
3.665600150737876675e+02
5.068147281863872422e+02
4.142495959593567250e+02
3.503306957888335091e+02
4.234169134558545124e+02
4.357955124833366085e+02
5.101390431580135214e+02
4.914381094165253785e+02
4.264449989397298850e+02
5.192963208080252571e+02
4.034982547194799167e+02
4.017362596422863703e+02
3.844551562745061801e+02
4.061460085609623434e+02
4.108854532847998939e+02
3.808591545844872712e+02
5.009601582620109070e+02
4.869362709441522270e+02
5.391598408303219685e+02
4.988036794884741312e+02
3.587395402094335850e+02
4.447461115429004508e+02
4.400604817167813962e+02
1.713741383184572669e+03
4.381695433226191199e+02
4.874802223923330757e+02
4.726530444707747733e+02
5.155524118781157767e+02
3.422296514051649297e+02
4.177159046733228251e+02
4.486574045972266731e+02
4.654413050326885468e+02
3.866238064269647907e+02
5.189919840285270993e+02
5.091447478271889509e+02
4.447181536504499491e+02
3.945005979111088550e+02
4.194316499690209525e+02
4.320891761079212188e+02
5.999868615123515383e+02
4.355959196283212691e+02
4.102664875420413750e+02
4.090073611330455492e+02
4.994865778454466181e+02
5.504721428015189986e+02
4.581385514251188056e+02
4.947070723770706877e+02
4.554087867412183641e+02
3.993878941494680817e+02
4.204964613022029880e+02
5.329938772748934070e+02
5.200002895852082929e+02
4.602245502113449902e+02
4.643566136462378040e+02
4.222955320920311237e+02
4.606092887525609285e+02
4.340041042156882440e+02
4.468609376609362016e+02
4.111379565827088527e+02
4.018526605654587911e+02
4.144237530871810122e+02
4.862727835349430734e+02
4.753073897415246734e+02
5.934876350253489363e+02
4.532152350311864097e+02
5.063184775858599096e+02
4.370301810837470953e+02
3.816523145382874418e+02
4.230074515997082472e+02
4.590219092323822565e+02
5.848430318816323279e+02
4.602779551149742474e+02
3.824908872132252782e+02
4.475097515165356867e+02
4.399354306009653328e+02
4.028080949394317258e+02
3.982645696954429013e+02
5.000116878724274443e+02
4.582413904155831119e+02
4.467064307612217817e+02
3.989942393306590134e+02
4.101224225672773400e+02
