8.754750861613032384e+02
3.083307387046605072e+03
1.370730752234641386e+03
3.285423350829073570e+03
3.222286743137517988e+03
3.322734709438183017e+03
1.363002559487144026e+03
1.000029584872212354e+03
2.726706817640516874e+03
2.723647849168682569e+03
3.900254266247286523e+03
2.656731197244847408e+03
2.628356043776226670e+03
3.118162293926121492e+03
2.419692087477227687e+03
1.256509964945835918e+03
2.553067547628425473e+03
2.433479958075233299e+03
2.244530636167764897e+03
2.686899055716377006e+03
2.164102971865808740e+03
3.002892566413763689e+03
1.404303770264666582e+03
1.280680552580680796e+03
2.895584782153930973e+03
4.363853420962915152e+03
3.031924034722686883e+03
5.436635330482160498e+03
4.677683595510568011e+03
9.279989394431329401e+02
4.420147662285058686e+03
3.229421224984719629e+03
4.887847626609112012e+03
3.200660337389927918e+03
1.058410737564054898e+03
3.047795222159003970e+03
2.975634663050775089e+03
1.137474821939562389e+03
1.223258545502750621e+03
2.371948725792139612e+03
1.286996056590576018e+03
9.027710885887926224e+02
6.954288575893514235e+02
2.907612451893297930e+03
1.082090958400932323e+03
2.225923768652242870e+03
3.040203944440433133e+03
4.379286093588518270e+03
2.670618333201648966e+03
1.508550559785566520e+03
4.378363999841377336e+03
8.209637679731085882e+02
1.357481021956624545e+03
2.750246267807346612e+03
9.561130446165124113e+02
2.902657071135360184e+03
3.146319360192675504e+03
9.762591859235842549e+02
3.338220932230201015e+03
2.976107635483495415e+03
2.736788079693108557e+03
3.115534234961401125e+03
1.189819056191222671e+03
2.699203233861190256e+03
7.572029534658307739e+02
3.092016200062009830e+03
2.564675034007363593e+03
1.313297721491376478e+03
2.768017517951079299e+03
1.133901778699546867e+03
3.130906361040174943e+03
2.912547140499208126e+03
9.759172434877217484e+02
2.620260541771764565e+03
3.121172660940719652e+03
1.524342325461646624e+03
2.551404961603618631e+03
3.370433504187544713e+03
3.158166499996960283e+03
2.855795683954879223e+03
2.806746199508231712e+03
3.085174439231690940e+03
2.795864419187842486e+03
3.117190939424743192e+03
3.944651854514264414e+03
1.138227636881724948e+03
1.038436967596834165e+03
4.369170246682602738e+03
2.980751842217577632e+03
3.083692947248680866e+03
8.908971913123306194e+02
2.094737036863752564e+03
4.300665028909754255e+03
8.368747867121463742e+02
3.590257723007405275e+03
2.980712750400984078e+03
8.177503390802468175e+02
3.244387074617788130e+03
1.301501053139028954e+03
9.587314407436889496e+02
1.010431570734440470e+03
2.843937934749169472e+03
2.839425075015380116e+03
4.984663533868905688e+03
3.607027730938089462e+03
2.983744200620481024e+03
5.572753788719949625e+03
3.081486143045015979e+03
9.822355537681037276e+02
2.854182890318266345e+03
5.038417791112092345e+03
5.030665922791628873e+03
8.843494069388945036e+02
3.009633674928811160e+03
2.931241265425695474e+03
3.335709164778740615e+03
3.459890131823789034e+03
1.191015037576457871e+03
2.058943215530173802e+03
8.044127350674564241e+02
2.859230806797576861e+03
3.201195977754028263e+03
1.987726013812057772e+03
2.508330850441935581e+03
1.054462575007979694e+03
1.104697572221811470e+03
3.849593430798759528e+03
2.436752310409181973e+03
1.150417049272330360e+03
3.701715869043830480e+03
1.494963781160879989e+03
2.786899342075159893e+03
1.067657299989274406e+03
3.747789744585402332e+03
4.968622320221896189e+03
2.496107576919261192e+03
2.319771392205837856e+03
2.493844024676534445e+03
5.073733776809410301e+03
3.060524546817891860e+03
3.051748479907786987e+03
2.293983047783813618e+03
1.076463837935501488e+03
3.104359891639658599e+03
1.351880082385403057e+03
2.626149609685713131e+03
3.240912102711831722e+03
2.495519056043268392e+03
5.287610609362558534e+03
2.740500225753064569e+03
2.634959644038462102e+03
2.992050581650857566e+03
2.871357847200069955e+03
1.234518142209698908e+03
2.458052049357619126e+03
2.262427895663262007e+03
8.830428982411723382e+02
4.965934430111199617e+03
3.442630034178700043e+03
2.487942535503233103e+03
3.406757896014749804e+03
5.085699346882010104e+03
1.164630663517803669e+03
4.965108428345486573e+03
9.064397781531283727e+02
2.102719264784444476e+03
1.375053830680194096e+03
1.374119769581470791e+03
2.802759874038404632e+03
1.016571234180416809e+03
4.846095911172734304e+03
1.304755796157719487e+03
8.599828921412288310e+02
2.885686081393696895e+03
2.872462188694811630e+03
1.156732671210630997e+03
2.856346863054028745e+03
3.078689491545409055e+03
2.218256831235433765e+03
2.885994039812356277e+03
4.645420889515313320e+03
1.080678736135283998e+03
1.174210980300271331e+03
2.294117926107022868e+03
2.483732617729347112e+03
2.537761807555839823e+03
4.978377017943050305e+03
2.311628158658573284e+03
1.409153162677180262e+03
3.044904043601147805e+03
3.384980009012223945e+03
4.632739993464000690e+03
5.130995547482209076e+03
2.685196528530039359e+03
4.423192838556751667e+03
2.898544653020354417e+03
2.738225012711337513e+03
4.950331582456213255e+03
3.016046341402349299e+03
1.969202253014761936e+03
1.573074610011293089e+03
2.697069239518938048e+03
2.773299702555955264e+03
2.754227550544629594e+03
3.182164143070061982e+03
2.794902448929960883e+03
5.229129775922515364e+03
2.530083957141485371e+03
2.628707192927026881e+03
2.992201054387812292e+03
1.080445079901423469e+03
2.298062470069467963e+03
9.090522772211735401e+02
2.642891930261754624e+03
2.738094111048495051e+03
1.365060858562904059e+03
1.580508141114306227e+03
3.020121260431631072e+03
2.890556463732785232e+03
4.563246846307162741e+03
4.290675356519951492e+03
2.663018945930572954e+03
2.102584568749735809e+03
1.077499573015225451e+03
4.344463087567770344e+03
1.277615443106749808e+03
3.292659511005948843e+03
3.378636632028818440e+03
9.135802985947912020e+02
3.254772137292899515e+03
1.089475366644545602e+03
8.920426163907605996e+02
1.646206861343972832e+03
1.337136980890706354e+03
1.427544885984666735e+03
3.578493946286113896e+03
1.164738653837084485e+03
3.130344979022291227e+03
1.199395482228370383e+03
2.130244594435946965e+03
2.507336253845070587e+03
1.071827679942021632e+03
1.107797503215123925e+03
2.977078774361890737e+03
2.952163072079828453e+03
2.135909809388841495e+03
1.098488530540466400e+03
2.946491046908563931e+03
2.358513726313532516e+03
1.414885224908364307e+03
4.508102216141731333e+03
8.889773675319106587e+02
3.167345257454870080e+03
1.440767488092614485e+03
2.933476185539318521e+03
2.950550769654146734e+03
1.258346032961410174e+03
2.720859557671126367e+03
3.395731939011806844e+03
2.534905310665469187e+03
1.098743236329352158e+03
1.258478374664195371e+03
1.085642819553532263e+03
2.742897734552103884e+03
2.773334204370300540e+03
1.047157731471229908e+03
1.931501982458170914e+03
1.326640813485135823e+03
2.490935426587031088e+03
1.540749361918896284e+03
1.080919294262060248e+03
2.738812452859215227e+03
2.940425408326911565e+03
2.848433874643030322e+03
3.255008109915351270e+03
3.008418610485407953e+03
3.204684765416217488e+03
3.004008992005449727e+03
2.996869590502351457e+03
1.163406323028920951e+03
2.710638512425206500e+03
3.123944185839140573e+03
5.200984718827040524e+03
2.975589740897545198e+03
9.300538045456403324e+02
2.563709036972340982e+03
1.046281604754514092e+03
2.352542755201754062e+03
3.061602444331065726e+03
9.950451163749883108e+02
4.129899260419294478e+03
1.635468130348823252e+03
3.252419719748044827e+03
3.730305057402602870e+03
1.240215669434920073e+03
2.416260899979129590e+03
1.098647029499238215e+03
4.559706335955266695e+03
3.014733577083613909e+03
1.475850551967905176e+03
