2.377167050165352080e+01
3.274378769374204268e+01
1.948285550391825538e+01
2.355692755156419693e+01
2.478162790601453835e+01
2.873174243568578135e+01
1.471726323282267934e+01
3.006208139953282199e+01
2.064808142718062811e+01
2.187513407414326139e+01
4.020220185113803524e+01
2.437534726777417760e+01
3.192927336296604679e+01
2.165306942091472564e+01
3.054512069505642557e+01
1.821925399399668422e+01
1.208255816745273847e+01
3.811463161986430492e+01
4.654598572650518662e+01
3.478433450853678011e+01
1.431677086182224024e+01
1.841904306636082111e+01
3.939588901606047244e+01
3.039553627707383043e+01
2.590756699408108332e+01
3.416812304200781369e+01
1.805507551346666162e+01
2.995631976336781221e+01
1.989225003567036865e+01
2.509978435128523699e+01
2.196353549471944788e+01
2.786901162924078434e+01
1.210306759506569385e+01
4.178559301690849992e+01
5.454257339024898243e+01
3.573697751808485634e+01
2.007129654361231630e+01
3.842823227520896978e+01
2.031705258831373229e+01
4.402879216712953081e+01
5.276894326158991078e+01
3.152845388862550635e+01
3.466689787542382817e+01
3.484574504005922790e+01
2.943053747765499395e+01
9.954252247380988905e+00
2.091408632279965119e+01
1.787521554205394736e+01
3.631342790042280910e+01
2.634037972810426709e+01
3.132616938306207999e+01
2.409475819444052647e+01
4.398565973828478803e+01
4.685083317867162123e+01
2.539053117449050490e+01
2.700130945938403570e+01
3.339015205369897643e+01
3.289256332701477703e+01
2.383346260221373925e+01
4.211239023070711340e+01
3.309826810162857669e+01
6.744201323092779887e+01
4.143756822944173734e+01
3.170134549885484176e+01
1.473390448066055392e+01
3.077465512712741003e+01
1.737668786834012025e+01
5.878275346896355558e+01
2.580980534260108783e+01
3.183607868255684892e+01
3.654046377713177662e+01
4.950678245870616934e+01
2.390393138279219087e+01
3.728203032699114061e+01
1.363981996847216394e+01
3.450381942778697208e+01
4.195428837963583391e+01
1.673819426251046139e+01
4.566483062945084015e+01
5.675239176168523159e+01
1.905355041913526648e+01
1.581472079826907873e+01
3.518593181950280524e+01
2.799047510447418219e+01
3.469413866032584082e+01
1.660191175877233150e+01
1.382585493430810253e+01
2.056407506667300211e+01
3.918972209394880224e+01
4.237781339557750471e+01
1.961845382390502124e+01
3.632856303105211992e+01
4.189382406321939101e+01
5.746386534455594841e+01
3.620886503468136652e+01
2.526148454207027427e+01
4.873885198112241568e+01
2.857366842233509274e+01
2.502156649358962781e+01
4.908083430005036263e+01
1.584718877955667615e+01
3.440695258169055393e+01
4.651539163624274664e+01
1.727197455490956557e+01
1.398742146374893913e+01
2.221700355477295119e+01
3.649790645578192994e+01
1.766260097587001354e+01
2.698993077090127812e+01
2.721937684764229815e+01
2.151250003181410975e+01
3.433910512191773279e+01
2.557184223469889517e+01
2.410211911304017462e+01
2.181200670171916300e+01
3.808834607864766753e+01
3.828911898494432364e+01
2.164141401324010516e+01
3.393640376141231485e+01
5.218884754708098939e+01
3.818844541537490045e+01
3.164036041919258579e+01
3.556396628164563367e+01
1.397612687260512665e+01
2.416998406002512567e+01
1.185477461731016433e+02
4.440269651796321426e+01
4.800592060496892088e+01
3.020790351101573279e+01
1.779975281451961422e+01
3.176826115485338775e+01
2.327954585820192079e+01
2.217618549662910965e+01
2.601521230841014187e+01
2.874477486271818094e+01
1.626792035642880307e+01
2.006549613537802657e+01
2.969681130792517010e+01
2.823257205095795186e+01
2.701482226449069657e+01
3.626753847588488355e+01
2.151221359735885486e+01
3.228222233235042182e+01
5.457778759243841904e+01
5.063078160142608652e+01
3.764704657314092628e+01
3.668785950397509055e+01
2.271632307347023527e+01
2.870235584114564276e+01
1.961474661718873946e+01
1.943950366283273823e+01
3.227160183402970262e+01
3.219527563921364788e+01
1.758778901811665207e+01
1.424084242275235468e+01
2.686273508377478336e+01
4.331442949330956083e+01
1.317164270776070545e+01
2.786436437474058181e+01
2.416228357359163681e+01
1.988280785936602868e+01
2.239151912459448468e+01
2.367356309599623287e+01
4.074878818090032695e+01
2.900003890526661010e+01
6.074486349375427352e+01
3.073078892720673849e+01
2.210325179032667009e+01
5.703894482215316231e+01
4.100954246972748507e+01
3.026422781745167256e+01
2.631953338999957026e+01
2.255216226411332414e+01
2.565895521176718930e+01
3.613242958551465023e+01
2.756073509386620657e+01
1.888631071111279525e+01
3.014935625807119379e+01
4.676472932793031845e+01
4.042254079468757055e+01
3.809054571809337375e+01
4.088964331983628853e+01
3.608885912575921395e+01
2.837458689485646346e+01
1.835142739142700563e+01
2.409555827835056263e+01
2.487424603160768655e+01
1.936058276820460478e+01
2.301051589179146717e+01
3.736585335354293136e+01
2.499263053711154470e+01
3.597060388729573788e+01
2.753439455006385472e+01
4.390313103080487167e+01
3.113488332070209808e+01
2.813359171909170442e+01
3.254520350831099051e+01
3.538647312981714776e+01
1.853426898052769900e+01
2.417882671894311386e+01
2.012649169022611417e+01
1.434382672400736780e+01
5.866169837850539359e+00
4.446196394271826335e+01
4.112122013935766773e+01
4.550514603906126609e+01
1.261931461292755507e+01
1.872746145698902964e+01
3.000110841608203316e+01
5.341584407710829652e+01
4.271044719248149590e+01
3.382495496539640811e+01
1.549767023829881474e+01
3.361206105409338818e+01
2.698260910255243061e+01
1.543182407551211455e+01
2.159618415207865283e+01
4.293709400059456271e+01
2.351659262053176747e+01
3.245751586961117141e+01
1.696210297934486988e+01
3.812341210181443074e+01
5.275621929177168568e+01
1.771053801392827864e+01
2.781897250098568364e+01
4.326296720719223288e+01
2.099308219867411651e+01
2.706541325045614954e+01
4.599726533432455255e+01
1.572711359496985040e+01
1.324749689227889604e+01
2.174228601125363980e+01
2.623767365240895799e+01
2.977640305527751252e+01
3.317437703242529068e+01
2.242139856777696494e+01
1.808940837052372785e+01
4.569943504198474926e+01
2.527015527531724004e+01
2.994220919695795402e+01
2.731248715194284316e+01
1.944178100850779600e+01
1.898231746199216019e+01
2.789930549855741759e+01
2.277928208586605763e+01
3.651325641661568966e+01
2.784499770846236899e+01
1.891815403530837258e+01
1.591307303671924878e+01
2.504864009053948593e+01
3.761260952741312735e+01
3.961515320084320280e+01
2.244563976544094430e+01
1.669436113800351862e+01
3.218424954769371737e+01
1.552571350062305022e+01
2.547071957091096905e+01
6.530982385640621146e+01
1.436476380300940825e+01
2.646110651224860888e+01
7.547016161887508190e+01
4.563349568424212066e+01
4.348532444436138888e+01
3.763795283223247168e+01
1.930883180928802645e+01
2.097566342120549621e+01
2.551274301224851726e+01
1.992295795763115862e+01
2.498943687040246076e+01
2.178962659684597725e+01
5.023523097905044921e+01
1.915263951245840346e+01
3.074743469832025866e+01
2.471839509467294604e+01
2.302828768844665674e+01
1.587223129788981346e+01
2.551438256473774402e+01
4.761490009455002337e+01
2.438256065337900580e+01
2.540484576666626282e+01
5.569810147754341756e+01
4.096290046548626407e+01
3.604117313774497688e+01
1.907295021461464657e+01
2.339836473731441302e+01
3.021191960196317439e+01
2.835874506693494723e+01
3.420417439327521691e+01
3.211421681788689853e+01
1.825796363947455703e+01
2.633526574084034877e+01
2.328120551174565378e+01
2.444482976133906504e+01
1.819868457128801964e+01
2.680941419589425934e+01
5.179982181081717840e+01
9.891946504890658076e+00
2.118886357390283592e+01
3.606563721754491070e+01
3.345576563134336823e+01
