2.133258443939735827e+01
1.190630225474561676e+01
1.988063004667811029e+01
1.801597326162143275e+01
6.931226681216870134e+00
2.863310369269280642e+01
1.515112963327793771e+01
2.763060882948822794e+01
1.437574571160690162e+01
9.321126689182158032e+00
8.917035228083856069e+00
1.867692292476237981e+01
1.518630792057623502e+01
1.648416470988491866e+01
3.334657077037802253e+01
2.521069059292192804e+01
1.189786940966852491e+01
3.469241712506070030e+01
1.195641660902855463e+01
2.197351879049639933e+01
2.030724606119693476e+01
1.417355545584397625e+01
1.889676888568403612e+01
1.337894178803465373e+01
2.366457507906925883e+01
1.288129318416826763e+01
3.099498024954855779e+01
1.466676668219915669e+01
4.072508141803102610e+00
2.138960275362157404e+01
1.646641158864067478e+01
1.609195662295699236e+01
2.059584160492689620e+01
2.363056073764032305e+01
8.297321307177684346e+00
1.295368408484303657e+01
1.899345758559998742e+01
2.089221003608284377e+01
8.911568124188006479e+00
1.500397091056857057e+01
9.165348564475891635e+00
2.011105068663314910e+01
2.436753962656093364e+01
2.644817563026479945e+01
1.365088837306960912e+01
2.004439775566018511e+01
1.462363619560437478e+01
6.359069865682157818e+00
1.846979289584211514e+01
1.857336134563383823e+01
1.237091634115302519e+01
1.343735008430429332e+02
1.488991111421252356e+01
1.692750484730644800e+01
2.293851213354265539e+01
2.523050853261647930e+01
2.795354422555811169e+01
1.971961976227812485e+01
1.336237320490171143e+01
2.891496740092488693e+01
2.132407553586686078e+01
7.096281960533970867e+00
3.666782794404713997e+01
1.611438976792210553e+01
3.325756855408636525e+00
2.028629275312472302e+01
1.650997727222871703e+01
1.808666519775208315e+01
5.929349822163911377e+00
1.413377142678550769e+01
2.087069866831368259e+01
2.311301983484009170e+01
1.144471612620007051e+01
1.818712877702451181e+01
1.282242598852422155e+01
2.601468275815481945e+01
1.976636900481740966e+01
1.698428826643433709e+01
1.029729300585622909e+01
2.108846945924172189e+01
1.470373488745838131e+01
2.289239729701460391e+01
5.916920708012519903e+00
7.044749054709900093e+00
1.871665115271185442e+01
1.767739171344252824e+01
1.313807262903084450e+01
1.721217663874222836e+01
1.928921505963009153e+01
1.193379979160324211e+01
7.368237024633428334e+00
1.019401104239730316e+01
1.833284876515587314e+01
1.890823951619680798e+01
2.818306369620040996e+01
1.917682664650109103e+01
1.785908466419558138e+01
1.226031274354559741e+01
9.092811676589183989e+00
1.107365206639756572e+01
1.365322508016486225e+01
1.555607359600944584e+01
2.038894782037774789e+01
1.972551452741648603e+01
2.127728745453621073e+01
1.683492916517475280e+01
2.744231290204175266e+01
3.965639103676967636e+01
1.862329701605645838e+01
2.166349871821261885e+01
1.666657871458772888e+01
1.906991972825275994e+01
1.538793907059692678e+01
1.138763876647256446e+01
2.733916326346754389e+01
4.154961228294672182e+00
1.776389193845974646e+01
4.432902585832762199e+00
2.097243211416090247e+01
1.857441880522029365e+01
3.382645975326847321e+01
9.124699750299887668e+00
1.973777162482932823e+01
4.944754946692157205e+00
2.904229089789750162e+01
1.902924149485583527e+01
9.960574518200719041e+00
1.189052646144070557e+01
1.914174936403298233e+01
1.190178745651561165e+01
1.528318055777808837e+01
9.466519886103922587e+00
3.224216615636122185e+01
2.915229174024245040e+01
9.515214028409038960e+00
1.246350483456961200e+01
1.578733750468074781e+01
2.578341186119484263e+01
1.673231351123365584e+01
1.145391234800632141e+01
5.310391970362516645e+00
1.191251602783748709e+01
3.417551171641907359e+01
1.381675418320717696e+01
2.315581340428732560e+01
2.766056132651595689e+01
1.019420558113983510e+01
1.767804714897766871e+01
1.147382392782396288e+01
1.701241407094842728e+01
1.280193375586804549e+01
1.557416967270597397e+01
2.235705006230131886e+01
2.102096509608871600e+01
1.350649944351138032e+01
2.397814882747000098e+01
1.429445090052774603e+01
9.495682967564690102e+00
2.043162110694068900e+01
3.054771549916330997e+01
1.110153934878901616e+01
1.401647870825745557e+01
2.590526139156824925e+01
9.239550285923412432e+00
5.542219045458206317e+00
2.014401185728844013e+01
6.593388334906704173e+00
2.924333308905958972e+01
1.142203083493217548e+02
3.769802658517195315e+00
1.132615005389950014e+01
1.447295382162370458e+01
1.557551132316176101e+01
3.117640247820788701e+01
5.103264464014612756e+00
1.366723425477736242e+01
9.676568371538781577e+00
2.536918357831539694e+01
1.632468899259177064e+01
1.376742692882123720e+01
2.308568866718243839e+01
1.026026954385316259e+01
1.157619037232841919e+01
1.886487865842039824e+01
1.966692760466618140e+01
1.735250140298647281e+01
1.778310737790247487e+01
1.749219276151857727e+01
2.302659986528939129e+01
1.374880048567182200e+01
2.062353267600762052e+01
2.885642933686246892e+01
1.885002657256574921e+01
2.241871403968190535e+01
2.140176638344653526e+01
2.366146602170536895e+01
1.960294396108920623e+01
1.594614176561082530e+01
7.021966123757902523e+00
1.860001965699965965e+01
2.662137665206097736e+01
1.186488652732526994e+01
1.198481073537786479e+01
1.697741919000699795e+01
1.219405149643696085e+01
1.213933389335618607e+01
3.532471176673197277e+01
1.024525726335421894e+01
1.717062700403457143e+01
5.397106497356698895e+00
1.874450427870563374e+01
2.390324924462935030e+01
2.068691287500764631e+01
2.035082686297344168e+01
1.561824359663106421e+01
1.735715688919838229e+01
9.009384122338104817e+00
3.367654995586953959e+01
1.405011424613493176e+01
1.701733556767175060e+01
3.951167552446867148e+01
2.299211835620920041e+01
1.065188091008668891e+01
1.701302306127917774e+01
1.521530381924278608e+01
8.356905795706566664e+00
2.231732846575770068e+01
3.121610181926095251e+01
1.414296193098654442e+01
7.813078807602112263e+00
1.539387924384081963e+01
4.138364778365486885e+00
2.721471852957390780e+01
1.661201551887564065e+01
1.653656990817496109e+01
1.518764307179636219e+01
1.358712481041378339e+01
1.564959642780634752e+01
8.926215893739874119e+00
2.556542794347247849e+01
1.763379458139438327e+01
2.054740822105085485e+01
2.319927166710659350e+01
1.629339723984400834e+01
2.715242988564793691e+01
2.936589219811607876e+01
2.098846438134943782e+01
1.695961908797199058e+01
1.635922067665719126e+01
1.854479736872379902e+01
1.525848550245991930e+01
8.496930326964852398e+00
1.505071259970888597e+01
1.849219896709875499e+01
1.885819002207205841e+01
3.234581904515187034e+01
3.539895934956822643e+00
3.219075538647642531e+01
6.188321221825041185e+00
1.069954073411806128e+01
1.803202146553304175e+01
1.395190828302227004e+01
2.750326568275027057e+02
1.559590022257839692e+01
1.316818175819916448e+01
8.461449457871097479e+00
1.249700097292372547e+01
1.730614840640274110e+01
9.477197248535498275e+00
1.355140876648753867e+01
1.322456610457047610e+01
2.206096911510651282e+01
3.040879543930178031e+01
5.514455081846527662e+00
2.329246738382625281e+01
2.390112962669418906e+01
1.359127787155704681e+01
9.471530167540606726e+00
9.125773994461219729e+00
1.579389371079775906e+01
1.192776177733417420e+01
2.896325744763091947e+01
1.418986276759759946e+01
1.940556672770381041e+01
6.901485174557820734e+00
1.776351579767739608e+01
2.955352109559913032e+01
1.195168759490070087e+01
2.325290030552383058e+01
1.855490743591120051e+01
1.473286747941975960e+01
2.081541431469598535e+01
1.100449230978473381e+01
3.443309733796944272e+01
1.341727070750582662e+01
1.870782879511746088e+01
1.098450370293956446e+01
1.016666160884496506e+01
1.380005181974287787e+01
2.251202283557699246e+01
