9.968037691756251206e+00
1.258993842951045039e+01
1.152594533594522730e+01
9.554546995457826597e+00
7.853019296346389844e+00
2.795978028186312869e+01
7.375101347373828276e+00
7.219425196465313554e+00
1.134548048885455351e+01
4.870514282601484446e+00
8.423828000153381623e+00
4.595333506995375572e+00
1.093102375116861680e+01
3.984164248142342490e+00
8.358796726055343740e+00
1.846603949957735580e+01
6.949940929851069704e+00
5.606014376758483131e+00
6.978444589170854861e+00
6.320184616143609269e+00
6.740135048927015760e+00
8.122697461216242587e+00
1.014019640388247190e+01
3.473037740302293841e+00
1.355495294842325649e+01
1.252558811758160751e+01
9.052455964164559887e+00
7.510706171852748803e+00
1.158707245544519715e+01
1.828828935133312683e+01
4.920100285007594110e+00
2.342868609030130145e+01
1.618039654333089672e+01
1.122972405463618983e+01
3.727623580110230428e+00
7.262960329015184513e+00
2.017273571702817136e+01
6.032432518477121697e+00
8.305577343459232154e+00
1.027620139699669899e+01
8.319965600021044239e+00
1.662953067564630771e+01
8.423414696065384177e+00
9.667545211044966891e+00
1.763043913570901822e+01
5.170214079198512280e+00
1.710354943656077964e+01
1.226415068241740336e+01
7.219970751557308830e+00
6.483707986267771339e+00
6.045331065139571969e+00
4.681839999725815993e+00
8.705826067823510428e+00
4.275321513658287387e+00
1.097125308070756944e+01
5.862585055019417624e+00
1.566848988754684591e+01
6.253681522856076036e+00
5.111905255721428176e+00
7.462156274466862804e+00
7.728819713470556962e+00
9.215942108091633500e+00
1.116763777109754940e+01
8.610264033249158899e+00
1.274386649323848175e+01
9.881657691844544900e+00
8.318738111517584244e+00
6.067128148313129188e+00
5.919046236427675467e+00
6.747240556402053002e+00
3.194866720850590980e+00
8.634494218498746321e+00
3.930313001669949013e+00
1.031722919219812340e+01
8.314438544128433861e+00
8.677980459232365718e+00
3.612059775344952151e+00
5.465359910786352415e+00
7.771964918812979128e+00
1.830852011661099255e+01
1.371974364680981395e+01
8.433214303867611505e+00
7.410757634283403839e+00
1.032720414216286109e+01
8.416792804267615224e+00
1.005054553098950443e+01
4.418884906976656701e+00
1.083586324158057401e+01
8.448257279843810252e+00
3.307260417301461253e+00
3.138012300973372692e+00
1.062082953252483719e+01
9.734500988774033914e+00
8.899730020610487458e+00
2.196975884326500505e+01
8.071955641528745673e+00
1.066287720348223012e+01
6.639981989388881622e+00
7.647991042193847733e+00
4.358869637560452759e+00
5.807273328516268762e+00
9.756840674349762210e+00
1.008696438099416248e+01
5.895872282170779854e+00
1.439136255088346239e+01
2.462879536090223453e+01
9.740972958648935531e+00
2.414684131317879068e+00
8.281805538372699615e+00
9.649364315158305061e+00
1.534354352079962247e+01
2.220545786165696533e+00
8.310016848182241844e+00
2.322404622335943714e+01
4.337768212841593751e+00
1.301916687827280228e+01
1.323229270268330815e+01
7.918312397664433178e+00
1.230169406230178986e+01
8.212914941026001614e+00
1.228586503802087471e+01
7.299475152011399182e+00
1.389520652260939215e+01
1.368578276711986508e+00
4.105323241736058115e+00
1.080258933124294529e+01
4.727233279118313369e+00
2.243385691828170536e+01
2.521192531058373376e+00
5.593142304379733254e+00
4.356071308240193396e+00
1.473427911574550464e+01
7.826964647943792208e+00
5.076489634334055978e+00
5.041144901592449656e+00
1.376113511218732555e+01
2.003871440356917688e+01
9.523960360241222389e+00
8.797444889002042245e+00
4.576474942697218218e+00
7.971459382713613984e+00
9.911895756451501782e+00
8.919436508330450764e+00
1.040356920813551511e+01
6.500754968164797809e+00
6.062659618801103711e+00
1.426006518089374353e+01
4.590128107766136445e+00
1.587700852027927390e+01
4.095272989068742930e+00
1.775836947100738028e+00
7.950925693801360161e+00
6.319640118533560447e+00
6.109347889369276530e+00
1.060285571707528085e+01
1.023558766881701310e+01
1.295106952520436039e+01
8.168650492691614806e-01
1.046271689682019179e+01
3.504597860097292017e+00
1.050809671235079001e+01
6.367759913499410729e+00
1.288634420928226554e+01
1.260081928879930047e+01
1.775666290633788336e+01
4.377675885058107674e+00
9.026765837062955100e+00
4.953309844411639773e+01
1.023567828842942440e+01
5.532474332125494776e+00
5.568823936099249750e+00
1.479063914722908990e+01
8.479108932594282777e+00
9.566951371429817996e+00
2.622062151839565924e+00
7.755898784471405349e+00
3.066781871873203613e+00
9.127774156586784926e+00
4.821419217607229690e+00
8.598288298728878232e+00
1.310585143942403619e+01
9.820469129096553118e+00
7.989367845201908125e+00
1.081997421421719530e+01
2.284018945346593199e+01
1.210400777138853634e+01
8.739166267605449789e+00
9.516194284399050574e+00
1.463167873050306866e+01
8.257666806532046877e+00
5.648705755488776070e+00
1.265042694221446595e+01
7.967324866286960905e+00
4.812555001527177190e+00
6.053248897139142493e+00
5.264681961813343136e+00
5.099094547266568966e+00
4.645470912887942561e+00
3.984538611956791598e+00
1.188462659835813007e+01
4.066339573036029442e+00
9.173920906715840928e+00
6.043948113641471664e+00
4.004377405342433249e+00
6.641112665790613434e+00
6.471306156084867034e+00
1.486851029168287042e+01
8.116254022854809236e+00
1.110607319886165634e+01
8.179404338083411830e+00
1.974519904624932654e+00
5.750782592693238549e+00
1.156781736116385062e+01
5.987602382259259670e+00
1.563617786287463574e+01
1.546963930690272981e+01
6.069071476713726376e+00
7.592899359959710104e+00
8.392316679802309665e+00
8.952826024761218804e+00
8.178069787271301294e+00
1.183448754116462354e+01
2.611390172786625996e+00
5.811907963717527714e+00
6.558721505205951985e+00
1.517356758230545744e+01
8.680976325283694450e+00
3.806288628180151790e+00
6.615746404400305813e+00
8.315105310252645765e+00
1.377045205836848041e+01
4.187559063998778974e+00
1.255335879281003919e+01
5.011028025682127129e+00
7.780284113679363678e+00
1.072413071880067292e+01
6.190774345746959284e+00
7.801975376314621791e+00
3.219424735118834313e+00
1.160001528264594661e+01
4.751298377570297049e+00
8.448238400347856114e+00
1.453187235280479506e+01
2.418636812469343766e+01
7.456121255882909971e+00
7.452488949204981949e+00
2.160325639908590389e+01
1.286853463633431893e+01
1.032694045116255488e+01
8.986545555284852327e+00
9.709051458779208943e+00
7.175290432264657348e+00
9.915408441337941525e+00
1.087453580104774709e+01
1.446690255016771154e+01
8.512307910692916479e+00
6.186432465190688568e+00
1.883807860925048772e+01
1.438523883561658856e+01
9.574699648634558358e+00
9.799363942891579526e+00
7.056098265145984705e+00
9.194380070958834139e+00
4.693510510433654304e+00
1.616856864462661747e+01
7.874874642768844524e+00
1.236147088719422804e+01
3.975933250004241692e+00
6.608025004281308235e+00
1.037485877827192482e+01
9.445205402295258068e+00
1.558527635819990209e+01
9.970629973100145094e+00
1.151022511257418834e+01
7.350680504710748409e+00
8.873563633996196742e+00
3.640199007021515776e+00
4.654403470787675801e+00
1.085137752219792695e+01
9.541129135467938838e+00
6.604815994206469476e+00
6.956623784947709943e+00
7.822026849186718422e+00
1.656234637275018295e+00
1.057808107307996259e+01
6.998166790850504526e+00
1.095606606853799647e+01
9.245138833549026103e+00
5.042489346587701426e+00
7.680700658571356421e+00
6.257334689361103841e+01
1.041789547187528164e+01
5.352860568545504627e+00
1.554577315969070384e+01
7.857059945031537040e+00
9.111910713109384830e+00
8.859735526199070677e+00
7.404630590515153266e+00
8.199030928562741849e+00
7.198678233617780364e+00
8.576159545451853106e+00
8.851730254071368265e+00
3.823532296950193921e+00
3.779929061923275047e+00
9.836455404951168546e+00
1.205593445332306146e+01
6.822894415555198044e+00
6.177324015392716916e+00
1.092430913995978514e+01
1.124708509819150670e+01
5.939529884597712694e+00
8.565528889834995496e+00
6.059170108241786146e+00
1.570271791251582982e+01
8.994867154112712981e+00
9.133309947379553151e+00
9.520168132100458536e+00
9.879874048314794877e+00
8.161570996703600755e+00
8.211980515812966175e+00
5.076277291075077081e+00
9.686316015470991303e+00
8.549072900608434722e+00
5.403550215215522812e+00
6.464852480996476025e+00
6.250401459602120013e+00
4.268345611039791265e+00
6.132969758173675068e+00
3.770036745979084003e+00
2.273261897561557987e+01
1.101444051491389864e+01
8.064571277060561982e+00
4.216415822433639882e+00
7.557415455132045601e+00
9.606970130261567320e+00
1.222818476648301811e+01
8.870963131953788050e+00
9.920984227713379511e+00
6.704246305959018493e+00
1.352771169526383055e+01
8.789390914414541456e+00
1.115285694429409169e+01
1.458921254530856437e+01
6.503902052406929535e+00
4.634287308466586097e+00
5.529033999666020271e+00
1.225851528388506217e+01
5.581499156916283511e+00
6.464364051933692679e+00
2.227915559038186899e+01
2.221038604287498330e+01
3.701563234900663968e+00
6.260128416890757386e+00
7.463216045625910233e+00
8.886427338080974181e+00
1.526526363074904147e+01
1.227428487271190427e+01
8.172260148917910527e+00
6.736064757649261381e+00
5.286862269386947588e+00
6.391976241769970812e+00
1.045913888951016268e+01
5.267563848037338126e+00
4.097472646072502833e+00
7.554466982143723364e+00
2.686121418327876764e+00
6.593546205326278553e+00
2.094410253126005372e+01
8.915498102436256289e+00
1.232265019511746829e+01
1.547327191807203128e+01
8.328649250768282997e+00
2.850986045422074966e+01
8.053530621808782541e+00
4.916782854478958242e+00
8.620459486379401071e+00
7.119489498693121199e+00
1.589835598310403242e+01
4.716720495512611855e+00
6.204141687765887703e+00
1.910598740008396801e+00
6.918094318033658041e+00
1.324088794390818258e+01
8.065650496446972184e+00
8.040850085917044865e+00
6.484278131199598505e+00
3.454239558536933874e+00
7.942133123624781632e+00
7.946746158913178704e+00
1.538839792284657371e+01
7.428848906709833777e+00
7.739398848966958511e+00
8.069759688333364878e+00
1.523366370594105668e+01
1.909069269748320963e+01
5.226191940975449590e+00
1.233979349177949736e+01
5.544569432436101231e+00
1.275748039919639965e+01
1.112112903540045927e+01
1.467995883762339915e+01
9.993448304130685855e+00
5.620829833231240080e+00
7.713321264491829865e+00
3.945808628823379127e+00
7.396820490267178805e+00
9.260736133363179690e+00
9.378058345284099317e+00
1.167531198117516844e+01
1.387178335638741444e+01
7.617499391105756246e+00
1.888413323406410527e+01
1.330054449198247823e+01
2.197001342081427566e+01
8.988862205176202380e+00
1.057343256641322782e+01
1.323193880346327411e+01
1.054524723945375797e+01
1.171165490346227145e+01
5.917282090039403641e+00
8.971885413069216497e+00
1.137714424062918894e+01
7.591433519993494805e+00
5.135446057753117799e+00
7.196185424387543605e+00
1.016688837368701215e+01
6.026053328621276073e+00
3.294375337354295397e+01
2.016455382938044139e+01
1.397782592114657518e+01
8.097081995685392997e+00
1.433633432956915144e+01
7.242304840858663439e+00
1.041669247849304192e+01
9.352627826126971300e+00
7.960079652046118781e+00
5.274323138767161190e+00
8.163413340664666507e+00
1.245634817342961043e+01
1.109315623030441067e+01
1.077191579963047907e+01
1.141986323218803356e+01
8.836006444543645699e+00
1.349530704317428054e+01
7.619384707829469860e+00
7.797377183017064617e+00
8.560015287380785765e+00
7.718233858184375684e+00
6.818123092143543396e+00
1.234941663133534284e+01
1.026782345165894306e+01
4.123166264861935382e+00
1.156712301273576848e+01
9.970168082112801144e+00
3.061429490436302192e+00
1.526659259802554303e+01
1.548548919958997239e+01
1.421177946984060725e+01
1.839230185248357907e+00
1.098727246895747278e+01
1.226720982043541852e+01
7.016300729081676124e+00
1.130495078499536099e+01
5.530052801042927513e+00
1.024986549222000676e+01
1.424073689413217103e+01
3.093711072859532507e+00
6.703414082740444258e+00
5.419271997479751413e+00
6.962382978069942219e+00
6.869067445064977129e+00
1.009944148535296726e+01
9.155144990836300067e+00
4.340946833953082340e+00
3.223534070942185359e+00
5.762644553810232217e+00
5.296267589262022568e+00
7.954539115279881223e+00
1.600000308810740890e+01
1.314715427519815982e+01
6.224987434920704388e+00
1.392157260362728088e+01
1.158456720196484113e+01
1.169380470234557379e+01
1.442080472426613547e+01
1.408981477764827517e+01
1.420576333395719004e+01
3.711695970215275864e+00
8.593532673525952958e+00
6.115659621714350180e+00
7.057550188798892066e+00
6.842345703722185313e+00
5.720383617722150760e+00
6.232193245469157539e+00
6.932718204399086481e+00
4.815987575792488151e+00
4.845113605399980372e+00
2.928292495656559691e+00
6.664466219254189916e+00
1.324482002983479667e+01
