8.319719153773375453e+00
1.342842515261174796e+01
9.124489843923335286e+00
9.367043341816094326e+00
1.036458116933718010e+01
1.068755666996278286e+01
1.561804492699617697e+01
1.180722255312769065e+01
8.661952744126613979e+00
5.944577575501165612e+00
1.423657254038326769e+01
7.097549610175621915e+00
7.390741640716753658e+00
4.986861159193145987e+00
4.655822237081244097e+00
5.381711878310599495e+00
1.538648863562281477e+01
6.910626964053312449e+00
1.125293555835120785e+01
6.396587195344030974e+00
5.654538012480534448e+00
7.348046564966065120e+00
1.404523328483644740e+01
1.319975042591013015e+01
1.194075035559124842e+01
1.643399418115145849e+01
3.388987829394944473e+00
5.414607223450527584e+00
1.099129893026168325e+01
1.268238059447813448e+01
1.170602077702145216e+01
1.553815101210689420e+01
3.030666428024567427e+00
4.053508231952476670e+00
1.179719049243635531e+01
6.775206304159254955e+00
2.474687951984499090e+00
1.948763903275934339e+01
1.505476486214803700e+01
8.528401858209603503e+00
7.880814795173296083e+00
7.077425362364383687e+00
4.425184671011774817e+00
1.117411371295833256e+01
4.648703197861650871e+00
9.743179015236918872e+00
1.251570704560236358e+01
7.912918083740060560e+00
1.220384897159889981e+01
1.253381422808587686e+01
1.019992607164320475e+01
5.883849571145199242e+00
1.291148410242453082e+01
7.309543058591996711e+00
1.270174620724389847e+01
8.730917977386894790e+00
2.418807456381103549e+01
1.692254189778308415e+01
6.782084395503315655e+00
1.922362162091818050e+01
1.470931421956054663e+01
8.080638554848231792e+00
3.491421919689170483e+00
9.298857066500710644e+00
1.205998222648216966e+01
8.513588060156306980e+00
6.586150905459395410e+00
6.046423677641724836e+00
8.660116111281434215e+00
8.505893527635047136e+00
1.324457342298583562e+01
1.431742369393758807e+01
8.027714320140347581e+00
4.483175544236788213e+00
7.169923481859573400e+00
8.721102137434552759e+00
1.157764236719593143e+01
8.685089652003544103e+00
1.591142238666995112e+01
7.401721533144719700e+00
5.598303078224712515e+00
6.013724955749065515e+00
1.752666776027451689e+01
5.935646391047137982e+00
6.967314372773107500e+00
1.377765731049032816e+01
2.143203205267213463e+01
9.096810128409524410e+00
4.921983197494756546e+00
5.221478549985774542e+00
5.522792939036101245e+00
1.308265079224036853e+01
1.112633310760073613e+01
8.193009319439413574e+00
4.360503690705343161e+00
5.296629785100877008e+00
1.132237652673467920e+01
7.055044582542394416e+00
7.865617305743567655e+00
9.929689494984410558e+00
5.305955496615006872e+00
9.248748382211656960e+00
9.536168812473956535e+00
5.720705013978337306e+00
4.955865512374844961e+00
5.801376215644554080e+00
1.025160208145270779e+01
5.820994884730007257e+00
1.488651108989525262e+01
5.697699623392094459e+00
4.783384317438108546e+00
5.301059735350939661e+00
3.373376874156186922e+00
1.165024745596486078e+01
1.473050358330717380e+01
1.381862808399851339e+01
1.071044208264846631e+01
7.347374558090550956e+00
5.449365719358105764e+00
1.792418428590416113e+01
6.177053706047249904e+00
6.468837012754644178e+00
3.461631950312450634e+00
9.414029310755317681e+00
7.495952807935847950e+00
8.930294370164837403e+00
6.610017629864359812e+00
1.303299346680194049e+01
4.175987210897953439e+00
1.196337721194199055e+01
9.370564364594685003e+01
7.119814926272334255e+00
1.527754872899802763e+01
6.280116700237861060e+00
1.194724340712734367e+01
1.128326365388697461e+01
8.897893304656735225e+00
1.577225159274910737e+01
3.606795994838366770e+00
6.621947206178845136e+00
1.118547656973931126e+01
6.790548955583850521e+00
4.801070192653923208e+00
5.893823151828479823e+00
1.525359067371415556e+01
2.816251861427832459e+00
7.178340030282452489e+00
9.028578352267691898e+00
1.325939797706289269e+01
3.638842397623901714e+00
1.387353580056525715e+01
1.315478127139877351e+01
1.222685222210260925e+01
8.004273250691833042e+00
1.359108774648253615e+01
9.881047545297501955e+00
7.945447487924646168e+00
8.051923329287738795e+00
1.189513203964227905e+01
1.849893557720757897e+01
1.570899244706521181e+01
5.690671983378971177e+00
9.082273319569356573e+00
1.119660012058469256e+01
6.851724519216272569e+00
3.494498190995070086e+00
9.317423106157352919e+00
7.654669942275536876e+00
9.842779363835154172e+00
8.840515280697111677e+00
6.991161174793270483e+00
1.174382978146462975e+01
6.981907853489863314e+00
7.866053831818705433e+00
1.024551183393758791e+01
1.160471745269190968e+01
1.239132131154538818e+01
1.306485158633578791e+01
7.178975677442147152e+00
7.197690470625267345e+00
5.143011187477768864e+00
1.933072442554337655e+01
5.767319503222872790e+00
8.059527277909083409e+00
1.204771350695009069e+01
1.418173368210650409e+01
3.433747582656077935e+00
8.239244813611819040e+00
9.022675891955007188e+00
9.857440326800523067e+00
9.407132288485820837e+00
1.665916107467375440e+01
3.493119909785681099e+00
1.907129273267710801e+01
6.628667033155185351e+00
1.491708706977244603e+01
1.130009907732923047e+01
5.506996610424875094e+00
6.936694785033946431e+00
1.166831399003763892e+01
1.114021421520290112e+01
6.555117283842614384e+00
8.081185201306238852e+00
8.050403743212328322e+00
1.254455775958117947e+01
1.407986801716753611e+01
1.073541545037450362e+01
9.023056323590012084e+00
5.235558048261267139e+00
1.638663571435117561e+01
8.230544362651833978e+00
4.288705447151830441e+00
1.208483419356044131e+01
1.233084713163624002e+01
6.660636272393177570e+00
9.139351592895540222e+00
9.932809793477886728e+00
1.307684130743966122e+01
5.571841879690355270e+00
1.572799142446283582e+01
6.861072783884960558e+00
5.445310599656749240e+00
2.661809564718055299e+00
1.957636286210802368e+01
8.805127535061853195e+00
1.078139758310028817e+01
6.261465297854981849e+00
5.497857618265893365e+00
4.880589090726503265e+00
1.256711240171681254e+01
7.530028840836292758e+00
6.291244411854632013e+00
1.058495533794631349e+01
1.389202034410212327e+01
1.063215195933635115e+01
1.065470528201769795e+01
7.751584156385950664e+00
1.455148333885749956e+01
6.971234612372835038e+00
5.616273408833248659e+00
7.447370940304787190e+00
4.015095449928740123e+00
7.560420569269515667e+00
2.309534712998240646e+00
8.957817541067580436e+00
1.031432668055246182e+01
1.075115678544206155e+01
1.287908078000412893e+01
9.519602333856408194e+00
3.796585651190568900e+00
8.123386927767629828e+00
6.884184474177937219e+00
1.046664460417809472e+01
1.041954136584365997e+01
5.964139385471467492e+00
6.264777427402023591e+00
5.693161154866939633e+00
1.090159860943929360e+01
7.496535251650049858e+00
3.700985667664128620e+00
5.551890473436889017e+00
5.254871786366358322e+00
6.099293531989426143e+00
8.103525330021964734e+00
9.759894595155968133e+00
1.062617539369052366e+01
1.271458672988500105e+01
9.693466113677995821e+00
3.588978519696870428e+00
9.991759513922493952e+00
6.891343344680662675e+00
5.507388027845312450e+00
8.519319463404961823e+00
1.427599266132873446e+01
5.741028594261852191e+00
1.221378591497963839e+01
1.065482800735550306e+01
1.370808626419987775e+01
2.575075235659165962e+00
1.015327945007764043e+01
9.161611765939751351e+00
5.621684858681360808e+00
4.601095445263189809e+00
4.353564413534363631e+00
1.833063411476460303e+01
2.453114548021657626e+01
5.388903885841228814e+00
1.005553309391141070e+01
1.141309745799935094e+01
5.569436629967430719e+00
1.367427557077339983e+01
7.400942900898403565e+00
1.351523517264259411e+01
8.560814841952083754e+00
1.263757315565766248e+01
8.288046980829035348e+00
4.738619563102811405e+00
1.213925877672379983e+01
2.643827748829261282e+01
1.697140534914503673e+00
