1.530736527659368917e+01
3.432201842695834948e+00
1.296545907110556684e+01
1.146877334668751480e+01
9.448953535433952666e+00
6.400410558687741336e+00
4.490304170600366795e+00
1.159677868664141798e+01
2.588201117825275510e+00
7.727728686181285056e+00
7.099701506841195275e+00
3.348583033599355385e+00
1.310426427273845285e+01
9.279000451296258944e+00
7.515516876618498543e+00
4.986431532086386120e+00
6.586151441187197086e+00
1.280473674402684736e+01
6.547345384018774084e+00
7.984270895011873925e+00
5.393609504696067702e+00
1.070818715642098873e+01
2.134031388422856779e+00
1.546807685779664787e+01
7.966694630958128798e+00
1.062730617661445010e+01
6.912634561587752913e+00
1.008801655322021773e+01
7.866620714258076852e+00
8.412377666940068721e+00
7.828648638994468278e+00
1.693645832690125985e+01
2.648394800355621470e+00
8.142679248655083413e+00
1.851243250766734150e+01
5.043369262654369578e+00
1.447869771160858221e+01
4.063896941718716072e+00
1.508684874809895327e+01
4.599207416671283966e+00
8.497823375811494273e+00
8.982761471616548477e+00
1.015630090208393277e+01
9.642645785062869734e+00
9.503585461098220222e+00
1.152552959350920680e+01
8.028452355919533545e+00
7.217532074752861071e+00
5.130665710753151032e+00
1.035451434731340647e+01
8.130521987068807244e-01
4.335395601479445027e+00
1.450653307462045127e+01
1.210478326323463705e+01
8.881477216039801448e+00
6.030748875504187367e+00
8.061510055498404270e+00
8.577038848911319846e+00
7.749823247560833295e+00
7.681823904490410193e+00
1.166186619801051982e+01
3.672079684879722361e+00
6.126457221565543954e+00
5.546437366419826986e+00
9.873239614975092948e+00
9.447920180896781872e+00
1.218590220413820546e+01
1.432726418246829247e+01
9.246999210005236947e+00
1.062217280552727239e+01
1.656797936093058965e+01
1.389412003008213325e+01
9.257467851090657618e+00
1.858026446992034053e+01
1.150622841889214421e+01
8.413732251949651797e+00
2.598934060107812360e+00
9.105178988731109868e+00
2.049179897049362964e+01
8.370258118014556104e+00
6.213267353528909354e+00
8.427620988124495227e+00
9.390365121973122342e+00
9.616581376088324973e+00
1.386564878597991779e+01
5.659142769236125581e+00
2.089935384295838361e+00
5.649606392579419101e+00
8.385902283014202041e+00
8.628194129602691831e+00
6.504538226677272661e+00
7.819604549171395469e+00
1.264445345921555841e+01
9.783945532828690617e+00
1.248892748332752411e+01
7.200111295855316840e+00
5.278615364310407010e+00
1.157131655452997698e+01
3.130719136483197662e+00
8.947966503917619718e+00
3.081553524129429622e+00
7.355523165297072730e+00
1.082549839046999374e+01
6.524527605717475254e+00
5.769767591558444764e+00
1.234985413351264327e+01
8.575549507688222661e+00
5.523176486868977442e+00
3.788458320099453935e+00
9.027974324619080448e+00
6.873200628752168306e+00
8.083603569726610871e+00
3.657823612669607538e+00
1.229430651407425934e+01
1.130460383126441037e+01
5.982817134769516265e+00
1.284524797704564669e+01
2.371649565733175979e+00
8.647772683705666097e+00
4.002658125643645981e+00
4.717163243882919410e+00
4.993915395172034977e+00
8.123036994580195014e+00
6.455254169834538480e+00
3.203915428296644663e+00
1.307533006557833311e+01
5.775498141883528724e+00
9.393116324920793403e+00
8.789242975141517533e+00
9.262665370473408544e+00
1.177527850932196429e+01
1.199634797678188924e+01
1.354260851122157838e+01
2.783259914242973476e+00
4.655096058475785448e+00
1.176642776998610884e+01
8.213722496331348211e+00
7.491920317377202210e+00
1.080996177595916663e+01
1.301841262948937583e+01
6.724246420579413019e+00
5.768956982741845430e+00
5.820621523222929028e+00
1.635828119587278140e+00
3.522185717727503551e+00
1.035639833798006748e+01
6.865692395159138428e+00
9.996030952765185162e+00
1.151679056895674513e+01
9.591393173441481679e+00
8.692119220015229075e+00
9.253377580866093410e+00
7.361936580494973015e+00
8.094519925113933922e+00
1.007002495807629039e+01
9.793875482819412781e+00
5.785862597612968727e+00
4.234246739212238708e+00
1.043202692141104926e+01
1.035297592065614758e+01
6.300593632531577448e+00
8.585827020272999377e+00
1.288202790038913648e+01
1.003304155498080519e+01
1.551854118049408804e+01
6.199170703630317192e+00
7.053180528120782888e+00
2.858513734617339264e+00
1.560647491023932787e+01
5.578438664788569312e+00
1.025949004302025180e+01
1.043118721461912379e+01
1.555120333508031472e+01
1.515682311750869715e+01
5.943169230878921461e+00
1.332164828195396389e+01
7.014707953916828664e+00
2.632101809581606222e+00
6.955396253318258282e+00
3.556151241139505981e+00
1.184869779931329070e+01
8.143975549075882725e+00
1.521568558241897939e+01
6.459552317512042841e+00
1.443027526519447967e+01
6.070731645715034652e+00
9.787757886940987362e+00
3.399572325447830501e+00
1.093504570306373758e+01
2.710512230415134383e+01
2.032764505603727567e+00
5.561429594223447737e+00
1.753446936616674634e+01
2.189812592370872579e+01
9.540909982972276993e+00
6.087849924430789983e+00
8.433936628810027258e+00
8.507211139383954901e+00
6.788810061192218193e+00
2.476158737928165987e+00
8.582758275845085549e+00
7.252850043543134007e+00
1.074877203728154740e+01
2.331553608970851510e+00
1.346897642013215091e+01
4.829851340511718938e+00
7.130824815633987512e+00
7.412483597288059833e+00
1.692575449860407844e+01
4.850453347827683892e+00
6.433653679495836109e+00
1.537715118979424256e+00
7.532948520179579610e+00
9.700498959764876972e+00
1.099285642823836717e+01
7.673640806419041560e+00
9.806256479176202134e+00
8.137205344791086148e+00
9.398450429849809495e+00
1.138433359287787106e+01
5.105292155961317135e+00
1.238053965003335222e+01
5.537641307086911269e+00
8.358934337874714515e+00
6.905346911257805864e+00
4.719775727852328906e+00
8.960758611275315033e+00
1.018697284954194160e+01
1.143060177679299727e+01
3.373544108848659739e+00
1.507750043174467791e+01
9.124901551871481331e+00
1.139552190322715930e+01
1.530799019136275518e+01
1.081402824827455866e+01
9.433848173656601332e+00
1.418305789303114750e+01
1.123989285849687825e+01
2.661489111901437887e+00
1.733918236359632914e+01
6.717098326039324441e+00
5.000486855165157785e+00
1.025054697991322961e+01
5.563942239109261223e+00
1.544477707385379439e+01
2.191067912552307817e+00
1.116624444152763118e+01
9.042296373369087092e+00
9.781436098047636918e+00
5.904766544486133029e+00
1.025944669836232670e+01
4.809708214277751637e+00
1.839632978511490364e+02
1.013001354414595667e+01
6.769482805808070935e+00
4.813514505542431543e+00
5.387791595003998957e+00
1.045452130193022988e+01
1.440134907385291818e+01
6.405203264306322808e+00
1.419064561941699409e+01
8.465113127134413773e+00
1.171142928954335893e+01
2.597504598923144226e+00
1.068720175260116712e+01
1.226264788884260959e+01
1.161002655951155837e+01
3.876249948804852963e+00
7.972450280711684378e+00
1.053177130797522132e+01
5.529636726253915668e+00
4.912381559784462226e+00
8.960382166049065233e+00
1.137985914245422059e+01
6.179009915184233925e+00
7.592896970965266057e+00
1.131372628813184456e+01
2.712329964779970126e+00
1.287830374051938875e+01
4.587693916590649401e+00
1.702356602141256658e+01
5.196946725577534565e+00
1.611387716485905486e+01
2.128351382822005533e+01
6.425927854452399224e+00
9.073389872309532223e+01
1.543371900231343652e+01
1.064386805512338263e+01
1.199253253603049352e+01
9.407375110903968718e+00
7.282845227591423054e+00
1.428127323065818821e+01
9.135147740835323660e+00
9.696796509167009859e+00
7.494287460648350496e+00
3.576833698317253951e+00
5.828061139387861189e+00
9.001817110123434773e+00
5.329459824439000570e+00
9.557612689063713418e+00
