1.929615155628213188e+02
1.946315406878579211e+02
1.984833989495483877e+02
2.189396821064520395e+02
2.088125279831548937e+02
1.381633632503984188e+02
2.110514040177858988e+02
2.009622840763780403e+02
1.603710626325277531e+02
2.096689794386887513e+02
1.699996289186548211e+02
2.600638890473995843e+02
2.335536276744363420e+02
2.526958810447746373e+02
2.296210678663943838e+02
1.494158818446697978e+02
2.171964830009657135e+02
1.817353371502558161e+02
1.696398100177514152e+02
2.188402894532487437e+02
1.949396240345212448e+02
1.781255653269867025e+02
2.465539049793114827e+02
1.839343780861401854e+02
1.623361100442466238e+02
1.772245245877120681e+02
2.101274793004204469e+02
1.831105649872382060e+02
2.201566983213959645e+02
2.142042134466225320e+02
1.918420330212783824e+02
1.779455800892668549e+02
1.916025559582089386e+02
2.203702044534387028e+02
1.888914248192755281e+02
1.850559686003878710e+02
2.551393534252356403e+02
2.361622780441904865e+02
1.715566486431537214e+02
2.244992971242009219e+02
2.149259039008573495e+02
2.067372344153806409e+02
2.167006198427512516e+02
1.826289983018401415e+02
1.719047328403676715e+02
2.027375268963243684e+02
1.862215089093935489e+02
1.816038805065509507e+02
1.991145547534185027e+02
2.570487181140879898e+02
1.681624253727701159e+02
1.502208891654860849e+02
2.154235964727523367e+02
3.316370476643197662e+02
2.578121683643680058e+02
2.423634396095137618e+02
1.632555410761850681e+02
1.662430585667539447e+02
1.418580908852066216e+02
1.434178632155073103e+02
1.875146447634159870e+02
2.328784650704448609e+02
1.701597933535811649e+02
1.850340949981656991e+02
2.563621793000990010e+02
2.149905328740294976e+02
1.765843647549893376e+02
1.498378015104620715e+02
2.245316500663773809e+02
2.350501831729499429e+02
1.935534187416658369e+02
2.425323623780088269e+02
1.780411336625398633e+02
1.522523753425402901e+02
1.957603899033474875e+02
2.161331136647501978e+02
1.728882726250047313e+02
2.311235867870230436e+02
2.326688275513033091e+02
2.658983943914726069e+02
2.074726447310167998e+02
2.322633019625006909e+02
1.524549765788002560e+02
1.739365947983490628e+02
1.274684963874013022e+02
2.316329226196459672e+02
3.028654634771791621e+02
2.379251601666348677e+02
2.666759505302210300e+02
1.877073608760071863e+02
1.686938782583305283e+02
1.830004339571423770e+02
2.080714831187073912e+02
2.175796890372449468e+02
1.847081780296607292e+02
2.192396242327383504e+02
2.069142298736459793e+02
2.324709360290289339e+02
1.688771920580911399e+02
3.326679095384537277e+02
1.827607560532851494e+02
1.719318784695494173e+02
2.085478012233372738e+02
1.861401357992020849e+02
2.135293558389889483e+02
1.286253242189301034e+02
2.213100511621276496e+02
2.072531417397947280e+02
2.372096620655368042e+02
2.465182604791104666e+02
2.299635402335977687e+02
2.708032001047573658e+02
2.324583447837016479e+02
1.779585328684988212e+02
1.715015286501525793e+02
1.998103324097887423e+02
1.989810260745394999e+02
1.489581687309246547e+02
1.500219621165542776e+02
2.038798667916502154e+02
2.024083033521018820e+02
1.511353204335690634e+02
1.600761372258728557e+02
1.540097953049828163e+02
2.279927127226483492e+02
1.919429633185464183e+02
2.232668842078302873e+02
2.169500364699794375e+02
1.756423262509491394e+02
1.819724068553331620e+02
1.671389738839293955e+02
1.530601973353844585e+02
2.126671953783908577e+02
1.819420848137224880e+02
2.128032791149307741e+02
1.580595130858633866e+02
2.786445079984361541e+02
1.930019494416102077e+02
2.001606552119634443e+02
2.536668890313437714e+02
1.938066112058891122e+02
2.232024901907316234e+02
2.024130226723536623e+02
1.560621042668768439e+02
1.896293329246883275e+02
1.993319647787647568e+02
1.910366852709056502e+02
2.097635220890832954e+02
1.380104772410431906e+02
1.698992358742520707e+02
1.581974619240543234e+02
2.278149993130291762e+02
1.973819380266681947e+02
2.323658549334499810e+02
1.760631942978503162e+02
1.835834178863887018e+02
2.127106179796945469e+02
1.806337631233489844e+02
2.000862641587868893e+02
1.447142851575686961e+02
2.695621454537901514e+02
1.350617713613947046e+02
2.135722611626170533e+02
1.893396510093112965e+02
1.999001743295753215e+02
2.185728740706880160e+02
2.008410673539202378e+02
1.959534808083917312e+02
1.793700742429251704e+02
1.684638331110554930e+02
2.226877237068612772e+02
1.654978083234246924e+02
2.178880667550426722e+02
1.909537032802959118e+02
2.127488589190238315e+02
1.853529937645261327e+02
2.147184849129070301e+02
2.986179710994101129e+02
2.321880262638308068e+02
1.601766656590283162e+02
2.253124639842101260e+02
1.696831150270550097e+02
1.540304934926901979e+02
1.751210975884776246e+02
2.370859393828897623e+02
1.921659132910321830e+02
2.060970887541943739e+02
2.409619233972487962e+02
2.115180342422621891e+02
1.823210305611482909e+02
2.162024759434458474e+02
1.950785047451257412e+02
2.068869146703566457e+02
1.813962003358062134e+02
2.200431732717930515e+02
2.109007079712349935e+02
1.750666379034127829e+02
1.648657446930023411e+02
2.807594268721959452e+02
2.164169585072245638e+02
1.796332560322709924e+02
1.650235408067114520e+02
2.106447156252009449e+02
1.969456938705128834e+02
1.786592395772916859e+02
1.895829037768597516e+02
2.132644029643843453e+02
2.338071456767772247e+02
2.016030298532670599e+02
2.073751918578471702e+02
2.378682439568485165e+02
2.044263782298071987e+02
1.949938027352391714e+02
2.308215032159303064e+02
2.055206090466047044e+02
1.950725450156893146e+02
1.623691157969676624e+02
1.985454653745627809e+02
2.458821477288630035e+02
2.371070650124083272e+02
1.728900898117615270e+02
1.641433551835600611e+02
1.951274617274308980e+02
1.890502179430646663e+02
2.061637796556378248e+02
2.916632226882080090e+02
1.801180159217709900e+02
2.136501181479545153e+02
2.022440422488555214e+02
2.093429529560001470e+02
1.804253854155192869e+02
2.178698304029841495e+02
2.042313803742755169e+02
2.101371879949909953e+02
2.010393379161360770e+02
1.819147938235572610e+02
1.918545355147714702e+02
1.375852057130681203e+02
2.010270579459331088e+02
1.365476193329526495e+02
1.792728339573837104e+02
1.621502955225135167e+02
2.727804950144898157e+02
1.660930077725846843e+02
1.924478918197775670e+02
1.959843834077151712e+02
1.701072977649875497e+02
2.047204359225827943e+02
1.717803925482970726e+02
1.445064775537518074e+02
2.178009750792473653e+02
1.981921416292446736e+02
2.273049834415187718e+02
1.971028584095094232e+02
2.155061964149731466e+02
2.230956974563817710e+02
1.791965230626932453e+02
2.267711884527325878e+02
2.037066818847042668e+02
2.401611983968942923e+02
2.039691827303668106e+02
2.096913228460698235e+02
1.177173487624365720e+02
2.020100725217674551e+02
2.091737229178388873e+02
1.534945632614806073e+02
1.964730443391113397e+02
1.734798969848679064e+02
1.280726009916332941e+02
1.815468017570514974e+02
2.028494435670421865e+02
1.796813196544745495e+02
1.940796134724103297e+02
2.467841600006268834e+02
1.477201779508613981e+02
2.337300279852609890e+02
2.234687651275340556e+02
1.807198111036358341e+02
2.765774076189546804e+02
1.947780756128589417e+02
2.424914112918689000e+02
1.620264692655057388e+02
2.361197183541381435e+02
1.771749233550459621e+02
2.104584498968541197e+02
1.672490346589229659e+02
2.126319578696501935e+02
2.166169817755442750e+02
1.767576186287999747e+02
1.901183381891645183e+02
2.025461779464975791e+02
2.217701235952440300e+02
1.933080144854721425e+02
1.524701909906905257e+02
2.490710376698501705e+02
1.865183426305458738e+02
1.999840773258396496e+02
1.947103668114538380e+02
2.003852793905770397e+02
2.157049993517667303e+02
