7.940254524065807118e+00
1.716140144290710623e+01
1.063014758495101830e+01
9.014167933616512585e+00
1.748516599272488037e+01
4.207079924960386741e+00
1.334173961439252487e+01
7.030845765549420534e+00
1.488743871453416290e+01
1.165220916426532938e+01
1.044829712629257656e+01
1.684989875691702110e+01
1.010125373668262938e+01
9.072314000465155459e+00
7.820233893894759092e+00
1.567175053272176122e+01
6.106446299613862649e+00
1.903285181759852662e+01
1.999730138436957816e+01
5.603881981432173198e+00
7.205372970374196662e+00
1.075430852949143912e+01
1.080659519895355203e+01
1.752264554346830749e+01
1.135320991313237116e+01
1.256140236575862268e+01
6.485786962052595861e+00
7.014703873251137978e+00
9.882091449597515620e+00
1.702348591735712091e+01
1.207402668794824763e+01
2.076728641165917111e+01
9.470935496639695472e+00
1.024282176576008219e+01
7.548079543667161495e+00
4.446167799532531717e+00
1.858872573203566958e+01
7.576893026184278845e+00
1.268153071007013644e+01
1.296885648984825501e+01
5.722023827037500787e+00
5.318720528141691162e+00
5.584855991915546269e+00
1.272502456864045683e+01
1.390634943350778663e+01
1.014989619844266677e+01
1.760579592690405093e+00
1.443306959109272825e+01
1.290628367431415313e+01
7.598282672358671164e+00
8.679990472426814208e+00
8.883017410302617378e+00
1.376279081903274459e+01
1.050623229661458780e+01
1.755699391867366543e+01
9.416267078642809096e+00
2.055913588417987370e+01
1.442857696628309405e+01
7.683945982064753544e+00
1.639505045979917242e+01
5.914808482796567901e+00
4.984575109096615719e+00
8.433273599681292865e+00
3.220659721012508303e+00
1.107323518343866198e+01
1.419160704035282272e+01
2.607146558824394944e+01
1.022907337965560615e+01
1.358479956801105004e+01
1.176618552085194658e+01
1.624168577790079127e+01
8.903194799909368129e+00
1.130814524697712464e+01
6.849251751127215293e+00
6.951993540342660260e+00
1.303378400941937798e+01
1.276518429701267010e+01
1.248860844446537577e+01
8.192923855811617528e+00
6.384209399357777315e+00
1.203518821360537672e+01
6.478153315675177382e+00
1.408233388742945635e+01
4.298131609994426228e+00
1.461858020193572294e+01
1.873916832273692989e+01
1.326235228910352149e+01
3.423525383736524041e+00
4.479459612326749607e+00
1.163590353849163783e+01
1.987579103921263979e+01
5.856314650670081612e+00
1.231474488359667951e+01
9.783733256353688290e+00
8.691321715714487084e+00
1.106684904786961532e+01
1.594534223158344144e+00
8.391566268125512096e+00
1.157552480442615206e+01
4.633166183432305907e+00
1.650104233337796700e+01
1.143041525600654751e+01
1.088456608161575900e+01
2.502651593191651358e+01
1.479631084435684585e+01
1.559937167432194727e+01
1.358841820042973936e+01
5.125211775804027425e+00
1.534667859993945527e+01
1.560637549958724968e+01
1.080401881931914687e+01
7.733872900691875607e+00
1.708905856970520887e+01
8.587792107054134760e+00
1.312476976551004171e+01
6.549984977641193140e+00
1.070258357717311171e+01
8.383810868590257925e+00
1.329733114043957976e+01
9.579509797310914010e+00
1.583647804089227940e+01
1.123198910997114908e+01
1.710595301508600841e+01
9.618919131032143355e+00
3.729626935773024510e+00
1.294275234729835589e+01
1.130404975382036703e+01
8.279461330648141271e+00
9.659376824155696539e+00
1.793148489957120972e+01
8.267763303026958610e+00
7.992386830867858727e+00
9.843563729532187168e+00
6.354009603938163053e+00
8.765158484579032461e+00
1.155211277214541887e+01
1.895860875005224244e+01
8.048338372471881996e+00
2.872417550314277435e+01
1.509270778864419249e+01
1.250877884077689117e+01
1.001402642238508811e+01
1.079371081995490655e+01
6.227725400331946659e+00
8.108139001336644114e+00
1.103841969703136350e+01
1.292576346551430255e+01
1.315085505334533877e+01
1.704538095871205527e+01
8.791011270739559791e+00
8.001434315915243900e+00
2.984680528463565565e+02
1.001924411017827410e+01
1.132048798077214968e+01
1.345571328670184563e+01
1.075596285130752428e+01
1.038488879264296294e+01
2.944558305886752603e+00
1.849383925566386111e+01
9.289019592291683836e+00
7.430192884324124059e+00
1.183365583385673858e+01
1.791346808818962089e+01
1.683435038949676965e+01
9.900367928400751083e+00
2.224152875322334921e+01
1.244689548719467176e+01
1.430309921966521358e+01
8.823712610171433823e+00
6.485435004952307736e+00
2.988108901318457811e+02
2.020430142245660221e+01
1.131376566103093495e+01
4.599903469519253996e+00
1.104815822274983717e+01
1.378645582093767707e+01
1.404512255517887276e+01
1.340454301338413146e+01
1.017599708437066219e+01
1.734977149606382341e+01
3.252504276609382572e+00
1.322543654031225024e+01
9.450313372590064986e+00
1.098057310381098262e+01
2.251381112581355382e+01
2.363767425291191770e+00
1.031260297446027785e+01
8.977918514216504775e+00
1.427740761615861587e+01
1.421682495192931484e+01
8.235250196111168819e+00
3.507722636596448673e+00
6.982373078831915159e+00
6.691532281011892458e+00
4.087944183595222825e+00
9.935593732026289260e+00
1.020133105359487047e+01
1.270281041795348997e+01
1.125720971440110496e+01
7.090715533328545206e+00
1.580423468098910966e+01
8.739079276986940314e+00
3.402640722946140173e+00
1.882530691688934965e+01
2.014902143200385609e+01
6.403807527917129150e+00
7.897499223317434591e+00
2.901926450621567710e+01
1.451740325614662375e+01
1.234787592210458840e+01
1.615228418685331846e+01
1.430170577508928886e+01
1.827447177942201506e+01
1.636304395227827513e+01
5.937272482933243722e+00
1.559908509836835755e+01
1.257726389665043598e+01
2.015896018140123758e+01
1.336575134570214196e+01
4.652826842985263056e+00
5.710192595293136719e+00
9.059677508339348151e+00
6.911499864043208596e+00
1.572914038951158311e+01
5.300086301813243139e+00
6.502257627974309173e+00
1.365086096909375790e+01
1.232495241605095515e+01
9.476447231200921806e+00
1.609787427327062304e+01
2.007407512700910601e+01
7.700828076952978662e+00
1.903706888183284818e+01
1.110057248550821818e+01
1.251396706017222904e+01
1.251677176848225592e+01
5.332589828158237566e+00
8.861385748446380717e+00
9.901187145185444294e+00
1.616717457366343069e+01
1.823608855107091742e+01
9.544405909782923914e+00
1.686744919004946652e+01
1.102459141870748560e+01
1.805943413408167331e+01
1.937984250778987416e+01
3.267416775754337266e+01
7.275013210947218312e+00
1.152881916071960688e+01
7.175487102467458911e+00
1.950604813138416915e+01
9.949150757843133519e+00
4.948223984061425718e+00
2.112327511648507183e+01
6.487306498797400067e+00
4.010392990938064450e+00
7.688654840145993319e+00
1.304298515808078029e+01
1.190437013668098665e+01
7.731553976997290079e+00
1.159543442777922273e+01
1.578569852929832429e+01
1.523251406478667569e+01
1.505175907592326290e+01
1.569293571238121388e+01
2.118903079689975399e+01
8.747836984084596423e+00
1.182908359408751231e+01
1.931932668811427334e+01
1.053296595596529350e+01
1.639155001173647719e+01
7.206142991045492607e+00
2.373049419275423233e+01
8.175616145956372094e+00
3.351693957708491212e+00
1.719998310623281057e+01
1.198796262228758103e+01
4.592273568144913831e+00
1.816458734101794548e+01
8.577422850349249117e+00
1.986656500229375055e+01
2.128747659679298110e+01
2.190528207118939719e+01
1.078307561344158216e+01
2.416160699947746338e+01
1.700084672757171234e+01
6.335697941179151194e+00
7.437219760895944276e+00
3.528076330219523271e+00
6.986884183130927184e+00
7.732223549592662337e+00
5.046206505730927994e+00
4.507890584441079262e+00
2.612229106469632001e+01
1.014660954768145906e+01
9.284760766476516380e+00
6.911903528325228585e+00
1.940269226533501623e+01
1.291708688757507062e+01
5.505983919170264862e+00
