1.123362885495666852e+01
1.394506830934539110e+01
9.242740165014144083e+00
6.247692202973683884e+00
5.459732060178192015e+00
9.995305525579450290e+00
5.937160093349439727e+00
8.837186521776162706e+00
5.817548339842635308e+00
5.147931962292614294e+00
4.374779741920912457e+00
1.374456837521409724e+01
8.278669408412216768e+00
1.078344717453106583e+01
6.681105792017152822e+00
1.496031354524124701e+01
1.285502898844387332e+01
6.394264994465567398e+00
3.362930755246469783e+00
7.949407655509537207e+00
1.393705301104053085e+01
2.039829816934041862e+00
1.414711552776861225e+01
1.412939072544773111e+01
7.586726280370984732e+00
1.096324374712723326e+01
5.464123465857324113e+00
1.033343249944919862e+01
2.084151007207999839e+00
7.232786852769263142e+00
5.231897324768300273e+00
1.112166087173464746e+01
6.120550039463106273e+00
1.698209922884240797e+01
1.401440459554695117e+01
6.228200741026324039e+00
2.577851868854356798e+00
1.462353874452495894e+01
7.590124374380816441e+00
7.134687692643757018e+00
7.031875902538249790e+00
6.606775255813625236e+00
6.002775197169119004e+00
8.518599848476453573e+00
1.810771404679770313e+01
1.581582471955622715e+01
8.663766203019465095e+00
3.553511671252893134e+00
1.205166223967793115e+01
8.878761551300467403e+00
1.010702717855911104e+01
1.112819939000600300e+01
5.851696909084787457e+00
9.869875853204518990e+00
2.871533673558578137e+00
6.934149592531875683e+00
7.194465379188137888e+00
1.110418580131730870e+01
1.479920546100303014e+01
4.202780730622674987e+00
7.425576808564716913e+00
7.642029188618297830e+00
6.813152055596836121e+00
6.368353921456606059e+00
8.661939150083615147e+00
1.583387519389604314e+01
9.618709954218243041e+00
7.934755126614792431e+00
9.958121085916815218e+00
1.140749250652726232e+01
1.563331640175886683e+01
1.644202573817922541e+01
1.321486564870298253e+01
5.832069879900283027e+00
8.318712963938041938e+00
4.720880911294919713e+00
1.388214554629626463e+01
8.516111251298939422e+00
1.795740717280907717e+01
5.435560616374138121e+00
4.259180258142889919e+00
1.013263425768382575e+01
1.274726504842845110e+01
1.341331928657618278e+01
5.460199049702376684e+00
1.066593041007077503e+01
1.143777981124777199e+01
3.258253236172129252e+00
4.638717875538393542e+00
8.219184886083430897e+00
6.042630416163187412e+00
7.186524968974173255e+00
6.078132951074381118e+00
4.537443641933309735e+00
4.127472289637170277e+00
2.307765134968451193e+01
1.231704618722250544e+01
2.743070087206521457e+00
4.915762396561340175e+00
5.256694516829469421e+00
1.511407699568519014e+01
6.691541934227361210e+00
8.108588035579666453e+00
5.957216574301453349e+00
4.221309189431455167e+00
1.001392495557316487e+01
8.458910192129199146e+00
6.410716659806198869e+00
1.077940004264136853e+01
9.019952857664085499e+00
9.993600849262810115e+00
1.004103517418192482e+01
1.125913366332080834e+01
7.452376636927449560e+00
8.981278532436588691e+00
8.272220408398068159e+00
1.100119654933760494e+01
6.941068313682380975e+00
4.703334020316010111e+00
1.245849087058476279e+01
6.473269257471915061e+00
1.047169801500071173e+01
1.544156247393862103e+01
6.517821092329619148e+00
7.487381366787243309e+00
3.911540009097203452e+00
2.584008975817204856e+01
8.390416385922925713e+00
1.742981714230558410e+01
7.886683657397981939e+00
5.842244489164464483e+00
6.102630101118747596e+00
2.913115547049427878e+00
1.055423264325041544e+01
1.303183897659348744e+01
7.112901899381270709e+00
6.199314145329392289e+00
8.494295818608527782e+00
1.292629023824371615e+01
9.994357243966101478e+00
5.547902658438863099e+00
1.072143812292222087e+01
8.578054130158861312e+00
8.309181326854799821e+00
3.960099422055157081e+00
1.685239264545644389e+01
8.353907158916022979e+00
1.299384792775993702e+01
4.390268825899009464e+00
1.053072827622937879e+01
1.235674983100125246e+01
8.623291691828903538e+00
8.640041728067101801e+00
6.311380795439878177e+00
1.168376572619035692e+01
7.157667743919289727e+00
1.542548515941391862e+01
1.485351440911482079e+01
1.141439489077916924e+01
1.562099743675317853e+01
5.247498688210916029e+00
5.645595476838121130e+00
1.572426218040308399e+01
1.307257183513600118e+01
8.726747992739481319e+00
7.653315411303080573e+00
7.260793017300360752e+00
2.071585527751575029e+01
1.028664573960973527e+01
3.510007174451706735e+00
1.220567437050631909e+01
1.124549237744689378e+01
6.619377156730855916e+00
6.663423287858226018e+00
1.193626142190548656e+01
3.318955411039150594e+00
1.009341445941623938e+01
5.935780568659292378e+00
7.741846027133169272e+00
1.117333430540920602e+01
1.236213855724010280e+01
9.760502463097758152e+00
1.147966557560287981e+01
4.004165161229122916e+00
8.302916919930666495e+00
3.754092191315305360e+00
2.860413657736011928e+01
8.605210203315271755e+00
5.818550011508611064e+00
7.413343148563802387e+00
2.354161427028671838e+01
4.600925479682659081e+00
4.888367675475727481e+00
4.753064514578047017e+00
7.341964830642485396e+00
2.252369397809876261e+01
5.355053994677587248e+00
7.154308974569566715e+00
8.735676168679340492e+00
1.091999772500995469e+01
1.347912421380477177e+01
2.095901682983378223e+01
1.455425867209841151e+01
4.766077239006844657e+00
6.338260216258817081e+00
3.551280645449301332e+00
1.346656405080467422e+01
6.217091841458087131e+00
1.408616549235963689e+01
1.909595217483483376e+00
4.914167543447815589e+00
8.151484482838050383e+00
6.458754036525573561e+00
1.148308664388718903e+01
1.330978266709604974e+01
1.066845996182037482e+01
9.739650714705492263e+00
4.475578540471213174e+00
1.152818905702151042e+01
9.683120973684314237e+00
9.056752165107328167e+00
6.261436706023117083e+00
7.174861558251587113e+00
1.031984130184708270e+01
1.382056866989409016e+01
9.571978368229094869e+00
6.735993439550588491e+00
1.176781711654157014e+01
7.523446439298368205e+00
1.286398955107407893e+01
9.153139613661688045e+00
1.350895475923449851e+01
1.214903103429817577e+01
5.408782715230000093e+00
7.175871503338355772e+00
4.253918029559986991e+00
1.728741799873080964e+01
2.709544446425104613e+00
7.585705509879852926e+00
6.245628602586330125e+00
1.136134548254067234e+01
1.149185921041466329e+01
6.500630219413127797e+00
1.501952578735605925e+01
2.392828757630665937e+00
9.307352484403137893e+00
1.150402680260080857e+01
5.209976712077241778e+00
8.491808105575909593e+00
8.418974031048675144e+00
5.594799510440691570e+00
3.637021695041199099e+00
9.023656275825150175e+00
6.418449018074407597e+00
4.142035669612469384e-01
1.210668878780228752e+01
5.949697537464484931e+00
8.251632930706632507e+00
1.416508619122554968e+01
5.961691660561364792e+00
4.631153099485407765e+00
1.787982898667821230e+00
5.485315392592464256e+00
6.574622989825652297e+00
9.928320781309716736e+00
3.262626500678996955e+00
6.106351147084402520e+00
9.098089749744785237e+00
8.483263339373687373e+00
7.943634621783878913e+00
7.967456346051709382e+00
1.007924122016491530e+01
3.309323039341970230e+01
5.186912080482533050e+00
9.583231219610743423e+00
1.749255966776004101e+01
2.559502207327681411e+00
1.164161213327948552e+01
9.087420407054597860e+00
1.058282551730212440e+01
1.498742223201983670e+01
7.429826487330266183e+00
1.616748598215068355e+01
2.773524026305335788e+00
4.447113381434782298e+00
8.264243467314726033e+00
6.431238253967054064e+00
9.343224752478894501e+00
5.977171679942317795e+00
1.333272325421576454e+01
1.075011466350220246e+01
4.286646055174328396e+00
5.450759196391421035e+00
1.043034541603718779e+01
1.489166191378819093e+01
6.536502667485403428e+00
1.352274421420829320e+01
9.805665157352045469e+00
1.040900354853974363e+01
3.682729900048573590e+00
