8.619381848624673239e+02
7.261117769682908829e+02
7.734473947557183919e+02
6.417497500596058444e+02
7.401878949305585138e+02
7.704805403120790288e+02
7.617237115045820701e+02
7.744236343570494228e+02
8.171975159282585537e+02
7.169334546484409429e+02
6.636569379880502311e+02
8.016945074391721846e+02
8.409308042763267395e+02
8.970655590046050065e+02
7.370784947156208773e+02
8.964021959999536193e+02
8.071539865430247573e+02
6.598122722799312214e+02
7.144115259119646453e+02
7.338927115119739710e+02
8.531909632182317864e+02
7.845603279308659239e+02
7.731418096533767539e+02
8.074531534501212491e+02
6.996135675199841444e+02
7.640057715743275821e+02
7.131150433731685325e+02
7.159534250663205057e+02
7.383994016005257208e+02
6.790276636415941311e+02
7.150762312560742657e+02
8.160050277895786621e+02
7.161174403303820100e+02
7.555113065616756103e+02
7.087746729301418327e+02
8.032245916846335376e+02
8.039250213211649907e+02
8.716206487144218045e+02
8.604950778218449159e+02
9.325621249633658181e+02
7.556584038059324939e+02
9.637024281333957560e+02
7.552449259528668790e+02
8.192381752275975941e+02
6.987527568055469374e+02
7.867114416147607017e+02
7.610215353715987021e+02
7.908701465555481036e+02
7.623234257821455913e+02
7.847571881774630356e+02
6.789059463954707780e+02
8.144061246619115764e+02
7.487411994641204274e+02
8.114636216307893619e+02
7.676973438812868835e+02
7.323573094550686164e+02
6.932338216970971416e+02
7.366788052626995977e+02
9.850488322245255404e+02
8.339323090086367074e+02
8.489010853388547275e+02
8.245749010739634741e+02
9.168665017725147663e+02
7.400549443589688963e+02
7.494446073763324421e+02
8.129530691768700308e+02
7.765546477912945420e+02
7.871027842218285286e+02
8.009844106340663075e+02
5.523095352470196531e+02
6.679072347439636133e+02
8.104173430327770120e+02
8.152048435294145747e+02
7.795352254679123689e+02
7.116321732807225544e+02
7.753723713988956661e+02
7.432498062218454606e+02
8.464704588942090595e+02
7.793086211959446246e+02
6.809091352665624299e+02
7.429263668086302914e+02
7.505797899187151643e+02
9.728449097745765357e+02
6.681784299742588473e+02
6.675368192788776014e+02
7.282729207656586823e+02
7.399647390284287667e+02
7.847925955062224830e+02
9.846084935396727360e+02
7.906210789920766047e+02
7.441126711933949309e+02
6.916879151694719212e+02
7.279580983866455881e+02
8.503357494736820854e+02
7.182695941843364835e+02
7.438539964422523099e+02
8.324052399724712359e+02
7.741030788627903121e+02
7.676755377876220336e+02
8.470233739270207707e+02
8.044315750138273415e+02
8.063908271699611987e+02
9.640964553258040723e+02
6.531241311095883475e+02
8.730466354034467713e+02
8.922222523478761786e+02
7.993002432984366123e+02
8.167509677746877514e+02
7.872762588064575766e+02
8.199379049260708143e+02
7.620164284786516191e+02
7.559697993774499309e+02
7.176936128117256430e+02
8.303908148189628946e+02
7.391794220744176300e+02
7.203826514181181437e+02
7.636903538913072680e+02
8.442976284526512245e+02
7.780409782096660365e+02
7.612193998870187670e+02
7.502405930830936995e+02
6.359408596746217199e+02
6.763256686693080155e+02
6.347546516122478124e+02
7.294166389132944914e+02
8.943456457930436727e+02
8.300924695908055355e+02
7.778114557981439248e+02
7.737088084481265469e+02
7.961695997524539052e+02
8.606458687862242414e+02
8.865297894907359932e+02
8.228232180713732760e+02
9.203147460779970288e+02
7.578555801943805363e+02
7.487769953459376211e+02
7.931500488581909849e+02
7.534186767959690769e+02
8.557236985017721054e+02
6.503592317078811220e+02
7.762061519098074314e+02
8.115797002854193352e+02
7.089606603571338610e+02
8.174867013236440698e+02
8.324301192388113577e+02
7.995620881212690847e+02
7.204100942786171800e+02
7.790160467118327006e+02
8.577774217013973157e+02
6.972892089604262083e+02
2.146813212233563718e+03
8.163875305198225760e+02
7.643505309554893756e+02
8.141914587057183326e+02
8.882848124889035262e+02
7.058906879368499858e+02
9.171402649436419097e+02
6.711922343016153718e+02
7.750554841923310505e+02
7.103967287871907956e+02
7.602639703080947129e+02
8.633661132891819534e+02
7.476402275980956347e+02
9.643479208254231025e+02
7.453217286257039405e+02
9.246043755082735061e+02
7.371940802125584469e+02
8.480272359130822224e+02
6.938327635430338205e+02
7.733408359679684736e+02
8.138987796827470902e+02
7.488343136336474117e+02
8.222080503047310458e+02
7.481095993414404575e+02
6.737275495333032040e+02
8.743692313775179628e+02
8.514309566629024175e+02
7.000252572684516963e+02
6.945911789557110296e+02
7.723809932769295301e+02
8.114930572450006139e+02
7.616673533990853002e+02
7.882276407131919314e+02
8.829855358318766321e+02
6.540153499489282467e+02
7.308614501436959472e+02
7.083951686618473786e+02
7.646200298235415858e+02
8.176574961992703265e+02
7.346710478004875995e+02
9.030638519073763746e+02
9.028331887784781884e+02
8.072316875824584486e+02
1.151739482783526455e+03
7.903749530242008632e+02
8.660570883402723439e+02
8.677526178555609704e+02
7.228059953558722555e+02
7.285347152813400271e+02
7.005505370457826757e+02
7.996928549483591269e+02
7.117265370416826045e+02
7.465238651461460222e+02
8.036513674780604788e+02
8.005737640791293188e+02
7.357790740717676954e+02
8.058452211424062170e+02
9.530248992692175989e+02
7.454936602643762171e+02
7.830989823384365991e+02
8.076667593282743383e+02
7.540374429632479405e+02
8.558397141449976289e+02
8.447241924253617071e+02
9.705922367364541969e+02
8.195010053930283220e+02
7.457512318629696892e+02
6.229316669909295570e+02
8.002751137487155120e+02
8.199081138598688767e+02
6.719577904623112090e+02
7.558715813113833519e+02
7.441014114152627599e+02
6.956615831625883857e+02
7.762286019146581566e+02
9.621106650126955628e+02
7.778519549688910502e+02
7.005464759515269861e+02
7.152704073491944428e+02
7.772172155636632169e+02
7.729207635170333788e+02
8.344127704635678811e+02
6.122347166088577524e+02
7.340645309228865472e+02
7.942431036310543959e+02
7.098315036114913710e+02
9.383422264809611306e+02
8.588356071559561542e+02
7.254334481659374205e+02
7.363227677872534969e+02
7.808041869981950640e+02
8.142930473255946708e+02
7.112075525643499532e+02
5.576348757125842894e+02
8.362324257542213672e+02
8.771872766413442832e+02
7.851800222039321397e+02
8.065736834008797587e+02
8.593785853676417901e+02
8.345936015750100978e+02
7.477541414489743374e+02
9.456688709710596186e+02
8.152176480403849155e+02
7.322335951085376564e+02
7.197232973174791368e+02
7.296028200898283558e+02
7.608069945792099134e+02
9.297194654657870387e+02
8.017409846882520696e+02
7.562631442690490076e+02
8.370851292065437974e+02
7.903573580133705718e+02
7.503335116253080059e+02
7.810766132563273914e+02
7.506956474556699277e+02
7.945048239914547139e+02
7.677735721443403918e+02
8.145566932242392113e+02
6.549514392244536793e+02
6.479022594223181386e+02
8.103576372752010002e+02
7.201306053984022810e+02
7.179243689205449073e+02
8.006607130498611014e+02
6.621774357258041164e+02
7.310719383899133845e+02
7.140862464616513989e+02
7.996517868712718382e+02
7.637961463183547721e+02
7.097742292875626617e+02
7.630876580691054869e+02
7.721403827719908577e+02
7.886226423528628402e+02
7.689419271138677914e+02
7.697389914574790737e+02
7.631299220579677467e+02
7.929022845881860349e+02
7.859916102520287495e+02
7.247667111749572086e+02
7.531022770625920657e+02
8.942598855043089543e+02
7.945559565897160610e+02
8.205122382133670271e+02
8.656818172968112322e+02
8.346010603124969975e+02
7.187378200437966598e+02
7.996600050091664116e+02
8.171401384966878823e+02
8.170065482774897418e+02
9.861316893742026650e+02
