1.518980204595626304e+01
2.865908293985479816e+01
8.052149567831008881e+00
5.572321837674856226e+00
2.778366660515788844e+00
1.787857430410410586e+01
1.900128588791517359e+01
5.975228190061913303e+00
6.509876136888360421e+00
4.804368354419635168e+00
1.253200179267127901e+01
5.231849141329601771e+00
1.156066529444855817e+01
7.451291428533535210e+00
1.079056915911706049e+01
2.990258421393749089e+00
9.050330495644830719e+00
7.007789405869948141e+00
1.059370036432731155e+01
1.033298005244421347e+01
5.846214866221860262e+00
8.620839020143366227e+00
1.424525430750739297e+01
1.853819754003917453e+01
1.164510581580764281e+01
1.949067867568960466e+01
1.242330765684084604e+01
5.672732638764281354e+00
8.287867906242459171e+00
6.680529035245608149e+00
1.090292873716027167e+01
2.559528091614567291e+00
7.195983326350039455e+00
1.128224883166761749e+01
2.277045782794733952e+01
1.549456858397949333e+01
8.717504592448978684e+00
9.010549219621227124e+00
1.065639328060195190e+01
4.182787984791139557e+00
8.451613900557877201e+00
6.459049666670298784e+00
5.924822365334501129e+00
5.059411245378557354e+00
1.235184242910742825e+01
5.703764946884573028e+00
5.942826801207383269e+00
7.958148889400344927e+00
1.001757279702460046e+01
9.631063083270964498e+00
1.629372481808832518e+01
1.370789190409463210e+01
1.015264085536025718e+01
4.817060629579324349e+00
5.703202694994376820e+00
5.463695851343851828e+00
7.474254889443416872e+00
5.234279879962909554e+00
2.620413648907372828e+00
6.070510243307309928e+00
6.178426904040750678e+00
1.313445167147787629e+01
3.321076166236054394e+00
2.698983870588476464e+01
6.378730204120572900e+00
1.477375078799529362e+01
1.013353068139098134e+01
9.380714557759732841e+00
5.875445787466801129e+00
1.034340494114105091e+01
1.839335117425526533e+01
1.346510727129677853e+01
1.261458750388908712e+01
1.046799253259441009e+01
1.384549629075650401e+01
1.453905410788060903e+00
1.129191553418346317e+01
2.086787059576861125e+01
1.167337638886071716e+01
9.823945629383148415e+00
1.346333457069674289e+01
9.664097933816627517e+00
8.973977362776613731e+00
6.994128114972886223e+00
7.663110954428155708e+00
6.369165984025605631e+00
1.273957173655343489e+01
4.130539077617343402e+00
4.642003077984579562e+00
6.758271034242937958e+00
7.646739357647084567e+00
5.197525603010713091e+00
9.791022426751224472e+00
5.390657102233341824e+00
6.104566450235259012e+00
8.261978899924777409e+00
1.798915291089543089e+01
7.971804230824885096e+00
8.013011817999675657e+00
8.097503067008162247e+00
2.676141405654342442e+00
3.677940086265245601e+00
9.194477513226752663e+00
1.327867541688830322e+01
5.248454374155350877e+00
1.366310266104319915e+01
1.162747207147766204e+01
4.436228115749311307e+00
9.164815433678512591e+00
2.865578876902326488e+00
8.442982169684565719e+00
7.375783278350705352e+00
6.680129358978933674e+00
5.780755508015194444e+00
4.163881979232594510e+00
6.882702312723691485e+00
1.136230986465020898e+01
1.110752349654463877e+01
9.125086188906072593e+00
3.403651870366230625e+00
8.940972880246409460e+00
9.515076398841706862e+00
1.038633909097435648e+01
1.600947453748682747e+01
1.254608387325983010e+01
1.047719599956284675e+01
1.113889663709125344e+01
9.267481465274361341e+00
2.294428760694412706e+00
5.303153847240460017e+00
7.179931811630695826e+00
5.702757188414712353e+00
2.516932271086781636e+00
2.373156704232032510e+01
5.223048298256004252e+00
8.857537420270702455e+00
1.012038559416964745e+01
1.898235123277680714e+01
1.337608076981127603e+01
1.308757356349510381e+01
4.910919070933619679e+00
7.572416282321919212e+00
7.504358122526791242e+00
1.150904439883272268e+01
1.549155013097406197e+01
1.631454912193524720e+01
8.221473464916138951e+00
2.951037361964409911e+00
1.373418981523863458e+01
9.792720471802031312e+00
7.451316643101813852e+00
1.240127336478514763e+01
7.980358422979256794e+00
1.122310832751249698e+01
1.509432329589259147e+01
1.612237012612054343e+01
6.564508034671832526e+00
6.555748355207596134e+00
4.379787264264362712e+00
1.237376877118781238e+01
1.717531651656724634e+01
6.733771433930052730e+00
2.593081998941578536e+00
1.591199819313849417e+01
1.970267740224172570e+01
4.449627792210227639e+00
1.627707468457247941e+01
9.308098226932907338e+00
1.031989331038375823e+01
3.485017665791390939e+00
1.515785104265378180e+01
1.010437536002104331e+01
1.900508193417674718e+01
8.788138679703001443e+00
7.294193272014897644e+00
1.252288747926020029e+01
4.048676356761578887e+00
3.304369032431826891e+00
1.094538168357362728e+01
9.872031712919627111e+00
9.888779325623096028e+00
1.249516901392459367e+01
1.063226284961935519e+01
8.274881512190697563e+00
9.127410019695394894e+00
2.188602973671591911e+01
2.137755122263603269e+01
1.338248023907329554e+01
8.824391381285630942e+00
9.860579720977918683e+00
1.923096346328508588e+01
8.229558277389882548e+00
7.537358340249498134e+00
5.948696155891400217e+00
8.562679627882468836e+00
9.482932869395053643e+00
1.367151261156217146e+01
1.205403517257386881e+01
1.166295571729821390e+01
1.107666100776593332e+01
4.427824990144740624e+00
6.894775797346027524e+00
4.168290432730170636e+00
6.227741623044640740e+00
7.544665584748029730e+00
1.160317132473157109e+01
9.912539840470754982e+00
1.099974247862209609e+01
9.554089764282046815e+00
1.058134373004823026e+01
1.877293070473328385e+01
3.034347970935388439e+00
1.030739271237704635e+01
1.086551251827211217e+01
1.550040671869129483e+01
6.557050906401167722e+00
5.378185236305209393e+00
1.074015808892453983e+01
1.160733666413132070e+01
8.803613512816319542e+00
6.563466709388626974e+00
3.716105395373521247e+00
7.584978930153976506e+00
1.082509508413793142e+01
9.539124926984417385e+00
1.745680361742704889e+01
6.966615065573152243e+00
1.407401828607040528e+01
1.142662870117242591e+01
1.029798362932780798e+01
3.989447051689779755e+00
6.222035354923925787e+00
1.040500504477516763e+01
1.002143691955849469e+01
1.183212809098913176e+01
2.447459970046117039e+00
5.430220704172475266e+00
1.215285699741591330e+01
1.314265356728450840e+01
8.634319980675176254e+00
2.764733165892002464e+00
3.071996284241068853e+00
6.880948125973209706e+00
5.995948810782064875e+00
6.326236403960458610e+00
1.025832773903416140e+01
2.125173052500429449e+01
5.715676727327891449e+00
4.782228388776489147e+00
9.260626077750785612e+00
1.357898763482898374e+01
8.876027705531939205e+00
1.462089047090906035e+01
6.580920186147843687e+00
7.128788216169798631e+00
4.850020885141193006e+00
4.602398702510579476e+00
1.030697891785148101e+01
1.339504688666634813e+01
7.783339713719435338e+00
7.472325941114774217e+00
2.409484475065657350e+01
1.024017494712581566e+01
2.977023737096766265e+00
1.032641525056644127e+01
1.315406459793113925e+01
1.586820459374435899e+01
2.557494872310948075e+00
8.284678152035285237e+00
1.048208049297480216e+01
3.497060251402615005e+00
1.347104347883266229e+01
5.046972771561478943e+00
1.031581836092233040e+01
8.102760119026306995e+00
1.030867393788676267e+01
1.896282542854754993e+01
1.540291017640402771e+01
5.225514621108117375e+00
1.263431861172936443e+01
7.208591646153349686e+00
1.642724049356642624e+01
7.323154104849297852e+00
7.881694495401736944e+00
6.756462130995707582e+00
1.303811982848430340e+01
9.687761451437136628e+00
7.515576308235332625e+00
6.947341206380985845e+00
7.595824972359625171e+00
1.470152121702196268e+01
1.339322841612323245e+01
5.933207451765601270e+00
4.951295414452989263e+00
1.060096392857848180e+01
6.441671519178873595e+00
5.367053007510116380e+00
8.383216317988255284e+00
4.352933431355370253e+00
1.356616496078235556e+01
