1.798090357644829851e+01
3.748987584686197039e+01
1.288047255768156063e+01
2.260821781175157241e+01
4.996979268253384276e+01
3.660585541619960281e+01
6.926818307978067857e+00
2.541846415545653315e+01
2.057704142337722075e+01
5.419771850947136471e+01
2.833003382548951521e+01
3.000756092644250117e+01
1.651124993452006606e+01
4.414547431507017450e+01
6.561566802515390862e+01
3.050664223578811374e+01
1.869737917345935330e+01
4.562052807009637689e+01
3.822394864313429252e+01
3.984341306301422492e+01
3.388927370088008928e+01
4.333203812706493352e+01
3.137336224127280460e+01
2.591849979949148519e+01
4.210848523684163780e+01
1.705347427265033033e+01
2.022552189806436118e+01
3.490319958353354934e+01
6.079864242903867932e+01
3.242203224775155945e+01
2.519536906188105618e+01
3.177643595179440084e+01
1.719184231788069894e+01
1.996872257120725180e+01
4.271937175786596441e+01
1.253757979428339553e+01
4.265060032689390823e+01
4.535325255352820761e+01
3.576440428160437790e+01
2.342012146793791771e+01
3.082262375227983497e+01
1.825882491206111879e+01
2.685156671584199373e+01
4.622783211754457255e+01
3.905352169660517347e+01
1.238408866506621564e+01
3.307556236228320756e+01
2.661669004684211970e+01
1.707030882426259311e+01
6.465018853682916244e+01
2.504343865047372830e+01
3.279610072750902106e+01
1.501396103950865601e+01
1.521060472456179191e+01
2.121860723905592749e+01
3.052164107369121027e+01
2.899963381060467071e+01
2.375465555473362400e+01
3.064486125669520433e+01
3.794471690768292405e+01
4.257105362393063785e+01
3.339732691728777070e+01
3.544841102546152456e+01
2.347627276677982167e+01
2.817584410148640828e+01
5.112853200211667826e+01
3.115344171171730991e+01
3.450293129089906330e+01
2.284595827160465475e+01
1.629406807328514262e+01
1.692173357773927123e+01
2.979309760115871342e+01
1.360427975200602546e+01
2.229728959300057056e+01
2.339736082736327205e+01
1.990489919863850332e+01
8.131936468095103621e+00
2.796216553759495227e+01
3.045633886849897465e+01
2.326306954409049155e+01
2.526641323563945818e+01
4.056252869297798469e+01
1.727566459584649650e+01
3.382114914090381319e+01
2.410349612210753278e+01
3.220643065850929787e+01
4.281712081158586614e+01
3.700039786888925164e+01
5.881107881396756198e+01
2.378767637112782651e+01
2.191820604308613696e+01
3.294547330445644917e+01
2.790552446619704341e+01
2.516104883810729476e+01
2.884573713104772708e+01
2.300609530764280564e+01
2.304541923167331774e+01
2.715775187157715109e+01
3.114230340182652412e+01
1.983876790694802494e+01
5.014076787975653104e+01
3.109262668921908812e+01
2.379070416993011250e+01
1.424204476754792559e+01
2.586778572027705891e+01
2.479402536910277277e+01
2.157659762435164907e+01
3.003733886534317321e+01
2.636476960131695435e+01
3.397847382357274171e+01
5.665320226130730674e+01
1.606569644464869384e+01
3.338261928832716308e+01
2.167371798754876622e+01
3.647245627051070471e+01
2.072509666515422211e+01
4.102955353553164741e+01
1.250916361953621347e+01
1.886491572023675189e+01
1.661847799300403139e+01
3.556958162829535297e+01
2.564199403320461457e+01
5.506956982651618659e+01
3.404667648494928756e+01
1.676447953648208866e+01
1.738448962820897137e+01
2.306625452310425572e+01
1.621039971473977559e+01
1.940007097677312231e+01
1.714935070664182604e+01
4.376534517130713908e+01
1.897891160454548753e+01
2.573372211775400942e+01
2.908191187586986359e+01
1.047886452515349376e+01
2.663226938605853178e+01
3.395716090119439912e+01
2.960646375860848423e+01
2.210453032137666440e+01
4.347328625315149964e+01
1.563031309325084095e+01
1.802877048928706571e+01
1.664298155965961712e+01
1.563598142317708906e+01
1.989414279064193991e+01
2.438977509293496482e+01
1.659899591633136851e+01
2.042035353204625991e+01
1.798486091445349899e+01
2.470837058944007580e+01
3.985381590124735851e+01
2.349308814347476471e+01
2.615584558255231329e+01
2.156833221662542854e+01
3.886156826354364568e+01
1.620184835671235390e+01
2.427984028275473705e+01
2.223276285585415835e+01
1.355379327806230805e+01
3.109308293973290560e+01
1.371743682874029879e+01
2.230344492611327567e+01
3.377506938421441873e+01
2.339318033560469701e+01
2.424152301529885989e+01
1.353901334639543208e+01
4.248561415845409783e+01
2.563213163996589117e+01
2.279890083865477735e+01
1.869088313187899075e+01
2.528341454923572229e+01
3.463464715304447594e+01
2.526189343647426711e+01
1.014203745983350835e+01
3.060686192124147809e+01
2.506927032282567680e+01
9.959267491120945337e+00
4.240336239697881382e+01
3.125996559841811617e+01
1.803951870187169249e+01
2.457495931709051362e+01
1.039090182125502970e+01
2.194600678996425813e+01
2.202556909127383733e+01
3.464125317469460441e+01
2.719958703727374072e+01
2.304983096053506486e+01
6.494980869713845095e+01
4.054262186725100747e+01
4.357076224278824128e+01
2.788660701191450286e+01
3.662248348000202469e+01
2.136689891478669168e+01
3.741792208514957707e+01
2.084372466293040915e+01
2.027684926310005409e+01
4.303197748118293475e+01
2.858333990033565186e+01
1.559443008471486536e+01
1.786670973550328867e+01
3.291575290265892306e+01
3.118347442100710509e+01
1.477429174741637752e+01
2.243540307940444833e+01
4.236292524914284030e+01
1.686143247070848261e+01
1.563753660284847591e+01
2.893958640321775988e+01
3.500666038062941254e+01
2.777921919891008073e+01
2.172156564043313765e+01
3.144677936927245199e+01
1.885626972621479425e+01
2.214383432423128184e+01
3.366411529112667012e+01
2.714863172798400726e+01
1.624164729928665096e+01
4.394624658674698026e+01
3.256889548398664402e+01
3.846737139957543405e+01
3.044068129212771012e+01
1.523461552141533559e+01
2.509094272718155594e+01
1.643544446171300066e+01
2.455705601907779467e+01
3.826597071874543587e+01
1.220796478147828701e+01
3.772303609093737009e+01
7.613424132147610379e+00
2.652975690242073981e+01
2.939138516884213104e+01
1.621406972927907475e+01
2.268272257214673715e+01
1.789814152179187801e+01
3.268962864188139150e+01
2.657987480563514282e+01
3.582564101145502633e+01
2.989148244950501621e+01
2.937128655293767565e+01
1.834684361938013097e+01
1.024900931800323889e+01
2.997131993311477416e+01
3.553192694719679423e+01
1.838512627042899439e+01
2.340740347239154318e+01
4.133090669258779570e+01
2.033377787322323016e+01
2.680896972023870717e+01
2.236081100587232484e+01
3.369783152727934805e+01
3.504583568411754158e+01
3.149646744230999929e+01
2.540062809455979220e+01
2.307194917764899955e+01
1.151126366083035713e+01
2.305212119797183590e+01
3.218662319004123162e+01
2.237972283728749190e+01
2.772334318318091206e+01
3.540208004905091599e+01
3.084607491776823807e+01
2.851527959292745606e+01
2.025502622719660906e+01
2.412910625754858529e+01
6.236724031499355192e+01
1.990041248403515439e+01
2.051887239727026824e+01
3.350157756033582501e+01
3.996386884371339221e+01
2.773792555959686013e+01
3.589618674595117653e+01
1.700696384162898411e+01
3.113826239443738686e+01
3.732389599428418592e+01
1.196667901307816351e+01
2.449895735560550847e+01
6.367395362802317749e+01
2.680899258071145397e+01
1.485355784063758122e+01
2.213947856988829699e+01
3.386028396851910571e+01
3.477642180586166631e+01
1.006787801090130330e+01
3.086702348730992185e+01
4.244796392648979122e+01
2.606410747121061178e+01
2.801437557740047168e+01
3.205603105033720368e+01
2.646791810356354446e+01
1.594527455869782351e+01
2.585869908343460111e+01
4.091280630039506860e+01
1.812298934190714306e+01
3.816579393645999119e+01
2.475626525240982900e+01
1.992186314831291227e+01
1.540875015613751309e+01
1.278216441256758458e+02
4.087760063530846821e+01
7.293652978367703099e+01
