1.048136502719370178e+01
6.448468449464425767e+00
1.754602326320506478e+01
1.357441742936362061e+01
2.451440946071616622e+01
1.178890290377159999e+01
5.736135906644708626e+00
7.109079167364233953e+00
1.170575054894604428e+01
1.048366732495568066e+01
1.662017791974173520e+01
9.076394014446108827e+00
4.065396496903091794e+00
7.067096231504988779e+00
7.555138857952422349e+00
8.654999774778394439e+00
1.604704687285407658e+02
4.709135805746694103e+00
9.028863671912702671e+00
1.592816865154391692e+01
1.608552064623966871e+01
4.606499701074040942e+00
1.477199767969331923e+01
4.477015879377858276e+00
9.478330445147154393e+00
3.151102680750026419e+00
1.688036663364672307e+01
7.421496343990526157e+00
5.834498861299529437e+00
6.276568183772844201e+00
1.043236752739240636e+01
2.649227633075486033e+00
1.132775658552807663e+01
4.012882224667616349e+00
6.970732498620735740e+00
5.543919660610380440e+00
7.678901958074857426e+00
1.713308494249982328e+00
9.300883053588957949e+00
7.979406103372657988e+00
7.292838592001159803e+00
5.772409667364164498e+00
8.430772809851811544e+00
1.269323116075559987e+01
7.721813149012308308e+00
1.489192770038138214e+01
9.955315218051119075e+00
1.114747200263056115e+01
4.812056081454055168e+00
7.894456543528806769e+00
8.704332041666321018e+00
1.317313383991020181e+01
8.950319298017788583e+00
7.347032492842941132e+00
1.154752903660936525e+01
9.172967238828290348e+00
1.092741594491070778e+01
8.580330219380392975e+00
6.654494347772209828e+00
5.216678529374802586e+00
1.168253733937647532e+01
1.077176083875144386e+01
7.732461908219420366e+00
7.611263714597938268e+00
5.953289940109609546e+00
8.854200386359261543e+00
1.402912793457538498e+01
4.642475009146620479e+00
1.454722940266567832e+01
5.928535523238018357e+00
8.347532746833850936e+00
8.178946741155076694e+00
1.935942706434238758e+01
6.103682360514158134e+00
2.070218183438773707e+01
8.352647066055817859e+00
2.787187040220450385e+00
1.034186092409512092e+01
1.727279778049051018e+01
1.074197537700765537e+01
1.310543493868463294e+01
6.734955577151780837e+00
8.289428156258964009e+00
1.010852179394875172e+01
1.339812133432132768e+01
1.715621736701374900e+01
1.434603770201725936e+01
1.002793712368688617e+01
1.525914421255813380e+01
1.687790420035398142e+01
1.951005220275867913e+01
5.090947544780761724e+00
9.938343325892541102e+00
4.150027585585812417e+00
8.117677342684858743e+00
3.759275204071874210e+00
7.685656650249374167e+00
4.423650849852444722e+00
8.556383808991336437e+00
1.274554937833902812e+01
1.488239390000972229e+01
1.446260911852435882e+01
5.670337747907982617e+00
1.229285595395062280e+01
6.033354092843537408e+00
9.830984510792909248e+00
1.282592862954402868e+01
9.698159127125194345e+00
4.958580034605248876e+00
4.888817996586495518e+00
1.464289543276382055e+01
1.726030087863188456e+01
1.006354643432271700e+01
2.183650622167644784e+01
8.203232825112575455e+00
9.945055831857745332e+00
5.702758270968045551e+00
9.002619756086023273e+00
9.831861114730759965e+00
1.109237323393289820e+01
6.349365954313267224e+00
5.729067933525475276e+00
1.055304590641971529e+01
7.980270467676857216e+00
1.039377280153048755e+00
6.386918469524924369e+00
7.044193461783343047e+00
8.505539065404725818e+00
1.050446449513740177e+01
9.839703428308769873e+00
1.420872431579573814e+01
3.032398077839005168e+00
7.625007254935690426e+00
6.472714793436839642e+00
7.563796539765471394e+00
8.249923509618218631e+00
8.073955611474771032e+00
1.915447832897861247e+01
4.701327649226258565e+00
4.487219992053405271e+00
9.636346134322680612e+00
2.670364148941799343e+01
7.970319488408830466e+01
1.298460260093488117e+01
5.418133975109159728e+00
2.239113977037058589e+01
1.078864895242753974e+01
1.012875191991235369e+01
1.092477611513804092e+01
6.972136835056001125e+00
9.914453530527529423e+00
8.810773334619238284e+00
7.992470135058669989e+00
7.233396300531250489e+00
7.132731032097622936e+00
3.057142772070119197e+00
1.105274542006938354e+01
5.118841380901368865e+00
1.039963131741482982e+01
1.765121177513422168e+01
7.854090438530008100e+00
5.948317092738524714e+00
5.733013789203337041e+00
7.724941667467270179e+00
1.812986125367260115e+01
1.124405810849425258e+01
1.162009090776035336e+01
6.496140386750647089e+00
7.844416739054990373e+00
5.604697196780619173e+00
1.196330138337673432e+01
1.468829801203979812e+01
8.866544957227720403e+00
1.063559849071473806e+01
3.685673818609261243e+00
9.964946397812816770e+00
5.301098560955328054e+00
2.845334357629291588e+01
7.461149719409922554e+00
1.464373365005473326e+00
1.317578382849986696e+01
5.768836733887895640e+00
1.108520550984968622e+01
2.972648551337039535e+00
6.536968123857064938e+00
1.470412666955805925e+01
8.719277706943648454e+00
9.278931151995019277e+00
3.027241153754775205e+00
1.707828940319790334e+01
3.207389886390520584e+00
4.064478459325003179e+00
8.022954502520498465e+00
8.717034507169447721e+00
2.062561560692324747e+01
5.630953603721249756e+00
6.899056718885038464e+00
1.095002983984726441e+01
9.900214248044205689e+00
1.067986977061468146e+01
1.479434191308383895e+01
1.686151621743969997e+01
6.234668594039844969e+00
8.539413974060940049e+00
8.344531789275819733e+00
4.989670042510459425e+00
7.734731060808598180e+00
1.141409819505930301e+01
8.441903185095583240e+00
8.268184297507190195e+00
9.722869182586753922e+00
7.303137768574067934e+00
1.301484617212949324e+01
1.513133940790972520e+00
1.986104742647605548e+01
1.442358373055531651e+01
6.478749771323557560e+00
5.637493149173133489e+00
1.064447286075812826e+01
6.756917819095777489e+00
6.636585378079358222e+00
4.255917805045863922e+00
1.234671948295076405e+01
2.264111985562216489e+01
1.200006883374898159e+01
5.622515302285445493e+00
7.160883906195425475e+00
5.986789839632101540e+00
7.293913173237568159e+00
1.046289237467221866e+01
1.508082435365514939e+01
1.872465432106023897e+01
8.440558382011667860e+00
9.586867002989190922e+00
3.465643434577754256e+00
6.260785918314957677e+00
1.224796447452117754e+01
8.574359042703019185e+00
1.025845457025737772e+01
8.230081062170569339e+00
5.732282173472364128e+00
7.067163750889128515e+00
5.674907827199167087e+00
6.643851687693048902e+00
5.472097282799287754e+00
9.434119316172997927e+00
2.127736269739789066e+01
5.095887379744515222e+00
9.876089832985680772e+00
8.592332497811778325e+00
2.124806490463167918e+01
1.100654282828038433e+01
7.496507980612551414e+00
8.381368278447656195e+00
2.734700013735459478e+01
9.620612669243994830e+00
4.633313533265714490e+00
9.359691415064885334e+00
1.252438966286579003e+01
6.364255578785494194e+00
4.468420843736431003e+00
2.902061350909999948e+00
3.032136630402085586e+00
6.288959970772521224e+00
7.789163560353943971e+00
7.678514716520585814e+00
9.777283588325973440e+00
6.386724976780008056e+00
1.315706205408033647e+01
2.954472721510446487e+00
2.661249977346926254e+00
7.427878182295801324e+00
4.156854146985126341e+00
1.281147408508057595e+01
7.140318235086104970e+00
9.614198349578540359e+00
1.345706525800563647e+01
1.073669673630209864e+01
5.440093326002839014e+00
2.300601109204522032e+01
7.958999866667221035e+00
1.154656170591248454e+01
7.263337363664464696e+00
6.180351122958098742e+00
4.694385077139429541e+00
1.131119309013446461e+01
5.165969848903477768e+00
4.297621005842234609e+00
9.784895198785100945e+00
1.977749970456912809e+00
2.063426378802146388e+01
1.199989955885179782e+01
9.630252320350495054e+00
6.002755996586446763e+00
5.780957131712300523e+00
1.013633928113631022e+01
1.728950968691149015e+01
1.007408826488010867e+01
8.545256333295135676e+00
4.843779369182896311e+00
